0 -0.0890091
1 -0.0890949
2 -0.0890091
3 -0.089052
4 -0.089052
5 -0.089052
6 -0.0890091
7 -0.0890091
8 -0.0889661
9 -0.089052
10 -0.0890091
11 -0.089052
12 -0.0890091
13 -0.089052
14 -0.089052
15 -0.0890091
16 -0.089052
17 -0.089052
18 -0.089052
19 -0.089052
20 -0.0890091
21 -0.0890091
22 -0.0890091
23 -0.089052
24 -0.0890091
25 -0.089052
26 -0.089052
27 -0.0890091
28 -0.0890949
29 -0.089052
30 -0.089052
31 -0.089052
32 -0.089052
33 -0.089052
34 -0.089052
35 -0.0890949
36 -0.089052
37 -0.089052
38 -0.089052
39 -0.0890091
40 -0.0890091
41 -0.0890091
42 -0.089052
43 -0.089052
44 -0.0890949
45 -0.0890949
46 -0.089052
47 -0.0889661
48 -0.0890949
49 -0.0890091
50 -0.089052
51 -0.0890949
52 -0.0890091
53 -0.0890091
54 -0.0890091
55 -0.0890091
56 -0.089052
57 -0.089052
58 -0.089052
59 -0.089052
60 -0.0890091
61 -0.0890091
62 -0.0890091
63 -0.089052
64 -0.0890091
65 -0.089052
66 -0.089052
67 -0.089052
68 -0.0890949
69 -0.0890091
70 -0.089052
71 -0.0890091
72 -0.089052
73 -0.0890949
74 -0.089052
75 -0.0890091
76 -0.0890091
77 -0.0890949
78 -0.089052
79 -0.0890949
80 -0.0890091
81 -0.0890091
82 -0.089052
83 -0.0890949
84 -0.0891378
85 -0.0890949
86 -0.089052
87 -0.089052
88 -0.0890949
89 -0.0890091
90 -0.0890949
91 -0.0890091
92 -0.089052
93 -0.0890091
94 -0.089052
95 -0.0889661
96 -0.0890949
97 -0.089052
98 -0.0890949
99 -0.089052
100 -0.0890949
101 -0.089052
102 -0.0989228
103 -0.0944166
104 -0.0945453
105 -0.0943736
106 -0.0946741
107 -0.0951032
108 -0.0478949
109 30.6732
110 175.928
111 457.34
112 757.555
113 931.747
114 991.545
115 1005.08
116 1005.57
117 1003.93
118 1002.23
119 1001.19
120 1000.56
121 1000.26
122 1000.11
123 1000.04
124 999.991
125 999.973
126 999.965
127 999.962
128 999.962
129 999.962
130 999.964
131 999.966
132 999.968
133 999.97
134 999.972
135 999.974
136 999.976
137 999.978
138 999.98
139 999.982
140 999.983
141 999.985
142 999.986
143 999.987
144 999.989
145 999.99
146 999.991
147 999.992
148 999.993
149 999.994
150 999.995
151 999.995
152 999.996
153 999.996
154 999.996
155 999.998
156 999.999
157 999.999
158 999.998
159 999.999
160 999.999
161 999.998
162 999.998
163 999.999
164 999.999
165 1000
166 999.997
167 999.998
168 1000
169 1000
170 1000
171 1000
172 1000
173 1000
174 1000
175 1000
176 1000
177 999.998
178 999.988
179 999.971
180 999.934
181 999.863
182 999.701
183 999.562
184 999.43
185 999.079
186 998.794
187 998.533
188 998.291
189 998.456
190 999.321
191 1000.62
192 1001.5
193 1001.79
194 1001.73
195 1001.54
196 1001.13
197 1000.74
198 1000.41
199 1000.24
200 1000.11
201 1000.04
202 999.995
203 999.974
204 999.961
205 999.957
206 999.956
207 999.957
208 999.959
209 999.964
210 999.969
211 999.973
212 999.978
213 999.982
214 999.982
215 999.984
216 999.986
217 999.985
218 999.983
219 999.982
220 999.982
221 999.983
222 999.983
223 999.985
224 999.986
225 999.988
226 999.989
227 999.99
228 999.991
229 999.992
230 999.993
231 999.993
232 999.995
233 999.995
234 999.996
235 999.996
236 999.997
237 999.998
238 999.998
239 999.999
240 999.999
241 999.999
242 999.999
243 999.999
244 1000
245 1000
246 1000
247 1000
248 1000
249 1000
250 1000
251 1000
252 1000
253 1000
254 1000
255 1000
256 1000
257 1000
258 1000
259 1000
260 1000
261 1000
262 1000
263 1000
264 1000
265 1000
266 1000
267 1000
268 1000
269 1000
270 1000
271 1000
272 1000
273 1000
274 1000
275 1000
276 1000
277 1000
278 1000
279 1000
280 1000
281 1000
282 1000
283 1000
284 1000
285 1000
286 1000
287 1000
288 1000
289 1000
290 1000
291 1000
292 1000
293 1000
294 1000
295 1000
296 1000
297 1000
298 1000
299 1000
300 1000
301 1000
302 1000
303 1000
304 1000
305 1000
306 1000
307 1000
308 1000
309 1000
310 1000
311 1000
312 1000
313 1000.01
314 1000.05
315 1000.17
316 1000.47
317 1000.66
318 1000.7
319 1000.75
320 1000.73
321 1000.62
322 1000.07
323 999.287
324 998.972
325 998.973
326 999.07
327 999.289
328 999.542
329 999.722
330 999.846
331 999.925
332 999.979
333 1000.01
334 1000.02
335 1000.03
336 1000.04
337 1000.04
338 1000.04
339 1000.04
340 1000.03
341 1000.03
342 1000.03
343 1000.03
344 1000.03
345 1000.02
346 1000.02
347 1000.02
348 1000.02
349 1000.02
350 1000.02
351 1000.01
352 1000.01
353 1000.01
354 1000.01
355 1000.01
356 1000.01
357 1000.01
358 1000.01
359 1000.01
360 1000
361 1000
362 1000
363 1000
364 1000
365 1000
366 1000
367 1000
368 1000
369 1000
370 1000
371 1000
372 1000
373 1000
374 1000
375 1000
376 1000
377 1000
378 1000
379 1000
380 1000
381 1000
382 1000
383 1000
384 1000
385 1000
386 1000
387 1000
388 1000
389 1000
390 1000
391 999.999
392 999.999
393 1000
394 999.999
395 1000
396 1000
397 1000
398 1000
399 1000
400 1000
401 1000
402 1000
403 1000
404 999.997
405 999.979
406 999.874
407 999.528
408 998.831
409 998.577
410 998.607
411 998.792
412 999.768
413 1000.91
414 1001.52
415 1001.53
416 1001.29
417 1000.91
418 1000.53
419 1000.27
420 1000.13
421 1000.06
422 1000
423 999.984
424 999.969
425 999.962
426 999.96
427 999.96
428 999.961
429 984.265
430 888.426
431 715.7
432 556.566
433 358.504
434 169.034
435 51.9646
436 7.32132
437 -3.42406
438 -3.99657
439 -2.89194
440 -1.77374
441 -0.861379
442 -0.417278
443 -0.216943
444 -0.0976353
445 -0.0392687
446 -0.00579374
447 0.0134758
448 0.0232179
449 0.0275954
450 0.0305137
451 0.0302562
452 0.0301704
453 0.0292262
454 0.02781
455 0.0265654
456 0.0247629
457 0.0236471
458 0.0218446
459 0.0203425
460 0.0189262
