0 50904
1 50904
2 50904
3 50904
4 50904
5 50904
6 50904
7 50904
8 50904
9 50904
10 50904
11 50904
12 50904
13 50904
14 50904
15 50904
16 50904
17 50904
18 50904
19 50904
20 50904
21 50904
22 50904
23 50904
24 50904
25 50904
26 50904
27 50904
28 50904
29 50904
30 50904
31 50904
32 50904
33 50904
34 50904
35 50904
36 50904
37 50904
38 50904
39 50904
40 50904
41 50904
42 50904
43 50904
44 50904
45 50904
46 50904
47 50904
48 50904
49 50904
50 50904
51 50904
52 50904
53 50904
54 50904
55 50904
56 50904
57 50904
58 50904
59 50904
60 50904
61 50904
62 50904
63 50904
64 50904
65 50904
66 50904
67 50904
68 50904
69 50904
70 50904
71 50904
72 50904
73 50904
74 50904
75 50904
76 50904
77 50904
78 50904
79 50904
80 50904
81 50904
82 50904
83 50904
84 50904
85 50904
86 50904
87 50904
88 50904
89 50904
90 50904
91 50904
92 50904
93 50904
94 50904
95 50904
96 50904
97 50904
98 50904
99 50904
100 50904
101 50904
102 50904
103 50904
104 50904
105 50904
106 50904
107 50904
108 50904
109 50901.1
110 50893.2
111 50885.1
112 50874.6
113 50865.6
114 50856.8
115 50846.4
116 50837.3
117 50828.2
118 50818.9
119 50808.7
120 50799.2
121 50789.9
122 50781.5
123 50771.8
124 50762.8
125 50752.1
126 50744.2
127 50734.4
128 50725
129 50715.3
130 50706.3
131 50696.8
132 50687.2
133 50678.3
134 50669.2
135 50659.1
136 50650
137 50640.6
138 50631.5
139 50621.4
140 50612.6
141 50601.5
142 50593.8
143 50583.9
144 50574.7
145 50564.9
146 50556.1
147 50545.9
148 50537
149 50527.4
150 50517.9
151 50508.2
152 50499.2
153 50490.5
154 50480.4
155 50470.7
156 50461.7
157 50452.8
158 50442.6
159 50434.4
160 50424.7
161 50414.3
162 50405.3
163 50395.5
164 50387.7
165 50377.3
166 50368.1
167 50358.4
168 50349.7
169 50340.2
170 50330.1
171 50321.8
172 50312.7
