0 -0.249045
1 -0.249174
2 -0.249088
3 -0.249045
4 -0.249045
5 -0.249131
6 -0.249088
7 -0.249045
8 -0.249131
9 -0.249088
10 -0.249088
11 -0.249088
12 -0.249131
13 -0.249045
14 -0.249088
15 -0.249088
16 -0.249045
17 -0.249045
18 -0.249002
19 -0.249131
20 -0.249088
21 -0.249088
22 -0.249088
23 -0.249088
24 -0.249088
25 -0.249088
26 -0.249131
27 -0.249088
28 -0.249088
29 -0.249088
30 -0.249045
31 -0.249045
32 -0.249088
33 -0.249045
34 -0.249131
35 -0.249002
36 -0.249088
37 -0.249088
38 -0.249131
39 -0.249088
40 -0.249088
41 -0.249088
42 -0.249088
43 -0.249088
44 -0.249131
45 -0.249088
46 -0.249088
47 -0.249131
48 -0.249045
49 -0.249088
50 -0.249045
51 -0.249088
52 -0.249045
53 -0.249045
54 -0.249131
55 -0.249002
56 -0.249045
57 -0.249088
58 -0.249045
59 -0.249045
60 -0.249131
61 -0.249002
62 -0.249088
63 -0.249045
64 -0.249002
65 -0.249088
66 -0.249045
67 -0.249088
68 -0.249131
69 -0.249088
70 -0.249002
71 -0.249088
72 -0.249088
73 -0.249045
74 -0.249045
75 -0.249088
76 -0.249088
77 -0.249088
78 -0.249088
79 -0.249131
80 -0.249088
81 -0.249045
82 -0.249174
83 -0.249088
84 -0.249088
85 -0.249131
86 -0.249045
87 -0.249088
88 -0.249088
89 -0.249088
90 -0.249045
91 -0.249088
92 -0.249088
93 -0.249088
94 -0.249045
95 -0.249088
96 -0.249002
97 -0.249045
98 -0.249088
99 -0.249045
100 -0.249045
101 -0.249131
102 -0.256513
103 -0.251406
104 -0.251835
105 -0.251663
106 -0.252049
107 -0.251921
108 -0.0817991
109 36.9788
110 205.36
111 491.05
112 749.896
113 933.418
114 990.38
115 1005.26
116 1005.54
117 1003.65
118 1002.07
119 1001.08
120 1000.53
121 1000.26
122 1000.1
123 1000.03
124 999.993
125 999.973
126 999.965
127 999.962
128 999.962
129 999.963
130 999.965
131 999.966
132 999.968
133 999.97
134 999.972
135 999.975
136 999.976
137 999.978
138 999.98
139 999.981
140 999.984
141 999.985
142 999.986
143 999.988
144 999.989
145 999.991
146 999.992
147 999.993
148 999.993
149 999.994
150 999.995
151 999.995
152 999.996
153 999.997
154 999.998
155 999.998
156 999.998
157 999.998
158 999.998
159 999.999
160 999.999
161 999.999
162 1000
163 1000
164 1000
165 1000
166 1000
167 1000
168 1000
169 1000
170 1000
171 1000
172 1000
173 1000
174 1000
175 1000
176 1000
177 1000
178 1000
179 1000
180 1000
181 1000
182 1000
183 1000
184 1000
185 1000
186 1000
187 1000
188 1000
189 1000
190 1000
191 1000
192 1000
193 1000
194 1000
195 1000
196 1000
197 1000
198 1000
199 1000
200 1000
201 1000
202 1000
203 1000
204 1000
205 1000
206 1000
207 1000
208 1000
209 1000
210 1000
211 1000
212 1000
213 1000
214 1000
215 1000
216 1000
217 1000
218 1000
219 1000
220 1000
221 1000
222 1000
223 1000
224 1000
225 1000
226 1000
227 1000
228 1000
229 1000
230 1000
231 1000
232 1000
233 1000
234 1000
235 1000
236 1000
237 1000
238 1000
239 1000
240 1000
241 1000
242 1000
243 1000
244 1000
245 1000
246 1000
247 1000
248 1000
249 1000
250 1000
251 1000
252 1000
253 1000
254 1000
255 1000
256 1000
257 1000
258 1000
259 1000
260 1000
261 1000
262 1000
263 1000
264 1000
265 1000
266 1000
267 1000
268 1000
269 1000
270 1000
271 1000
272 1000
273 1000
274 1000
275 1000
276 1000
277 1000
278 1000
279 1000
280 1000
281 1000
282 1000
283 1000
284 1000
285 1000
286 1000
287 1000
288 1000
289 1000
290 1000
291 1000
292 1000
293 1000
294 1000
295 1000
296 1000
297 1000
298 1000
299 1000
300 1000
301 1000
302 1000
303 1000
304 1000
305 1000
306 1000
307 1000
308 1000
309 1000
310 1000
311 1000
312 1000
313 1000
314 1000
315 1000
316 1000
317 1000
318 1000
319 1000
320 1000
321 1000
322 1000
323 1000
324 1000
325 1000
326 1000
327 1000
328 1000
329 1000
330 1000
331 1000
332 1000
333 1000
334 1000
335 1000
336 1000
337 1000
338 1000
339 1000
340 1000
341 1000
342 1000
343 1000
344 1000
345 1000
346 1000
347 1000
348 1000
349 1000
350 1000
351 1000
352 1000
353 1000
354 1000
355 1000
356 1000
357 1000
358 1000
359 1000
360 1000
361 1000
362 1000
363 1000
364 1000
365 1000
366 1000
367 1000
368 1000
369 1000
370 1000
371 1000
372 1000
373 1000
374 1000
375 1000
376 1000
377 1000
378 1000
379 1000
380 1000
381 1000
382 1000
383 1000
384 1000
385 1000
386 1000
387 1000
388 1000
389 1000
390 1000
391 1000
392 1000
393 1000
394 1000
395 1000
396 1000
397 1000
398 1000
399 1000
400 1000
401 1000
402 1000
403 1000
404 1000
405 1000
406 1000
407 1000
408 1000
409 1000
410 1000
411 1000
412 1000
413 1000
414 1000
415 1000
416 1000
417 1000
418 1000
419 1000
420 1000
421 1000
422 1000
423 1000
424 1000
425 1000
426 1000
427 1000
428 999.999
429 978.008
430 871.392
431 717.844
432 534.892
433 347.938
434 156.119
435 44.3459
436 5.41646
437 -3.61517
438 -3.98228
439 -2.78748
440 -1.64246
441 -0.873138
442 -0.437707
443 -0.221192
444 -0.104631
445 -0.038625
446 -0.00351916
447 0.0121025
448 0.0215441
449 0.0268658
450 0.0296125
451 0.029312
452 0.0284537
453 0.0280675
454 0.0268658
455 0.0255783
456 0.0244196
457 0.0225312
458 0.0212866
459 0.0202996
460 0.0188404
