0 0.686666
1 0
2 1.37333
3 1.37333
4 0.686666
5 0.686666
6 0.686666
7 0.686666
8 -0.686666
9 0
10 0.686666
11 -0.686666
12 -1.37333
13 0.686666
14 -0.686666
15 -0.686666
16 0.686666
17 -0.686666
18 0
19 -0.686666
20 1.37333
21 0
22 0
23 0
24 1.37333
25 1.37333
26 -0.686666
27 0
28 -0.686666
29 -0.686666
30 0
31 0
32 1.37333
33 -0.686666
34 0.686666
35 0
36 -1.37333
37 -0.686666
38 0
39 0
40 0
41 -0.686666
42 -0.686666
43 0.686666
44 -1.37333
45 0.686666
46 0
47 0
48 0.686666
49 0.686666
50 0
51 -1.37333
52 1.37333
53 -0.686666
54 -0.686666
55 1.37333
56 -0.686666
57 0
58 -0.686666
59 0
60 1.37333
61 0
62 0
63 0.686666
64 0
65 -0.686666
66 0
67 -0.686666
68 0
69 -0.686666
70 -0.686666
71 -1.37333
72 -1.37333
73 -0.686666
74 0.686666
75 0
76 0
77 -0.686666
78 0
79 -0.686666
80 0
81 0
82 0.686666
83 0
84 0
85 0
86 0
87 -0.686666
88 -0.686666
89 -0.686666
90 0.686666
91 -0.686666
92 -0.686666
93 -0.686666
94 -0.686666
95 0.686666
96 -0.686666
97 0.686666
98 0.686666
99 0.686666
100 -1.37333
101 0
102 0
103 0
104 0
105 -0.686666
106 0
107 0
108 8.92666
109 2947.86
110 6703.23
111 9964.21
112 7775.8
113 3578.9
114 1119.95
115 137.333
116 -30.9
117 -65.2333
118 -46.0066
119 -24.0333
120 -12.36
121 -6.86666
122 -4.11999
123 -2.74666
124 0
125 0
126 -0.686666
127 -0.686666
128 1.37333
129 -0.686666
130 0.686666
131 0.686666
132 0
133 0.686666
134 0.686666
135 -0.686666
136 0
137 -0.686666
138 0
139 0.686666
140 0.686666
141 0.686666
142 0
143 0
144 -0.686666
145 0.686666
146 -0.686666
147 0
148 0
149 0
150 0
151 -0.686666
152 0
153 -0.686666
154 0
155 0
156 0
157 0
158 0.686666
159 0.686666
160 -1.37333
161 -0.686666
162 0
163 0
164 0
165 0
166 -1.37333
167 0.686666
168 2.06
169 0.686666
170 0.686666
171 0
172 -0.686666
173 -0.686666
174 0.686666
175 0.686666
176 -0.686666
177 0.686666
178 -0.686666
179 1.37333
180 0
181 -1.37333
182 0.686666
183 2.06
184 -0.686666
185 -0.686666
186 0
187 0.686666
188 0.686666
189 0
190 0.686666
191 -0.686666
192 0
193 0
194 0
195 0
196 0
197 0
198 -0.686666
199 -0.686666
200 -0.686666
201 0
202 -0.686666
203 -2.06
204 -4.11999
205 -17.1666
206 -7.55332
207 -5.49333
208 -3.43333
209 -2.06
210 2.06
211 0
212 3.43333
213 6.17999
214 2.74666
215 6.17999
216 11.6733
217 -0.686666
218 2.06
219 14.42
220 28.84
221 26.78
222 10.3
223 -3.43333
224 -13.0466
225 -18.54
226 -17.1666
227 -10.3
228 -6.17999
229 -4.11999
230 -1.37333
231 -0.686666
232 1.37333
233 2.74666
234 8.23999
235 21.9733
236 11.6733
237 2.06
238 4.11999
239 1.37333
240 -0.686666
241 -1.37333
242 -6.86666
243 -10.9867
244 -10.3
245 -6.17999
246 -6.86666
247 -3.43333
248 0.686666
249 -3.43333
250 -1.37333
251 -0.686666
252 2.74666
253 1.37333
254 0.686666
255 -6.86666
256 -56.9933
257 -47.3799
258 -3.43333
259 6.17999
260 24.0333
261 34.3333
262 27.4666
263 16.48
264 3.43333
265 -4.11999
266 -15.1066
267 -13.0466
268 -8.23999
269 -0.686666
270 6.17999
271 0.686666
272 2.74666
273 4.80666
274 -0.686666
275 0
276 -4.11999
277 -2.74666
278 6.17999
279 2.06
280 3.43333
281 14.42
282 2.06
283 0.686666
284 2.06
285 25.4066
286 51.4999
287 56.3066
288 15.7933
289 -6.86666
290 -39.1399
291 -41.1999
292 -26.78
293 -13.0466
294 -8.23999
295 -4.11999
296 -1.37333
297 -2.74666
298 0.686666
299 -0.686666
300 -0.686666
301 0.686666
302 0
303 0
304 0.686666
305 0
306 1.37333
307 0.686666
308 0
309 0
310 0.686666
311 0
312 0
313 1.37333
314 0
315 0.686666
316 1.37333
317 0.686666
318 0
319 0.686666
320 0.686666
321 0.686666
322 0
323 0
324 -0.686666
325 2.06
326 0
327 0
328 0
329 0
330 0.686666
331 0.686666
332 1.37333
333 -0.686666
334 0
335 -0.686666
336 0.686666
337 -0.686666
338 -0.686666
339 -1.37333
340 0
341 0.686666
342 -1.37333
343 -1.37333
344 -2.06
345 -0.686666
346 1.37333
347 0
348 0
349 -0.686666
350 0.686666
351 -0.686666
352 0
353 0
354 0.686666
355 0
356 0
357 0
358 0
359 0.686666
360 0
361 0.686666
362 -1.37333
363 0
364 -2.06
365 0.686666
366 1.37333
367 0.686666
368 -1.37333
369 0.686666
370 0
371 -1.37333
372 0
373 0.686666
374 -0.686666
375 0.686666
376 1.37333
377 -1.37333
378 0.686666
379 0
380 0
381 -0.686666
382 -0.686666
383 0.686666
384 0
385 -1.37333
386 0
387 -1.37333
388 0
389 2.06
390 -0.686666
391 -0.686666
392 1.37333
393 1.37333
394 0.686666
395 0
396 0
397 0
398 -0.686666
399 0
400 0
401 -1.37333
402 0.686666
403 -0.686666
404 -0.686666
405 1.37333
406 0
407 0
408 -0.686666
409 0.686666
410 -1.37333
411 0
412 0.686666
413 -0.686666
414 -1.37333
415 0
416 1.37333
417 -0.686666
418 0
419 0.686666
420 0
421 0.686666
422 0
423 0
424 0.686666
425 0
426 -0.686666
427 0
428 -1.37333
429 -1309.47
430 -4361.7
431 -5595.64
432 -5967.13
433 -6044.72
434 -5275.65
435 -2677.31
436 -887.859
437 -122.227
438 17.8533
439 44.6333
440 33.6466
441 18.54
442 8.23999
443 4.80666
444 1.37333
445 1.37333
446 0.686666
447 -0.686666
448 0.686666
449 0.686666
450 0
451 -0.686666
452 0
453 -0.686666
454 -0.686666
455 0
456 0
457 -0.686666
458 0
459 -0.686666
460 0.686666
