0 0
1 0
2 0.686666
3 -0.686666
4 0.686666
5 0
6 -0.686666
7 -0.686666
8 0
9 0
10 0
11 -0.686666
12 0
13 0
14 -1.37333
15 0
16 0
17 -0.686666
18 0.686666
19 0.686666
20 0.686666
21 -1.37333
22 0
23 0.686666
24 0
25 0.686666
26 0
27 -1.37333
28 0.686666
29 0.686666
30 -0.686666
31 -0.686666
32 0
33 0
34 -0.686666
35 0.686666
36 -0.686666
37 0.686666
38 -0.686666
39 -0.686666
40 0
41 0
42 0
43 0
44 0.686666
45 -0.686666
46 1.37333
47 -0.686666
48 0
49 -0.686666
50 -0.686666
51 0
52 0
53 -0.686666
54 0
55 0.686666
56 0
57 -0.686666
58 0
59 0
60 -0.686666
61 0.686666
62 0
63 0
64 0
65 0.686666
66 0
67 0
68 0
69 1.37333
70 0
71 -0.686666
72 -0.686666
73 -1.37333
74 0
75 0
76 0
77 0
78 0.686666
79 0.686666
80 -0.686666
81 0
82 0
83 0.686666
84 -0.686666
85 -0.686666
86 0
87 0.686666
88 0
89 -1.37333
90 0
91 0.686666
92 1.37333
93 0.686666
94 -0.686666
95 -0.686666
96 0
97 0.686666
98 0.686666
99 0.686666
100 0
101 0
102 0
103 -1.37333
104 -0.686666
105 -0.686666
106 0
107 0
108 16.48
109 2417.06
110 6659.97
111 9980
112 8090.3
113 3845.33
114 1139.18
115 162.053
116 -27.4666
117 -65.2333
118 -44.6333
119 -21.9733
120 -13.0466
121 -8.23999
122 -4.11999
123 -1.37333
124 -1.37333
125 -1.37333
126 -0.686666
127 -0.686666
128 0.686666
129 -0.686666
130 0
131 -0.686666
132 -0.686666
133 -0.686666
134 0
135 1.37333
136 0
137 1.37333
138 0
139 0
140 1.37333
141 0
142 0.686666
143 1.37333
144 0.686666
145 -0.686666
146 0
147 0
148 0
149 -0.686666
150 0.686666
151 0
152 0.686666
153 -0.686666
154 0
155 -2.06
156 0
157 1.37333
158 0.686666
159 -0.686666
160 0
161 0
162 0
163 0.686666
164 0.686666
165 0
166 -0.686666
167 1.37333
168 0.686666
169 0
170 0.686666
171 0
172 -0.686666
173 0.686666
174 -0.686666
175 -0.686666
176 0
177 0
178 0
179 -0.686666
180 2.06
181 0.686666
182 0
183 0
184 0
185 -0.686666
186 0
187 0
188 0
189 0.686666
190 -0.686666
191 -0.686666
192 0.686666
193 0.686666
194 1.37333
195 1.37333
196 0
197 0
198 0
199 0
200 0
201 -1.37333
202 0
203 0.686666
204 -0.686666
205 1.37333
206 0
207 0
208 -0.686666
209 0.686666
210 0.686666
211 -0.686666
212 -0.686666
213 0
214 1.37333
215 -1.37333
216 -0.686666
217 0
218 0
219 -1.37333
220 0.686666
221 0
222 1.37333
223 -1.37333
224 0
225 -0.686666
226 0
227 0.686666
228 0.686666
229 -0.686666
230 0
231 -0.686666
232 0.686666
233 0.686666
234 -0.686666
235 0
236 -0.686666
237 1.37333
238 0.686666
239 1.37333
240 0
241 0
242 -0.686666
243 0
244 -1.37333
245 0
246 0
247 -0.686666
248 0.686666
249 0.686666
250 0
251 -0.686666
252 -0.686666
253 -0.686666
254 0.686666
255 0
256 1.37333
257 -1.37333
258 -0.686666
259 0
260 0.686666
261 -0.686666
262 -0.686666
263 -0.686666
264 -1.37333
265 0.686666
266 -0.686666
267 0
268 0
269 -0.686666
270 0
271 0.686666
272 -0.686666
273 0
274 0
275 -3.43333
276 -6.86666
277 -6.86666
278 -4.80666
279 -4.80666
280 -2.06
281 -1.37333
282 0.686666
283 1.37333
284 0.686666
285 0.686666
286 -0.686666
287 0.686666
288 2.06
289 0.686666
290 11.6733
291 26.78
292 43.9466
293 6.17999
294 -2.74666
295 -10.9867
296 -19.2266
297 -15.1066
298 -9.61332
299 -6.17999
300 -5.49333
301 -0.686666
302 -0.686666
303 0.686666
304 0.686666
305 0
306 0
307 -0.686666
308 1.37333
309 0
310 0.686666
311 -0.686666
312 2.06
313 4.11999
314 11.6733
315 14.42
316 10.9867
317 8.23999
318 4.80666
319 -2.74666
320 -5.49333
321 -15.1066
322 -21.2866
323 -21.9733
324 -30.9
325 -21.2866
326 -3.43333
327 10.3
328 23.3466
329 15.7933
330 4.80666
331 -4.80666
332 -12.36
333 -21.9733
334 -4.80666
335 0
336 3.43333
337 8.92666
338 13.0466
339 11.6733
340 4.80666
341 3.43333
342 8.23999
343 2.06
344 13.7333
345 15.1066
346 -4.11999
347 -19.9133
348 -29.5266
349 -24.0333
350 -14.42
351 -10.3
352 -4.80666
353 -3.43333
354 -1.37333
355 -1.37333
356 -0.686666
357 0
358 1.37333
359 0
360 1.37333
361 1.37333
362 0
363 0.686666
364 0.686666
365 1.37333
366 0
367 1.37333
368 0
369 0.686666
370 0
371 0.686666
372 4.11999
373 13.0466
374 12.36
375 10.3
376 5.49333
377 1.37333
378 -0.686666
379 -0.686666
380 -2.06
381 -0.686666
382 -2.74666
383 -8.92666
384 -17.1666
385 -24.0333
386 -38.4533
387 -35.02
388 -13.7333
389 4.80666
390 17.1666
391 30.9
392 20.6
393 10.9867
394 4.80666
395 2.06
396 1.37333
397 0.686666
398 -0.686666
399 0
400 0.686666
401 -0.686666
402 -0.686666
403 0.686666
404 0
405 0.686666
406 -1.37333
407 -1.37333
408 -0.686666
409 0
410 0
411 0
412 -1.37333
413 -0.686666
414 1.37333
415 0
416 0
417 -1.37333
418 0.686666
419 -1.37333
420 -0.686666
421 -0.686666
422 0
423 -1200.98
424 -3924.3
425 -5502.25
426 -5973.99
427 -6054.33
428 -5705.51
429 -2544.78
430 -889.232
431 -172.353
432 10.9867
433 42.5733
434 37.08
435 20.6
436 11.6733
437 4.80666
438 2.74666
439 0.686666
440 0.686666
441 0
442 -0.686666
443 -2.06
444 0.686666
445 -1.37333
446 -0.686666
447 -1.37333
448 0
449 0.686666
450 1.37333
451 0
452 0
453 1.37333
454 -0.686666
