0 -1.37333
1 0
2 -1.37333
3 -0.686666
4 0
5 0
6 0.686666
7 0
8 0.686666
9 0.686666
10 0
11 0
12 0.686666
13 0.686666
14 -0.686666
15 0
16 0.686666
17 0
18 -0.686666
19 1.37333
20 -0.686666
21 0
22 0
23 1.37333
24 0
25 0
26 0
27 0
28 0.686666
29 0
30 0.686666
31 0
32 0
33 -0.686666
34 -0.686666
35 0
36 0
37 0.686666
38 -0.686666
39 0
40 -0.686666
41 -0.686666
42 -0.686666
43 -0.686666
44 0.686666
45 0.686666
46 0.686666
47 0.686666
48 0
49 0
50 0.686666
51 -0.686666
52 -0.686666
53 0.686666
54 0
55 0
56 -0.686666
57 -0.686666
58 0
59 0
60 -0.686666
61 0.686666
62 0
63 0
64 0
65 0
66 -0.686666
67 -0.686666
68 0
69 0
70 -0.686666
71 0
72 -0.686666
73 0
74 0
75 0.686666
76 1.37333
77 0
78 0.686666
79 1.37333
80 0.686666
81 -0.686666
82 0
83 0.686666
84 0
85 -0.686666
86 0.686666
87 0.686666
88 0
89 0.686666
90 0
91 1.37333
92 -0.686666
93 0.686666
94 0.686666
95 0.686666
96 0
97 0.686666
98 0.686666
99 0
100 0.686666
101 0.686666
102 0
103 0.686666
104 0
105 -1.37333
106 0
107 -0.686666
108 1.37333
109 3098.92
110 7475.73
111 9896.23
112 7911.08
113 3166.9
114 913.952
115 95.4465
116 -26.78
117 -65.2333
118 -40.5133
119 -24.72
120 -12.36
121 -7.55332
122 -2.74666
123 -2.74666
124 -1.37333
125 -1.37333
126 0
127 -0.686666
128 0
129 1.37333
130 0.686666
131 -0.686666
132 0.686666
133 0
134 1.37333
135 0
136 0.686666
137 -0.686666
138 1.37333
139 0
140 0.686666
141 0
142 0.686666
143 -0.686666
144 -1.37333
145 0
146 0.686666
147 0.686666
148 0
149 -1.37333
150 -0.686666
151 0
152 -0.686666
153 0
154 0
155 0
156 0.686666
157 1.37333
158 0
159 0
160 0
161 -0.686666
162 -0.686666
163 0
164 -0.686666
165 0
166 -0.686666
167 -1.37333
168 2.06
169 0.686666
170 -1.37333
171 0
172 -0.686666
173 0
174 -0.686666
175 0.686666
176 0
177 1.37333
178 0
179 0.686666
180 -0.686666
181 0.686666
182 0.686666
183 -0.686666
184 0.686666
185 0.686666
186 -0.686666
187 0.686666
188 0
189 0
190 0.686666
191 0
192 0
193 0
194 0
195 -1.37333
196 0
197 0.686666
198 0
199 0
200 0
201 -0.686666
202 -2.06
203 1.37333
204 0
205 0
206 -0.686666
207 0
208 -0.686666
209 -0.686666
210 -0.686666
211 0
212 -0.686666
213 0
214 0
215 -0.686666
216 1.37333
217 0
218 -0.686666
219 0
220 0
221 0.686666
222 -0.686666
223 -0.686666
224 0
225 0
226 -0.686666
227 0.686666
228 1.37333
229 -0.686666
230 0
231 -0.686666
232 -0.686666
233 -0.686666
234 -0.686666
235 -0.686666
236 -0.686666
237 2.06
238 -1.37333
239 -0.686666
240 -0.686666
241 0
242 -1.37333
243 -0.686666
244 -0.686666
245 0
246 1.37333
247 0
248 0
249 0
250 2.06
251 -0.686666
252 0
253 -0.686666
254 -0.686666
255 1.37333
256 0
257 0
258 0
259 0
260 0.686666
261 0
262 -0.686666
263 0
264 0.686666
265 -0.686666
266 -1.37333
267 0.686666
268 -0.686666
269 0.686666
270 0
271 -1.37333
272 0
273 0.686666
274 -0.686666
275 1.37333
276 0
277 0.686666
278 0
279 0
280 0.686666
281 -0.686666
282 -0.686666
283 2.06
284 0
285 0
286 0.686666
287 0.686666
288 0
289 0
290 -1.37333
291 0
292 0
293 0.686666
294 0
295 0
296 0.686666
297 0.686666
298 0
299 -0.686666
300 0
301 -0.686666
302 0
303 1.37333
304 0.686666
305 -0.686666
306 0
307 1.37333
308 0
309 -0.686666
310 -2.06
311 0.686666
312 0
313 0.686666
314 -0.686666
315 -0.686666
316 0
317 -0.686666
318 -0.686666
319 -0.686666
320 -0.686666
321 0
322 1.37333
323 -0.686666
324 -1.37333
325 0
326 0.686666
327 0.686666
328 1.37333
329 1.37333
330 -0.686666
331 -0.686666
332 0.686666
333 -0.686666
334 -0.686666
335 -0.686666
336 -0.686666
337 0.686666
338 0
339 -1.37333
340 0
341 -0.686666
342 0
343 -2.06
344 -1.37333
345 0.686666
346 0.686666
347 0.686666
348 0.686666
349 0
350 0.686666
351 0
352 0
353 0.686666
354 -1.37333
355 0
356 0.686666
357 -1.37333
358 1.37333
359 0.686666
360 -0.686666
361 0
362 -0.686666
363 0
364 0
365 -0.686666
366 0
367 0
368 -0.686666
369 -0.686666
370 -0.686666
371 0
372 0
373 -0.686666
374 -0.686666
375 0
376 0
377 0
378 -0.686666
379 0
380 0
381 0
382 -2.06
383 0.686666
384 0
385 -0.686666
386 0.686666
387 0.686666
388 0
389 0
390 -1.37333
391 0.686666
392 0
393 0
394 0
395 0.686666
396 0
397 -0.686666
398 0
399 0
400 0.686666
401 0.686666
402 -0.686666
403 -0.686666
404 0
405 -0.686666
406 0.686666
407 -1.37333
408 0
409 -0.686666
410 -0.686666
411 0
412 0
413 -1.37333
414 -0.686666
415 0
416 0
417 1.37333
418 0
419 -2.06
420 0
421 0.686666
422 1.37333
423 0
424 -0.686666
425 1.37333
426 0.686666
427 -1.37333
428 0
429 -1604.05
430 -4220.93
431 -5627.91
432 -6013.13
433 -6041.29
434 -5248.87
435 -2292.09
436 -690.786
437 -88.5799
438 15.7933
439 43.9466
440 33.6466
441 17.8533
442 8.92666
443 4.80666
444 2.74666
445 0.686666
446 0.686666
447 0.686666
448 -0.686666
449 -0.686666
450 -0.686666
451 -0.686666
452 -1.37333
453 -0.686666
454 0
455 0.686666
456 0
457 0
458 -0.686666
459 -0.686666
460 -0.686666
