0 0.686666
1 0
2 0
3 0
4 0
5 0.686666
6 0.686666
7 0.686666
8 0
9 -1.37333
10 0
11 0
12 1.37333
13 -0.686666
14 0.686666
15 -0.686666
16 0.686666
17 0.686666
18 -0.686666
19 -0.686666
20 0.686666
21 -0.686666
22 0
23 0
24 -0.686666
25 0
26 0
27 0.686666
28 1.37333
29 0
30 0
31 0
32 -0.686666
33 0.686666
34 0
35 0
36 0
37 0
38 0
39 0
40 -0.686666
41 -0.686666
42 0
43 0
44 -0.686666
45 -0.686666
46 -0.686666
47 0
48 -0.686666
49 0
50 0
51 0
52 -0.686666
53 1.37333
54 0
55 0
56 0
57 -0.686666
58 0
59 0.686666
60 0.686666
61 0
62 0.686666
63 -0.686666
64 -0.686666
65 0
66 0.686666
67 0
68 0.686666
69 0
70 0.686666
71 0
72 -0.686666
73 0
74 -0.686666
75 1.37333
76 0.686666
77 0.686666
78 0
79 1.37333
80 0.686666
81 0
82 0
83 0.686666
84 -0.686666
85 1.37333
86 0.686666
87 0
88 0
89 0.686666
90 0.686666
91 0.686666
92 -1.37333
93 0.686666
94 0
95 0
96 0.686666
97 -0.686666
98 0.686666
99 1.37333
100 1.37333
101 -0.686666
102 -0.686666
103 1.37333
104 0
105 -0.686666
106 0
107 0
108 -0.686666
109 -215.613
110 -278.786
111 -304.88
112 -292.52
113 -291.146
114 -298.013
115 -311.06
116 -296.64
117 -303.506
118 -300.073
119 -302.82
120 -299.386
121 -301.446
122 -299.386
123 -302.133
124 -295.266
125 -298.7
126 -303.506
127 -304.193
128 -293.206
129 -302.82
130 -295.266
131 -303.506
132 -299.386
133 -300.76
134 -308.313
135 -298.013
136 -302.133
137 -298.013
138 -304.193
139 -288.4
140 -295.953
141 -300.073
142 -313.12
143 -300.76
144 -298.7
145 -299.386
146 -300.76
147 -287.713
148 -300.073
149 -300.76
150 -300.073
151 -294.58
152 -309.686
153 -298.013
154 -306.94
155 -298.013
156 -302.82
157 -311.746
158 -284.28
159 -299.386
160 -288.4
161 -317.24
162 -294.58
163 -297.326
164 -297.326
165 -304.88
166 -287.026
167 -300.073
168 -310.373
169 -301.446
170 -295.266
171 -295.953
172 -302.133
