0 0
1 0
2 0
3 0
4 0
5 0
6 0
7 0
8 0
9 0
10 0
11 0
12 0
13 0
14 0
15 0
16 0
17 0
18 0
19 0
20 0
21 0
22 0
23 0
24 0
25 0
26 0
27 0
28 0
29 0
30 0
31 0
32 0
33 0
34 0
35 0
36 0
37 0
38 0
39 0
40 0
41 0
42 0
43 0
44 0
45 0
46 0
47 0
48 0
49 0
50 0
51 0
52 0
53 0
54 0
55 0
56 0
57 0
58 0
59 0
60 0
61 0
62 0
63 0
64 0
65 0
66 0
67 0
68 0
69 0
70 0
71 0
72 0
73 0
74 0
75 0
76 0
77 0
78 0
79 0
80 0
81 0
82 0
83 0
84 0
85 0
86 0
87 0
88 0
89 0
90 0
91 0
92 0
93 0
94 0
95 0
96 0
97 0
98 0
99 0
100 0
101 0
102 0
103 0
104 -0.00121
105 -0.00121
106 -0.00121
107 -0.00121
108 0.02057
109 0.15004
110 0.23716
111 0.07623
112 -0.06171
113 -0.0726
114 -0.01331
115 0.00726
116 -0.01331
117 -0.02057
118 -0.02299
119 -0.02541
120 -0.02662
121 -0.02541
122 -0.02541
123 -0.02541
124 -0.0242
125 -0.02299
126 -0.02178
127 -0.02178
128 -0.02057
129 -0.02057
130 -0.01936
131 -0.01936
132 -0.01815
133 -0.01815
134 -0.01694
135 -0.01694
136 -0.01573
137 -0.01573
138 -0.01573
139 -0.01573
140 -0.01452
141 -0.01452
142 -0.01452
143 -0.01452
144 -0.01452
145 -0.01452
146 -0.01331
147 -0.01331
148 -0.01331
149 -0.01331
150 -0.01331
151 -0.01331
152 -0.01331
153 -0.01331
154 -0.01331
155 -0.01331
156 -0.01331
157 -0.01331
158 -0.01331
159 -0.01331
160 -0.01331
161 -0.01331
162 -0.01331
163 -0.01331
164 -0.01331
165 -0.01331
166 -0.01331
167 -0.01331
168 -0.01331
169 -0.01331
170 -0.01331
171 -0.01331
172 -0.01331
173 -0.01331
174 -0.01331
175 -0.01331
176 -0.01331
177 -0.01331
178 -0.0121
179 -0.01089
180 -0.00847
181 -0.00242
182 0.00847
183 0.02057
184 0.03751
185 0.06897
186 0.0968
187 0.13431
188 0.17182
189 0.19239
190 0.16698
191 0.11495
192 0.0726
193 0.03993
194 0.01331
195 -0.01089
196 -0.01936
197 -0.02299
198 -0.02541
199 -0.02541
200 -0.02541
201 -0.0242
202 -0.02299
203 -0.02178
204 -0.02178
205 -0.02057
206 -0.01936
207 -0.01936
208 -0.01815
209 -0.01815
210 -0.01694
211 -0.01694
212 -0.01694
213 -0.01694
214 -0.01573
215 -0.01573
216 -0.01573
217 -0.01452
218 -0.01452
219 -0.01452
220 -0.01331
221 -0.01331
222 -0.01331
223 -0.01331
224 -0.01331
225 -0.0121
226 -0.0121
227 -0.0121
228 -0.0121
229 -0.0121
230 -0.0121
231 -0.0121
232 -0.0121
233 -0.0121
234 -0.0121
235 -0.0121
236 -0.01089
237 -0.01089
238 -0.01089
239 -0.01089
240 -0.01089
241 -0.01089
242 -0.01089
243 -0.01089
244 -0.01089
245 -0.01089
246 -0.01089
247 -0.01089
248 -0.01089
249 -0.01089
250 -0.01089
251 -0.01089
252 -0.01089
253 -0.01089
254 -0.01089
255 -0.0121
256 -0.01089
257 -0.01089
258 -0.01089
259 -0.01089
260 -0.0121
261 -0.01089
262 -0.01089
263 -0.0121
264 -0.0121
265 -0.0121
266 -0.0121
267 -0.01089
268 -0.01089
269 -0.0121
270 -0.0121
271 -0.0121
272 -0.0121
273 -0.0121
274 -0.0121
275 -0.0121
276 -0.0121
277 -0.0121
278 -0.0121
279 -0.0121
280 -0.0121
281 -0.01089
282 -0.0121
283 -0.0121
284 -0.0121
285 -0.0121
286 -0.0121
287 -0.0121
288 -0.0121
289 -0.0121
290 -0.0121
291 -0.0121
292 -0.0121
293 -0.0121
294 -0.0121
295 -0.0121
296 -0.0121
297 -0.0121
298 -0.0121
299 -0.0121
300 -0.0121
301 -0.0121
302 -0.0121
303 -0.0121
304 -0.0121
305 -0.0121
306 -0.0121
307 -0.0121
308 -0.0121
309 -0.0121
310 -0.0121
311 -0.0121
312 -0.0121
313 -0.0121
314 -0.01573
315 -0.02299
316 -0.04477
317 -0.05929
318 -0.0726
319 -0.08954
320 -0.10164
321 -0.10527
322 -0.0847
323 -0.04961
324 -0.03025
325 -0.01331
326 0
327 0.00968
328 0.01089
329 0.0121
330 0.0121
331 0.0121
332 0.01089
333 0.01089
334 0.00968
335 0.00968
336 0.00847
337 0.00726
338 0.00726
339 0.00605
340 0.00605
341 0.00484
342 0.00484
343 0.00363
344 0.00363
345 0.00363
346 0.00242
347 0.00242
348 0.00242
349 0.00121
350 0.00121
351 0.00121
352 0.00121
353 0.00121
354 0
355 0
356 0
357 0
358 0
359 0
360 0
361 0
362 0
363 0
364 -0.00121
365 -0.00121
366 -0.00121
367 0
368 -0.00121
369 -0.00121
370 -0.00121
371 -0.00121
372 -0.00121
373 -0.00121
374 -0.00121
375 -0.00121
376 -0.00121
377 -0.00121
378 0
379 0
380 0
381 -0.00121
382 -0.00121
383 0
384 0
385 0
386 0
387 -0.00121
388 0
389 0
390 0
391 0
392 0
393 0
394 0
395 0
396 -0.00121
397 0
398 -0.00121
399 -0.00121
400 0
401 0
402 0
403 0
404 0
405 0.00121
406 0.00847
407 0.03509
408 0.07744
409 0.10406
410 0.12947
411 0.14157
412 0.10406
413 0.05808
414 0.02299
415 0
416 -0.01936
417 -0.02178
418 -0.02299
419 -0.02299
420 -0.02299
421 -0.02299
422 -0.02178
423 -0.02178
424 -0.02057
425 -0.01936
426 -0.01815
427 -0.01815
428 -0.01694
429 -0.14157
430 -0.11979
431 -0.08107
432 -0.06534
433 -0.05929
434 0.02299
435 0.03509
436 0.0121
437 -0.01573
438 -0.00121
439 0.01331
440 0.01573
441 0.01694
442 0.01815
443 0.01815
444 0.01815
445 0.01815
446 0.01815
447 0.01694
448 0.01573
449 0.01573
450 0.01573
451 0.01452
452 0.01452
453 0.01331
454 0.01331
455 0.0121
456 0.0121
457 0.0121
458 0.0121
459 0.01089
460 0.00968
