0 0
1 -1.37333
2 -1.37333
3 1.37333
4 0.686666
5 -1.37333
6 -0.686666
7 0
8 -0.686666
9 0.686666
10 0.686666
11 0.686666
12 0.686666
13 1.37333
14 0
15 0
16 0.686666
17 0
18 1.37333
19 -0.686666
20 0
21 0
22 0
23 -0.686666
24 0
25 0
26 0
27 0
28 -1.37333
29 -0.686666
30 0
31 0.686666
32 0
33 0
34 -0.686666
35 0
36 0
37 -0.686666
38 0.686666
39 -0.686666
40 -0.686666
41 -0.686666
42 0
43 0.686666
44 0
45 0
46 -1.37333
47 -1.37333
48 0
49 0
50 0
51 -0.686666
52 0.686666
53 0.686666
54 -1.37333
55 1.37333
56 0.686666
57 0
58 0.686666
59 0
60 -0.686666
61 0.686666
62 0.686666
63 0
64 1.37333
65 0
66 0.686666
67 0
68 -0.686666
69 0.686666
70 2.06
71 0
72 -0.686666
73 0
74 -0.686666
75 -0.686666
76 0
77 -0.686666
78 -0.686666
79 -1.37333
80 -1.37333
81 0.686666
82 -1.37333
83 0
84 0.686666
85 -0.686666
86 0
87 0.686666
88 0
89 -0.686666
90 0
91 0
92 0
93 0
94 1.37333
95 0
96 0.686666
97 -0.686666
98 -0.686666
99 1.37333
100 0.686666
101 0
102 0.686666
103 -1.37333
104 1.37333
105 1.37333
106 -0.686666
107 0
108 -32.2733
109 3042.62
110 7700.27
111 9953.22
112 7775.12
113 3208.79
114 992.919
115 116.047
116 -41.1999
117 -63.8599
118 -41.8866
119 -21.2866
120 -11.6733
121 -6.17999
122 -3.43333
123 -1.37333
124 -0.686666
125 0.686666
126 -0.686666
127 0.686666
128 -1.37333
129 0.686666
130 0
131 -0.686666
132 -0.686666
133 -0.686666
134 0
135 -0.686666
136 0.686666
137 -1.37333
138 0
139 1.37333
140 -0.686666
141 -0.686666
142 0
143 0
144 -0.686666
145 -0.686666
146 0
147 0
148 0
149 -1.37333
150 -0.686666
151 -0.686666
152 0
153 1.37333
154 -0.686666
155 0.686666
156 -0.686666
157 0.686666
158 0
159 -1.37333
160 1.37333
161 0
162 -1.37333
163 0
164 -0.686666
165 1.37333
166 0
167 0.686666
168 0
169 -0.686666
170 -0.686666
171 0
172 0.686666
173 -0.686666
174 1.37333
175 0.686666
176 0.686666
177 1.37333
178 -1.37333
179 0
180 0
181 0
182 1.37333
183 0
184 0
185 -1.37333
186 -0.686666
187 0.686666
188 0
189 -0.686666
190 0
191 0
192 -0.686666
193 1.37333
194 0
195 0.686666
196 0
197 -0.686666
198 -0.686666
199 -0.686666
200 2.06
201 0
202 0
203 0
204 -0.686666
205 0.686666
206 -0.686666
207 0
208 0
209 0
210 0
211 0
212 0.686666
213 0.686666
214 0
215 -1.37333
216 -0.686666
217 0.686666
218 0.686666
219 1.37333
220 -0.686666
221 0
222 0
223 0
224 -1.37333
225 0
226 -1.37333
227 0.686666
228 0
229 1.37333
230 -1.37333
231 0
232 1.37333
233 0.686666
234 -0.686666
235 0
236 0
237 0
238 1.37333
239 -0.686666
240 -2.06
241 0
242 0
243 1.37333
244 1.37333
245 0
246 0
247 1.37333
248 0.686666
249 0.686666
250 -0.686666
251 0.686666
252 -0.686666
253 0
254 -0.686666
255 0
256 0
257 -0.686666
258 0
259 0
260 -1.37333
261 -0.686666
262 0
263 1.37333
264 0
265 -0.686666
266 0
267 -2.06
268 -1.37333
269 0
270 -0.686666
271 0
272 0.686666
273 -0.686666
274 -1.37333
275 0.686666
276 0
277 0
278 0.686666
279 0.686666
280 -0.686666
281 0.686666
282 1.37333
283 0
284 0.686666
285 0
286 -0.686666
287 0.686666
288 -0.686666
289 -0.686666
290 0.686666
291 -1.37333
292 0
293 1.37333
294 0
295 0.686666
296 0
297 0
298 0.686666
299 1.37333
300 0.686666
301 1.37333
302 -1.37333
303 0.686666
304 0
305 0
306 0.686666
307 -0.686666
308 0.686666
309 1.37333
310 -1.37333
311 0
312 0
313 0.686666
314 0
315 0.686666
316 0
317 0
318 0
319 0
320 0
321 1.37333
322 -0.686666
323 -0.686666
324 -0.686666
325 0
326 -0.686666
327 -0.686666
328 -0.686666
329 0
330 -2.06
331 -0.686666
332 -0.686666
333 0.686666
334 -1.37333
335 0
336 0
337 0.686666
338 -1.37333
339 0.686666
340 -0.686666
341 -0.686666
342 0
343 0
344 -0.686666
345 0
346 0
347 0
348 0.686666
349 -0.686666
350 0
351 -0.686666
352 0
353 -0.686666
354 0
355 0
356 0
357 -0.686666
358 0
359 0.686666
360 0.686666
361 1.37333
362 0
363 0.686666
364 0
365 -0.686666
366 0.686666
367 -1.37333
368 0.686666
369 1.37333
370 0
371 0
372 0
373 0
374 0
375 0
376 0
377 0
378 0
379 -0.686666
380 0
381 -0.686666
382 1.37333
383 0.686666
384 0
385 1.37333
386 0
387 0
388 0.686666
389 0.686666
390 0
391 -1.37333
392 0
393 0.686666
394 0
395 0.686666
396 0.686666
397 0
398 -1.37333
399 -0.686666
400 1.37333
401 -0.686666
402 -0.686666
403 -0.686666
404 0
405 -0.686666
406 0.686666
407 -0.686666
408 0
409 1.37333
410 0
411 1.37333
412 0.686666
413 0.686666
414 0.686666
415 0
416 0
417 0.686666
418 0
419 0
420 0.686666
421 0.686666
422 0
423 0.686666
424 -0.686666
425 -1.37333
426 1.37333
427 1.37333
428 -1.37333
429 -2004.38
430 -4547.1
431 -5644.39
432 -6000.09
433 -6059.14
434 -5077.21
435 -2163
436 -639.973
437 -83.7732
438 17.1666
439 44.6333
440 32.96
441 17.1666
442 9.61332
443 4.11999
444 2.06
445 1.37333
446 0
447 0
448 1.37333
449 1.37333
450 0
451 -0.686666
452 0.686666
453 1.37333
454 -0.686666
455 0
456 0.686666
457 -0.686666
458 -1.37333
459 0
460 0.686666
