0 0
1 0
2 0
3 0
4 0
5 0
6 0
7 0
8 0
9 0
10 0
11 0
12 0
13 0
14 0
15 0
16 0
17 0
18 0
19 0
20 0
21 0
22 0
23 0
24 0
25 0
26 0
27 0
28 0
29 0
30 0
31 0
32 0
33 0
34 0
35 0
36 0
37 0
38 0
39 0
40 0
41 0
42 0
43 0
44 0
45 0
46 0
47 0
48 0
49 0
50 0
51 0
52 0
53 0
54 0
55 0
56 0
57 0
58 0
59 0
60 0
61 0
62 0
63 0
64 0
65 0
66 0
67 0
68 0
69 0
70 0
71 0
72 0
73 0
74 0
75 0
76 0
77 0
78 0
79 0
80 0
81 0
82 0
83 0
84 0
85 0
86 0
87 0
88 0
89 0
90 0
91 0
92 0
93 0
94 0
95 0
96 0
97 0
98 0
99 0
100 0
101 0
102 0
103 0
104 0
105 0
106 0
107 -0.00121
108 0
109 0.16214
110 0.23837
111 0.07381
112 -0.05808
113 -0.0726
114 -0.0121
115 0.00847
116 -0.0121
117 -0.02057
118 -0.02299
119 -0.02662
120 -0.02662
121 -0.02662
122 -0.02662
123 -0.02541
124 -0.02541
125 -0.0242
126 -0.02299
127 -0.02299
128 -0.02178
129 -0.02057
130 -0.02057
131 -0.02057
132 -0.01936
133 -0.01936
134 -0.01815
135 -0.01815
136 -0.01815
137 -0.01694
138 -0.01694
139 -0.01694
140 -0.01573
141 -0.01573
142 -0.01573
143 -0.01573
144 -0.01573
145 -0.01452
146 -0.01452
147 -0.01452
148 -0.01452
149 -0.01452
150 -0.01452
151 -0.01452
152 -0.01452
153 -0.01452
154 -0.01452
155 -0.01452
156 -0.01452
157 -0.01452
158 -0.01452
159 -0.01452
160 -0.01452
161 -0.01452
162 -0.01452
163 -0.01452
164 -0.01452
165 -0.01452
166 -0.01452
167 -0.01452
168 -0.01452
169 -0.01452
170 -0.01452
171 -0.01452
172 -0.01452
173 -0.01452
174 -0.01452
175 -0.01452
176 -0.01452
177 -0.01452
178 -0.01452
179 -0.01452
180 -0.01452
181 -0.01452
182 -0.01452
183 -0.01452
184 -0.01452
185 -0.01452
186 -0.01452
187 -0.01452
188 -0.01452
189 -0.01452
190 -0.01452
191 -0.01452
192 -0.01452
193 -0.01452
194 -0.01452
195 -0.01452
196 -0.01452
197 -0.01452
198 -0.01452
199 -0.01452
200 -0.01452
201 -0.01452
202 -0.01452
203 -0.01452
204 -0.01452
205 -0.01452
206 -0.01452
207 -0.01452
208 -0.01452
209 -0.01452
210 -0.01452
211 -0.01452
212 -0.01452
213 -0.01452
214 -0.01452
215 -0.01452
216 -0.01452
217 -0.01452
218 -0.01452
219 -0.01452
220 -0.01452
221 -0.01452
222 -0.01452
223 -0.01452
224 -0.01452
225 -0.01452
226 -0.01452
227 -0.01452
228 -0.01452
229 -0.01452
230 -0.01452
231 -0.01452
232 -0.01452
233 -0.01452
234 -0.01452
235 -0.01452
236 -0.01452
237 -0.01452
238 -0.01452
239 -0.01452
240 -0.01452
241 -0.01452
242 -0.01452
243 -0.01452
244 -0.01452
245 -0.01452
246 -0.01452
247 -0.01452
248 -0.01452
249 -0.01452
250 -0.01452
251 -0.01452
252 -0.01452
253 -0.01452
254 -0.01452
255 -0.01452
256 -0.01452
257 -0.01452
258 -0.01452
259 -0.01452
260 -0.01452
261 -0.01452
262 -0.01452
263 -0.01452
264 -0.01452
265 -0.01452
266 -0.01452
267 -0.01452
268 -0.01452
269 -0.01452
270 -0.01452
271 -0.01452
272 -0.01452
273 -0.01452
274 -0.01452
275 -0.01452
276 -0.01452
277 -0.01452
278 -0.01452
279 -0.01452
280 -0.01452
281 -0.01452
282 -0.01452
283 -0.01452
284 -0.01452
285 -0.01452
286 -0.01452
287 -0.01452
288 -0.01452
289 -0.01452
290 -0.01452
291 -0.01452
292 -0.01452
293 -0.01452
294 -0.01452
295 -0.01452
296 -0.01452
297 -0.01452
298 -0.01452
299 -0.01452
300 -0.01452
301 -0.01452
302 -0.01452
303 -0.01452
304 -0.01452
305 -0.01452
306 -0.01452
307 -0.01452
308 -0.01452
309 -0.01452
310 -0.01452
311 -0.01452
312 -0.01452
313 -0.01452
314 -0.01452
315 -0.01452
316 -0.01452
317 -0.01452
318 -0.01452
319 -0.01452
320 -0.01452
321 -0.01452
322 -0.01452
323 -0.01452
324 -0.01452
325 -0.01452
326 -0.01452
327 -0.01452
328 -0.01452
329 -0.01452
330 -0.01452
331 -0.01452
332 -0.01452
333 -0.01452
334 -0.01452
335 -0.01452
336 -0.01452
337 -0.01452
338 -0.01452
339 -0.01452
340 -0.01452
341 -0.01452
342 -0.01452
343 -0.01452
344 -0.01452
345 -0.01452
346 -0.01452
347 -0.01452
348 -0.01452
349 -0.01452
350 -0.01452
351 -0.01452
352 -0.01452
353 -0.01452
354 -0.01452
355 -0.01452
356 -0.01452
357 -0.01452
358 -0.01452
359 -0.01452
360 -0.01452
361 -0.01452
362 -0.01452
363 -0.01452
364 -0.01452
365 -0.01452
366 -0.01452
367 -0.01452
368 -0.01452
369 -0.01452
370 -0.01452
371 -0.01452
372 -0.01452
373 -0.01452
374 -0.01452
375 -0.01452
376 -0.01452
377 -0.01452
378 -0.01452
379 -0.01452
380 -0.01452
381 -0.01452
382 -0.01452
383 -0.01452
384 -0.01452
385 -0.01452
386 -0.01452
387 -0.01452
388 -0.01452
389 -0.01452
390 -0.01452
391 -0.01452
392 -0.01452
393 -0.01452
394 -0.01452
395 -0.01452
396 -0.01452
397 -0.01452
398 -0.01452
399 -0.01452
400 -0.01452
401 -0.01452
402 -0.01452
403 -0.01452
404 -0.01452
405 -0.01452
406 -0.01452
407 -0.01452
408 -0.01452
409 -0.01452
410 -0.01452
411 -0.01452
412 -0.01452
413 -0.01452
414 -0.01452
415 -0.01452
416 -0.01452
417 -0.01452
418 -0.01452
419 -0.01452
420 -0.01452
421 -0.01452
422 -0.01452
423 -0.01452
424 -0.01452
425 -0.01452
426 -0.01452
427 -0.01452
428 -0.01452
429 -0.13431
430 -0.12221
431 -0.08349
432 -0.06292
433 -0.05687
434 0.00847
435 0.04235
436 0.0121
437 -0.01452
438 -0.00726
439 0.01331
440 0.01573
441 0.01694
442 0.01815
443 0.01936
444 0.01936
445 0.01936
446 0.01815
447 0.01694
448 0.01694
449 0.01694
450 0.01573
451 0.01452
452 0.01452
453 0.01452
454 0.01331
455 0.01331
456 0.01331
457 0.0121
458 0.0121
459 0.0121
460 0.01089
