0 -0.686666
1 2.06
2 -2.06
3 -0.686666
4 0.686666
5 0
6 0
7 0.686666
8 0.686666
9 1.37333
10 0
11 0.686666
12 -0.686666
13 -0.686666
14 -0.686666
15 0
16 -1.37333
17 -0.686666
18 0
19 0.686666
20 -0.686666
21 0
22 0
23 0
24 0.686666
25 0.686666
26 0
27 0.686666
28 0
29 0.686666
30 -0.686666
31 -0.686666
32 0.686666
33 0
34 0
35 0
36 0
37 0
38 0
39 0.686666
40 1.37333
41 0
42 0.686666
43 -1.37333
44 0.686666
45 0.686666
46 0
47 -0.686666
48 0.686666
49 0
50 0
51 0
52 -0.686666
53 0.686666
54 0.686666
55 -0.686666
56 -1.37333
57 -0.686666
58 0.686666
59 -0.686666
60 -0.686666
61 -1.37333
62 0
63 -0.686666
64 -0.686666
65 0.686666
66 0
67 -1.37333
68 0
69 0
70 0
71 -0.686666
72 1.37333
73 0
74 -0.686666
75 0
76 0
77 -0.686666
78 -0.686666
79 0
80 -0.686666
81 0
82 -2.06
83 0
84 0
85 0
86 0
87 0.686666
88 0.686666
89 0.686666
90 0
91 0
92 1.37333
93 0
94 0
95 0
96 0
97 -1.37333
98 0.686666
99 -1.37333
100 0
101 0
102 0
103 0.686666
104 0.686666
105 0
106 0
107 0.686666
108 0
109 2800.22
110 7153.68
111 9912.71
112 7728.42
113 3176.52
114 1078.75
115 138.706
116 -31.5866
117 -64.5466
118 -40.5133
119 -21.2866
120 -13.7333
121 -6.17999
122 -2.74666
123 -3.43333
124 -0.686666
125 -2.06
126 0.686666
127 0
128 0
129 -0.686666
130 -0.686666
131 0
132 -0.686666
133 0
134 0.686666
135 0.686666
136 0
137 1.37333
138 -1.37333
139 2.06
140 0.686666
141 0.686666
142 0
143 0
144 0
145 0.686666
146 -0.686666
147 0
148 0
149 0.686666
150 -1.37333
151 0
152 0
153 -1.37333
154 -0.686666
155 -1.37333
156 0
157 0.686666
158 0
159 -1.37333
160 0
161 0
162 -0.686666
163 -1.37333
164 -0.686666
165 0
166 0
167 0
168 0.686666
169 -0.686666
170 -0.686666
171 0
172 1.37333
173 0.686666
174 0.686666
175 0.686666
176 0.686666
177 0.686666
178 -0.686666
179 0
180 0.686666
181 0
182 0.686666
183 0
184 0.686666
185 -0.686666
186 0
187 -2.06
188 -0.686666
189 0.686666
190 0
191 -2.06
192 -0.686666
193 -0.686666
194 -0.686666
195 -0.686666
196 0
197 -0.686666
198 0
199 0.686666
200 0.686666
201 0
202 1.37333
203 0.686666
204 0
205 -0.686666
206 0
207 0
208 -1.37333
209 -0.686666
210 0
211 -1.37333
212 -0.686666
213 0
214 -0.686666
215 0.686666
216 0
217 -1.37333
218 -1.37333
219 0
220 -1.37333
221 0.686666
222 -2.06
223 -0.686666
224 -0.686666
225 0.686666
226 0
227 1.37333
228 0.686666
229 0
230 0.686666
231 0.686666
232 -0.686666
233 0
234 0.686666
235 0
236 0.686666
237 -0.686666
238 -0.686666
239 0
240 0
241 -2.06
242 0.686666
243 -1.37333
244 -0.686666
245 0
246 2.06
247 0
248 -0.686666
249 0
250 -0.686666
251 0.686666
252 0.686666
253 0.686666
254 1.37333
255 0.686666
256 0
257 -0.686666
258 0
259 -0.686666
260 0.686666
261 0
262 0.686666
263 0
264 0
265 -0.686666
266 0
267 -0.686666
268 1.37333
269 0
270 0
271 1.37333
272 0
273 0
274 0
275 0
276 0
277 1.37333
278 0
279 1.37333
280 -1.37333
281 -1.37333
282 0
283 0
284 0
285 0
286 0.686666
287 -0.686666
288 1.37333
289 -0.686666
290 -0.686666
291 -0.686666
292 -0.686666
293 -0.686666
294 0.686666
295 0
296 0
297 1.37333
298 0
299 0
300 0
301 0.686666
302 0
303 0
304 0
305 0.686666
306 0
307 0.686666
308 0.686666
309 -0.686666
310 -0.686666
311 0.686666
312 0.686666
313 0
314 0.686666
315 -1.37333
316 -0.686666
317 0.686666
318 0.686666
319 -0.686666
320 0.686666
321 0
322 1.37333
323 0
324 -0.686666
325 -0.686666
326 0
327 0.686666
328 0
329 -0.686666
330 0
331 0.686666
332 0
333 0
334 0
335 0.686666
336 1.37333
337 -0.686666
338 -0.686666
339 0
340 1.37333
341 1.37333
342 -0.686666
343 -0.686666
344 0
345 1.37333
346 -0.686666
347 0
348 0.686666
349 -0.686666
350 -1.37333
351 0
352 0
353 0
354 -0.686666
355 1.37333
356 0.686666
357 -0.686666
358 0.686666
359 0
360 0
361 0.686666
362 0
363 0
364 -0.686666
365 0.686666
366 0
367 0.686666
368 0.686666
369 0
370 -0.686666
371 1.37333
372 0
373 -0.686666
374 -2.06
375 0.686666
376 0.686666
377 0.686666
378 0
379 0
380 -2.06
381 0
382 0
383 -0.686666
384 0
385 0.686666
386 0
387 0
388 -0.686666
389 0
390 0
391 0.686666
392 0
393 0
394 0
395 2.06
396 0.686666
397 -0.686666
398 0
399 -0.686666
400 1.37333
401 0
402 0
403 0
404 -0.686666
405 1.37333
406 0.686666
407 0
408 0
409 1.37333
410 0.686666
411 0
412 0
413 0
414 0
415 -2.06
416 0.686666
417 0
418 0
419 -0.686666
420 0
421 0
422 0
423 -1.37333
424 -0.686666
425 0
426 0
427 -0.686666
428 0
429 -1378.82
430 -4076.73
431 -5469.29
432 -5958.2
433 -6039.91
434 -5551.01
435 -2660.14
436 -861.079
437 -121.54
438 11.6733
439 41.1999
440 34.3333
441 18.54
442 11.6733
443 3.43333
444 2.74666
445 2.06
446 1.37333
447 0
448 -0.686666
449 0.686666
450 -0.686666
451 0.686666
452 -0.686666
453 0.686666
454 -0.686666
455 1.37333
456 0
457 0
458 0
459 0.686666
460 0
