0 0
1 0
2 0
3 0
4 0
5 0
6 0
7 0
8 0
9 0
10 0
11 0
12 0
13 0
14 0
15 0
16 0
17 0
18 0
19 0
20 0
21 0
22 0
23 0
24 0
25 0
26 0
27 0
28 0
29 0
30 0
31 0
32 0
33 0
34 0
35 0
36 0
37 0
38 0
39 0
40 0
41 0
42 0
43 0
44 0
45 0
46 0
47 0
48 0
49 0
50 0
51 0
52 0
53 0
54 0
55 0
56 0
57 0
58 0
59 0
60 0
61 0
62 0
63 0
64 0
65 0
66 0
67 0
68 0
69 0
70 0
71 0
72 0
73 0
74 0
75 0
76 0
77 0
78 0
79 0
80 0
81 0
82 0
83 0
84 0
85 0
86 0
87 0
88 0
89 0
90 0
91 0
92 0
93 0
94 0
95 0
96 0
97 0
98 0
99 0
100 0
101 0
102 0
103 0
104 0
105 0
106 -0.00121
107 -0.00121
108 0.00605
109 0.14399
110 0.2299
111 0.06897
112 -0.05808
113 -0.07139
114 -0.01452
115 0.00726
116 -0.0121
117 -0.02057
118 -0.02299
119 -0.02662
120 -0.02662
121 -0.02662
122 -0.02662
123 -0.02541
124 -0.0242
125 -0.02299
126 -0.02299
127 -0.02178
128 -0.02057
129 -0.02057
130 -0.02057
131 -0.01936
132 -0.01936
133 -0.01815
134 -0.01815
135 -0.01694
136 -0.01694
137 -0.01694
138 -0.01573
139 -0.01573
140 -0.01573
141 -0.01573
142 -0.01573
143 -0.01452
144 -0.01452
145 -0.01452
146 -0.01452
147 -0.01452
148 -0.01452
149 -0.01452
150 -0.01452
151 -0.01452
152 -0.01331
153 -0.01331
154 -0.01331
155 -0.01331
156 -0.01331
157 -0.01331
158 -0.01331
159 -0.01331
160 -0.01331
161 -0.01331
162 -0.01331
163 -0.01331
164 -0.01331
165 -0.01331
166 -0.01331
167 -0.01331
168 -0.01331
169 -0.01331
170 -0.01331
171 -0.01331
172 -0.01331
173 -0.01331
174 -0.01331
175 -0.01331
176 -0.01331
177 -0.01331
178 -0.01331
179 -0.01331
180 -0.01331
181 -0.01331
182 -0.01331
183 -0.01331
184 -0.01331
185 -0.01331
186 -0.01331
187 -0.01331
188 -0.01452
189 -0.01331
190 -0.01331
191 -0.01452
192 -0.01331
193 -0.01331
194 -0.01331
195 -0.01452
196 -0.01452
197 -0.01452
198 -0.01452
199 -0.01452
200 -0.01331
201 -0.01331
202 -0.01331
203 -0.0121
204 -0.00605
205 0.02057
206 0.04598
207 0.07139
208 0.0968
209 0.121
210 0.1452
211 0.16819
212 0.18755
213 0.20086
214 0.21659
215 0.22385
216 0.21901
217 0.22869
218 0.23111
219 0.22143
220 0.1815
221 0.12221
222 0.05929
223 0.02057
224 -0.01089
225 -0.02178
226 -0.02662
227 -0.02662
228 -0.02662
229 -0.02662
230 -0.02662
231 -0.02662
232 -0.02662
233 -0.03025
234 -0.04114
235 -0.07865
236 -0.11374
237 -0.14278
238 -0.17787
239 -0.21296
240 -0.242
241 -0.27709
242 -0.29766
243 -0.31218
244 -0.32065
245 -0.32428
246 -0.33154
247 -0.33154
248 -0.33759
249 -0.3388
250 -0.3388
251 -0.3388
252 -0.34122
253 -0.34485
254 -0.34727
255 -0.34364
256 -0.27225
257 -0.16214
258 -0.08712
259 -0.03267
260 0.01089
261 0.02057
262 0.01936
263 0.01815
264 0.02057
265 0.03146
266 0.05808
267 0.08954
268 0.121
269 0.15246
270 0.17424
271 0.19723
272 0.21901
273 0.23474
274 0.2541
275 0.27709
276 0.30008
277 0.32791
278 0.34485
279 0.35937
280 0.37631
281 0.37268
282 0.38115
283 0.3872
284 0.39325
285 0.36542
286 0.29645
287 0.18755
288 0.08349
289 0.01089
290 -0.0242
291 -0.02541
292 -0.02783
293 -0.02783
294 -0.02662
295 -0.02662
296 -0.02541
297 -0.0242
298 -0.02299
299 -0.02178
300 -0.02057
301 -0.01936
302 -0.01936
303 -0.01815
304 -0.01694
305 -0.01573
306 -0.01573
307 -0.01452
308 -0.01452
309 -0.01331
310 -0.01331
311 -0.01331
312 -0.0121
313 -0.0121
314 -0.0121
315 -0.0121
316 -0.0121
317 -0.01089
318 -0.01089
319 -0.01089
320 -0.01089
321 -0.01089
322 -0.01089
323 -0.01089
324 -0.01089
325 -0.01089
326 -0.01089
327 -0.01089
328 -0.01089
329 -0.01089
330 -0.01089
331 -0.01089
332 -0.01089
333 -0.01089
334 -0.01089
335 -0.01089
336 -0.01089
337 -0.01089
338 -0.01089
339 -0.01089
340 -0.01089
341 -0.01089
342 -0.01089
343 -0.01089
344 -0.01089
345 -0.01089
346 -0.01089
347 -0.01089
348 -0.01089
349 -0.01089
350 -0.01089
351 -0.01089
352 -0.01089
353 -0.01089
354 -0.01089
355 -0.01089
356 -0.01089
357 -0.01089
358 -0.01089
359 -0.01089
360 -0.01089
361 -0.01089
362 -0.01089
363 -0.01089
364 -0.01089
365 -0.01089
366 -0.01089
367 -0.01089
368 -0.01089
369 -0.01089
370 -0.01089
371 -0.01089
372 -0.01089
373 -0.01089
374 -0.01089
375 -0.01089
376 -0.01089
377 -0.01089
378 -0.01089
379 -0.01089
380 -0.01089
381 -0.01089
382 -0.01089
383 -0.01089
384 -0.01089
385 -0.01089
386 -0.01089
387 -0.01089
388 -0.01089
389 -0.01089
390 -0.01089
391 -0.01089
392 -0.01089
393 -0.01089
394 -0.01089
395 -0.01089
396 -0.01089
397 -0.01089
398 -0.01089
399 -0.01089
400 -0.01089
401 -0.01089
402 -0.01089
403 -0.01089
404 -0.01089
405 -0.01089
406 -0.01089
407 -0.01089
408 -0.01089
409 -0.01089
410 -0.01089
411 -0.01089
412 -0.01089
413 -0.01089
414 -0.01089
415 -0.01089
416 -0.01089
417 -0.01089
418 -0.01089
419 -0.01089
420 -0.01089
421 -0.01089
422 -0.01089
423 -0.01089
424 -0.01089
425 -0.01089
426 -0.01089
427 -0.01089
428 -0.01089
429 -0.13068
430 -0.121
431 -0.08591
432 -0.06413
433 -0.05929
434 0.02299
435 0.04356
436 0.0121
437 -0.01452
438 -0.00121
439 0.01331
440 0.01573
441 0.01694
442 0.01815
443 0.01936
444 0.01815
445 0.01815
446 0.01694
447 0.01694
448 0.01694
449 0.01573
450 0.01573
451 0.01452
452 0.01452
453 0.01331
454 0.01331
455 0.0121
456 0.0121
457 0.0121
458 0.01089
459 0.01089
460 0.01089
