0 0
1 0.686666
2 -0.686666
3 -1.37333
4 0
5 0
6 0.686666
7 0
8 0
9 0
10 0
11 0.686666
12 1.37333
13 0.686666
14 0
15 0.686666
16 0
17 -0.686666
18 -0.686666
19 0
20 0.686666
21 0.686666
22 -1.37333
23 0
24 2.06
25 0.686666
26 0
27 0.686666
28 -0.686666
29 0
30 0.686666
31 0
32 0
33 -0.686666
34 0.686666
35 0
36 0.686666
37 0
38 0
39 -0.686666
40 1.37333
41 2.06
42 0.686666
43 0.686666
44 -1.37333
45 0.686666
46 0
47 1.37333
48 0.686666
49 0
50 0.686666
51 -0.686666
52 -1.37333
53 0
54 0.686666
55 -1.37333
56 1.37333
57 0
58 0
59 0.686666
60 0
61 0
62 0.686666
63 -0.686666
64 0
65 0
66 0
67 -1.37333
68 0
69 -1.37333
70 0
71 0
72 0
73 0.686666
74 0.686666
75 -0.686666
76 0.686666
77 0
78 0
79 0.686666
80 0.686666
81 0.686666
82 1.37333
83 0
84 1.37333
85 0.686666
86 0.686666
87 0
88 0.686666
89 1.37333
90 1.37333
91 0.686666
92 0
93 0
94 0
95 0
96 0
97 -1.37333
98 0
99 -1.37333
100 0.686666
101 0
102 0
103 0
104 0.686666
105 -0.686666
106 1.37333
107 0
108 0
109 -2464.44
110 -6914.72
111 -11669.2
112 -14095.9
113 -14952.1
114 -15091.5
115 -15087.4
116 -15033.9
117 -15012.6
118 -15001.6
119 -15018.1
120 -15024.9
121 -14994
122 -15022.2
123 -15018.1
124 -14989.2
125 -14994
126 -15007.1
127 -14985.1
128 -14995.4
129 -14989.9
130 -14996.1
131 -15005
132 -15019.4
133 -15024.2
134 -15000.9
135 -14991.3
136 -15002.3
137 -15012.6
138 -15002.3
139 -14978.2
140 -15020.1
141 -14985.1
142 -14984.4
143 -14707.7
144 -11881.4
145 -6925.71
146 -2829.75
147 -542.466
148 7.55332
149 97.5065
150 77.5932
151 45.3199
152 24.72
153 10.9867
154 4.11999
155 1.37333
156 0.686666
157 1.37333
158 -0.686666
159 0.686666
160 0
161 0
162 -1.37333
163 0
164 0
165 0
166 -0.686666
167 0
168 0
169 0
170 -0.686666
171 -0.686666
172 -0.686666
173 0
174 -0.686666
175 -1.37333
176 -1.37333
177 -0.686666
178 -0.686666
179 0.686666
180 0
181 -0.686666
182 1.37333
183 -0.686666
184 -0.686666
185 -0.686666
186 0
187 0
188 -0.686666
189 0
190 -2.06
191 0
192 -0.686666
193 0.686666
194 1.37333
195 0.686666
196 0
197 0
198 0.686666
199 0.686666
200 0.686666
201 0
202 -2.06
203 0.686666
204 -0.686666
205 0
206 1.37333
207 0
208 0
209 0
210 0
211 0
212 0
213 -0.686666
214 0
215 0
216 0.686666
217 0
218 -0.686666
219 -1.37333
220 -1.37333
221 0
222 -1.37333
223 -0.686666
224 -0.686666
225 0
226 -0.686666
227 -1.37333
228 0
229 -0.686666
230 0.686666
231 -1.37333
232 0.686666
233 0
234 0
235 -0.686666
236 -0.686666
237 -1.37333
238 0
239 0
240 0
241 0
242 0.686666
243 -0.686666
244 2.06
245 -0.686666
246 0
247 1.37333
248 0
249 0.686666
250 0
251 -1.37333
252 -0.686666
253 -0.686666
254 -0.686666
255 0
256 -0.686666
257 -0.686666
258 -0.686666
259 -0.686666
260 1.37333
261 0.686666
262 0
263 0
264 0
265 0.686666
266 1.37333
267 -0.686666
268 1.37333
269 0.686666
270 0.686666
271 -0.686666
272 1.37333
273 0
274 0
275 0
276 0
277 0
278 0.686666
279 -0.686666
280 0.686666
281 -0.686666
282 -1.37333
283 1.37333
284 0.686666
285 0
286 -0.686666
287 0
288 -0.686666
289 0.686666
290 -0.686666
291 -0.686666
292 -0.686666
293 0.686666
294 0
295 0.686666
296 0
297 -0.686666
298 0
299 -0.686666
300 0.686666
301 0.686666
302 0
303 0
304 -0.686666
305 -0.686666
306 0
307 0
308 -1.37333
309 0.686666
310 -0.686666
311 0
312 -0.686666
313 0
314 0
315 0.686666
316 0
317 0.686666
318 0
319 0.686666
320 0
321 0
322 0
323 -1.37333
324 0.686666
325 -0.686666
326 -0.686666
327 0.686666
328 1.37333
329 0
330 0
331 0
332 -2.06
333 0.686666
334 0
335 0
336 0.686666
337 -0.686666
338 -0.686666
339 0
340 -0.686666
341 -0.686666
342 0
343 0
344 -0.686666
345 0.686666
346 0
347 -0.686666
348 0
349 0
350 -0.686666
351 0.686666
352 0.686666
353 -0.686666
354 0
355 -0.686666
356 1.37333
357 -0.686666
358 0
359 0
360 0
361 -0.686666
362 -1.37333
363 0.686666
364 0.686666
365 0
366 -1.37333
367 -0.686666
368 0
369 0.686666
370 0
371 0
372 0.686666
373 -0.686666
374 1.37333
375 -0.686666
376 1.37333
377 0
378 -0.686666
379 0
380 0.686666
381 -0.686666
382 -0.686666
383 0.686666
384 0.686666
385 -2.06
386 1.37333
387 -0.686666
388 -0.686666
389 -0.686666
390 0
391 0
392 0
393 0.686666
394 0.686666
395 0
396 0
397 1.37333
398 -1.37333
399 0
400 0
401 0
402 0.686666
403 1.37333
404 0
405 0
406 0.686666
407 0.686666
408 1.37333
409 -0.686666
410 0
411 0
412 0.686666
413 -0.686666
414 0.686666
415 0
416 0
417 1.37333
418 -0.686666
419 0.686666
420 0.686666
421 0
422 0.686666
423 -0.686666
424 0
425 0.686666
426 -0.686666
427 -1.37333
428 -1.37333
429 -495.773
430 -837.732
431 -966.139
432 -1021.07
433 -1010.77
434 -990.172
435 -1000.47
436 -993.605
437 -987.425
438 -992.919
439 -1007.34
440 -996.352
441 -994.292
442 -1002.53
443 -997.039
444 -992.919
445 -993.605
446 -1005.97
447 -1005.28
448 -999.785
449 -994.979
450 -999.785
451 -987.425
452 -986.052
453 -981.932
454 -1014.89
455 -1021.07
456 -993.605
457 -988.112
458 -1002.53
459 -986.739
460 -992.232
