0 50904
1 50904
2 50904
3 50904
4 50904
5 50904
6 50904
7 50904
8 50904
9 50904
10 50904
11 50904
12 50904
13 50904
14 50904
15 50904
16 50904
17 50904
18 50904
19 50904
20 50904
21 50904
22 50904
23 50904
24 50904
25 50904
26 50904
27 50904
28 50904
29 50904
30 50904
31 50904
32 50904
33 50904
34 50904
35 50904
36 50904
37 50904
38 50904
39 50904
40 50904
41 50904
42 50904
43 50904
44 50904
45 50904
46 50904
47 50904
48 50904
49 50904
50 50904
51 50904
52 50904
53 50904
54 50904
55 50904
56 50904
57 50904
58 50904
59 50904
60 50904
61 50904
62 50904
63 50904
64 50904
65 50904
66 50904
67 50904
68 50904
69 50904
70 50904
71 50904
72 50904
73 50904
74 50904
75 50904
76 50904
77 50904
78 50904
79 50904
80 50904
81 50904
82 50904
83 50904
84 50904
85 50904
86 50904
87 50904
88 50904
89 50904
90 50904
91 50904
92 50904
93 50904
94 50904
95 50904
96 50904
97 50904
98 50904
99 50904
100 50904
101 50904
102 50904
103 50904
104 50904
105 50904
106 50904
107 50904
108 50904
109 50904
110 50904
111 50904
112 50904
113 50904
114 50904
115 50904
116 50904
117 50904
118 50904
119 50904
120 50904
121 50904
122 50904
123 50904
124 50904
125 50904
126 50904
127 50904
128 50904
129 50904
130 50904
131 50904
132 50904
133 50904
134 50904
135 50904
136 50904
137 50904
138 50904
139 50904
140 50904
141 50904
142 50904
143 50904
144 50904
145 50904
146 50904
147 50904
148 50904
149 50904
150 50904
151 50904
152 50904
153 50904
154 50904
155 50904
156 50904
157 50904
158 50904
159 50904
160 50904
161 50904
162 50904
163 50904
