0 0.686666
1 0
2 1.37333
3 0
4 -0.686666
5 0
6 -0.686666
7 0
8 0
9 0.686666
10 1.37333
11 0
12 0.686666
13 0
14 0
15 0
16 -0.686666
17 0
18 -0.686666
19 0
20 -0.686666
21 0.686666
22 0.686666
23 0
24 0
25 0
26 0
27 1.37333
28 -0.686666
29 0.686666
30 0
31 -0.686666
32 1.37333
33 -1.37333
34 0
35 -0.686666
36 0
37 -0.686666
38 -0.686666
39 0
40 0.686666
41 1.37333
42 0
43 0
44 -1.37333
45 -2.06
46 0
47 2.06
48 -0.686666
49 1.37333
50 0
51 -0.686666
52 0.686666
53 0.686666
54 0.686666
55 0
56 0
57 0
58 -0.686666
59 0
60 0
61 0
62 0.686666
63 0.686666
64 0.686666
65 0
66 0
67 0
68 -1.37333
69 0
70 0
71 0.686666
72 0
73 0.686666
74 0
75 1.37333
76 1.37333
77 0
78 0
79 -0.686666
80 0
81 -0.686666
82 0.686666
83 -0.686666
84 -1.37333
85 0
86 0.686666
87 0
88 -0.686666
89 0.686666
90 -0.686666
91 0.686666
92 0
93 0.686666
94 0.686666
95 1.37333
96 -0.686666
97 0.686666
98 -0.686666
99 0.686666
100 0
101 0.686666
102 0.686666
103 -0.686666
104 -0.686666
105 0
106 -0.686666
107 1.37333
108 32.96
109 2766.58
110 7065.1
111 9973.82
112 7674.18
113 3247.93
114 948.285
115 133.9
116 -36.3933
117 -65.2333
118 -47.3799
119 -26.78
120 -11.6733
121 -5.49333
122 -4.11999
123 -1.37333
124 -1.37333
125 -0.686666
126 0
127 0.686666
128 0
129 0
130 0.686666
131 0
132 -0.686666
133 0
134 -0.686666
135 1.37333
136 0
137 0
138 -0.686666
139 -1.37333
140 0
141 0
142 0
143 0.686666
144 0
145 -0.686666
146 -0.686666
147 -0.686666
148 1.37333
149 1.37333
150 0
151 -0.686666
152 -0.686666
153 0
154 0
155 0
156 0.686666
157 0.686666
158 0
159 0
160 0.686666
161 0
162 0
163 -0.686666
164 0
165 0
166 -0.686666
167 -0.686666
168 0.686666
169 0
170 0
171 0
172 0
173 0.686666
174 0.686666
175 1.37333
176 0
177 -1.37333
178 -1.37333
179 0
180 -0.686666
181 -2.74666
182 -4.80666
183 -4.11999
184 -7.55332
185 -12.36
186 -6.86666
187 -10.9867
188 -0.686666
189 10.9867
190 38.4533
191 38.4533
192 21.2866
193 0
194 -5.49333
195 -7.55332
196 -12.36
197 -11.6733
198 -7.55332
199 -4.80666
200 -3.43333
201 -2.06
202 -0.686666
203 0
204 -1.37333
205 0
206 -1.37333
207 1.37333
208 0
209 0
210 0.686666
211 0.686666
212 0.686666
213 0
214 0.686666
215 1.37333
216 -0.686666
217 0.686666
218 0
219 0.686666
220 -0.686666
221 0
222 1.37333
223 1.37333
224 0
225 0
226 0
227 0
228 0
229 0
230 -0.686666
231 0.686666
232 0
233 -0.686666
234 1.37333
235 0
236 -0.686666
237 0
238 0.686666
239 0
240 0
241 0.686666
242 1.37333
243 -0.686666
244 -0.686666
245 0
246 0
247 -0.686666
248 0
249 0
250 2.06
251 0.686666
252 0
253 0.686666
254 -0.686666
255 -0.686666
256 -0.686666
257 1.37333
258 0
259 -1.37333
260 0
261 0
262 0
263 0
264 0
265 0.686666
266 0.686666
267 -0.686666
268 1.37333
269 -0.686666
270 -0.686666
271 -1.37333
272 1.37333
273 1.37333
274 -0.686666
275 -1.37333
276 0.686666
277 -0.686666
278 0.686666
279 0
280 -1.37333
281 0
282 0
283 -0.686666
284 -0.686666
285 -0.686666
286 -0.686666
287 -0.686666
288 0
289 0
290 0.686666
291 0.686666
292 0
293 0
294 -0.686666
295 1.37333
296 0
297 0.686666
298 0
299 1.37333
300 -0.686666
301 0.686666
302 -0.686666
303 0
304 2.06
305 0.686666
306 -1.37333
307 0.686666
308 -0.686666
309 -1.37333
310 0
311 -1.37333
312 0.686666
313 0.686666
314 2.74666
315 5.49333
316 9.61332
317 0.686666
318 0.686666
319 0.686666
320 -2.06
321 -6.86666
322 -25.4066
323 -19.2266
324 -3.43333
325 1.37333
326 4.11999
327 7.55332
328 6.86666
329 3.43333
330 2.74666
331 2.06
332 2.06
333 1.37333
334 1.37333
335 1.37333
336 0.686666
337 0
338 0.686666
339 -0.686666
340 1.37333
341 -0.686666
342 -1.37333
343 0.686666
344 0.686666
345 -1.37333
346 0
347 0.686666
348 0.686666
349 -0.686666
350 -1.37333
351 0
352 0.686666
353 0.686666
354 0
355 1.37333
356 0.686666
357 1.37333
358 -0.686666
359 1.37333
360 -0.686666
361 0.686666
362 -0.686666
363 0
364 0
365 0.686666
366 0.686666
367 0
368 -0.686666
369 0
370 0
371 1.37333
372 0.686666
373 -0.686666
374 1.37333
375 0
376 -0.686666
377 0
378 0.686666
379 0
380 1.37333
381 0
382 -0.686666
383 0
384 0
385 -1.37333
386 0
387 -1.37333
388 -0.686666
389 0.686666
390 0
391 0
392 -0.686666
393 0
394 -0.686666
395 -0.686666
396 0
397 0.686666
398 0
399 0.686666
400 0
401 0
402 0
403 0.686666
404 0
405 -1.37333
406 -6.17999
407 -21.9733
408 -15.7933
409 0
410 2.74666
411 14.42
412 39.1399
413 31.5866
414 11.6733
415 -4.11999
416 -10.9867
417 -13.0466
418 -9.61332
419 -6.86666
420 -3.43333
421 -0.686666
422 -1.37333
423 -0.686666
424 -0.686666
425 -0.686666
426 0
427 -2.06
428 0
429 -1619.84
430 -4281.36
431 -5643.02
432 -5970.56
433 -6062.57
434 -5278.4
435 -2369.68
436 -738.852
437 -105.747
438 18.54
439 40.5133
440 34.3333
441 17.8533
442 8.92666
443 5.49333
444 2.06
445 1.37333
446 0.686666
447 -0.686666
448 0
449 0
450 0
451 0.686666
452 0.686666
453 0
454 0
455 1.37333
456 0
457 0.686666
458 1.37333
459 -0.686666
460 0
