0 -0.0876357
1 -0.0876786
2 -0.0876357
3 -0.0875928
4 -0.0876357
5 -0.0877216
6 -0.0877216
7 -0.0876786
8 -0.0877216
9 -0.0877216
10 -0.0876786
11 -0.0877645
12 -0.0877645
13 -0.0877216
14 -0.0878074
15 -0.0878074
16 -0.0878074
17 -0.0877645
18 -0.0878074
19 -0.0878074
20 -0.0877645
21 -0.0878074
22 -0.0878074
23 -0.0878074
24 -0.0878074
25 -0.0878074
26 -0.0878074
27 -0.0878503
28 -0.0878503
29 -0.0878503
30 -0.0878503
31 -0.0878932
32 -0.0878932
33 -0.0879361
34 -0.0878503
35 -0.0878503
36 -0.0879361
37 -0.0878932
38 -0.0879361
39 -0.0878932
40 -0.0879361
41 -0.0879361
42 -0.0879361
43 -0.0878074
44 -0.088022
45 -0.0879361
46 -0.0879361
47 -0.0879791
48 -0.0879361
49 -0.0879361
50 -0.0879791
51 -0.088022
52 -0.0879361
53 -0.0880649
54 -0.088022
55 -0.0879791
56 -0.0880649
57 -0.0880649
58 -0.0880649
59 -0.088022
60 -0.0879791
61 -0.0879791
62 -0.088022
63 -0.0881078
64 -0.088022
65 -0.0881078
66 -0.0880649
67 -0.0880649
68 -0.088022
69 -0.0881078
70 -0.0881078
71 -0.0881078
72 -0.0881078
73 -0.0881078
74 -0.0881078
75 -0.0881078
76 -0.0880649
77 -0.0880649
78 -0.0881078
79 -0.0881078
80 -0.0881507
81 -0.0881078
82 -0.0881078
83 -0.0881507
84 -0.0881078
85 -0.0879791
86 -0.0879791
87 -0.0893953
88 -0.0890949
89 -0.0887516
90 -0.0886657
91 -0.0886228
92 -0.0889661
93 -0.0887945
94 -0.0888803
95 -0.0887516
96 -0.0887945
97 -0.0887086
98 -0.0887086
99 -0.0888374
100 -0.0887516
101 -0.0888374
102 -0.0992232
103 -0.0944166
104 -0.095232
105 -0.0951032
106 -0.0955324
107 -0.095747
108 -0.0880649
109 34.6811
110 161.471
111 477.391
112 750.849
113 921.54
114 987.174
115 1005.05
116 1005.65
117 1003.87
118 1002.25
119 1001.12
120 1000.57
121 1000.25
122 1000.12
123 1000.03
124 999.995
125 999.975
126 999.966
127 999.963
128 999.962
129 999.962
130 999.963
131 999.966
132 999.968
133 999.969
134 999.972
135 999.974
136 999.975
137 999.977
138 999.979
139 999.981
140 999.983
141 999.985
142 999.986
143 999.987
144 999.989
145 999.99
146 999.991
147 999.992
148 999.993
149 999.994
150 999.995
151 999.996
152 999.996
153 999.996
154 999.997
155 999.998
156 999.998
157 999.999
158 999.999
159 999.999
160 999.999
161 999.999
162 1000
163 1000
164 1000
165 1000
166 1000
167 1000
168 1000
169 1000
170 1000
171 1000
172 1000
173 1000
174 1000
175 1000
176 1000
177 1000
178 1000
179 1000
180 1000
181 1000
182 1000
183 1000
184 1000
185 1000
186 1000
187 1000
188 1000
189 1000
190 1000
191 1000
192 1000
193 1000
194 1000
195 1000
196 1000
197 1000
198 1000
199 1000.01
200 999.994
201 999.996
202 999.994
203 999.966
204 999.892
205 999.506
206 999.12
207 998.922
208 998.796
209 998.741
210 998.759
211 998.771
212 998.851
213 998.987
214 999.134
215 999.284
216 999.586
217 999.703
218 999.736
219 999.944
220 1000.61
221 1001.62
222 1002.35
223 1002.41
224 1002.21
225 1001.58
226 1000.95
227 1000.52
228 1000.26
229 1000.13
230 1000.07
231 1000.03
232 1000.01
233 1000.05
234 1000.21
235 1000.75
236 1001.3
237 1001.47
238 1001.57
239 1001.68
240 1001.67
241 1001.65
242 1001.53
243 1001.21
244 1000.88
245 1000.57
246 1000.45
247 1000.29
248 1000.24
249 1000.21
250 1000.13
251 1000.06
252 1000.07
253 1000.11
254 1000.13
255 1000.06
256 999.049
257 997.172
258 996.354
259 996.42
260 996.828
261 997.817
262 998.717
263 999.394
264 999.709
265 999.679
266 999.39
267 998.954
268 998.66
269 998.509
270 998.611
271 998.711
272 998.772
273 998.94
274 998.964
275 998.96
276 998.919
277 998.785
278 998.881
279 998.997
280 999.067
281 999.386
282 999.589
283 999.649
284 999.673
285 1000.11
286 1001.27
287 1003.03
288 1004.29
289 1004.32
290 1003.76
291 1002.3
292 1001.3
293 1000.61
294 1000.26
295 1000.11
296 1000.02
297 999.977
298 999.959
299 999.95
300 999.948
301 999.948
302 999.95
303 999.952
304 999.955
305 999.957
306 999.96
307 999.964
308 999.967
309 999.97
310 999.972
311 999.975
312 999.978
313 999.98
314 999.982
315 999.985
316 999.987
317 999.988
318 999.99
319 999.991
320 999.992
321 999.993
322 999.994
323 999.995
324 999.996
325 999.997
326 999.997
327 999.998
328 999.998
329 999.999
330 999.999
331 1000
332 1000
333 1000
334 1000
335 1000
336 1000
337 1000
338 1000
339 1000
340 1000
341 1000
342 1000
343 1000
344 1000
345 1000
346 1000
347 1000
348 1000
349 1000
350 1000
351 1000
352 1000
353 1000
354 1000
355 1000
356 1000
357 1000
358 1000
359 1000
360 1000
361 1000
362 1000
363 1000
364 1000
365 1000
366 1000
367 1000
368 1000
369 1000
370 1000
371 1000
372 1000
373 1000
374 1000
375 1000
376 1000
377 1000
378 1000
379 1000
380 1000
381 1000
382 1000
383 1000
384 1000
385 1000
386 1000
387 1000
388 1000
389 1000
390 1000
391 1000
392 1000
393 1000
394 1000
395 1000
396 1000
397 1000
398 1000
399 1000
400 1000
401 1000
402 1000
403 1000
404 1000
405 1000
406 1000
407 1000
408 1000
409 1000
410 1000
411 1000
412 1000
413 1000
414 1000
415 1000
416 1000
417 1000
418 1000
419 1000
420 1000
421 1000
422 1000
423 1000
424 1000
425 1000
426 1000
427 1000
428 1000
429 989.003
430 885.303
431 728.399
432 558.826
433 363.806
434 169.036
435 61.6961
436 10.5426
437 -3.24969
438 -3.98747
439 -2.93361
440 -1.75692
441 -0.890563
442 -0.431698
443 -0.218145
444 -0.110596
445 -0.0461354
446 -0.00686666
447 0.0124887
448 0.0223166
449 0.027767
450 0.02987
451 0.0301275
452 0.0297412
453 0.0289258
454 0.0275095
455 0.0260933
456 0.0247629
457 0.0227887
458 0.0212437
459 0.0200421
460 0.0187546
