0 10.143
1 10.143
2 10.1429
3 10.143
4 10.143
5 10.1429
6 10.143
7 10.143
8 10.143
9 10.143
10 10.143
11 10.143
12 10.143
13 10.143
14 10.1429
15 10.1429
16 10.1429
17 10.143
18 10.143
19 10.143
20 10.143
21 10.143
22 10.143
23 10.1429
24 10.143
25 10.143
26 10.143
27 10.143
28 10.143
29 10.143
30 10.143
31 10.143
32 10.143
33 10.1429
34 10.143
35 10.143
36 10.143
37 10.143
38 10.143
39 10.143
40 10.143
41 10.143
42 10.143
43 10.1429
44 10.143
45 10.1429
46 10.143
47 10.1429
48 10.143
49 10.143
50 10.143
51 10.1429
52 10.143
53 10.143
54 10.143
55 10.1429
56 10.1429
57 10.1429
58 10.143
59 10.143
60 10.143
61 10.143
62 10.143
63 10.1429
64 10.143
65 10.143
66 10.143
67 10.143
68 10.1429
69 10.143
70 10.143
71 10.1429
72 10.143
73 10.1429
74 10.143
75 10.143
76 10.1429
77 10.143
78 10.143
79 10.143
80 10.143
81 10.143
82 10.1429
83 10.143
84 10.143
85 10.143
86 10.143
87 10.143
88 10.143
89 10.143
90 10.143
91 10.143
92 10.143
93 10.143
94 10.143
95 10.1429
96 10.143
97 10.1429
98 10.143
99 10.143
100 10.143
101 10.143
102 10.1391
103 10.1421
104 10.1419
105 10.1419
106 10.1418
107 10.1414
108 10.1419
109 42.4515
110 190.16
111 467.71
112 752.36
113 934.68
114 988.266
115 1005.03
116 1005.59
117 1004.17
118 1002.11
119 1001.1
120 1000.56
121 1000.25
122 1000.11
123 1000.04
124 999.997
125 999.977
126 999.968
127 999.964
128 999.963
129 999.963
130 999.965
131 999.966
132 999.968
133 999.97
134 999.973
135 999.974
136 999.976
137 999.978
138 999.98
139 999.981
140 999.983
141 999.985
142 999.986
143 999.987
144 999.989
145 999.99
146 999.991
147 999.992
148 999.993
149 999.994
150 999.994
151 999.996
152 999.996
153 999.997
154 999.996
155 999.997
156 999.997
157 999.998
158 999.998
159 999.999
160 999.999
161 999.999
162 999.999
163 999.999
164 1000
165 1000
166 1000
167 1000
168 1000
169 1000
170 1000
171 1000
172 1000
173 1000
174 1000
175 1000
176 1000
177 1000
178 1000
179 1000
180 1000
181 1000
182 1000
183 1000
184 1000
185 1000
186 1000
187 1000
188 1000
189 1000
190 1000
191 1000
192 1000
193 1000
194 1000
195 1000
196 1000
197 1000
198 1000
199 1000
200 1000
201 1000
202 1000
203 1000
204 1000
205 1000
206 1000
207 1000
208 1000
209 1000
210 1000
211 1000
212 1000
213 1000
214 1000
215 1000
216 1000
217 1000
218 1000
219 1000
220 1000
221 1000
222 1000
223 1000
224 1000
225 1000
226 1000
227 1000
228 1000
229 1000
230 1000
231 1000
232 1000
233 1000
234 1000
235 1000
236 1000
237 1000
238 1000
239 1000
240 1000
241 1000
242 1000
243 1000
244 1000
245 1000
246 1000
247 1000
248 1000
249 1000
250 1000
251 1000
252 1000
253 1000
254 1000
255 1000
256 1000
257 1000
258 1000
259 1000
260 1000
261 1000
262 1000
263 1000
264 1000
265 1000
266 1000
267 1000
268 1000
269 1000
270 1000
271 1000
272 1000
273 1000
274 1000
275 1000
276 1000
277 1000
278 1000
279 1000
280 1000
281 1000
282 1000
283 1000
284 1000
285 1000
286 1000
287 1000
288 1000
289 1000
290 1000
291 1000
292 1000
293 1000
294 1000
295 1000
296 1000
297 1000
298 1000
299 1000
300 1000
301 1000
302 1000
303 1000
304 1000
305 1000
306 1000
307 1000
308 1000
309 1000
310 1000
311 1000
312 1000
313 1000
314 1000
315 1000
316 1000
317 1000
318 1000
319 1000
320 1000
321 1000
322 1000
323 1000
324 1000
325 1000
326 1000
327 1000
328 1000
329 1000
330 1000
331 1000
332 1000
333 1000
334 1000
335 1000
336 1000
337 1000
338 1000
339 1000
340 1000
341 1000
342 1000
343 1000
344 1000
345 1000
346 1000
347 1000
348 1000
349 1000
350 1000
351 1000
352 1000
353 1000
354 1000
355 1000
356 1000
357 1000
358 1000
359 1000
360 1000
361 1000
362 1000
363 1000
364 1000
365 1000
366 1000
367 1000
368 1000
369 1000
370 1000
371 1000
372 1000
373 1000
374 1000
375 1000
376 1000
377 1000
378 1000
379 1000
380 1000
381 1000
382 1000
383 1000
384 1000
385 1000
386 1000
387 1000
388 1000
389 1000
390 1000
391 1000
392 1000
393 1000
394 1000
395 1000
396 1000
397 1000
398 1000
399 1000
400 1000
401 1000
402 1000
403 1000
404 1000
405 1000
406 1000
407 1000
408 1000
409 1000
410 1000
411 1000
412 1000
413 1000
414 1000
415 1000
416 1000
417 1000
418 1000
419 1000
420 1000
421 1000
422 1000
423 1000
424 1000
425 1000
426 1000
427 1000
428 1000
429 987.734
430 901.051
431 752.557
432 561.791
433 393.281
434 190.05
435 61.3778
436 10.2257
437 -3.23218
438 -4.04352
439 -3.04515
440 -1.80108
441 -0.882108
442 -0.50191
443 -0.237028
444 -0.118493
445 -0.0487962
446 -0.0111154
447 0.0098279
448 0.0209433
449 0.0259646
450 0.0286683
451 0.0292691
452 0.0292262
453 0.0280675
454 0.0270804
455 0.0262221
456 0.0245483
457 0.0233896
458 0.0218016
459 0.0204712
460 0.0189262
