0 0
1 0
2 0
3 0
4 0
5 0
6 0
7 0
8 0
9 0
10 0
11 0
12 0
13 0
14 0
15 0
16 0
17 0
18 0
19 0
20 0
21 0
22 0
23 0
24 0
25 0
26 0
27 0
28 0
29 0
30 0
31 0
32 0
33 0
34 0
35 0
36 0
37 0
38 0
39 0
40 0
41 0
42 0
43 0
44 0
45 0
46 0
47 0
48 0
49 0
50 0
51 0
52 0
53 0
54 0
55 0
56 0
57 0
58 0
59 0
60 0
61 0
62 0
63 0
64 0
65 0
66 0
67 0
68 0
69 0
70 0
71 0
72 0
73 0
74 0
75 0
76 0
77 0
78 0
79 0
80 0
81 0
82 0
83 0
84 0
85 0
86 0
87 0
88 0
89 0
90 0
91 0
92 0
93 0
94 0
95 0
96 0
97 0
98 0
99 0
100 0
101 0
102 0
103 0
104 0
105 0
106 0
107 0
108 0
109 -0.14883
110 -0.23232
111 -0.19602
112 -0.12584
113 -0.0847
114 -0.07139
115 -0.07623
116 -0.07381
117 -0.06897
118 -0.07381
119 -0.07986
120 -0.06776
121 -0.07018
122 -0.07623
123 -0.07502
124 -0.06776
125 -0.07502
126 -0.07865
127 -0.06655
128 -0.06897
129 -0.07502
130 -0.06897
131 -0.06897
132 -0.07502
133 -0.07018
134 -0.07139
135 -0.07381
136 -0.07502
137 -0.06655
138 -0.0726
139 -0.07502
140 -0.06292
141 -0.07018
142 -0.07018
143 -0.01331
144 0.06534
145 0.11858
146 0.07381
147 0.00242
148 -0.01452
149 0.01694
150 0.01452
151 0.02057
152 0.01936
153 0.01815
154 0.01815
155 0.01694
156 0.01694
157 0.01694
158 0.01573
159 0.01452
160 0.01452
161 0.01331
162 0.01331
163 0.0121
164 0.0121
165 0.01089
166 0.01089
167 0.01089
168 0.00968
169 0.00968
170 0.00847
171 0.00847
172 0.00847
173 0.00847
174 0.00726
175 0.00726
176 0.00726
177 0.00726
178 0.00726
179 0.00726
180 0.00726
181 0.00605
182 0.00605
183 0.00605
184 0.00605
185 0.00605
186 0.00605
187 0.00605
188 0.00605
189 0.00605
190 0.00605
191 0.00605
192 0.00605
193 0.00605
194 0.00605
195 0.00605
196 0.00605
197 0.00605
198 0.00605
199 0.00605
200 0.00605
201 0.00605
202 0.00605
203 0.00605
204 0.00605
205 0.00605
206 0.00605
207 0.00605
208 0.00605
209 0.00605
210 0.00605
211 0.00605
212 0.00605
213 0.00605
214 0.00605
215 0.00605
216 0.00605
217 0.00605
218 0.00605
219 0.00605
220 0.00605
221 0.00605
222 0.00605
223 0.00605
224 0.00605
225 0.00605
226 0.00605
227 0.00605
228 0.00605
229 0.00605
230 0.00605
231 0.00605
232 0.00605
233 0.00605
234 0.00605
235 0.00605
236 0.00605
237 0.00605
238 0.00605
239 0.00605
240 0.00605
241 0.00605
242 0.00605
243 0.00605
244 0.00605
245 0.00605
246 0.00605
247 0.00605
248 0.00605
249 0.00605
250 0.00605
251 0.00605
252 0.00605
253 0.00605
254 0.00605
255 0.00484
256 0.00605
257 0.00605
258 0.00605
259 0.00605
260 0.00605
261 0.00605
262 0.00605
263 0.00484
264 0.00605
265 0.00605
266 0.00605
267 0.00605
268 0.00605
269 0.00605
270 0.00605
271 0.00605
272 0.00605
273 0.00605
274 0.00605
275 0.00605
276 0.00605
277 0.00605
278 0.00605
279 0.00605
280 0.00605
281 0.00605
282 0.00605
283 0.00605
284 0.00605
285 0.00605
286 0.00605
287 0.00605
288 0.00605
289 0.00605
290 0.00605
291 0.00605
292 0.00605
293 0.00605
294 0.00484
295 0.00605
296 0.00605
297 0.00605
298 0.00605
299 0.00605
300 0.00605
301 0.00605
302 0.00605
303 0.00605
304 0.00605
305 0.00605
306 0.00605
307 0.00605
308 0.00605
309 0.00605
310 0.00605
311 0.00605
312 0.00605
313 0.00484
314 0.00605
315 0.00605
316 0.00605
317 0.00605
318 0.00605
319 0.00605
320 0.00605
321 0.00605
322 0.00605
323 0.00605
324 0.00605
325 0.00605
326 0.00484
327 0.00605
328 0.00484
329 0.00605
330 0.00605
331 0.00605
332 0.00484
333 0.00605
334 0.00484
335 0.00605
336 0.00605
337 0.00605
338 0.00605
339 0.00484
340 0.00605
341 0.00605
342 0.00484
343 0.00605
344 0.00605
345 0.00605
346 0.00605
347 0.00484
348 0.00484
349 0.00484
350 0.00484
351 0.00605
352 0.00605
353 0.00605
354 0.00605
355 0.00605
356 0.00484
357 0.00605
358 0.00484
359 0.00484
360 0.00484
361 0.00605
362 0.00605
363 0.00605
364 0.00605
365 0.00484
366 0.00484
367 0.00484
368 0.00484
369 0.00605
370 0.00605
371 0.00484
372 0.00605
373 0.00605
374 0.00605
375 0.00484
376 0.00484
377 0.00484
378 0.00484
379 0.00484
380 0.00605
381 0.00605
382 0.00605
383 0.00484
384 0.00484
385 0.00605
386 0.00605
387 0.00605
388 0.00484
389 0.00484
390 0.00484
391 0.00605
392 0.00605
393 0.00484
394 0.00605
395 0.00605
396 0.00484
397 0.00484
398 0.00605
399 0.00484
400 0.00605
401 0.00605
402 0.00605
403 0.00605
404 0.00605
405 0.00605
406 0.00605
407 0.00484
408 0.00484
409 0.00484
410 0.00484
411 0.00605
412 0.00484
413 0.00484
414 0.00484
415 0.00605
416 0.00484
417 0.00605
418 0.00605
419 0.00605
420 0.00605
421 0.00484
422 0.00605
423 0.00605
424 0.00484
425 0.00484
426 0.00605
427 0.00605
428 0.00484
429 -0.05082
430 -0.04477
431 -0.03509
432 -0.03509
433 -0.0363
434 -0.03872
435 -0.0363
436 -0.03993
437 -0.03388
438 -0.02541
439 -0.02541
440 -0.03509
441 -0.03872
442 -0.03267
443 -0.03751
444 -0.03872
445 -0.0363
446 -0.02541
447 -0.03388
448 -0.0363
449 -0.03509
450 -0.03751
451 -0.03509
452 -0.03509
453 -0.03267
454 -0.03267
455 -0.03025
456 -0.03509
457 -0.0363
458 -0.03509
459 -0.03388
460 -0.0363
