0 0
1 0.686666
2 -0.686666
3 0
4 0.686666
5 0
6 -0.686666
7 0
8 1.37333
9 -0.686666
10 -0.686666
11 0
12 0
13 0.686666
14 -1.37333
15 0.686666
16 0
17 0.686666
18 -1.37333
19 0.686666
20 0
21 -0.686666
22 0
23 0
24 0.686666
25 0
26 0
27 0
28 0
29 0.686666
30 0.686666
31 0.686666
32 -1.37333
33 -1.37333
34 0
35 -1.37333
36 -0.686666
37 0
38 0
39 -0.686666
40 -0.686666
41 0.686666
42 0
43 0
44 0
45 -0.686666
46 0
47 0
48 0
49 0
50 -0.686666
51 -0.686666
52 -0.686666
53 -0.686666
54 0
55 1.37333
56 0.686666
57 0.686666
58 0
59 0
60 0
61 0
62 0
63 0.686666
64 0.686666
65 0
66 0.686666
67 0
68 0
69 -0.686666
70 0.686666
71 0
72 -0.686666
73 0
74 0
75 0.686666
76 0
77 0
78 0.686666
79 0.686666
80 -0.686666
81 0.686666
82 0
83 -1.37333
84 0
85 0
86 0
87 1.37333
88 0.686666
89 -0.686666
90 0
91 0.686666
92 -1.37333
93 -0.686666
94 0
95 0
96 0
97 0.686666
98 -1.37333
99 0
100 0.686666
101 -0.686666
102 -2.06
103 -2.06
104 -0.686666
105 -0.686666
106 0
107 -0.686666
108 32.2733
109 2355.26
110 7140.64
111 9968.33
112 8037.42
113 3480.71
114 1038.24
115 161.366
116 -24.72
117 -64.5466
118 -43.2599
119 -24.0333
120 -14.42
121 -6.17999
122 -3.43333
123 -2.06
124 -1.37333
125 0
126 0
127 0
128 0
129 -0.686666
130 -1.37333
131 0.686666
132 0
133 0.686666
134 1.37333
135 0.686666
136 1.37333
137 1.37333
138 0
139 0
140 -0.686666
141 0.686666
142 1.37333
143 0
144 0
145 0
146 0
147 -1.37333
148 0
149 -0.686666
150 0.686666
151 0.686666
152 0
153 0
154 0.686666
155 -0.686666
156 0
157 0
158 -1.37333
159 0
160 0.686666
161 0
162 -0.686666
163 1.37333
164 0
165 0
166 0
167 0
168 1.37333
169 0
170 0
171 0
172 0
173 0.686666
174 0
175 0
176 0
177 1.37333
178 -0.686666
179 0.686666
180 0
181 1.37333
182 -0.686666
183 -0.686666
184 0
185 -0.686666
186 1.37333
187 0.686666
188 -1.37333
189 0.686666
190 0
191 0.686666
192 0
193 0.686666
194 0
195 -0.686666
196 -0.686666
197 0.686666
198 1.37333
199 0
200 0.686666
201 1.37333
202 0.686666
203 0
204 0
205 -0.686666
206 0.686666
207 -0.686666
208 0
209 0
210 -1.37333
211 0
212 0
213 -0.686666
214 0
215 0
216 0.686666
217 -0.686666
218 1.37333
219 0.686666
220 0
221 0
222 -0.686666
223 -1.37333
224 0.686666
225 -1.37333
226 0
227 0.686666
228 0
229 0.686666
230 1.37333
231 -0.686666
232 0.686666
233 -0.686666
234 1.37333
235 -1.37333
236 1.37333
237 0
238 -1.37333
239 0
240 0.686666
241 -0.686666
242 0
243 -0.686666
244 1.37333
245 -0.686666
246 -0.686666
247 0
248 0
249 -0.686666
250 -0.686666
251 0.686666
252 -0.686666
253 -0.686666
254 -0.686666
255 0.686666
256 0
257 0.686666
258 -0.686666
259 0.686666
260 1.37333
261 0
262 0
263 -0.686666
264 0.686666
265 0
266 -1.37333
267 -0.686666
268 0
269 -0.686666
270 0
271 0
272 0
273 -1.37333
274 -0.686666
275 1.37333
276 0.686666
277 -0.686666
278 -1.37333
279 0
280 0.686666
281 0
282 0.686666
283 -1.37333
284 -1.37333
285 0.686666
286 -0.686666
287 0.686666
288 -0.686666
289 0
290 0
291 -0.686666
292 0.686666
293 1.37333
294 -0.686666
295 -0.686666
296 0.686666
297 -0.686666
298 0
299 0.686666
300 0
301 0.686666
302 0.686666
303 -0.686666
304 0.686666
305 0
306 0
307 -0.686666
308 0
309 0
310 0.686666
311 0
312 -1.37333
313 0.686666
314 0
315 -0.686666
316 0
317 1.37333
318 -0.686666
319 -1.37333
320 -0.686666
321 -0.686666
322 0.686666
323 -0.686666
324 0
325 -0.686666
326 -0.686666
327 0
328 -0.686666
329 0.686666
330 0.686666
331 -0.686666
332 0
333 0.686666
334 0
335 -0.686666
336 -1.37333
337 0.686666
338 0.686666
339 0
340 0
341 -0.686666
342 0
343 0
344 0
345 0.686666
346 0.686666
347 0
348 -0.686666
349 0
350 -0.686666
351 0.686666
352 0.686666
353 0
354 -1.37333
355 0
356 0
357 0
358 -0.686666
359 0.686666
360 1.37333
361 -1.37333
362 -1.37333
363 -0.686666
364 -0.686666
365 0
366 -0.686666
367 -0.686666
368 -0.686666
369 0
370 0.686666
371 0
372 -0.686666
373 0
374 -0.686666
375 1.37333
376 -0.686666
377 0
378 -0.686666
379 0
380 0
381 0.686666
382 0
383 0.686666
384 0
385 0
386 -0.686666
387 0.686666
388 0
389 -0.686666
390 -0.686666
391 -0.686666
392 0
393 -0.686666
394 0
395 0
396 1.37333
397 -1.37333
398 0.686666
399 0
400 -0.686666
401 -0.686666
402 0
403 -1.37333
404 0
405 0
406 0.686666
407 0.686666
408 1.37333
409 1.37333
410 -0.686666
411 0
412 1.37333
413 0
414 0
415 -1.37333
416 0.686666
417 -1.37333
418 0
419 -0.686666
420 0.686666
421 0.686666
422 -0.686666
423 1.37333
424 -1.37333
425 -0.686666
426 0
427 0
428 0
429 -1370.58
430 -3813.06
431 -5463.11
432 -5949.27
433 -6043.35
434 -5651.95
435 -3041.24
436 -1062.96
437 -144.886
438 8.92666
439 42.5733
440 37.7666
441 20.6
442 10.9867
443 4.80666
444 2.74666
445 2.06
446 0.686666
447 0
448 0.686666
449 -0.686666
450 0.686666
451 -0.686666
452 0
453 0
454 0
455 1.37333
456 0
457 -0.686666
458 0
459 -0.686666
460 -0.686666
