0 -0.084417
1 -0.0843311
2 -0.0843741
3 -0.0843741
4 -0.0843741
5 -0.0843741
6 -0.0843311
7 -0.0843741
8 -0.0843311
9 -0.0843311
10 -0.0843311
11 -0.0843741
12 -0.0843311
13 -0.084417
14 -0.0843741
15 -0.0843311
16 -0.0843741
17 -0.0844599
18 -0.084417
19 -0.0843741
20 -0.0842882
21 -0.084417
22 -0.0844599
23 -0.0843311
24 -0.0843741
25 -0.0843311
26 -0.0843741
27 -0.084417
28 -0.0843311
29 -0.0843741
30 -0.0843741
31 -0.0843741
32 -0.0843741
33 -0.0843741
34 -0.0843741
35 -0.0843311
36 -0.0843741
37 -0.0843311
38 -0.0843741
39 -0.084417
40 -0.0843741
41 -0.0843741
42 -0.0843741
43 -0.0843741
44 -0.0843741
45 -0.0843311
46 -0.0843311
47 -0.0842882
48 -0.0842882
49 -0.0843741
50 -0.0843311
51 -0.0844599
52 -0.084417
53 -0.0844599
54 -0.0843741
55 -0.0843741
56 -0.0843741
57 -0.0843311
58 -0.0843311
59 -0.0843741
60 -0.0843741
61 -0.0843741
62 -0.0843741
63 -0.0843311
64 -0.084417
65 -0.0843311
66 -0.0843741
67 -0.0843741
68 -0.0843741
69 -0.0843741
70 -0.084417
71 -0.0843741
72 -0.084417
73 -0.0843741
74 -0.0843311
75 -0.0843741
76 -0.0843311
77 -0.0843311
78 -0.0843741
79 -0.0843741
80 -0.0843311
81 -0.0843741
82 -0.0843741
83 -0.0843741
84 -0.0843741
85 -0.084417
86 -0.0843741
87 -0.0843741
88 -0.084417
89 -0.0843311
90 -0.0843741
91 -0.0843741
92 -0.0843741
93 -0.0843311
94 -0.0843311
95 -0.0843311
96 -0.0843741
97 -0.0843741
98 -0.0843311
99 -0.0843741
100 -0.0842882
101 -0.0843741
102 -0.093687
103 -0.0887945
104 -0.0890949
105 -0.0895241
106 -0.0892666
107 -0.0893524
108 -0.0130467
109 37.1006
110 196.055
111 513.486
112 742.088
113 934.221
114 992.169
115 1005.43
116 1005.7
117 1003.92
118 1002.1
119 1001.09
120 1000.56
121 1000.27
122 1000.12
123 1000.03
124 999.995
125 999.975
126 999.967
127 999.963
128 999.962
129 999.963
130 999.965
131 999.967
132 999.969
133 999.97
134 999.973
135 999.975
136 999.976
137 999.978
138 999.98
139 999.982
140 999.983
141 999.984
142 999.986
143 999.987
144 999.989
145 999.99
146 999.991
147 999.992
148 999.993
149 999.994
150 999.995
151 999.995
152 999.996
153 999.997
154 999.997
155 999.998
156 999.998
157 999.998
158 999.999
159 999.998
160 999.999
161 999.999
162 999.999
163 1000
164 999.999
165 1000
166 1000
167 1000
168 1000
169 1000
170 1000
171 1000
172 1000
173 1000
174 1000
175 1000
176 1000
177 1000
178 1000
179 1000
180 1000
181 1000
182 1000
183 1000
184 1000
185 1000
186 1000
187 1000
188 1000
189 1000
190 1000
191 1000
192 1000
193 1000
194 1000
195 1000
196 1000
197 1000
198 1000
199 1000
200 1000
201 1000
202 1000
203 1000
204 1000
205 1000
206 1000
207 1000
208 1000
209 1000
210 1000
211 1000
212 1000
213 1000
214 1000
215 1000
216 1000
217 1000
218 1000
219 1000
220 1000
221 1000
222 1000
223 999.999
224 999.998
225 999.998
226 999.998
227 999.998
228 999.999
229 1000
230 1000
231 1000
232 1000
233 1000
234 1000
235 1000
236 1000
237 1000
238 1000
239 1000
240 1000
241 1000
242 1000
243 1000
244 1000
245 1000
246 1000
247 1000
248 1000
249 1000
250 1000
251 1000
252 1000
253 1000
254 1000
255 1000
256 1000
257 1000
258 1000
259 1000
260 1000
261 1000
262 1000
263 1000
264 1000
265 1000
266 1000
267 1000
268 1000
269 1000
270 1000
271 1000
272 1000
273 1000
274 1000
275 1000
276 1000
277 1000
278 1000
279 1000
280 1000
281 1000
282 1000
283 1000
284 1000
285 1000
286 1000
287 1000
288 1000
289 1000
290 1000
291 1000
292 1000
293 1000
294 1000
295 1000
296 1000
297 1000
298 1000
299 1000
300 1000
301 1000
302 1000
303 1000
304 1000
305 1000
306 1000
307 1000
308 1000
309 1000
310 1000
311 1000
312 1000
313 1000
314 1000
315 1000
316 1000
317 1000
318 1000
319 1000
320 1000
321 1000
322 1000
323 1000
324 1000
325 1000
326 1000
327 1000
328 1000
329 1000
330 1000
331 1000
332 1000
333 1000
334 1000
335 1000
336 1000
337 1000
338 1000
339 1000
340 1000
341 1000
342 1000
343 999.999
344 999.999
345 999.999
346 999.999
347 999.999
348 1000
349 999.999
350 1000
351 1000
352 1000
353 999.999
354 999.999
355 999.999
356 999.999
357 999.999
358 1000
359 999.999
360 999.999
361 1000
362 1000
363 1000
364 1000
365 1000
366 1000
367 1000
368 1000
369 1000
370 1000
371 1000
372 1000
373 1000
374 1000
375 1000
376 1000
377 1000
378 1000
379 1000
380 1000
381 1000
382 1000
383 1000
384 1000
385 1000
386 999.999
387 999.998
388 999.998
389 999.998
390 999.998
391 999.998
392 999.999
393 999.999
394 999.999
395 1000
396 1000
397 1000
398 1000
399 1000
400 1000
401 1000
402 1000
403 1000
404 1000
405 1000
406 1000
407 1000
408 1000
409 1000
410 1000
411 1000
412 1000
413 1000
414 1000
415 1000
416 1000
417 1000
418 1000
419 1000
420 1000
421 1000
422 1000
423 1000
424 1000
425 1000
426 1000
427 1000
428 1000
429 984.62
430 893.338
431 722.154
432 528.914
433 347.035
434 168.269
435 48.9941
436 6.2154
437 -3.60997
438 -4.01219
439 -2.85687
440 -1.64173
441 -0.867087
442 -0.428007
443 -0.208017
444 -0.0884082
445 -0.0459208
446 -0.0213296
447 -0.00412
448 0.00725291
449 0.0166087
450 0.0196129
451 0.0191408
452 0.0177675
453 0.0156216
454 0.0121883
455 0.00639458
456 0.00635166
457 0.00682374
458 0.00665207
459 0.00789666
460 0.00806832
