0 -0.0892236
1 -0.0892666
2 -0.0890949
3 -0.0892236
4 -0.0891807
5 -0.0892666
6 -0.0892236
7 -0.0892236
8 -0.0892236
9 -0.0891807
10 -0.0892236
11 -0.0892236
12 -0.0892666
13 -0.0892236
14 -0.0892236
15 -0.0892666
16 -0.0891807
17 -0.0891807
18 -0.0892236
19 -0.0892666
20 -0.0892236
21 -0.0892666
22 -0.0892666
23 -0.0892236
24 -0.0892666
25 -0.0892236
26 -0.0892666
27 -0.0892236
28 -0.0892666
29 -0.0892236
30 -0.0892236
31 -0.0892236
32 -0.0892236
33 -0.0891378
34 -0.0890949
35 -0.0891807
36 -0.0892236
37 -0.0892236
38 -0.0892236
39 -0.0892236
40 -0.0892236
41 -0.0892666
42 -0.0892236
43 -0.0892236
44 -0.0891807
45 -0.0892236
46 -0.0892236
47 -0.0891807
48 -0.0891807
49 -0.0891807
50 -0.0892236
51 -0.0892666
52 -0.0892236
53 -0.0891807
54 -0.0892666
55 -0.0892236
56 -0.0892236
57 -0.0892236
58 -0.0892236
59 -0.0891807
60 -0.0892236
61 -0.0892236
62 -0.0892236
63 -0.0891807
64 -0.0892236
65 -0.0892236
66 -0.0891378
67 -0.0892236
68 -0.0892236
69 -0.0892666
70 -0.0892236
71 -0.0892236
72 -0.0892236
73 -0.0892236
74 -0.0892236
75 -0.0892236
76 -0.0892236
77 -0.0892236
78 -0.0892236
79 -0.0892236
80 -0.0892666
81 -0.0891807
82 -0.0892236
83 -0.0892666
84 -0.0891807
85 -0.0892666
86 -0.0892236
87 -0.0892666
88 -0.0892236
89 -0.0892236
90 -0.0891807
91 -0.0891807
92 -0.0892236
93 -0.0892236
94 -0.0892236
95 -0.0892236
96 -0.0891807
97 -0.0892236
98 -0.0891807
99 -0.0891807
100 -0.0892666
101 -0.0892666
102 -0.0986224
103 -0.092099
104 -0.0926999
105 -0.0929574
106 -0.0929574
107 -0.0935153
108 -0.0545899
109 33.4775
110 180.622
111 455.141
112 751.951
113 914.244
114 989.629
115 1004.89
116 1005.66
117 1003.9
118 1002.09
119 1001.1
120 1000.61
121 1000.29
122 1000.12
123 1000.04
124 999.994
125 999.973
126 999.966
127 999.962
128 999.962
129 999.962
130 999.963
131 999.966
132 999.967
133 999.97
134 999.972
135 999.974
136 999.976
137 999.978
138 999.98
139 999.981
140 999.983
141 999.985
142 999.986
143 999.988
144 999.989
145 999.99
146 999.992
147 999.993
148 999.994
149 999.994
150 999.995
151 999.996
152 999.996
153 999.997
154 999.997
155 999.998
156 999.998
157 999.998
158 999.999
159 999.999
160 999.999
161 999.999
162 1000
163 1000
164 1000
165 1000
166 1000
167 1000
168 1000
169 1000
170 1000
171 1000
172 1000
173 1000
174 1000
175 1000
176 1000
177 1000
178 1000
179 1000
180 1000
181 1000
182 1000
183 1000
184 1000
185 1000
186 1000
187 1000
188 1000
189 1000
190 1000
191 1000
192 1000
193 1000
194 1000
195 999.999
196 1000
197 999.998
198 1000
199 1000
200 1000
201 1000
202 1000
203 1000
204 1000
205 1000
206 1000
207 1000
208 1000
209 1000
210 1000
211 1000
212 1000
213 1000
214 1000
215 1000
216 1000
217 1000
218 1000
219 1000
220 1000
221 1000
222 1000
223 1000
224 1000
225 1000
226 1000
227 1000
228 1000
229 1000
230 1000
231 1000
232 1000
233 1000
234 1000
235 1000
236 1000
237 1000
238 1000
239 1000
240 1000
241 1000
242 1000
243 1000
244 1000
245 1000
246 1000
247 1000
248 1000
249 1000
250 1000
251 1000
252 1000
253 1000
254 1000
255 1000
256 1000
257 1000
258 1000
259 1000
260 1000
261 1000
262 1000
263 1000
264 1000
265 1000
266 1000
267 1000
268 1000
269 1000
270 1000
271 1000
272 1000
273 1000
274 1000
275 1000
276 1000
277 1000
278 1000
279 1000
280 1000
281 1000
282 1000
283 1000
284 1000
285 1000
286 1000
287 1000
288 1000
289 1000
290 1000
291 1000
292 1000
293 1000
294 1000
295 1000
296 1000
297 1000
298 1000
299 1000
300 1000
301 1000
302 1000
303 1000
304 1000
305 1000
306 1000
307 1000
308 1000
309 1000
310 1000
311 1000
312 1000
313 1000
314 1000
315 1000
316 1000
317 1000
318 1000
319 1000
320 1000
321 1000
322 1000
323 1000
324 1000
325 1000
326 1000
327 1000
328 1000
329 1000
330 1000
331 1000
332 1000
333 1000
334 1000
335 1000
336 1000
337 1000
338 1000
339 1000
340 1000
341 1000
342 1000
343 1000
344 1000
345 1000
346 1000
347 1000
348 1000
349 1000
350 1000
351 1000
352 1000
353 1000
354 1000
355 1000
356 1000
357 1000
358 1000
359 1000
360 1000
361 1000
362 1000
363 1000
364 1000
365 1000
366 1000
367 1000
368 1000
369 1000
370 1000
371 1000
372 1000
373 1000
374 1000
375 1000
376 1000
377 1000
378 1000
379 1000
380 1000
381 1000
382 1000
383 1000
384 1000
385 1000
386 1000
387 1000
388 1000
389 1000
390 1000
391 1000
392 1000
393 1000
394 1000
395 1000
396 1000
397 1000
398 1000
399 1000
400 1000
401 1000
402 1000
403 1000
404 1000
405 1000
406 1000
407 1000
408 1000
409 1000
410 1000
411 1000
412 1000
413 1000
414 1000
415 1000
416 1000
417 1000
418 1000
419 1000
420 1000
421 1000
422 1000
423 1000
424 1000
425 1000
426 1000
427 1000
428 999.538
429 962.064
430 821.092
431 638.732
432 448.426
433 273.119
434 120.674
435 24.473
436 -0.207845
437 -4.13012
438 -3.55101
439 -2.42088
440 -1.2572
441 -0.634179
442 -0.30445
443 -0.169735
444 -0.0722716
445 -0.0224025
446 0.00489249
447 0.0169091
448 0.0248487
449 0.028797
450 0.0299558
451 0.0296983
452 0.0289687
453 0.0281104
454 0.0268229
455 0.0257071
456 0.0241621
457 0.0224454
458 0.0205571
459 0.0190121
