0 0.686666
1 0
2 1.37333
3 0
4 0
5 -0.686666
6 0
7 -0.686666
8 0
9 1.37333
10 -0.686666
11 0
12 -1.37333
13 0.686666
14 0
15 -1.37333
16 0
17 0
18 0.686666
19 -0.686666
20 0
21 -0.686666
22 -0.686666
23 0
24 -0.686666
25 0
26 -0.686666
27 0
28 -0.686666
29 0
30 -0.686666
31 0
32 -1.37333
33 0.686666
34 0.686666
35 2.06
36 0
37 0
38 -0.686666
39 0
40 0.686666
41 0
42 0
43 0
44 0.686666
45 0
46 0
47 0.686666
48 0
49 0.686666
50 0
51 -0.686666
52 0.686666
53 0
54 0
55 0
56 -0.686666
57 0
58 0
59 0.686666
60 0
61 0
62 -0.686666
63 0
64 -0.686666
65 0.686666
66 0.686666
67 0
68 -0.686666
69 -0.686666
70 0
71 0
72 0.686666
73 0
74 -0.686666
75 0
76 0.686666
77 0.686666
78 0
79 0
80 -1.37333
81 0.686666
82 -0.686666
83 -0.686666
84 0.686666
85 -0.686666
86 0.686666
87 -0.686666
88 0
89 0
90 0.686666
91 0
92 0.686666
93 0
94 0.686666
95 0
96 0.686666
97 -0.686666
98 0.686666
99 0.686666
100 0
101 0
102 0
103 -0.686666
104 0
105 -0.686666
106 -0.686666
107 0.686666
108 30.9
109 2978.07
110 7114.54
111 9973.82
112 7770.31
113 3774.6
114 1026.57
115 155.186
116 -30.9
117 -64.5466
118 -41.1999
119 -22.66
120 -14.42
121 -6.17999
122 -4.80666
123 -1.37333
124 -1.37333
125 -0.686666
126 0.686666
127 -0.686666
128 1.37333
129 0
130 -0.686666
131 0
132 0.686666
133 0
134 0
135 -0.686666
136 -0.686666
137 0
138 -0.686666
139 -1.37333
140 -0.686666
141 0.686666
142 -0.686666
143 0
144 0.686666
145 0
146 0
147 -0.686666
148 0
149 0
150 0.686666
151 -0.686666
152 0.686666
153 0
154 0
155 0
156 0.686666
157 -2.06
158 -0.686666
159 -1.37333
160 -0.686666
161 -0.686666
162 0.686666
163 0
164 0
165 -0.686666
166 -0.686666
167 0
168 1.37333
169 0
170 0
171 -1.37333
172 0.686666
173 0
174 0
175 0
176 1.37333
177 0
178 -0.686666
179 -1.37333
180 -1.37333
181 0
182 -0.686666
183 -0.686666
184 0
185 -1.37333
186 0
187 1.37333
188 0.686666
189 0
190 -0.686666
191 -0.686666
192 2.06
193 0
194 0.686666
195 1.37333
196 0
197 0
198 1.37333
199 -2.06
200 0
201 0.686666
202 0
203 0
204 0
205 0.686666
206 0
207 0
208 0.686666
209 0
210 0
211 -0.686666
212 -0.686666
213 1.37333
214 0.686666
215 -0.686666
216 0.686666
217 0.686666
218 1.37333
219 0
220 1.37333
221 2.06
222 0.686666
223 0
224 -0.686666
225 -0.686666
226 2.06
227 0.686666
228 0.686666
229 -0.686666
230 0
231 0.686666
232 0
233 -0.686666
234 0
235 0
236 -1.37333
237 -0.686666
238 -1.37333
239 -0.686666
240 -0.686666
241 -0.686666
242 0
243 0.686666
244 -0.686666
245 -2.06
246 0
247 -0.686666
248 -0.686666
249 1.37333
250 0.686666
251 1.37333
252 2.74666
253 0.686666
254 -0.686666
255 0
256 0.686666
257 0.686666
258 0
259 0.686666
260 -1.37333
261 -0.686666
262 -1.37333
263 0.686666
264 0
265 0
266 0
267 1.37333
268 0
269 -0.686666
270 0
271 -0.686666
272 -1.37333
273 0
274 0
275 0.686666
276 1.37333
277 -0.686666
278 0
279 -0.686666
280 0.686666
281 0
282 0
283 0.686666
284 -1.37333
285 -1.37333
286 0
287 0.686666
288 -0.686666
289 0.686666
290 0
291 0.686666
292 -0.686666
293 0.686666
294 0
295 -0.686666
296 -0.686666
297 0
298 0
299 0
300 0.686666
301 0
302 0
303 -1.37333
304 0
305 0
306 0
307 0
308 -0.686666
309 0
310 -0.686666
311 -0.686666
312 0
313 0
314 0
315 0
316 0
317 0
318 0
319 0
320 0
321 -0.686666
322 0
323 -0.686666
324 0
325 0
326 0.686666
327 0
328 -0.686666
329 -1.37333
330 -0.686666
331 0
332 1.37333
333 -1.37333
334 -0.686666
335 0
336 -0.686666
337 0.686666
338 1.37333
339 2.06
340 0
341 0
342 -0.686666
343 -2.06
344 0
345 0.686666
346 0
347 0.686666
348 0
349 0
350 0
351 0
352 0.686666
353 -0.686666
354 1.37333
355 -1.37333
356 0.686666
357 0.686666
358 0
359 0
360 0
361 -0.686666
362 0.686666
363 0
364 0
365 0
366 -0.686666
367 0.686666
368 -1.37333
369 1.37333
370 -1.37333
371 -0.686666
372 0
373 0
374 0.686666
375 1.37333
376 0.686666
377 -0.686666
378 0
379 0
380 0
381 0
382 0.686666
383 0
384 0.686666
385 -1.37333
386 0
387 0.686666
388 0
389 0
390 -1.37333
391 1.37333
392 0
393 0.686666
394 -1.37333
395 -0.686666
396 -0.686666
397 0.686666
398 0
399 -0.686666
400 0
401 0.686666
402 0.686666
403 0.686666
404 -1.37333
405 -1.37333
406 0.686666
407 0.686666
408 -0.686666
409 0.686666
410 -0.686666
411 -1.37333
412 0
413 0
414 0
415 -0.686666
416 -0.686666
417 0
418 -0.686666
419 0
420 0
421 0
422 0.686666
423 -1.37333
424 -0.686666
425 0
426 1.37333
427 -1.37333
428 -184.026
429 -2745.98
430 -5022.96
431 -5834.6
432 -6030.99
433 -6033.73
434 -4362.39
435 -1440.62
436 -328.226
437 0
438 38.4533
439 39.8266
440 26.78
441 15.1066
442 6.17999
443 3.43333
444 0.686666
445 0.686666
446 0.686666
447 -0.686666
448 -0.686666
449 0.686666
450 -0.686666
451 -0.686666
452 0
453 0
454 1.37333
455 -0.686666
456 0
457 0
458 -0.686666
459 0
