0 -0.0907257
1 -0.0908116
2 -0.0907686
3 -0.0908116
4 -0.0907686
5 -0.0907257
6 -0.0907686
7 -0.0908116
8 -0.0907257
9 -0.0907257
10 -0.0907686
11 -0.0907686
12 -0.0907686
13 -0.0907686
14 -0.0908116
15 -0.0907257
16 -0.0907257
17 -0.0907686
18 -0.0907257
19 -0.0907257
20 -0.0906828
21 -0.0908116
22 -0.0907686
23 -0.0907257
24 -0.0907257
25 -0.0907257
26 -0.0907686
27 -0.0907686
28 -0.0907257
29 -0.0907257
30 -0.0908116
31 -0.0907257
32 -0.0907257
33 -0.0907686
34 -0.0907686
35 -0.0907686
36 -0.0908116
37 -0.0907257
38 -0.0907257
39 -0.0907257
40 -0.0907686
41 -0.0907257
42 -0.0907686
43 -0.0907686
44 -0.0907257
45 -0.0908116
46 -0.0906828
47 -0.0907686
48 -0.0907257
49 -0.0907686
50 -0.0907686
51 -0.0907686
52 -0.0907686
53 -0.0908116
54 -0.0907686
55 -0.0907257
56 -0.0907686
57 -0.0907257
58 -0.0907257
59 -0.0907686
60 -0.0907686
61 -0.0907257
62 -0.0907257
63 -0.0907257
64 -0.0907686
65 -0.0907257
66 -0.0907686
67 -0.0907686
68 -0.0907686
69 -0.0906828
70 -0.0907257
71 -0.0907686
72 -0.0907686
73 -0.0908116
74 -0.0907257
75 -0.0907686
76 -0.0907686
77 -0.0907686
78 -0.0907257
79 -0.0907257
80 -0.0907686
81 -0.0907257
82 -0.0907257
83 -0.0907257
84 -0.0907686
85 -0.0907686
86 -0.0907257
87 -0.0906828
88 -0.0907686
89 -0.0908116
90 -0.0907686
91 -0.0907257
92 -0.0907257
93 -0.0907257
94 -0.0907686
95 -0.0907686
96 -0.0907257
97 -0.0907257
98 -0.0907686
99 -0.0907257
100 -0.0907686
101 -0.0907257
102 -0.0993949
103 -0.0946741
104 -0.094717
105 -0.0950174
106 -0.0951032
107 -0.0955324
108 -0.0775932
109 25.2655
110 161.04
111 457.062
112 731.833
113 912.146
114 987.133
115 1004.77
116 1005.66
117 1003.98
118 1002.28
119 1001.15
120 1000.58
121 1000.29
122 1000.13
123 1000.04
124 999.996
125 999.975
126 999.965
127 999.962
128 999.962
129 999.963
130 999.964
131 999.966
132 999.967
133 999.969
134 999.972
135 999.974
136 999.976
137 999.978
138 999.98
139 999.981
140 999.983
141 999.984
142 999.986
143 999.988
144 999.989
145 999.99
146 999.992
147 999.992
148 999.993
149 999.994
150 999.995
151 999.995
152 999.996
153 999.997
154 999.997
155 999.998
156 999.998
157 999.998
158 999.999
159 999.999
160 999.999
161 1000
162 1000
163 1000
164 1000
165 1000
166 1000
167 1000
168 1000
169 1000
170 1000
171 1000
172 1000
173 1000
174 1000
175 1000
176 1000
177 1000
178 1000
179 1000
180 1000
181 1000
182 1000
183 1000
184 1000
185 1000
186 1000
187 1000
188 1000
189 1000
190 1000
191 1000
192 1000
193 1000
194 1000
195 1000
196 1000
197 1000
198 1000
199 1000
200 1000
201 1000
202 1000
203 1000
204 1000
205 1000
206 1000
207 1000
208 1000
209 1000
210 1000
211 1000
212 1000
213 1000
214 1000
215 1000
216 1000
217 1000
218 1000
219 1000
220 1000
221 1000
222 1000
223 1000
224 1000
225 1000
226 1000
227 1000
228 1000
229 1000
230 1000
231 1000
232 1000
233 1000
234 1000
235 1000
236 1000
237 1000
238 1000
239 1000
240 1000
241 1000
242 1000
243 1000
244 1000
245 1000
246 1000
247 1000
248 1000
249 1000
250 1000
251 1000
252 1000
253 1000
254 1000
255 1000
256 1000
257 1000
258 1000
259 1000
260 1000
261 1000
262 1000
263 1000
264 1000
265 1000
266 1000
267 1000
268 999.997
269 999.996
270 999.997
271 999.996
272 999.997
273 999.997
274 999.993
275 999.926
276 999.806
277 999.508
278 999.359
279 999.245
280 999.151
281 999.105
282 999.065
283 999.076
284 999.12
285 999.149
286 999.18
287 999.179
288 999.254
289 999.304
290 999.435
291 1000.1
292 1001.26
293 1002.14
294 1002.11
295 1001.8
296 1001.31
297 1000.85
298 1000.47
299 1000.24
300 1000.09
301 1000.02
302 999.973
303 999.964
304 999.96
305 999.955
306 999.956
307 999.958
308 999.961
309 999.963
310 999.964
311 999.968
312 999.989
313 1000.08
314 1000.32
315 1000.7
316 1001.12
317 1001.42
318 1001.6
319 1001.64
320 1001.53
321 1001.29
322 1000.63
323 999.989
324 999.071
325 998.035
326 997.69
327 997.855
328 998.308
329 998.984
330 999.305
331 999.297
332 999.073
333 998.525
334 998.128
335 998.039
336 998.111
337 998.318
338 998.637
339 999.062
340 999.317
341 999.397
342 999.732
343 999.903
344 1000.1
345 1003.3
346 1003.37
347 1003.07
348 1002.15
349 1001.42
350 1000.71
351 1000.34
352 1000.14
353 1000.06
354 1000.01
355 999.977
356 999.961
357 999.955
358 999.954
359 999.956
360 999.959
361 999.962
362 999.966
363 999.969
364 999.969
365 999.969
366 999.968
367 999.972
368 999.981
369 999.991
370 1000.01
371 1000.02
372 1000.06
373 1000.27
374 1000.75
375 1001.1
376 1001.3
377 1001.42
378 1001.42
379 1001.42
380 1001.39
381 1001.32
382 1001.27
383 1001.1
384 1000.67
385 1000.02
386 999.048
387 997.761
388 997.084
389 997.029
390 997.313
391 998.249
392 999.078
393 999.533
394 999.822
395 999.937
396 999.999
397 1000.03
398 1000.04
399 1000.05
400 1000.05
401 1000.05
402 1000.05
403 1000.05
404 1000.04
405 1000.04
406 1000.04
407 1000.03
408 1000.03
409 1000.03
410 1000.03
411 1000.02
412 1000.02
413 1000.02
414 1000.02
415 1000.01
416 1000.01
417 1000.01
418 1000.01
419 1000.01
420 1000.01
421 1000.01
422 1000.01
423 990.641
424 913.452
425 747.254
426 571.561
427 386.509
428 204.848
429 57.7969
430 10.547
431 -2.63941
432 -4.08034
433 -3.183
434 -1.89837
435 -0.9691
436 -0.492425
437 -0.233037
438 -0.117463
439 -0.0508133
440 -0.0112442
441 0.0116304
442 0.0209004
443 0.0270375
444 0.029827
445 0.0302991
446 0.0294837
447 0.0292262
448 0.0276812
449 0.0263079
450 0.0248058
451 0.0230462
452 0.0221021
453 0.0205141
454 0.0189691
