0 0
1 0
2 0
3 0
4 0
5 0
6 0
7 0
8 0
9 0
10 0
11 0
12 0
13 0
14 0
15 0
16 0
17 0
18 0
19 0
20 0
21 0
22 0
23 0
24 0
25 0
26 0
27 0
28 0
29 0
30 0
31 0
32 0
33 0
34 0
35 0
36 0
37 0
38 0
39 0
40 0
41 0
42 0
43 0
44 0
45 0
46 0
47 0
48 0
49 0
50 0
51 0
52 0
53 0
54 0
55 0
56 0
57 0
58 0
59 0
60 0
61 0
62 0
63 0
64 0
65 0
66 0
67 0
68 0
69 0
70 0
71 0
72 0
73 0
74 0
75 0
76 0
77 0
78 0
79 0
80 0
81 0
82 0
83 0
84 0
85 0
86 0
87 0
88 0
89 0
90 0
91 0
92 0
93 0
94 0
95 0
96 0
97 0
98 0
99 0
100 0
101 0
102 0
103 0
104 0
105 0
106 0
107 0
108 0
109 -0.0363
110 -0.03509
111 -0.03146
112 -0.02783
113 -0.03509
114 -0.03025
115 -0.0242
116 -0.02904
117 -0.02783
118 -0.03509
119 -0.02057
120 -0.02783
121 -0.03146
122 -0.02904
123 -0.02541
124 -0.02783
125 -0.03267
126 -0.03025
127 -0.02299
128 -0.03388
129 -0.03146
130 -0.03146
131 -0.02057
132 -0.03267
133 -0.03025
134 -0.03025
135 -0.02299
136 -0.03388
137 -0.02904
138 -0.02783
139 -0.03025
140 -0.02662
141 -0.03025
142 -0.02057
143 -0.02662
144 -0.02904
145 -0.03025
146 -0.02299
147 -0.03025
148 -0.03267
149 -0.02783
150 -0.02299
151 -0.03509
152 -0.02783
153 -0.03025
154 -0.02178
155 -0.03267
156 -0.03025
157 -0.02904
158 -0.02541
159 -0.03267
160 -0.03025
161 -0.02541
162 -0.03025
163 -0.02904
164 -0.03509
165 -0.01694
166 -0.02783
167 -0.02904
168 -0.02904
169 -0.02299
170 -0.03025
171 -0.03388
172 -0.02662
