0 -1.37333
1 0
2 -0.686666
3 0.686666
4 -0.686666
5 -0.686666
6 0
7 0.686666
8 -0.686666
9 0
10 -0.686666
11 0.686666
12 -0.686666
13 -0.686666
14 0.686666
15 0
16 -1.37333
17 0
18 -0.686666
19 0
20 -1.37333
21 0
22 -0.686666
23 0.686666
24 0
25 -0.686666
26 0
27 0
28 0
29 0
30 0.686666
31 0.686666
32 0
33 0
34 0
35 0.686666
36 -0.686666
37 -0.686666
38 0.686666
39 0
40 0
41 -0.686666
42 0
43 0.686666
44 0
45 0.686666
46 1.37333
47 -0.686666
48 0
49 0
50 -2.06
51 -0.686666
52 -0.686666
53 -0.686666
54 -0.686666
55 1.37333
56 0.686666
57 0
58 0.686666
59 0
60 0
61 0.686666
62 0
63 0
64 -0.686666
65 -0.686666
66 -0.686666
67 0
68 -0.686666
69 -0.686666
70 0.686666
71 0
72 -0.686666
73 0
74 0
75 1.37333
76 0.686666
77 -0.686666
78 0.686666
79 -0.686666
80 -0.686666
81 0
82 -0.686666
83 0.686666
84 0.686666
85 -0.686666
86 0
87 0.686666
88 0
89 0
90 0
91 0
92 0
93 0.686666
94 0
95 -1.37333
96 0
97 0
98 0
99 -0.686666
100 1.37333
101 -0.686666
102 0.686666
103 0
104 0.686666
105 0
106 0.686666
107 0
108 -0.686666
109 -0.686666
110 0.686666
111 0
112 0
113 0.686666
114 -0.686666
115 0
116 0.686666
117 -1.37333
118 -1.37333
119 -0.686666
120 0
121 0
122 1.37333
123 -0.686666
124 -0.686666
125 0
126 0
127 -0.686666
128 0
129 0.686666
130 0
131 0
132 0
133 0
134 0.686666
135 0
136 0
137 -0.686666
138 -0.686666
139 -0.686666
140 0
141 0
142 -0.686666
143 1.37333
144 0.686666
145 0
146 0
147 0
148 0.686666
149 -0.686666
150 -1.37333
151 0
152 0.686666
153 -0.686666
154 -0.686666
155 -0.686666
156 0
157 0.686666
158 1.37333
159 -0.686666
160 0.686666
161 -0.686666
162 0
163 1.37333
