0 -0.0920561
1 -0.0920132
2 -0.092099
3 -0.0920561
4 -0.0920132
5 -0.0920132
6 -0.0920561
7 -0.0920561
8 -0.0919703
9 -0.0920561
10 -0.0920132
11 -0.0920132
12 -0.0920561
13 -0.0920561
14 -0.092099
15 -0.0920561
16 -0.0920561
17 -0.0919703
18 -0.0920561
19 -0.0920561
20 -0.0920561
21 -0.092099
22 -0.0920561
23 -0.0920561
24 -0.0920132
25 -0.0920561
26 -0.0920561
27 -0.0920561
28 -0.0920561
29 -0.0920132
30 -0.0920132
31 -0.0920132
32 -0.092099
33 -0.092099
34 -0.0920561
35 -0.092099
36 -0.0920561
37 -0.092099
38 -0.0920561
39 -0.0920561
40 -0.0920561
41 -0.0920561
42 -0.0920561
43 -0.0920132
44 -0.092099
45 -0.0920561
46 -0.0920561
47 -0.0920561
48 -0.0920561
49 -0.0920561
50 -0.0920561
51 -0.092099
52 -0.092099
53 -0.0920561
54 -0.0920561
55 -0.0920132
56 -0.0920132
57 -0.0920561
58 -0.0920561
59 -0.0920561
60 -0.092099
61 -0.0920132
62 -0.0920561
63 -0.0920561
64 -0.0920132
65 -0.092099
66 -0.0920561
67 -0.092142
68 -0.092099
69 -0.0920561
70 -0.0920132
71 -0.0920132
72 -0.0920561
73 -0.0920561
74 -0.0920561
75 -0.0920561
76 -0.0920561
77 -0.0920561
78 -0.0920132
79 -0.0920132
80 -0.0920561
81 -0.0920561
82 -0.0920561
83 -0.092142
84 -0.092099
85 -0.0920561
86 -0.0920561
87 -0.0919703
88 -0.0919703
89 -0.092099
90 -0.0920132
91 -0.0920561
92 -0.092142
93 -0.092099
94 -0.092099
95 -0.092099
96 -0.0920561
97 -0.0920561
98 -0.092099
99 -0.0920561
100 -0.0920132
101 -0.092099
102 -0.103558
103 -0.0965624
104 -0.097292
105 -0.0975065
106 -0.0981074
107 -0.098279
108 -0.0513712
109 22.6957
110 180.113
111 435.917
112 733.886
113 924.546
114 989.435
115 1004.76
116 1005.7
117 1004
118 1002.26
119 1001.18
120 1000.59
121 1000.27
122 1000.11
123 1000.04
124 999.996
125 999.973
126 999.966
127 999.962
128 999.961
129 999.962
130 999.964
131 999.965
132 999.967
133 999.97
134 999.972
135 999.974
136 999.976
137 999.978
138 999.98
139 999.981
140 999.983
141 999.985
142 999.986
143 999.988
144 999.989
145 999.99
146 999.992
147 999.992
148 999.993
149 999.994
150 999.995
151 999.996
152 999.996
153 999.997
154 999.997
155 999.997
156 999.998
157 999.998
158 999.999
159 999.999
160 999.999
161 999.999
162 999.999
163 1000
164 1000
165 1000
166 1000
167 1000
168 1000
169 1000
170 1000
171 1000
172 1000
173 1000
174 1000
175 1000
176 1000
177 1000
178 1000
179 1000
180 1000
181 1000
182 1000
183 1000
184 1000
185 1000
186 1000
187 1000
188 1000
189 1000
190 1000
191 1000
192 1000
193 1000
194 1000
195 1000
196 1000
197 1000
198 1000
199 1000
200 1000
201 1000
202 1000
203 1000
204 1000
205 1000
206 1000
207 1000
208 1000
209 1000
210 1000
211 1000
212 1000
213 1000
214 1000
215 1000
216 1000
217 1000
218 1000
219 1000
220 1000
221 1000
222 1000
223 1000
224 1000
225 1000
226 1000
227 1000
228 1000
229 1000
230 1000
231 1000
232 1000
233 1000
234 1000
235 1000
236 1000
237 1000
238 1000
239 1000
240 1000
241 1000
242 1000
243 1000
244 1000
245 1000
246 1000
247 1000
248 1000
249 1000
250 1000
251 1000
252 1000
253 1000
254 1000
255 1000
256 1000
257 1000
258 1000
259 1000
260 1000
261 1000
262 1000
263 1000
264 1000
265 1000
266 1000
267 1000
268 1000
269 1000
270 1000
271 1000
272 1000
273 1000
274 1000
275 1000
276 1000
277 1000
278 1000
279 1000
280 1000
281 1000
282 1000
283 1000
284 1000
285 1000
286 1000
287 1000
288 1000
289 1000
290 1000
291 1000
292 1000
293 1000
294 1000
295 1000
296 1000
297 1000
298 1000
299 1000
300 1000
301 1000
302 1000
303 1000
304 1000
305 1000
306 1000
307 1000
308 1000
309 1000
310 1000
311 1000
312 1000
313 1000
314 1000
315 1000
316 1000
317 1000
318 1000
319 1000
320 1000
321 1000
322 1000
323 1000
324 1000
325 1000
326 1000
327 1000
328 1000
329 1000
330 1000
331 1000
332 1000
333 1000
334 1000
335 1000
336 1000
337 1000
338 1000
339 1000
340 1000
341 1000
342 1000
343 1000
344 1000
345 1000
346 1000
347 1000
348 1000
349 1000
350 1000
351 1000
352 1000
353 1000
354 1000
355 1000
356 1000
357 1000
358 1000
359 1000
360 1000
361 1000
362 1000
363 1000
364 1000
365 1000
366 1000
367 1000
368 1000
369 1000
370 1000
371 1000
372 1000
373 1000
374 1000
375 1000
376 1000
377 1000
378 1000
379 1000
380 1000
381 1000
382 1000
383 1000
384 1000
385 1000
386 1000
387 1000
388 1000
389 1000
390 1000
391 1000
392 1000
393 1000
394 1000
395 1000
396 1000
397 1000
398 1000
399 1000
400 1000
401 1000
402 1000
403 1000
404 1000
405 1000
406 1000
407 1000
408 1000
409 1000
410 1000
411 1000
412 1000
413 1000
414 1000
415 1000
416 1000
417 1000
418 1000
419 1000
420 1000
421 1000
422 1000
423 1000
424 1000
425 1000
426 1000
427 1000
428 1000
429 988.085
430 917.935
431 757.366
432 578.198
433 377.421
434 199.865
435 73.775
436 14.8934
437 -2.99236
438 -4.07034
439 -3.16454
440 -1.94395
441 -0.94408
442 -0.490194
443 -0.249903
444 -0.125359
445 -0.052487
446 -0.0145487
447 0.00763916
448 0.0200421
449 0.0264366
450 0.0292691
451 0.0294837
452 0.029312
453 0.02884
454 0.0276383
455 0.0260933
456 0.0247629
457 0.0233896
458 0.0214154
459 0.0202137
460 0.0191408
