0 17308.8
1 17308.8
2 17308.8
3 17308.8
4 17308.8
5 17308.8
6 17308.8
7 17308.8
8 17308.8
9 17308.8
10 17308.8
11 17308.8
12 17308.8
13 17308.8
14 17308.8
15 17308.8
16 17308.8
17 17308.8
18 17308.8
19 17308.8
20 17308.8
21 17308.8
22 17308.8
23 17308.8
24 17308.8
25 17308.8
26 17308.8
27 17308.8
28 17308.8
29 17308.8
30 17308.8
31 17308.8
32 17308.8
33 17308.8
34 17308.8
35 17308.8
36 17308.8
37 17308.8
38 17308.8
39 17308.8
40 17308.8
41 17308.8
42 17308.8
43 17308.8
44 17308.8
45 17308.8
46 17308.8
47 17308.8
48 17308.8
49 17308.8
50 17308.8
51 17308.8
52 17308.8
53 17308.8
54 17308.8
55 17308.8
56 17308.8
57 17308.8
58 17308.8
59 17308.8
60 17308.8
61 17308.8
62 17308.8
63 17308.8
64 17308.8
65 17308.8
66 17308.8
67 17308.8
68 17308.8
69 17308.8
70 17308.8
71 17308.8
72 17308.8
73 17308.8
74 17308.8
75 17308.8
76 17308.8
77 17308.8
78 17308.8
79 17308.8
80 17308.8
81 17308.8
82 17308.8
83 17308.8
84 17308.8
85 17308.8
86 17308.8
87 17308.8
88 17308.8
89 17308.8
90 17308.8
91 17308.8
92 17308.8
93 17308.8
94 17308.8
95 17308.8
96 17308.8
97 17308.8
98 17308.8
99 17308.8
100 17308.8
101 17308.8
102 17308.8
103 17308.8
104 17308.8
105 17308.8
106 17308.8
107 17308.8
108 17308.8
109 17283.4
110 17138.6
111 16855.8
112 16457.2
113 15989.3
114 15569.9
115 15026.7
116 14574.9
117 14108.9
118 13611.6
119 13140.8
120 12675.6
121 12253.7
122 11762.5
123 11314.4
124 10864.3
125 10376.8
126 9896.86
127 9416.82
128 8987.43
129 8462.46
130 8044.32
131 7575.55
132 7097.44
133 6602.44
134 6135.55
135 5664.98
136 5215.01
137 4733.08
138 4226.85
139 3776.87
140 3326.83
141 2839.31
142 2359.32
143 1880.32
144 1482.88
145 1178.43
146 1047.72
147 997.552
148 991.465
149 993.416
150 995.952
151 997.964
152 999.027
153 999.579
154 999.807
155 999.927
156 999.985
157 1000.01
158 1000.03
159 1000.03
160 1000.04
161 1000.04
162 1000.03
163 1000.03
164 1000.03
165 1000.03
166 1000.03
167 1000.03
168 1000.02
169 1000.02
170 1000.02
171 1000.02
172 1000.02
173 1000.02
174 1000.01
175 1000.01
176 1000.01
177 1000.01
178 1000.01
179 1000.01
180 1000.01
181 1000.01
182 1000.01
183 1000.01
184 1000.01
185 1000
186 1000
187 1000
188 1000
189 1000
190 1000
191 1000
192 1000
193 1000
194 1000
195 1000
196 1000
197 1000
198 1000
199 1000
200 1000
201 1000
202 1000
203 1000
204 1000
205 1000
206 1000
207 1000
208 1000
209 1000
210 1000
211 1000
212 1000
213 1000
214 1000
215 1000
216 1000
217 1000
218 1000
219 1000
220 1000
221 1000
222 1000
223 1000
224 1000
225 1000
226 1000
227 1000
228 1000
229 1000
230 1000
231 1000
232 1000
233 1000
234 1000
235 1000
236 1000
237 1000
238 1000
239 1000
240 1000
241 1000
242 1000
243 1000
244 1000
245 1000
246 1000
247 1000
248 1000
249 1000
250 1000
251 1000
252 1000
253 1000
254 1000
255 1000
256 1000
257 1000
258 1000
259 1000
260 1000
261 1000
262 1000
263 1000
264 1000
265 1000
266 1000
267 1000
268 1000
269 1000
270 1000
271 1000
272 1000
273 1000
274 1000
275 1000
276 1000
277 1000
278 1000
279 1000
280 1000
281 1000
282 1000
283 1000
284 1000
285 1000
286 1000
287 1000
288 1000
289 1000
290 1000
291 1000
292 1000
293 1000
294 1000
295 1000
296 1000
297 1000
298 1000
299 1000
300 1000
301 1000
302 1000
303 1000
304 1000
305 1000
306 1000
307 1000
308 1000
309 1000
310 1000
311 1000
312 1000
313 1000
314 1000
315 1000
316 1000
317 1000
318 1000
319 1000
320 1000
321 1000
322 1000
323 1000
324 1000
325 1000
326 1000
327 1000
328 1000
329 1000
330 1000
331 1000
332 1000
333 1000
334 1000
335 1000
336 1000
337 1000
338 1000
339 1000
340 1000
341 1000
342 1000
343 1000
344 1000
345 1000
346 1000
347 1000
348 1000
349 1000
350 1000
351 1000
352 1000
353 1000
354 1000
355 1000
356 1000
357 1000
358 1000
359 1000
360 1000
361 1000
362 1000
363 1000
364 1000
365 1000
366 1000
367 1000
368 1000
369 1000
370 1000
371 1000
372 1000
373 1000
374 1000
375 1000
376 1000
377 1000
378 1000
379 1000
380 1000
381 1000
382 1000
383 1000
384 1000
385 1000
386 1000
387 1000
388 1000
389 1000
390 1000
391 1000
392 1000
393 1000
394 1000
395 1000
396 1000
397 1000
398 1000
399 1000
400 1000
401 1000
402 1000
403 1000
404 1000
405 1000
406 1000
407 1000
408 1000
409 1000
410 1000
411 1000
412 1000
413 1000
414 1000
415 1000
416 1000
417 1000
418 1000
419 1000
420 1000
421 1000
422 1000
423 1000
424 1000
425 1000
426 1000
427 1000
428 1000
429 993.738
430 971.144
431 947.24
432 915.438
433 882.192
434 849.936
435 819.766
436 789.174
437 757.114
438 724.061
439 693.333
440 662.396
441 633.419
442 601.255
443 570.867
444 535.869
445 503.594
446 475.956
447 446.009
448 414.034
449 382.511
450 347.53
451 316.506
452 286.959
453 252.962
454 227.001
455 192.26
456 162.149
457 132.276
458 98.1423
459 72.2103
460 35.2267
