0 0
1 0
2 0
3 0
4 0
5 0
6 0
7 0
8 0
9 0
10 0
11 0
12 0
13 0
14 0
15 0
16 0
17 0
18 0
19 0
20 0
21 0
22 0
23 0
24 0
25 0
26 0
27 0
28 0
29 0
30 0
31 0
32 0
33 0
34 0
35 0
36 0
37 0
38 0
39 0
40 0
41 0
42 0
43 0
44 0
45 0
46 0
47 0
48 0
49 0
50 0
51 0
52 0
53 0
54 0
55 0
56 0
57 0
58 0
59 0
60 0
61 0
62 0
63 0
64 0
65 0
66 0
67 0
68 0
69 0
70 0
71 0
72 0
73 0
74 0
75 0
76 0
77 0
78 0
79 0
80 0
81 0
82 0
83 0
84 0
85 0
86 0
87 0
88 0
89 0
90 0
91 0
92 0
93 0
94 0
95 0
96 0
97 0
98 0
99 0
100 0
101 0
102 0
103 0
104 0
105 -0.00121
106 -0.00121
107 -0.00121
108 0.01089
109 0.14762
110 0.23474
111 0.07623
112 -0.05445
113 -0.08591
114 -0.01452
115 0.00847
116 -0.00968
117 -0.01936
118 -0.02178
119 -0.02541
120 -0.02662
121 -0.02662
122 -0.02662
123 -0.02541
124 -0.0242
125 -0.02299
126 -0.02299
127 -0.02178
128 -0.02057
129 -0.02057
130 -0.02057
131 -0.01936
132 -0.01936
133 -0.01815
134 -0.01815
135 -0.01694
136 -0.01694
137 -0.01694
138 -0.01573
139 -0.01573
140 -0.01573
141 -0.01573
142 -0.01452
143 -0.01452
144 -0.01452
145 -0.01452
146 -0.01452
147 -0.01452
148 -0.01452
149 -0.01452
150 -0.01452
151 -0.01331
152 -0.01331
153 -0.01331
154 -0.01331
155 -0.01331
156 -0.01331
157 -0.01331
158 -0.01331
159 -0.01331
160 -0.01331
161 -0.01331
162 -0.01331
163 -0.01331
164 -0.01331
165 -0.01331
166 -0.01331
167 -0.01331
168 -0.01331
169 -0.01331
170 -0.01331
171 -0.01331
172 -0.01331
173 -0.01331
174 -0.01331
175 -0.01331
176 -0.01331
177 -0.01331
178 -0.01331
179 -0.01331
180 -0.01331
181 -0.01331
182 -0.01331
183 -0.01331
184 -0.01331
185 -0.01331
186 -0.01331
187 -0.01331
188 -0.01331
189 -0.01331
190 -0.01331
191 -0.01331
192 -0.01331
193 -0.01331
194 -0.01331
195 -0.01331
196 -0.01331
197 -0.01331
198 -0.01331
199 -0.01331
200 -0.01331
201 -0.01331
202 -0.01331
203 -0.01331
204 -0.01331
205 -0.01331
206 -0.01331
207 -0.01331
208 -0.01452
209 -0.01331
210 -0.01331
211 -0.01452
212 -0.01331
213 -0.01452
214 -0.01331
215 -0.01452
216 -0.01331
217 -0.01331
218 -0.01452
219 -0.01331
220 -0.01452
221 -0.01331
222 -0.01331
223 -0.01452
224 -0.01331
225 -0.01452
226 -0.01452
227 -0.01452
228 -0.01452
229 -0.01452
230 -0.01331
231 -0.01331
232 -0.01452
233 -0.01452
234 -0.01452
235 -0.01452
236 -0.01452
237 -0.01452
238 -0.01452
239 -0.01452
240 -0.01452
241 -0.01331
242 -0.01452
243 -0.01452
244 -0.01452
245 -0.01452
246 -0.01452
247 -0.01452
248 -0.01452
249 -0.01452
250 -0.01452
251 -0.01452
252 -0.01452
253 -0.01452
254 -0.01452
255 -0.01452
256 -0.01452
257 -0.01452
258 -0.01452
259 -0.01452
260 -0.01452
261 -0.01452
262 -0.01452
263 -0.01452
264 -0.01452
265 -0.01452
266 -0.01452
267 -0.01452
268 -0.01452
269 -0.01331
270 -0.01331
271 -0.01331
272 -0.01331
273 -0.01331
274 -0.01331
275 -0.00847
276 0
277 0.01936
278 0.03509
279 0.05203
280 0.07018
281 0.08954
282 0.11374
283 0.1331
284 0.15125
285 0.16456
286 0.17908
287 0.19602
288 0.20933
289 0.22627
290 0.23111
291 0.19965
292 0.13552
293 0.08228
294 0.04961
295 -0.01331
296 -0.0242
297 -0.02662
298 -0.02662
299 -0.02662
300 -0.02541
301 -0.0242
302 -0.02299
303 -0.02299
304 -0.02178
305 -0.02057
306 -0.01936
307 -0.01936
308 -0.01815
309 -0.01815
310 -0.01694
311 -0.01694
312 -0.01694
313 -0.02299
314 -0.03872
315 -0.06534
316 -0.0968
317 -0.13068
318 -0.16577
319 -0.19965
320 -0.22385
321 -0.23716
322 -0.22748
323 -0.20812
324 -0.1573
325 -0.08954
326 -0.05082
327 0.00726
328 0.01815
329 0.02178
330 0.03025
331 0.04961
332 0.07865
333 0.12584
334 0.16577
335 0.20812
336 0.23837
337 0.26499
338 0.28072
339 0.28556
340 0.29524
341 0.30492
342 0.29645
343 0.29766
344 0.28556
345 0.07502
346 0.03509
347 -0.01089
348 -0.02178
349 -0.02662
350 -0.02783
351 -0.02662
352 -0.02541
353 -0.02541
354 -0.0242
355 -0.02299
356 -0.02178
357 -0.02178
358 -0.02057
359 -0.01936
360 -0.01936
361 -0.01815
362 -0.01815
363 -0.01694
364 -0.01694
365 -0.01573
366 -0.01573
367 -0.01452
368 -0.01452
369 -0.01452
370 -0.01573
371 -0.01573
372 -0.01936
373 -0.03509
374 -0.06534
375 -0.09438
376 -0.12342
377 -0.15125
378 -0.17908
379 -0.20691
380 -0.23111
381 -0.25652
382 -0.27951
383 -0.29282
384 -0.29161
385 -0.26983
386 -0.21417
387 -0.1331
388 -0.0726
389 -0.02057
390 0.01815
391 0.02178
392 0.01815
393 0.01815
394 0.01815
395 0.01694
396 0.01573
397 0.01452
398 0.01452
399 0.01331
400 0.0121
401 0.01089
402 0.00968
403 0.00968
404 0.00847
405 0.00726
406 0.00726
407 0.00605
408 0.00605
409 0.00605
410 0.00484
411 0.00484
412 0.00484
413 0.00363
414 0.00363
415 0.00363
416 0.00363
417 0.00363
418 0.00363
419 0.00242
420 0.00242
421 0.00242
422 0.00242
423 -0.13068
424 -0.13552
425 -0.08349
426 -0.06534
427 -0.05687
428 -0.00484
429 0.03872
430 0.0121
431 -0.01331
432 -0.01089
433 0.01331
434 0.01694
435 0.01573
436 0.01815
437 0.01815
438 0.01815
439 0.01815
440 0.01815
441 0.01694
442 0.01694
443 0.01573
444 0.01573
445 0.01452
446 0.01452
447 0.01331
448 0.01331
449 0.0121
450 0.0121
451 0.0121
452 0.01089
453 0.01089
454 0.01089
