0 0
1 0
2 0
3 0
4 0
5 0
6 0
7 0
8 0
9 0
10 0
11 0
12 0
13 0
14 0
15 0
16 0
17 0
18 0
19 0
20 0
21 0
22 0
23 0
24 0
25 0
26 0
27 0
28 0
29 0
30 0
31 0
32 0
33 0
34 0
35 0
36 0
37 0
38 0
39 0
40 0
41 0
42 0
43 0
44 0
45 0
46 0
47 0
48 0
49 0
50 0
51 0
52 0
53 0
54 0
55 0
56 0
57 0
58 0
59 0
60 0
61 0
62 0
63 0
64 0
65 0
66 0
67 0
68 0
69 0
70 0
71 0
72 0
73 0
74 0
75 0
76 0
77 0
78 0
79 0
80 0
81 0
82 0
83 0
84 0
85 0
86 0
87 0
88 0
89 0
90 0
91 0
92 0
93 0
94 0
95 0
96 0
97 0
98 0
99 0
100 0
101 0
102 0
103 0
104 0
105 -0.00121
106 -0.00121
107 -0.00121
108 -0.00121
109 -0.00121
110 -0.00121
111 -0.00121
112 0.11737
113 0.22143
114 0.20086
115 0.00968
116 -0.10043
117 -0.04598
118 -0.00363
119 0.01573
120 -0.02057
121 -0.02178
122 -0.02541
123 -0.02662
124 -0.02783
125 -0.02783
126 -0.02662
127 -0.02662
128 -0.02662
129 -0.02541
130 -0.0242
131 -0.0242
132 -0.0242
133 -0.02299
134 -0.02299
135 -0.02178
136 -0.02178
137 -0.02178
138 -0.02057
139 -0.02057
140 -0.01936
141 -0.01936
142 -0.01936
143 -0.01815
144 -0.01815
145 -0.01815
146 -0.01815
147 -0.01815
148 -0.01694
149 -0.01694
150 -0.01694
151 -0.01694
152 -0.01694
153 -0.01694
154 -0.01694
155 -0.01694
156 -0.01573
157 -0.01573
158 -0.01573
159 -0.01573
160 -0.01573
161 -0.01573
162 -0.01573
163 -0.01573
164 -0.01573
165 -0.01573
166 -0.01573
167 -0.01573
168 -0.01573
169 -0.01573
170 -0.01573
171 -0.01573
172 -0.01573
173 -0.01573
174 -0.01573
175 -0.01573
176 -0.01573
177 -0.01573
178 -0.01573
179 -0.01573
180 -0.01573
181 -0.01573
182 -0.01573
183 -0.01573
184 -0.01573
185 -0.01573
186 -0.01573
187 -0.01573
188 -0.01573
189 -0.01573
190 -0.01573
191 -0.01573
192 -0.01573
193 -0.01573
194 -0.01573
195 -0.01573
196 -0.01573
197 -0.01573
198 -0.01573
199 -0.01573
200 -0.01573
201 -0.01573
202 -0.01573
203 -0.01573
204 -0.01573
205 -0.01573
206 -0.01573
207 -0.01573
208 -0.01573
209 -0.01573
210 -0.01573
211 -0.01573
212 -0.01573
213 -0.01573
214 -0.01573
215 -0.01573
216 -0.01694
217 -0.01573
218 -0.01573
219 -0.01694
220 -0.01573
221 -0.0121
222 0
223 0.03872
224 0.08954
225 0.1452
226 0.17666
227 0.19481
228 0.1573
229 0.1089
230 0.05929
231 0.02662
232 -0.00242
233 -0.01936
234 -0.02541
235 -0.0484
236 -0.07381
237 -0.11132
238 -0.14157
239 -0.16698
240 -0.17666
241 -0.14641
242 -0.10406
243 -0.03993
244 -0.00847
245 0.0121
246 0.01573
247 0.01694
248 0.01815
249 0.01815
250 0.01815
251 0.01815
252 0.01694
253 0.01573
254 0.01573
255 0.01452
256 0.01452
257 0.01331
258 0.01331
259 0.0121
260 0.0121
261 0.01089
262 0.01089
263 0.00968
264 0.00968
265 0.00847
266 0.00847
267 0.00847
268 0.00847
269 0.00726
270 0.00726
271 0.00726
272 0.00726
273 0.00605
274 0.00605
275 0.00605
276 0.00605
277 0.00605
278 0.00605
279 0.00605
280 0.00605
281 0.00605
282 0.00484
283 0.00484
284 0.00484
285 0.00484
286 0.00484
287 0.00484
288 0.00484
289 0.00484
290 0.00484
291 0.00484
292 0.00484
293 0.00484
294 0.00484
295 0.00484
296 0.00484
297 0.00484
298 0.00484
299 0.00484
300 0.00484
301 0.00484
302 0.00484
303 0.00484
304 0.00484
305 0.00484
306 0.00484
307 0.00484
308 0.00484
309 0.00484
310 0.00484
311 0.00484
312 0.00484
313 0.00484
314 0.00484
315 0.00484
316 0.00484
317 0.00484
318 0.00484
319 0.00484
320 0.00484
321 0.00484
322 0.00484
323 0.00484
324 0.00484
325 0.00484
326 0.00484
327 0.00484
328 0.00484
329 0.00484
330 0.00484
331 0.00484
332 0.00484
333 0.00484
334 0.00484
335 0.00484
336 0.00484
337 0.00484
338 0.00484
339 0.00484
340 0.00484
341 0.00484
342 0.00484
343 0.00484
344 0.00484
345 0.00484
346 0.00484
347 0.00484
348 0.00484
349 0.00484
350 0.00484
351 0.00484
352 0.00484
353 0.00484
354 0.00484
355 0.00484
356 0.00484
357 0.00484
358 0.00484
359 0.00484
360 0.00484
361 0.00484
362 0.00484
363 0.00484
364 0.00484
365 0.00484
366 0.00484
367 0.00484
368 0.00484
369 0.00484
370 0.00484
371 0.00484
372 0.00484
373 0.00484
374 0.00484
375 0.00484
376 0.00484
377 0.00484
378 0.00484
379 0.00484
380 0.00484
381 0.00484
382 0.00484
383 0.00484
384 0.00484
385 0.00484
386 0.00484
387 0.00484
388 0.00484
389 0.00484
390 0.00484
391 0.00484
392 0.00484
393 0.00484
394 0.00484
395 0.00484
396 0.00484
397 0.00484
398 0.00484
399 0.00484
400 0.00484
401 0.00484
402 0.00484
403 0.00484
404 0.00484
405 0.00484
406 0.00484
407 0.00484
408 0.00484
409 0.00484
410 0.00484
411 0.00484
412 0.00484
413 0.00484
414 0.00484
415 0.00484
416 0.00484
417 0.00484
418 0.00484
419 0.00484
420 0.00484
421 0.00484
422 0.00484
423 0.00484
424 0.00484
425 0.00484
426 0.00484
427 0.00484
428 0.00484
429 0.00484
430 0.00484
431 0.00484
432 -0.10043
433 -0.1331
434 -0.10406
435 -0.07139
436 -0.06171
437 -0.05808
438 0.06655
439 0.01815
440 -0.00847
441 -0.02057
442 0.0121
443 0.01573
444 0.01694
445 0.01815
446 0.01936
447 0.01936
448 0.01936
449 0.01936
450 0.01936
451 0.01815
452 0.01815
453 0.01815
454 0.01694
455 0.01694
456 0.01573
457 0.01573
458 0.01573
459 0.01452
460 0.01452
461 0.01331
462 0.01331
463 0.01331
