0 0
1 0
2 1.37333
3 -0.686666
4 0
5 0
6 -0.686666
7 0.686666
8 0
9 0
10 0
11 -0.686666
12 0
13 0
14 -0.686666
15 0.686666
16 -0.686666
17 0.686666
18 0.686666
19 -0.686666
20 0
21 1.37333
22 0
23 0.686666
24 0.686666
25 0.686666
26 -1.37333
27 0
28 0.686666
29 0
30 0
31 -1.37333
32 0
33 0
34 0
35 0
36 -0.686666
37 -0.686666
38 0.686666
39 -2.06
40 0
41 0.686666
42 0.686666
43 0
44 0
45 0
46 -1.37333
47 -0.686666
48 0
49 0
50 0
51 -0.686666
52 0
53 1.37333
54 -0.686666
55 0.686666
56 0.686666
57 1.37333
58 0.686666
59 -1.37333
60 1.37333
61 0
62 0.686666
63 -0.686666
64 -0.686666
65 0.686666
66 -0.686666
67 0
68 0.686666
69 0
70 0
71 0.686666
72 0.686666
73 0
74 0.686666
75 0.686666
76 -0.686666
77 0
78 -0.686666
79 0
80 -0.686666
81 0
82 0.686666
83 0
84 0
85 -0.686666
86 0
87 0
88 -0.686666
89 0.686666
90 0
91 0.686666
92 0.686666
93 -0.686666
94 0
95 -1.37333
96 0.686666
97 0.686666
98 0.686666
99 0.686666
100 1.37333
101 0
102 -0.686666
103 0
104 -2.06
105 0
106 -1.37333
107 -2.06
108 -0.686666
109 4.80666
110 -1.37333
111 -0.686666
112 1016.27
113 4956.35
114 9148.45
115 9569.38
116 5292.82
117 1978.97
118 438.779
119 -4.11999
120 -55.6199
121 -59.0533
122 -34.3333
123 -19.2266
124 -8.92666
125 -3.43333
126 -2.06
127 -0.686666
128 -1.37333
129 0
130 1.37333
131 -0.686666
132 -0.686666
133 -0.686666
134 0
135 0
136 1.37333
137 0.686666
138 0
139 0
140 0.686666
141 0.686666
142 0
143 -1.37333
144 0
145 1.37333
146 0.686666
147 -0.686666
148 -1.37333
149 0.686666
150 0
151 -1.37333
152 0.686666
153 -0.686666
154 0.686666
155 -0.686666
156 -1.37333
157 1.37333
158 -1.37333
159 0.686666
160 1.37333
161 0
162 -0.686666
163 0
164 0
165 0
166 -0.686666
167 1.37333
168 0.686666
169 0.686666
170 0.686666
171 -0.686666
172 0.686666
173 0
174 -0.686666
175 0.686666
176 0
177 0
178 0
179 -0.686666
180 0
181 0
182 -0.686666
183 0
184 0
185 0.686666
186 0
187 0.686666
188 -0.686666
189 -0.686666
190 0
191 0.686666
192 0
193 -1.37333
194 0
195 0
196 -0.686666
197 -1.37333
198 0.686666
199 0.686666
200 0
201 -2.06
202 0
203 -0.686666
204 0
205 1.37333
206 0.686666
207 0
208 0
209 -2.06
210 -0.686666
211 -0.686666
212 0
213 -0.686666
214 -1.37333
215 -1.37333
216 1.37333
217 -2.06
218 0.686666
219 -0.686666
220 -0.686666
221 -2.06
222 -16.48
223 -20.6
224 -21.9733
225 -10.3
226 1.37333
227 27.4666
228 46.6933
229 41.1999
230 17.8533
231 0.686666
232 -3.43333
233 -16.48
234 -11.6733
235 4.80666
236 8.92666
237 11.6733
238 2.74666
239 -2.06
240 -23.3466
241 -36.3933
242 -32.2733
243 -32.96
244 6.17999
245 15.7933
246 17.1666
247 13.0466
248 7.55332
249 4.11999
250 2.74666
251 2.06
252 1.37333
253 -1.37333
254 1.37333
255 -0.686666
256 0
257 0.686666
258 -0.686666
259 -1.37333
260 0
261 0
262 0.686666
263 0.686666
264 0
265 0
266 -0.686666
267 0
268 0
269 -0.686666
270 0
271 1.37333
272 1.37333
273 0
274 0.686666
275 -0.686666
276 0.686666
277 0
278 0
279 0
280 -0.686666
281 -0.686666
282 0
283 0.686666
284 0.686666
285 -0.686666
286 -0.686666
287 0
288 1.37333
289 -0.686666
290 0
291 0
292 0
293 0
294 0.686666
295 -0.686666
296 0
297 0
298 2.06
299 -0.686666
300 -0.686666
301 0.686666
302 -0.686666
303 0
304 -0.686666
305 -0.686666
306 0
307 0
308 0
309 0
310 -2.06
311 -1.37333
312 0
313 -2.74666
314 -0.686666
315 -1.37333
316 0
317 0
318 1.37333
319 1.37333
320 -0.686666
321 0.686666
322 0.686666
323 0.686666
324 -1.37333
325 0
326 0
327 -2.06
328 0
329 0
330 -0.686666
331 -0.686666
332 -0.686666
333 -1.37333
334 0
335 0
336 0
337 0
338 0
339 -0.686666
340 0.686666
341 0
342 -0.686666
343 0
344 0
345 0.686666
346 -0.686666
347 0.686666
348 -0.686666
349 -0.686666
350 1.37333
351 0.686666
352 -0.686666
353 0
354 -0.686666
355 0
356 0
357 -0.686666
358 0
359 0
360 -0.686666
361 0.686666
362 0
363 0
364 0.686666
365 -1.37333
366 0
367 1.37333
368 1.37333
369 0.686666
370 -0.686666
371 0
372 -0.686666
373 0
374 0
375 -0.686666
376 1.37333
377 0.686666
378 -2.06
379 -0.686666
380 0.686666
381 0
382 -0.686666
383 0
384 1.37333
385 -2.06
386 0
387 -0.686666
388 0.686666
389 0.686666
390 0
391 0
392 0.686666
393 1.37333
394 -0.686666
395 0.686666
396 2.06
397 0.686666
398 0.686666
399 0
400 0
401 0
402 -0.686666
403 -1.37333
404 0.686666
405 0
406 0
407 0.686666
408 0
409 -0.686666
410 -0.686666
411 0.686666
412 -2.06
413 0.686666
414 -0.686666
415 -0.686666
416 -0.686666
417 -1.37333
418 0.686666
419 -0.686666
420 -0.686666
421 0.686666
422 -0.686666
423 0
424 0.686666
425 -0.686666
426 0
427 -0.686666
428 0
429 -0.686666
430 0
431 -0.686666
432 -344.02
433 -3453.93
434 -5039.44
435 -5861.38
436 -6023.43
437 -6042.66
438 -3562.42
439 -1412.47
440 -316.553
441 3.43333
442 37.7666
443 39.1399
444 24.72
445 12.36
446 5.49333
447 2.74666
448 2.06
449 2.74666
450 2.06
451 1.37333
452 0
453 0
454 0
455 0.686666
456 1.37333
457 0.686666
458 0
459 0
460 -0.686666
461 0
462 0
463 -0.686666
