0 -0.0854041
1 -0.0854899
2 -0.0854041
3 -0.085447
4 -0.085447
5 -0.085447
6 -0.0854899
7 -0.085447
8 -0.085447
9 -0.0854899
10 -0.0854899
11 -0.085447
12 -0.0854899
13 -0.085447
14 -0.0854899
15 -0.0854899
16 -0.0854899
17 -0.0854899
18 -0.085447
19 -0.0854899
20 -0.0854899
21 -0.085447
22 -0.0854899
23 -0.0854899
24 -0.0854899
25 -0.085447
26 -0.0855328
27 -0.0854899
28 -0.085447
29 -0.0854899
30 -0.0854899
31 -0.0855757
32 -0.085447
33 -0.0854899
34 -0.0854899
35 -0.0854899
36 -0.0855328
37 -0.0855328
38 -0.0854899
39 -0.0855757
40 -0.0854899
41 -0.0854899
42 -0.0854899
43 -0.0854899
44 -0.0855328
45 -0.0855328
46 -0.0855757
47 -0.0855328
48 -0.0855328
49 -0.0855328
50 -0.0855328
51 -0.0855328
52 -0.0855328
53 -0.0854899
54 -0.0855328
55 -0.0854899
56 -0.0855328
57 -0.0854899
58 -0.0855757
59 -0.0856186
60 -0.0854899
61 -0.0855328
62 -0.0854899
63 -0.0856186
64 -0.0855757
65 -0.0855328
66 -0.0855757
67 -0.0855328
68 -0.0854899
69 -0.0855328
70 -0.0855328
71 -0.0855328
72 -0.0855328
73 -0.0855757
74 -0.0855328
75 -0.0855328
76 -0.0855757
77 -0.0855757
78 -0.0855757
79 -0.0855328
80 -0.0855328
81 -0.0855328
82 -0.0855328
83 -0.0855328
84 -0.0855757
85 -0.0856186
86 -0.0855757
87 -0.0855757
88 -0.0856186
89 -0.0855757
90 -0.0855757
91 -0.0855328
92 -0.0855757
93 -0.0856186
94 -0.0855757
95 -0.0856186
96 -0.0855757
97 -0.0855328
98 -0.0855757
99 -0.0855328
100 -0.0855757
101 -0.0855757
102 -0.0972061
103 -0.092614
104 -0.0927428
105 -0.0927857
106 -0.093172
107 -0.0932578
108 -0.0939016
109 -0.0954036
110 -0.0956611
111 -0.0964336
112 7.21608
113 97.8647
114 283.619
115 586.847
116 866.401
117 966.481
118 1000.97
119 1005.89
120 1004.9
121 1002.92
122 1001.63
123 1000.84
124 1000.38
125 1000.19
126 1000.08
127 1000.03
128 1000
129 999.983
130 999.975
131 999.971
132 999.97
133 999.969
134 999.97
135 999.97
136 999.972
137 999.973
138 999.975
139 999.976
140 999.978
141 999.979
142 999.98
143 999.981
144 999.983
145 999.984
146 999.985
147 999.987
148 999.988
149 999.989
150 999.99
151 999.991
152 999.991
153 999.992
154 999.992
155 999.993
156 999.994
157 999.995
158 999.995
159 999.996
160 999.996
161 999.997
162 999.997
163 999.997
164 999.998
165 999.998
166 999.998
167 999.998
168 999.999
169 999.998
170 999.999
171 999.999
172 1000
173 999.999
174 1000
175 1000
176 1000
177 1000
178 1000
179 1000
180 1000
181 1000
182 1000
183 1000
184 1000
185 1000
186 1000
187 1000
188 1000
189 1000
190 1000
191 1000
192 1000
193 1000
194 1000
195 1000
196 1000
197 1000
198 1000
199 1000
200 1000
201 1000
202 1000
203 1000
204 1000
205 1000
206 1000
207 1000
208 1000
209 1000
210 1000
211 1000
212 1000
213 999.996
214 999.997
215 1000
216 1000.01
217 1000.01
218 1000
219 1000
220 999.999
221 999.941
222 999.767
223 999.188
224 998.515
225 997.887
226 997.813
227 998.22
228 999.481
229 1000.75
230 1001.68
231 1001.91
232 1001.81
233 1001.47
234 1000.96
235 1000.87
236 1001.04
237 1001.36
238 1001.54
239 1001.53
240 1001.19
241 1000.22
242 999.258
243 998.224
244 997.97
245 998.231
246 998.861
247 999.369
248 999.653
249 999.83
250 999.909
251 999.963
252 999.996
253 1000.02
254 1000.03
255 1000.03
256 1000.03
257 1000.04
258 1000.04
259 1000.03
260 1000.03
261 1000.03
262 1000.03
263 1000.03
264 1000.03
265 1000.02
266 1000.02
267 1000.02
268 1000.02
269 1000.02
270 1000.02
271 1000.02
272 1000.01
273 1000.01
274 1000.01
275 1000.01
276 1000.01
277 1000.01
278 1000.01
279 1000.01
280 1000.01
281 1000.01
282 1000.01
283 1000
284 1000
285 1000
286 1000
287 1000
288 1000
289 1000
290 1000
291 1000
292 1000
293 1000
294 1000
295 1000
296 1000
297 1000
298 1000
299 1000
300 1000
301 1000
302 1000
303 1000
304 1000
305 1000
306 1000
307 1000
308 1000
309 1000
310 1000
311 1000
312 1000
313 1000
314 1000
315 1000
316 1000
317 1000
318 1000
319 999.999
320 1000
321 1000
322 1000
323 1000
324 1000
325 999.999
326 1000
327 1000
328 1000
329 1000
330 1000
331 1000
332 1000
333 1000
334 1000
335 1000
336 1000
337 1000
338 1000
339 1000
340 1000
341 1000
342 1000
343 1000
344 1000
345 1000
346 1000
347 1000
348 1000
349 1000
350 1000
351 1000
352 1000
353 1000
354 1000
355 1000
356 1000
357 1000
358 1000
359 1000
360 1000
361 1000
362 1000
363 1000
364 1000
365 1000
366 1000
367 1000
368 1000
369 1000
370 1000
371 1000
372 1000
373 1000
374 1000
375 1000
376 1000
377 1000
378 1000
379 1000
380 1000
381 1000
382 1000
383 1000
384 1000
385 1000
386 1000
387 1000
388 1000
389 1000
390 1000
391 1000
392 1000
393 1000
394 1000
395 1000
396 1000
397 1000
398 1000
399 1000
400 1000
401 1000
402 1000
403 1000
404 1000
405 1000
406 1000
407 1000
408 1000
409 1000
410 1000
411 1000
412 1000
413 1000
414 1000
415 1000
416 1000
417 1000
418 1000
419 1000
420 1000
421 1000
422 1000
423 1000
424 1000
425 1000
426 1000
427 1000
428 1000
429 1000
430 1000
431 1000
432 998.87
433 936.071
434 823.272
435 638.881
436 453.013
437 259.55
438 92.3311
439 23.5795
440 -0.458478
441 -4.16969
442 -3.49509
443 -2.23441
444 -1.21574
445 -0.581263
446 -0.321789
447 -0.169778
448 -0.0760053
449 -0.0363075
450 -0.00690957
451 0.00828291
452 0.0173812
453 0.0221021
454 0.0248487
455 0.0257071
456 0.0256212
457 0.0253637
458 0.0248916
459 0.0239904
460 0.0228316
461 0.0218016
462 0.0206
463 0.0198704
