0 0
1 0
2 0
3 0
4 0
5 0
6 0
7 0
8 0
9 0
10 0
11 0
12 0
13 0
14 0
15 0
16 0
17 0
18 0
19 0
20 0
21 0
22 0
23 0
24 0
25 0
26 0
27 0
28 0
29 0
30 0
31 0
32 0
33 0
34 0
35 0
36 0
37 0
38 0
39 0
40 0
41 0
42 0
43 0
44 0
45 0
46 0
47 0
48 0
49 0
50 0
51 0
52 0
53 0
54 0
55 0
56 0
57 0
58 0
59 0
60 0
61 0
62 0
63 0
64 0
65 0
66 0
67 0
68 0
69 0
70 0
71 0
72 0
73 0
74 0
75 0
76 0
77 0
78 0
79 0
80 0
81 0
82 0
83 0
84 0
85 0
86 0
87 0
88 0
89 0
90 0
91 0
92 0
93 0
94 0
95 0
96 0
97 0
98 0
99 0
100 0
101 0
102 0
103 0
104 0
105 0
106 0
107 0
108 0
109 0
110 0
111 0
112 0
113 0
114 0
115 0
116 0
117 0
118 0
119 0
120 0
121 0
122 0
123 0
124 0
125 0
126 0
127 0
128 0
129 0
130 0
131 0
132 0
133 0
134 0
135 0
136 0
137 0
138 0
139 0
140 0
141 0
142 0
143 0
144 0
145 0
146 0
147 0
148 0
149 0
150 0
151 0
152 0
153 0
154 0
155 0
156 0
157 0
158 0
159 0
160 0
161 0
162 0
163 0.00121
164 0
165 0
166 0
167 0
168 0
169 0
170 0
171 0
172 0
173 0
174 0
175 0.00121
176 0
177 0
178 0
179 0
180 0
181 0
182 0.00121
183 0.00121
184 0
185 0
186 0.00121
187 0
188 0
189 0
190 0
191 0.00121
192 0
193 0
194 0
195 0
196 0
197 0
198 0
199 0
200 0
201 0
202 0
203 0
204 0
205 0
206 0
207 0
208 0
209 0
210 0
211 0
212 0
213 0
214 0
215 0
216 0
217 0
218 0
219 0
220 0
221 0
222 0
223 0
224 0
225 0
226 0
227 0
228 0
229 0
230 0
231 0
232 0
233 0
234 0
235 0
236 0
237 0
238 0
239 0
240 0
241 0
242 0
243 0
244 0
245 0
246 0
247 0
248 0
249 0
250 0
251 0
252 0
253 0
254 0
255 0
256 0
257 0
258 0
259 0
260 0
261 0
262 0
263 0
264 0
265 0
266 0
267 0
268 0
269 0
270 0
271 0
272 0
273 0
274 0
275 0
276 0
277 0
278 0
279 0
280 0
281 0
282 0
283 0
284 0
285 0
286 0
287 0
288 0
289 0
290 0
291 0
292 0
293 0
294 0
295 0
296 0
297 0
298 0
299 0
300 0
301 0
302 0
303 0
304 0
305 0
306 0
307 0
308 0
309 0
310 0
311 0
312 0.0968
313 0.07381
314 0.05687
315 0.04961
316 0.04477
317 0.0484
318 0.04356
319 0.04598
320 0.04235
321 0.05203
322 0.03993
323 0.05082
324 0.04235
325 0.05203
326 0.03872
327 0.05082
328 0.04235
329 0.04235
330 0.03872
331 0.05082
332 0.03872
333 0.04356
334 0.04356
335 0.04961
336 0.05203
337 0.04235
338 0.04356
339 0.04235
340 0.0484
341 0.03993
342 0.04235
343 0.04235
344 0.04719
345 0.03993
346 0.04961
347 0.03993
348 0.04961
349 0.04114
350 0.04598
351 0.04235
352 0.0484
353 0.03993
354 0.0484
355 0.04114
356 0.04598
357 0.03993
358 0.04719
359 0.03993
360 0.0484
361 0.04114
362 0.05082
363 0.03993
364 0.04477
365 0.03993
366 0.04114
367 0.04114
368 0.04114
369 0.0484
370 0.04114
371 0.0484
372 0.04961
373 0.04356
374 0.04114
375 0.04114
376 0.04114
377 0.0484
378 0.04114
379 0.04719
380 0.03993
381 0.04719
382 0.03993
383 0.04235
384 0.03751
385 0.0484
386 0.04235
387 0.04961
388 0.04356
389 0.04961
390 0.03993
391 0.04598
392 0.03993
393 0.04235
394 0.04235
395 0.04235
396 0.04114
397 0.04356
398 0.04235
399 0.04356
400 0.04598
401 0.03993
402 0.04961
403 0.04235
404 0.04961
405 0.04114
406 0.05082
407 0.03993
408 0.05082
409 0.03993
410 0.04961
411 0.03993
412 0.04598
413 0.03993
414 0.04719
415 0.03751
416 0.04477
417 0.04114
418 0.04477
419 0.03993
420 0.04114
421 0.03993
422 0.04235
423 0.03872
424 0.03993
425 0.03872
426 0.0484
427 0.03993
428 0.04114
429 0.04719
430 0.03993
431 0.04235
432 0.03872
433 0.03993
434 0.04235
435 0.05082
436 0.04235
437 0.04235
438 0.03872
439 0.04719
440 0.03993
441 0.04598
442 0.03751
443 0.04598
444 0.04114
445 0.03993
446 0.03993
447 0.04235
448 0.03993
449 0.04719
450 0.04114
451 0.04719
452 0.04235
453 0.03751
454 0.04235
455 0.04961
456 0.04235
457 0.04114
458 0.04598
459 0.04235
460 0.04356
461 0.03872
462 0.0484
463 0.03993
464 0.04477
465 0.04235
466 0.04114
467 0.03872
468 0.04719
469 0.03751
470 0.04961
471 0.03993
472 0.04235
473 0.0363
474 0.04477
475 0.04114
476 0.05082
477 0.03751
478 0.04961
479 0.04235
480 0.04235
481 0.03993
482 0.04235
483 0.04235
484 0.04114
485 0.04598
486 0.04235
487 0.04114
488 0.03993
489 0.04961
490 0.04356
491 0.04477
492 0.04114
493 0.0484
494 0.03993
495 0.05082
496 0.04114
497 0.05082
498 0.04114
499 0.04961
500 0.04114
501 0.04235
502 0.04114
503 0.04961
504 0.03993
505 0.04235
506 0.04235
507 0.04961
508 0.03993
509 0.05082
510 0.03993
511 0.05082
512 0.04235
513 0.04235
514 0.04235
515 0.04356
516 0.04598
517 0.0484
518 0.04961
519 0.04235
520 0.05082
521 0.04477
522 0.04598
523 0.03872
524 0.0484
525 0.04114
526 0.04961
527 0.03751
528 0.04961
529 0.03993
530 0.04477
531 0.03751
532 0.04961
533 0.04235
534 0.04598
535 0.03751
536 0.04114
537 0.03993
538 0.04719
539 0.03751
540 0.04598
541 0.04235
542 0.05082
543 0.03872
544 0.04477
545 0.04235
546 0.03993
547 0.04598
548 0.04114
549 0.00726
550 -0.06897
551 -0.08712
552 -0.06655
553 -0.04235
554 -0.04961
555 -0.03872
556 -0.04961
557 -0.04719
558 -0.0484
559 -0.04598
560 -0.05082
561 -0.04356
562 -0.0484
563 -0.03993
564 -0.04114
565 -0.04598
566 -0.04235
567 -0.04719
568 -0.03872
569 -0.04598
570 -0.03872
571 -0.04719
572 -0.04477
573 -0.04477
574 -0.03872
575 -0.04961
576 -0.03872
577 -0.0484
578 -0.03872
579 -0.04961
580 -0.04356
581 -0.04719
582 -0.0363
583 -0.04961
584 -0.04235
585 -0.04114
586 -0.0484
587 -0.04598
588 -0.04719
589 -0.0484
590 -0.0484
591 -0.04235
592 -0.03751
593 -0.0484
594 -0.04598
595 -0.04356
596 -0.04719
597 -0.04477
598 -0.04719
599 -0.04477
600 -0.04719
601 -0.03872
602 -0.04961
603 -0.04356
604 -0.0484
605 -0.03751
606 -0.04961
607 -0.04114
608 -0.04477
609 -0.03993
610 0.02057
611 -0.00605
612 -0.02178
613 -0.0242
614 0.00242
615 0.01331
616 0.01694
617 0.01936
618 0.01936
619 0.01936
620 0.02057
621 0.01936
622 0.01936
623 0.01936
624 0.01936
625 0.01815
626 0.01815
627 0.01815
628 0.01694
629 0.01694
630 0.01694
631 0.01573
632 0.01936
633 0.0726
634 0.0605
635 0.0484
636 0.04477
637 0.04719
638 0.03872
639 0.04356
640 0.03751
641 0.0484
642 0.03993
643 0.0484
644 0.03751
645 0.04719
646 0.03872
647 0.04598
648 0.03751
649 0.04356
650 0.03993
651 0.04598
652 0.03872
653 0.04235
654 0.04235
655 0.04477
656 0.04598
657 0.04598
658 0.04477
659 0.04961
660 0.03993
661 0.04114
662 0.04719
663 0.03993
664 0.03509
665 0.03993
666 0.04235
667 0.03993
668 0.04961
669 0.03993
670 0.05082
671 0.04235
672 0.04961
673 0.03872
674 0.04961
675 0.03872
676 0.0484
677 0.03993
678 0.05082
679 0.03993
680 0.04235
681 0.03993
682 0.04235
683 0.04114
684 0.04235
685 0.03993
686 0.0484
687 0.03993
688 0.04114
689 0.03993
690 0.03993
691 0.04235
692 0.0242
693 -0.00726
694 0.01573
695 0.02057
696 0.0121
697 -0.01331
698 -0.01936
699 -0.02178
700 -0.0242
701 -0.0242
702 -0.0242
703 -0.0242
704 -0.0242
705 -0.02299
706 -0.02299
707 -0.02299
708 -0.02178
709 -0.02178
710 -0.02057
711 -0.02057
712 -0.02057
713 -0.01936
714 -0.01936
715 -0.01936
716 -0.01936
717 -0.01815
718 -0.01815
719 -0.01815
720 -0.01815
721 -0.01694
722 -0.01694
723 -0.01694
724 -0.01694
725 -0.01573
726 -0.01573
727 -0.01573
728 -0.01573
729 -0.01573
730 -0.01573
731 -0.01573
732 -0.01452
733 -0.01452
734 -0.01452
735 -0.01452
736 -0.01452
737 -0.01452
738 -0.01452
739 -0.01452
740 -0.01452
741 -0.01452
742 -0.01452
743 -0.01452
744 -0.01452
745 -0.01452
746 -0.01452
747 -0.01452
748 -0.01452
749 -0.01331
750 -0.01331
751 -0.01331
752 -0.01331
753 -0.01452
754 -0.01331
755 -0.01331
756 -0.01331
757 -0.01331
758 -0.01331
759 -0.01331
760 -0.01331
761 -0.01331
762 -0.01331
763 -0.01331
764 -0.01331
765 -0.01331
766 -0.01331
767 -0.01331
768 -0.01331
769 -0.01331
770 -0.01331
771 -0.01331
772 -0.01331
773 -0.01331
774 -0.01331
775 -0.01331
776 -0.01331
777 -0.01331
778 -0.01331
779 -0.01331
780 -0.01331
781 -0.01331
782 -0.01331
783 -0.01331
784 -0.01331
785 -0.01331
786 -0.01331
787 -0.01331
788 -0.01331
789 -0.01331
790 -0.01331
791 -0.01331
792 -0.01331
793 -0.07865
794 -0.07381
795 -0.05929
796 -0.04356
797 -0.0484
798 -0.04114
799 -0.04961
800 -0.03751
801 -0.04598
802 -0.04235
803 -0.0484
804 -0.03751
805 -0.0484
806 -0.03872
807 -0.04598
808 -0.03872
809 -0.04356
810 -0.04477
811 -0.05082
812 -0.04235
813 -0.04477
814 -0.04477
815 -0.04356
816 -0.04719
817 -0.03872
818 -0.0484
819 -0.0484
820 -0.04719
821 -0.04235
822 -0.04719
823 -0.03993
824 -0.0484
825 -0.04477
826 -0.05082
827 -0.03751
828 -0.04598
829 -0.04235
830 -0.04477
831 -0.04719
832 -0.04719
833 -0.03993
834 -0.05082
835 -0.04598
836 -0.04598
837 -0.03993
838 -0.05082
839 -0.04235
840 -0.04477
841 -0.04598
842 -0.03872
843 -0.0484
844 -0.03872
845 -0.04356
846 -0.04477
847 -0.04719
848 -0.04114
849 -0.04719
850 -0.04719
851 -0.0484
852 -0.04598
853 0.02057
854 -0.00484
855 -0.01936
856 -0.0242
857 0.00484
858 0.01452
859 0.01694
860 0.01815
861 0.01936
862 0.01936
863 0.02057
864 0.01936
865 0.01936
866 0.01936
867 0.01815
868 0.01815
869 0.01815
870 0.01815
871 0.01694
872 0.01694
873 0.01694
874 0.01573
875 0.01573
876 0.01573
877 0.01573
878 0.01452
879 0.01452
880 0.01452
881 0.01331
882 0.01331
883 0.01331
884 0.01331
885 0.01331
886 0.01331
887 0.0121
888 0.0121
889 0.0121
890 0.0121
891 0.0121
892 0.0121
893 0.0121
894 0.01089
895 0.01089
896 0.01089
897 0.01089
898 0.01089
899 0.01089
900 0.01089
901 0.01089
902 0.01089
903 0.01089
904 0.01089
905 0.01089
906 0.01089
907 0.01089
908 0.01089
909 0.01089
910 0.01089
911 0.01089
912 0.01089
913 0.01089
914 0.01089
915 0.00968
916 0.01089
917 0.00968
918 0.01089
919 0.00968
920 0.00968
921 0.00968
922 0.00968
923 0.00968
924 0.00968
925 0.00968
926 0.00968
927 0.00968
928 0.00968
929 0.00968
930 0.00968
931 0.00968
932 0.00968
933 0.00968
934 0.00968
935 0.00968
936 0.00968
937 0.00968
938 0.00968
939 0.00968
940 0.00968
941 0.00968
942 0.00968
943 0.00968
944 0.00968
945 0.00968
946 0.00968
947 0.00968
948 0.00968
949 0.00968
950 0.00968
951 0.00968
952 0.00968
953 0.08954
954 0.0726
955 0.05687
956 0.04719
957 0.04598
958 0.04235
959 0.04961
960 0.04477
961 0.05082
962 0.04477
963 0.03993
964 0.05082
965 0.04598
966 0.04961
967 0.03993
968 0.04235
969 0.04114
970 0.05203
971 0.03993
972 0.05082
973 0.04235
974 0.04235
975 0.04235
976 0.04961
977 0.04356
978 0.04719
979 0.04114
980 0.04235
981 0.03993
982 0.04719
983 0.03993
984 0.04235
985 0.05203
986 0.04961
987 0.04356
988 0.04235
989 0.03993
990 0.04235
991 0.04356
992 0.03993
993 0.04477
994 0.04114
995 0.0484
996 0.03993
997 0.0484
998 0.04114
999 0.04719
1000 0.04235
1001 0.04961
1002 0.04235
1003 0.04719
1004 0.03993
1005 0.04961
1006 0.03751
1007 0.04235
1008 0.04356
1009 0.04961
1010 0.03872
1011 0.04356
1012 0.04114
1013 -0.00968
1014 -0.00484
1015 0.0121
1016 0.02299
1017 0.00363
1018 -0.01573
1019 -0.02178
1020 -0.02299
1021 -0.0242
1022 -0.0242
1023 -0.0242
1024 -0.0242
1025 -0.02299
1026 -0.02299
1027 -0.02299
1028 -0.02299
1029 -0.02178
1030 -0.02178
1031 -0.02057
1032 -0.02057
1033 -0.02057
1034 -0.01936
1035 -0.01936
1036 -0.01936
1037 -0.01815
1038 -0.01815
1039 -0.01815
1040 -0.01815
1041 -0.01815
1042 -0.01694
1043 -0.01694
1044 -0.01694
1045 -0.01694
1046 -0.01694
1047 -0.01573
1048 -0.01573
1049 -0.01573
1050 -0.01573
1051 -0.01573
1052 -0.01573
1053 -0.01573
1054 -0.01452
1055 -0.01452
1056 -0.01452
1057 -0.01452
1058 -0.01452
1059 -0.01452
1060 -0.01452
1061 -0.01452
1062 -0.01452
1063 -0.01452
1064 -0.01452
1065 -0.01452
1066 -0.01331
1067 -0.01331
1068 -0.01452
1069 -0.01452
1070 -0.01452
1071 -0.01331
1072 -0.01331
1073 -0.01331
1074 -0.01331
1075 -0.01331
1076 -0.01452
1077 -0.01331
1078 -0.01331
1079 -0.01331
1080 -0.01331
1081 -0.01331
1082 -0.01331
1083 -0.01331
1084 -0.01331
1085 -0.01331
1086 -0.01331
1087 -0.01331
1088 -0.01331
1089 -0.01331
1090 -0.01331
1091 -0.01331
1092 -0.01331
1093 -0.01331
1094 -0.01331
1095 -0.01331
1096 -0.01331
1097 -0.01331
1098 -0.01331
1099 -0.01331
1100 -0.01331
1101 -0.01331
1102 -0.01331
1103 -0.01331
1104 -0.01331
1105 -0.01331
1106 -0.01331
1107 -0.01331
1108 -0.01331
1109 -0.01331
1110 -0.01331
1111 -0.01331
1112 -0.01331
1113 -0.03509
1114 -0.07986
1115 -0.06292
1116 -0.0484
1117 -0.04235
1118 -0.05082
1119 -0.03993
1120 -0.04477
1121 -0.04114
1122 -0.04114
1123 -0.04719
1124 -0.04114
1125 -0.03872
1126 -0.05082
1127 -0.03993
1128 -0.04356
1129 -0.05082
1130 -0.04719
1131 -0.04961
1132 -0.04235
1133 -0.04961
1134 -0.04114
1135 -0.04719
1136 -0.04356
1137 -0.05082
1138 -0.03751
1139 -0.05082
1140 -0.04356
1141 -0.04598
1142 -0.04114
1143 -0.05082
1144 -0.0484
1145 -0.05203
1146 -0.03993
1147 -0.04477
1148 -0.04961
1149 -0.05203
1150 -0.04114
1151 -0.0484
1152 -0.04961
1153 -0.04477
1154 -0.05082
1155 -0.04477
1156 -0.04235
1157 -0.04598
1158 -0.04961
1159 -0.04598
1160 -0.04961
1161 -0.03872
1162 -0.05082
1163 -0.04477
1164 -0.05203
1165 -0.04719
1166 -0.0484
1167 -0.04114
1168 -0.05203
1169 -0.04598
1170 -0.0484
1171 -0.04356
1172 -0.05082
1173 -0.02662
1174 0.00726
1175 -0.01452
1176 -0.02541
1177 -0.01694
1178 0.01331
1179 0.01694
1180 0.01936
1181 0.02057
1182 0.02057
1183 0.02057
1184 0.02057
1185 0.02057
1186 0.02057
1187 0.02057
1188 0.01936
1189 0.01936
1190 0.01815
1191 0.01815
1192 0.01815
1193 0.01815
1194 0.01694
1195 0.01694
1196 0.01694
1197 0.01573
1198 0.01573
1199 0.01573
1200 0.01573
1201 0.01452
1202 0.01452
1203 0.01452
1204 0.01452
1205 0.01452
1206 0.01331
1207 0.01331
1208 0.01331
1209 0.01331
1210 0.01331
1211 0.01331
1212 0.01331
1213 0.01331
1214 0.0121
1215 0.0121
1216 0.0121
1217 0.0121
1218 0.0121
1219 0.0121
1220 0.0121
1221 0.0121
1222 0.0121
1223 0.0121
1224 0.0121
1225 0.0121
1226 0.0121
1227 0.01089
1228 0.01089
1229 0.0121
1230 0.01089
1231 0.01089
1232 0.01089
1233 0.01089
1234 0.01089
1235 0.01089
1236 0.01089
1237 0.01089
1238 0.01089
1239 0.01089
1240 0.01089
1241 0.01089
1242 0.01089
1243 0.01089
1244 0.01089
1245 0.01089
1246 0.01089
1247 0.01089
1248 0.01089
1249 0.01089
1250 0.01089
1251 0.01089
1252 0.01089
1253 0.01089
1254 0.01089
1255 0.01089
1256 0.01089
1257 0.01089
1258 0.01089
1259 0.01089
1260 0.01089
1261 0.01089
1262 0.01089
1263 0.01089
1264 0.01089
1265 0.01089
1266 0.01089
1267 0.01089
1268 0.01089
1269 0.01089
1270 0.01089
1271 0.01089
1272 0.01089
1273 0.0121
1274 0.07986
1275 0.07986
1276 0.05445
1277 0.04961
1278 0.04961
1279 0.04719
1280 0.04719
1281 0.05566
1282 0.04356
1283 0.05324
1284 0.04719
1285 0.05203
1286 0.04598
1287 0.05566
1288 0.04598
1289 0.05324
1290 0.04598
1291 0.05324
1292 0.04719
1293 0.04961
1294 0.0484
1295 0.05808
1296 0.0484
1297 0.05445
1298 0.04719
1299 0.05324
1300 0.05324
1301 0.05808
1302 0.04719
1303 0.05082
1304 0.05203
1305 0.05687
1306 0.05082
1307 0.05082
1308 0.05203
1309 0.05929
1310 0.05082
1311 0.05082
1312 0.05808
1313 0.05203
1314 0.05082
1315 0.05082
1316 0.05808
1317 0.05203
1318 0.05808
1319 0.04719
1320 0.05808
1321 0.04719
1322 0.05687
1323 0.04719
1324 0.05082
1325 0.05082
1326 0.05203
1327 0.0484
1328 0.05082
1329 0.04719
1330 0.05687
1331 0.04961
1332 0.05082
1333 0.04477
1334 -0.00726
1335 0.01573
1336 0.01936
1337 0.02299
1338 -0.00726
1339 -0.01936
1340 -0.0242
1341 -0.02541
1342 -0.02541
1343 -0.02541
1344 -0.02541
1345 -0.02541
1346 -0.02541
1347 -0.0242
1348 -0.0242
1349 -0.02299
1350 -0.02299
1351 -0.02299
1352 -0.02178
1353 -0.02178
1354 -0.02178
1355 -0.02057
1356 -0.02057
1357 -0.02057
1358 -0.01936
1359 -0.01936
1360 -0.01936
1361 -0.01815
1362 -0.01815
1363 -0.01815
1364 -0.01815
1365 -0.01694
1366 -0.01694
1367 -0.01694
1368 -0.01694
1369 -0.01694
1370 -0.01694
1371 -0.01694
1372 -0.01573
1373 -0.01573
1374 -0.01573
1375 -0.01573
1376 -0.01573
1377 -0.01573
1378 -0.01573
1379 -0.01573
1380 -0.01573
1381 -0.01452
