0 1.15853
1 1.15853
2 1.15853
3 1.15853
4 1.15853
5 1.15853
6 1.15853
7 1.15853
8 1.15853
9 1.15853
10 1.15853
11 1.15853
12 1.15853
13 1.15853
14 1.15853
15 1.15853
16 1.15853
17 1.15853
18 1.15853
19 1.15853
20 1.15853
21 1.15853
22 1.15853
23 1.15853
24 1.15853
25 1.15853
26 1.15853
27 1.15853
28 1.15853
29 1.15853
30 1.15853
31 1.15853
32 1.15853
33 1.15853
34 1.15853
35 1.15853
36 1.15853
37 1.15853
38 1.15853
39 1.15853
40 1.15853
41 1.15853
42 1.15853
43 1.15853
44 1.15853
45 1.15853
46 1.15853
47 1.15853
48 1.15853
49 1.15853
50 1.15853
51 1.15853
52 1.15853
53 1.15853
54 1.15853
55 1.15853
56 1.15853
57 1.15853
58 1.15853
59 1.15853
60 1.15853
61 1.15853
62 1.15853
63 1.15853
64 1.15853
65 1.15853
66 1.15853
67 1.15853
68 1.15853
69 1.15853
70 1.15853
71 1.15853
72 1.15853
73 1.15853
74 1.15853
75 1.15853
76 1.15853
77 1.15853
78 1.15853
79 1.15853
80 1.15853
81 1.15853
82 1.15853
83 1.15853
84 1.15853
85 1.15853
86 1.15853
87 1.15853
88 1.15853
89 1.15853
90 1.15853
91 1.15853
92 1.15853
93 1.15853
94 1.15853
95 1.15853
96 1.15853
97 1.15853
98 1.15853
99 1.15853
100 1.15853
101 1.15853
102 1.15853
103 1.15853
104 1.15853
105 1.15853
106 1.15853
107 1.15853
108 1.15853
109 1.15853
110 1.15853
111 1.15853
112 1.15853
113 1.15853
114 1.15853
115 1.15853
116 1.15853
117 1.15853
118 1.15853
119 1.15853
120 1.15853
121 1.15853
122 1.15853
123 1.15853
124 1.15853
125 1.15853
126 1.15853
127 1.15853
128 1.15853
129 1.15853
130 1.15853
131 1.15853
132 1.15853
133 1.15853
134 1.15853
135 1.15853
136 1.15853
137 1.15853
138 1.15853
139 1.15853
140 1.15853
141 1.15853
142 1.15853
143 1.15853
144 1.15853
145 1.15853
146 1.15853
147 1.15853
148 1.15853
149 1.15853
150 1.15853
151 1.15853
152 1.15853
153 1.15853
154 1.15853
155 1.15853
156 1.15853
157 1.15853
158 1.15853
159 1.15853
160 1.15853
161 1.15853
162 1.15853
163 1.15853
164 1.15853
165 1.15853
166 1.15853
167 1.15853
168 1.15853
169 1.15853
170 1.15853
171 1.15853
172 1.15853
173 1.15853
174 1.15853
175 1.15853
176 1.15853
177 1.15853
178 1.15853
179 1.15853
180 1.15853
181 1.15853
182 1.15853
183 1.15853
184 1.15853
185 1.15853
186 1.15853
187 1.15853
188 1.15853
189 1.15853
190 1.15853
191 1.15853
192 1.15853
193 1.15853
194 1.15853
195 1.15853
196 1.15853
197 1.15853
198 1.15853
199 1.15853
200 1.15853
201 1.15853
202 1.15853
203 1.15853
204 1.15853
205 1.15853
206 1.15853
207 1.15853
208 1.15853
209 1.15853
210 1.15853
211 1.15853
212 1.15853
213 1.15853
214 1.15853
215 1.15853
216 1.15853
217 1.15853
218 1.15853
219 1.15853
220 1.15853
221 1.15853
222 1.15853
223 1.15853
224 1.15853
225 1.15853
226 1.15853
227 1.15853
228 1.15853
229 1.15853
230 1.15853
231 1.15853
232 1.15853
233 1.15853
234 1.15853
235 1.15853
236 1.15853
237 1.15853
238 1.15853
239 1.15853
240 1.15853
241 1.15853
242 1.15853
243 1.15853
244 1.15853
245 1.15853
246 1.15853
247 1.15853
248 1.15853
249 1.15853
250 1.15853
251 1.15853
252 1.15853
253 1.15853
254 1.15853
255 1.15853
256 1.15853
257 1.15853
258 1.15853
259 1.15853
260 1.15853
261 1.15853
262 1.15853
263 1.15853
264 1.15853
265 1.15853
266 1.15853
267 1.15853
268 1.15853
269 1.15853
270 1.15853
271 1.15853
272 1.15853
273 1.15853
274 1.15853
275 1.15853
276 1.15853
277 1.15853
278 1.15853
279 1.15853
280 1.15853
281 1.15853
282 1.15853
283 1.15853
284 1.15853
285 1.15853
286 1.15853
287 1.15853
288 1.15853
289 1.15853
290 1.15853
291 1.15853
292 1.15853
293 1.15853
294 1.15853
295 1.15853
296 1.15853
297 1.15853
298 1.15853
299 1.15853
300 1.15853
301 1.15853
302 1.15853
303 1.15853
304 1.15853
305 1.15853
306 1.15853
307 1.15853
308 1.15853
309 1.15853
310 1.15853
311 1.15853
312 1.15853
313 1.15853
314 1.15853
315 1.15853
316 1.15853
317 1.15853
318 1.15853
319 1.15853
320 1.15853
321 1.15853
322 1.15853
323 1.15853
324 1.15853
325 1.15853
326 1.15853
327 1.15853
328 1.15853
329 1.15853
330 1.15853
331 1.15853
332 1.15853
333 1.15853
334 1.15853
335 1.15853
336 1.15853
337 1.15853
338 1.15853
339 1.15853
340 1.15853
341 1.15853
342 1.15853
343 1.15853
344 1.15853
345 1.15853
346 1.15853
347 1.15853
348 1.15853
349 1.15853
350 1.15853
351 1.15853
352 1.15853
353 1.15853
354 1.15853
355 1.15853
356 1.15853
357 1.15853
358 1.15853
359 1.15853
360 1.15853
361 1.15853
362 1.15853
363 1.15853
364 1.15853
365 1.15853
366 1.15853
367 1.15853
368 1.15853
369 1.15853
370 1.15853
371 1.15853
372 1.15853
373 1.15853
374 1.15853
375 1.15853
376 1.15853
377 1.15853
378 1.15853
379 1.15853
380 1.15853
381 1.15853
382 1.15853
383 1.15853
384 1.15853
385 1.15853
386 1.15853
387 1.15853
388 1.15853
389 1.15853
390 1.15853
391 1.15853
392 1.15853
393 1.15853
394 1.15853
395 1.15853
