0 -0.00757803
1 0
2 0
3 0
4 0
5 0
6 -0.00378902
7 0.00378902
8 -0.00378902
9 0.00378902
10 0.00378902
11 -0.00378902
12 0
13 0.00378902
14 0.00378902
15 -0.00378902
16 0
17 -0.00378902
18 0
19 0
20 0.00378902
21 0.00378902
22 0.00378902
23 0
24 0
25 0.00378902
26 0.00378902
27 -0.00378902
28 0
29 0.00757803
30 -0.00378902
31 -0.00378902
32 -0.00378902
33 0.00378902
34 -0.00378902
35 0
36 -0.00378902
37 -0.00378902
38 0
39 0.00378902
40 0
41 -0.00378902
42 0
43 0
44 -0.00378902
45 -0.00378902
46 0
47 -0.00378902
48 0.00378902
49 0
50 0.00378902
51 0
52 0
53 -0.00378902
54 0
55 -0.00378902
56 -0.00378902
57 0
58 0
59 -0.00378902
60 0
61 0.00378902
62 0
63 0
64 0
65 0
66 0
67 -0.00378902
68 0.00378902
69 0
70 0
71 -0.00378902
72 -0.00378902
73 0.00757803
74 0
75 -0.00757803
76 0
77 0
78 0
79 0
80 0
81 -0.00378902
82 0
83 0
84 0.00378902
85 0
86 -0.00378902
87 -0.00378902
88 0.00378902
89 0.00757803
90 0
91 0
92 0
93 -0.00378902
94 0
95 0
96 0
97 0
98 -0.00378902
99 0.00378902
100 0.00378902
101 0.00378902
102 0.00378902
103 0
104 -0.00757803
105 0
106 0
107 0
108 0
109 0
110 -0.0151561
111 -0.00378902
112 0
113 0
114 -0.00378902
115 -0.00378902
116 -0.00378902
117 -0.00378902
118 0
119 0
120 0
121 -0.00378902
122 0
123 -0.00378902
124 0
125 -0.00757803
126 -0.00378902
127 0.00378902
128 -0.00378902
129 0.00378902
130 0
131 0
132 -0.00378902
133 0
134 0.00757803
135 -0.00378902
136 0.00378902
137 -0.00378902
138 0
139 -0.00378902
140 0
141 0
142 0
143 -0.00757803
144 0.00378902
145 -0.00378902
146 0
147 0.00378902
148 0.00378902
149 0.00757803
150 -0.00757803
151 0.00378902
152 0
153 0
154 0
155 0
156 0.00757803
157 0.00378902
158 0
159 0.00378902
160 -0.00378902
161 0.00378902
162 0
163 0.00378902
164 0
165 0
166 -0.00757803
167 -0.00378902
168 0.00378902
169 0.00378902
170 -0.00757803
171 0
172 -0.00378902
173 0.00757803
174 0
175 0
176 0.00378902
177 -0.00378902
178 0.00757803
179 -0.00378902
180 -0.00378902
181 0.00378902
182 -0.00378902
183 0
184 0.00378902
185 0.00378902
186 0.00378902
187 0.00378902
188 0.00378902
189 0
190 0
191 -0.00378902
192 -0.00378902
193 0.00378902
194 0
195 -0.00757803
196 0
197 0.00757803
198 0
199 -0.00757803
200 0.00378902
201 0
202 -0.00378902
203 0.00378902
204 0.00378902
205 0
206 0.00757803
207 0
208 -0.00378902
209 0
210 0
211 0
212 0.00757803
213 0
214 0.00378902
215 0.00378902
216 -0.00378902
217 0
218 0
219 0.00378902
220 0
221 0
222 -0.00757803
223 0
224 0.00378902
225 0.00757803
226 0
227 -0.00378902
228 -0.00757803
229 0
230 0.00378902
231 -0.00378902
232 -0.00757803
233 0
234 0
235 0
236 0.00378902
237 0.00378902
238 0
239 0
240 -0.00378902
241 0
242 0.00378902
243 0.00378902
244 0
245 0.00378902
246 0
247 -0.00378902
248 0
249 0
250 0
251 -0.00757803
252 0.00378902
253 -0.00757803
254 0
255 0.00378902
256 -0.011367
257 0.00378902
258 0
259 -0.00378902
260 0
261 0
262 0.00757803
263 -0.00378902
264 -0.011367
265 0
266 0
267 0.00378902
268 0
269 -0.00378902
270 0
271 0
272 0.00757803
273 0
274 -0.011367
275 0
276 0
277 -0.011367
278 0.00757803
279 -0.00757803
280 0.00378902
281 0
282 0
283 0.00378902
284 -0.00378902
285 -0.00378902
286 -0.00378902
287 -0.00378902
288 -0.00757803
289 -0.00378902
290 0.00378902
291 -0.00378902
292 -0.00378902
293 0
294 -0.00378902
295 0.00757803
296 -0.00757803
297 0.00378902
298 -0.00757803
299 -0.00378902
300 -0.00757803
301 -0.00378902
302 -0.00378902
303 -0.00378902
304 -0.00378902
305 0
306 -0.00378902
307 0
308 0.00378902
309 0.00378902
310 -0.00757803
311 0.00757803
312 0
313 0
314 0
315 0.00378902
316 0.00378902
317 0.00378902
318 0
319 -0.00757803
320 -0.00378902
321 -0.00378902
322 0
323 -0.00378902
324 0.00378902
325 0
326 0.00378902
327 -0.00378902
328 0.00757803
329 0
330 -0.00757803
331 -0.00378902
332 0.00378902
333 0.00378902
334 -0.00378902
335 -0.00378902
336 -0.00378902
337 -0.00378902
338 0.00378902
339 -0.00378902
340 -0.00378902
341 0
342 0.00378902
343 0
344 0
345 0.00378902
346 -0.00378902
347 -0.00378902
348 -0.00378902
349 0.00378902
350 0
351 0
352 0
353 -0.00757803
354 0
355 -0.00378902
356 0.00378902
357 0.00378902
358 0.00757803
359 0
360 0
361 0
362 -0.00378902
363 0
364 0
365 0
366 0.00757803
367 0
368 0
369 0
370 0.00378902
371 0
372 -0.00378902
373 0.00378902
374 0.00378902
375 0
376 0
377 0.00378902
378 -0.00378902
379 0
380 0.00378902
381 -0.00378902
382 0
383 0
384 0
385 -0.00378902
386 -0.011367
387 0.00757803
388 0.00378902
389 0
390 0
391 -0.00378902
392 0
393 0.00378902
394 0
395 0.00378902
396 0
397 0
398 -0.00378902
399 0
400 -0.00378902
401 0
402 0.00378902
403 0
404 0
405 -0.00378902
406 -0.00757803
407 -0.00378902
408 -0.00378902
409 0
410 -0.011367
411 0
412 0
413 0
414 0.00757803
415 0
416 0
417 0.011367
418 0.00378902
419 0
420 -0.00378902
421 0.00378902
422 0
423 0.00378902
424 0
425 0.00757803
426 -0.00378902
427 0.00378902
428 -0.00378902
429 -0.00757803
430 0.00757803
431 0
432 0
433 0.00378902
434 -0.00378902
435 0
436 -0.00378902
437 0.00378902
438 0.00378902
439 0
440 -0.00757803
441 0.00757803
442 -0.00378902
443 0
444 -0.00378902
445 0
446 0.00757803
447 -4.95603
448 -24.7726
449 -51.2313
450 -72.9575
451 -80.9485
452 -83.2257
453 -83.2826
454 -83.2523
455 -82.9075
456 -82.79
457 -82.6839
458 -82.6422
459 -71.8852
460 -45.3507
461 -20.0477
462 -5.77825
463 -0.458471
464 0.413003
465 0.503939
466 0.352379
467 0.189451
468 0.0682023
469 0.0303121
470 0.0151561
471 0.011367
472 0.00757803
473 0
474 0
475 0.011367
476 0
477 0
478 0
479 0
480 -0.00757803
481 -0.00378902
482 -0.00378902
483 0.00378902
484 -0.00378902
485 0.00378902
486 -0.00378902
487 0
488 -0.011367
489 0.00378902
490 -0.00757803
491 0.00378902
492 -0.00378902
493 -0.00757803
494 -0.00378902
495 0
496 0.00378902
497 -0.00378902
498 0
499 -0.00757803
500 0
501 0.00757803
502 0
503 0.00378902
504 0.00378902
505 0.00378902
506 -0.00378902
507 -0.00378902
508 0.00757803
509 0
510 -0.00378902
511 0.011367
512 0.00378902
513 -0.00757803
514 0.00378902
515 -0.00757803
516 0.00378902
517 -0.00378902
518 0.00378902
519 0
520 -0.00378902
521 0
522 -0.00378902
523 0.00378902
524 0.00378902
525 0.00757803
526 -0.00378902
527 0.011367
528 0.00378902
529 0
530 0
531 0
532 0.00378902
533 0.00378902
534 0
535 0
536 0.00378902
537 -0.00378902
538 0.00757803
539 0.011367
540 0.00757803
541 0.00378902
542 0
543 -0.00378902
544 -0.00378902
545 0
546 0.00757803
547 0.00378902
548 -0.00378902
549 0.00378902
550 0
551 0.00378902
552 0
553 0.00378902
554 0
555 -0.00378902
556 -0.00757803
557 -0.00378902
558 0
559 -0.00757803
560 0
561 -0.00378902
562 0
563 0
564 0.00378902
565 0
566 0.00757803
567 -0.00378902
568 0.00378902
569 -0.00378902
570 -0.00378902
571 0.00378902
572 0.00378902
573 0.00378902
574 0
575 -0.00378902
576 -0.00378902
577 0
578 0
579 -0.00757803
580 0
581 0.00378902
582 0
583 0.00378902
584 0.00378902
585 -0.00378902
586 0.00378902
587 0
588 0.00757803
589 -0.00378902
590 0
591 -0.00378902
592 0
593 0
594 0
595 0
596 0.00757803
597 -0.00378902
598 0
599 0
600 0.00757803
601 0.00378902
602 -0.00378902
603 0
604 -0.011367
605 0.00378902
606 0
607 0.503939
608 18.8276
609 46.1047
610 67.2171
611 79.2321
612 83.006
613 83.2902
614 83.1234
615 83.1234
616 82.8203
617 82.8885
618 82.7218
619 77.4323
620 53.338
621 27.3605
622 8.71853
623 1.29963
624 -0.204607
625 -0.541829
626 -0.382691
627 -0.227341
628 -0.0985144
629 -0.0492572
630 -0.0303121
631 -0.011367
632 -0.00757803
633 0
634 0
635 0.00378902
636 -0.00378902
637 0
638 -0.00757803
639 0
640 0.00757803
641 -0.00378902
642 -0.00757803
643 -0.00378902
644 0
645 0.011367
646 -0.00378902
647 -0.00378902
648 0.00378902
649 0
650 -0.00378902
651 0
652 0
653 0.00378902
654 0.00378902
655 -0.00757803
656 0
657 -0.00378902
658 -0.00378902
659 0.00378902
660 -0.00378902
661 0
662 -0.00378902
663 0
664 0
665 0
666 0
667 0
668 0
669 0
670 -0.011367
671 -0.00378902
672 -0.00757803
673 0.00757803
674 0
675 -0.00757803
676 0.00378902
677 0.00757803
678 0
679 0.00378902
680 -0.00378902
681 -0.00378902
682 0.00378902
683 0
684 0
685 -0.00378902
686 0
687 0.00378902
688 0.00378902
689 0.00378902
690 -0.00378902
691 -0.00757803
692 -0.00378902
693 -0.00378902
694 0
695 0
696 0.00378902
697 -0.00378902
698 -0.00378902
699 -0.011367
700 -0.00378902
701 0
702 0.00757803
703 0
704 0.00378902
705 0
706 0
707 0.00757803
708 0.00378902
709 0
710 0
711 0.00378902
712 0
713 0
714 -0.00378902
715 -0.00378902
716 -0.00378902
717 -0.00378902
718 0.00378902
719 0.00378902
720 -0.00378902
