0 3.85663
1 3.85663
2 3.85663
3 3.85663
4 3.85663
5 3.85663
6 3.85663
7 3.85663
8 3.85663
9 3.85663
10 3.85663
11 3.85663
12 3.85663
13 3.85663
14 3.85663
15 3.85663
16 3.85663
17 3.85663
18 3.85663
19 3.85663
20 3.85663
21 3.85663
22 3.85663
23 3.85663
24 3.85663
25 3.85663
26 3.85663
27 3.85663
28 3.85663
29 3.85663
30 3.85663
31 3.85663
32 3.85663
33 3.85663
34 3.85663
35 3.85663
36 3.85663
37 3.85663
38 3.85663
39 3.85663
40 3.85663
41 3.85663
42 3.85663
43 3.85663
44 3.85663
45 3.85663
46 3.85663
47 3.85663
48 3.85663
49 3.85663
50 3.85663
51 3.85663
52 3.85663
53 3.85663
54 3.85663
55 3.85663
56 3.85663
57 3.85663
58 3.85663
59 3.85663
60 3.85663
61 3.85663
62 3.85663
63 3.85663
64 3.85663
65 3.85663
66 3.85663
67 3.85663
68 3.85663
69 3.85663
70 3.85663
71 3.85663
72 3.85663
73 3.85663
74 3.85663
75 3.85663
76 3.85663
77 3.85663
78 3.85663
79 3.85663
80 3.85663
81 3.85663
82 3.85663
83 3.85663
84 3.85663
85 3.85663
86 3.85663
87 3.85663
88 3.85663
89 3.85663
90 3.85663
91 3.85663
92 3.85663
93 3.85663
94 3.85663
95 3.85663
96 3.85663
97 3.85663
98 3.85663
99 3.85663
100 3.85663
101 3.85663
102 3.85663
103 3.85663
104 3.85663
105 3.85663
106 3.85663
107 3.85663
108 3.85663
109 3.85663
110 3.85663
111 3.85663
112 3.85663
113 3.85663
114 3.85663
115 3.85663
116 3.85663
117 3.85663
118 3.85663
119 3.85663
120 3.85663
121 3.85663
122 3.85663
123 3.85663
124 3.85663
125 3.85663
126 3.85663
127 3.85663
128 3.85663
129 3.85663
130 3.85663
131 3.85663
132 3.85663
133 3.85663
134 3.85663
135 3.85663
136 3.85663
137 3.85663
138 3.85663
139 3.85663
140 3.85663
141 3.85663
142 3.85663
143 3.85663
144 3.85663
145 3.85663
146 3.85663
147 3.85663
148 3.85663
149 3.85663
150 3.85663
151 3.85663
152 3.85663
153 3.85663
154 3.85663
155 3.85663
156 3.85663
157 3.85663
158 3.85663
159 3.85663
160 3.85663
161 3.85663
162 3.85663
163 3.85663
164 3.85663
165 3.85663
166 3.85663
167 3.85663
168 3.85663
169 3.85663
170 3.85663
171 3.85663
172 3.85663
173 3.85663
174 3.85663
175 3.85663
176 3.85663
177 3.85663
178 3.85663
179 3.85663
180 3.85663
181 3.85663
182 3.85663
183 3.85663
184 3.85663
185 3.85663
186 3.85663
187 3.85663
188 3.85663
189 3.85663
190 3.85663
191 3.85663
192 3.85663
193 3.85663
194 3.85663
195 3.85663
196 3.85663
197 3.85663
198 3.85663
199 3.85663
200 3.85663
201 3.85663
202 3.85663
203 3.85663
204 3.85663
205 3.85663
206 3.85663
207 3.85663
208 3.85663
209 3.85663
210 3.85663
211 3.85663
212 3.85663
213 3.85663
214 3.85663
215 3.85663
216 3.85663
217 3.85663
218 3.85663
219 3.85663
220 3.85663
221 3.85663
222 3.85663
223 3.85663
224 3.85663
225 3.85663
226 3.85663
227 3.85663
228 3.85663
229 3.85663
230 3.85663
231 3.85663
232 3.85663
233 3.85663
234 3.85663
235 3.85663
236 3.85663
237 3.85663
238 3.85663
239 3.85663
240 3.85663
241 3.85663
242 3.85663
243 3.85663
244 3.85663
245 3.85663
246 3.85663
247 3.85663
248 3.85663
249 3.85663
250 3.85663
251 3.85663
252 3.85663
253 3.85663
254 3.85663
255 3.85663
256 3.85663
257 3.85663
258 3.85663
259 3.85663
260 3.85663
261 3.85663
262 3.85663
263 3.85663
264 3.85663
265 3.85663
266 3.85663
267 3.85663
268 3.85663
269 3.85663
270 3.85663
271 3.85663
272 3.85663
273 3.85663
274 3.85663
275 3.85663
276 3.85663
277 3.85663
278 3.85663
279 3.85663
280 3.85663
281 3.85663
282 3.85663
283 3.85663
284 3.85663
285 3.85663
286 3.85663
287 3.85663
288 3.85663
289 3.85663
290 3.85663
291 3.85663
292 3.85663
293 3.85663
294 3.85663
295 3.85663
296 3.85663
297 3.85663
298 3.85663
299 3.85663
300 3.85663
301 3.85663
302 3.85663
303 3.85663
304 3.85663
305 3.85663
306 3.85663
307 3.85663
308 3.85663
309 3.85663
310 3.85663
311 3.85663
312 3.85663
313 3.85663
314 3.85663
315 3.85663
316 3.85663
317 3.85663
318 3.85663
319 3.85663
320 3.85663
321 3.85663
322 3.85663
323 3.85663
324 3.85663
325 3.85663
326 3.85663
327 3.85663
328 3.85663
329 3.85663
330 3.85663
331 3.85663
332 3.85663
333 3.85663
334 3.85663
335 3.85663
336 3.85663
337 3.85663
338 3.85663
339 3.85663
340 3.85663
341 3.85663
342 3.85663
343 3.85663
344 3.85663
345 3.85663
346 3.85663
347 3.85663
348 3.85663
349 3.85663
350 3.85663
351 3.85663
352 3.85663
353 3.85663
354 3.85663
355 3.85663
356 3.85663
357 3.85663
358 3.85663
359 3.85663
360 3.85663
361 3.85663
362 3.85663
363 3.85663
364 3.85663
365 3.85663
366 3.85663
367 3.85663
368 3.85663
369 3.85663
370 3.85663
371 3.85663
372 3.85663
373 3.85663
374 3.85663
375 3.85663
376 3.85663
377 3.85663
378 3.85663
379 3.85663
380 3.85663
381 3.85663
382 3.85663
383 3.85663
384 3.85777
385 3.88973
386 3.96366
387 4.05465
388 4.15433
389 4.25454
390 4.35551
391 4.43781
392 4.53653
393 4.62471
394 4.71586
395 4.81895
396 4.90591
397 4.97366
398 4.99668
399 5.0018
400 5.00217
401 5.0016
402 5.00096
403 5.00053
404 5.00027
405 5.0001
406 5.00002
407 4.99997
408 4.99997
409 4.99997
410 4.99997
411 4.99997
412 4.99997
413 4.99997
414 4.99998
415 4.99998
416 4.99998
417 4.99998
418 4.99998
419 4.99998
420 4.99999
421 4.99999
422 4.99999
423 4.99999
424 4.99999
425 4.99999
426 4.99999
427 4.99999
428 4.99999
429 4.99999
430 5
431 4.99999
432 4.99999
433 4.99999
434 5
435 5
436 5
437 4.99999
438 4.99999
439 5
440 5
441 5
442 5
443 5
444 5
445 5
446 5
447 5
448 5
449 5
450 5
451 5
452 5
453 5
454 5
455 5
456 5
457 5
458 5
459 5
460 5
461 5
462 5
463 5
464 5
465 5
466 5
467 5
468 5
469 5
470 5
471 5
472 5
473 5
474 5
475 5
476 5
477 5
478 5
479 5
480 5
481 5
482 5
483 5
484 5
485 5
486 5
487 5
488 5
489 5
490 5
491 5
492 5
493 5
494 5
495 5
496 5
497 5
498 5
499 5
500 5
501 5
502 5
503 5
504 5
505 5
506 5
507 5
508 5
509 5
510 5
511 5
512 5
513 5
514 5
515 5
516 5
517 5
518 5
519 5
520 5
521 5
522 5
523 5
524 5
525 5
526 5
527 5
528 5
529 5
530 5
531 5
532 5
533 5
534 5
535 5
536 5
537 5
538 5
539 5
540 5
541 5
542 5
543 5
544 5
545 4.97314
546 4.91809
547 4.82989
548 4.73698
549 4.63598
550 4.54275
551 4.45171
552 4.34881
553 4.25271
554 4.17165
555 4.08201
556 3.98304
557 3.88705
558 3.79855
559 3.69352
560 3.59754
561 3.50568
562 3.41006
563 3.32006
564 3.2293
565 3.13144
566 3.03845
567 2.95745
568 2.85695
569 2.76058
570 2.66496
571 2.57834
572 2.47935
573 2.38637
574 2.29186
575 2.19586
576 2.09686
577 2.0155
578 1.91764
579 1.82726
580 1.72788
581 1.62776
582 1.54078
583 1.44741
584 1.34053
585 1.25653
586 1.16055
587 1.07806
588 0.985061
589 0.889046
590 0.790416
591 0.697431
592 0.601455
593 0.50808
594 0.42033
595 0.327322
596 0.233958
597 0.135729
598 0.0529198
599 0.0117976
600 -0.000684865
601 -0.00218082
602 -0.00183649
603 -0.00116796
604 -0.000669235
605 -0.00040282
606 -0.000215027
607 -9.16468e-05
608 -1.30247e-05
609 1.65769e-06
610 1.18407e-06
611 2.36814e-06
612 9.47254e-06
613 1.37352e-05
614 1.25511e-05
615 9.94617e-06
616 1.0183e-05
617 1.1367e-05
618 1.11302e-05
619 8.99891e-06
620 7.10441e-06
621 7.10441e-06
622 7.10441e-06
623 6.39396e-06
624 4.97308e-06
625 4.26264e-06
626 3.78902e-06
627 3.31539e-06
628 2.84176e-06
629 2.60495e-06
630 1.89451e-06
631 9.47254e-07
632 4.73627e-07
633 7.10441e-07
634 9.47254e-07
635 2.36814e-07
636 -9.47254e-07
637 -1.42088e-06
638 -4.73627e-07
639 -4.73627e-07
640 -1.18407e-06
641 -2.60495e-06
642 -2.13132e-06
643 -1.65769e-06
644 -2.13132e-06
645 -2.84176e-06
646 -3.78902e-06
647 -3.07858e-06
648 -2.36814e-06
649 -2.84176e-06
650 -3.78902e-06
651 -3.5522e-06
652 -3.07858e-06
653 -2.84176e-06
654 -3.31539e-06
655 -3.5522e-06
656 -3.5522e-06
657 -3.07858e-06
658 -3.07858e-06
659 -3.07858e-06
660 -3.78902e-06
661 -3.78902e-06
662 -3.31539e-06
663 -3.07858e-06
664 -3.5522e-06
665 -3.5522e-06
666 -3.5522e-06
667 -3.78902e-06
668 -3.31539e-06
669 -3.78902e-06
670 -3.78902e-06
671 -4.02583e-06
672 -3.5522e-06
673 -3.5522e-06
674 -3.5522e-06
675 -3.5522e-06
676 -3.78902e-06
677 -3.5522e-06
678 -3.5522e-06
679 -3.5522e-06
680 -3.78902e-06
681 -3.5522e-06
682 -3.5522e-06
683 -3.78902e-06
684 -3.5522e-06
685 -3.78902e-06
686 -3.78902e-06
687 -3.78902e-06
688 -3.5522e-06
689 -3.5522e-06
690 -4.02583e-06
691 -3.5522e-06
692 -3.5522e-06
693 -3.5522e-06
694 -3.5522e-06
695 -3.78902e-06
696 -4.02583e-06
697 -3.5522e-06
698 -3.5522e-06
699 -3.78902e-06
700 -3.78902e-06
701 -3.78902e-06
702 -3.5522e-06
703 -3.5522e-06
704 -3.5522e-06
705 0.0069268
706 0.0665728
707 0.142725
708 0.246412
709 0.329975
710 0.423687
711 0.529108
712 0.618146
713 0.702243
714 0.807323
715 0.896995
716 0.995966
717 1.08294
718 1.17932
719 1.2731
720 1.36909
721 1.45346
722 1.55355
723 1.64956
724 1.74893
725 1.82919
726 1.93117
727 2.02116
728 2.11828
729 2.21728
730 2.30128
731 2.39202
732 2.49177
733 2.59076
734 2.67814
735 2.76775
736 2.86638
737 2.96312
738 3.05537
739 3.14835
740 3.24437
741 3.33998
742 3.42698
743 3.52896
744 3.62309
745 3.70708
746 3.80608
747 3.90169
748 3.99769
749 4.0757
750 4.18106
751 4.27182
752 4.37417
753 4.45179
754 4.55641
755 4.64342
756 4.7394
757 4.84102
758 4.92976
759 4.97961
760 4.99816
761 5.00218
762 5.00204
763 5.00148
764 5.00086
765 5.00045
766 5.00024
767 5.00008
768 4.99998
769 4.99996
770 4.99997
771 4.99997
772 4.99997
773 4.99997
774 4.99997
775 4.99997
776 4.99998
777 4.99998
778 4.99998
779 4.99998
780 4.99998
781 4.99998
782 4.99998
783 4.99998
784 4.99999
785 4.99999
786 4.99999
787 4.99999
788 4.99999
789 4.99999
790 4.99999
791 4.99999
792 4.99999
793 4.99999
794 4.99999
795 4.99999
796 5
797 5
798 5
799 4.99999
800 5
801 5
802 5
803 5
804 5
805 5
806 5
807 5
808 5
809 5
810 5
811 5
812 5
813 5
814 5
815 5
816 5
817 5
818 5
819 5
820 5
821 5
822 5
823 5
824 5
825 5
826 5
827 5
828 5
829 5
830 5
831 5
832 5
833 5
834 5
835 5
836 5
837 5
838 5
839 5
840 5
841 5
842 5
843 5
844 5
845 5
846 5
847 5
848 5
849 5
850 5
851 5
852 5
853 5
854 5
855 5
856 5
857 5
858 5
859 5
860 5
861 5
862 5
863 5
864 5
865 4.99876
866 4.95707
867 4.87932
868 4.78662
869 4.69348
870 4.59669
871 4.50021
872 4.41265
873 4.31841
874 4.22831
875 4.12588
876 4.04264
877 3.94367
878 3.83868
879 3.76216
880 3.65715
881 3.56118
882 3.46556
883 3.37556
884 3.27956
885 3.18094
886 3.10295
887 2.99495
888 2.90158
889 2.81645
890 2.72946
891 2.63646
892 2.54122
893 2.44223
894 2.34924
895 2.25324
896 2.15723
897 2.05824
898 1.97688
899 1.87788
900 1.78225
901 1.6825
902 1.59515
903 1.50515
904 1.40841
905 1.30789
906 1.22427
907 1.13467
908 1.03606
909 0.934059
910 0.844054
911 0.755552
912 0.653564
913 0.554579
914 0.47658
915 0.380582
916 0.278953
917 0.194595
918 0.0918514
919 0.0293412
920 0.00338691
921 -0.00170695
922 -0.00209556
923 -0.00155468
924 -0.000994617
925 -0.000548697
926 -0.000313541
927 -0.000158191
928 -4.78363e-05
929 -1.89451e-06
930 1.18407e-06
931 2.36814e-07
932 3.5522e-06
933 1.16039e-05
934 1.34984e-05
935 1.08934e-05
936 9.70935e-06
937 1.08934e-05
938 1.16039e-05
939 9.70935e-06
940 8.05166e-06
941 7.10441e-06
942 7.34122e-06
943 6.86759e-06
944 5.68352e-06
945 4.73627e-06
946 4.02583e-06
947 3.5522e-06
948 2.84176e-06
949 2.60495e-06
950 2.13132e-06
951 1.42088e-06
952 4.73627e-07
953 2.36814e-07
954 4.73627e-07
955 4.73627e-07
956 -4.73627e-07
957 -1.42088e-06
958 -9.47254e-07
959 -4.73627e-07
960 -9.47254e-07
961 -1.89451e-06
962 -2.36814e-06
963 -2.13132e-06
964 -1.89451e-06
965 -1.89451e-06
966 -3.31539e-06
967 -3.07858e-06
968 -3.07858e-06
969 -2.60495e-06
970 -3.07858e-06
971 -3.5522e-06
972 -3.31539e-06
973 -3.07858e-06
974 -2.84176e-06
975 -3.5522e-06
976 -3.5522e-06
977 -3.31539e-06
978 -3.07858e-06
979 -3.07858e-06
980 -3.5522e-06
981 -3.31539e-06
982 -3.31539e-06
983 -3.07858e-06
984 -3.31539e-06
985 -3.31539e-06
986 -3.5522e-06
987 -3.5522e-06
988 -3.31539e-06
989 -3.5522e-06
990 -3.78902e-06
991 -3.78902e-06
992 -3.78902e-06
993 -3.5522e-06
994 -3.5522e-06
995 -3.78902e-06
996 -3.78902e-06
997 -3.5522e-06
998 -3.5522e-06
999 -3.5522e-06
1000 -3.5522e-06
1001 -3.5522e-06
1002 -3.5522e-06
1003 -3.31539e-06
1004 -3.5522e-06
1005 -3.5522e-06
