0 -0.000757566
1 -0.000378665
2 0
3 0
4 -0.000378665
5 0
6 0
7 0
8 -0.000378665
9 -0.000757566
10 0
11 0.000378665
12 0.000378665
13 -0.000757566
14 0.000378665
15 0
16 -0.000757566
17 0.000378665
18 0
19 0
20 0
21 0
22 0
23 -0.000378665
24 0.000378665
25 0
26 0
27 0
28 0
29 -0.000378665
30 0
31 -0.000378665
32 0.000378665
33 0
34 0
35 -0.000378665
36 0
37 0
38 0.000378665
39 -0.000757566
40 0.000378665
41 -0.000378665
42 -0.000378665
43 -0.000378665
44 0
45 0
46 -0.000378665
47 -0.000378665
48 -0.000378665
49 0
50 -0.000378665
51 0.000378665
52 0
53 0
54 -0.000378665
55 0
56 -0.000378665
57 -0.000757566
58 -0.000378665
59 0
60 0
61 -0.000378665
62 -0.000378665
63 0.000378665
64 -0.000378665
65 0.000378665
66 0
67 0
68 0
69 0
70 0.000378665
71 0
72 0
73 0
74 0
75 0
76 -0.000757566
77 0.000378665
78 0
79 -0.000757566
80 0
81 0
82 0
83 0.000378665
84 0.000378665
85 -0.000378665
86 0.000757566
87 0
88 -0.000378665
89 -0.000378665
90 0
91 0
92 -0.000757566
93 -0.000378665
94 0.000378665
95 -0.000378665
96 -0.000378665
97 -0.000378665
98 0
99 0
100 0.000378665
101 0
102 0.000757566
103 0
104 0
105 0
106 -0.000378665
107 0
108 0
109 0.000378665
110 -0.00227341
111 -0.000378665
112 0
113 0
114 0
115 0
116 0.000378665
117 0
118 0
119 0.000378665
120 0
121 -0.000378665
122 0
123 -0.000378665
124 0
125 0
126 -0.000378665
127 0
128 0
129 0
130 -0.000378665
131 0
132 0
133 0.000378665
134 -0.000378665
135 -0.000378665
136 0.000378665
137 0
138 -0.000378665
139 0.000378665
140 0.000378665
141 0.000757566
142 -0.000378665
143 0.000757566
144 0
145 -0.000378665
146 -0.000378665
147 0
148 0
149 0
150 0
151 0.000378665
152 0.000378665
153 0
154 -0.000757566
155 0
156 0
157 0
158 0
159 0
160 0.000378665
161 0.000378665
162 0
163 0.000378665
164 0
165 0.000378665
166 0.000378665
167 0
168 0.000378665
169 0
170 0
171 0
172 0.000378665
173 0.000378665
174 0.000378665
175 0.000378665
176 0.000378665
177 -0.0011367
178 0.000378665
179 0
180 0.000757566
181 0
182 0
183 0
184 0
185 0
186 -0.000757566
187 0.000378665
188 0
189 0.0011367
190 0
191 -0.000378665
192 0
193 -0.000757566
194 0
195 -0.000378665
196 0
197 0.000378665
198 -0.000378665
199 -0.000757566
200 0.000378665
201 0.000378665
202 0
203 0
204 -0.000378665
205 -0.000378665
206 0.000378665
207 0
208 0
209 0.000378665
210 -0.000378665
211 0
212 0.000378665
213 -0.000757566
214 -0.000378665
215 -0.000757566
216 0.000378665
217 0
218 0
219 -0.000378665
220 0.000378665
221 0
222 0
223 0
224 -0.000378665
225 -0.000378665
226 0.000378665
227 0.000378665
228 0.000378665
229 0.0011367
230 -0.000378665
231 0
232 0.000378665
233 0.000378665
234 0
235 -0.000378665
236 0.000378665
237 0.000378665
238 0
239 0
240 -0.000378665
241 -0.000757566
242 0
243 0.000378665
244 0
245 0.000378665
246 0.000378665
247 0.000378665
248 0
249 0.000757566
250 0.000378665
251 0
252 -0.000757566
253 0.000378665
254 0.0011367
255 0.000378665
256 0
257 0
258 -0.000378665
259 0
260 0
261 0
262 0.000378665
263 0.000378665
264 0
265 0.000378665
266 0
267 0.000378665
268 0.000378665
269 -0.000378665
270 -0.0011367
271 -0.000757566
272 0
273 0
274 0.000378665
275 -0.000378665
276 0
277 0
278 0.376249
279 0.799482
280 0.959
281 1.0128
282 1.00409
283 0.980597
284 0.999542
285 0.997269
286 1.0056
287 1.00788
288 0.992722
289 1.01053
290 0.990828
291 0.981734
292 0.987417
293 1.00333
294 0.988554
295 0.991585
296 1.00447
297 1.00674
298 0.994996
299 1.00144
300 1.01015
301 1.00144
302 0.987417
303 1.00636
304 0.995375
305 1.00106
306 0.989691
307 0.999542
308 1.01205
309 0.98666
310 0.995753
311 1.00144
312 1.01091
313 1.00977
314 0.998785
315 1.0075
316 1.01015
317 1.00939
318 0.985144
319 0.992343
320 0.99348
321 0.978324
322 0.986281
323 0.973777
324 1.0056
325 0.987417
326 1.01167
327 1.00333
328 1.01015
329 0.995753
330 1.0128
331 1.01508
332 1.00144
333 1.0075
334 1.00523
335 1.00598
336 1.00939
337 0.985902
338 1.00523
339 0.999542
340 0.994238
341 1.01053
342 0.998406
343 1.00712
344 0.991206
345 1.00977
346 0.994617
347 0.990449
348 1.0075
349 1.01053
350 0.998027
351 0.982492
352 1.00901
353 0.995753
354 1.00598
355 0.998406
356 0.981734
357 0.987796
358 0.991206
359 1.00901
360 0.987796
361 1.01091
362 0.998027
363 0.988554
364 0.994617
365 0.994996
366 1.00977
367 1.00826
368 1.01243
369 1.01243
370 0.998406
371 1.00485
372 0.985902
373 1.02038
374 1.00333
375 1.00182
376 0.999542
377 0.99689
378 1.00106
379 0.989691
380 1.00182
381 0.987796
382 1.01394
383 1.00219
384 0.977187
385 1.00901
386 0.984765
387 1.00068
388 0.994238
389 1.00712
390 1.00901
391 0.991964
392 1.0056
393 0.990828
394 0.997269
395 0.993101
396 0.997648
397 1.01091
398 0.989691
399 0.995375
400 0.981355
401 1.00409
402 0.99348
403 1.01735
404 1.00674
405 1.0056
406 1.01887
407 0.984765
408 0.995753
409 1.00447
410 0.989691
411 1.00333
412 1.0003
413 0.998785
414 0.982492
415 0.999921
416 1.00106
417 0.989691
418 1.01129
419 0.996511
420 0.993859
421 1.00636
422 0.99348
423 0.998785
424 1.00674
425 1.01432
426 0.986281
427 0.998406
428 0.99689
429 1.01356
430 1.01091
431 1.00106
432 0.994617
433 0.993101
434 0.992343
435 0.984765
436 0.991585
437 1.00144
438 1.01091
439 1.00485
440 1.00182
441 1.00636
442 1.00068
443 1.01925
444 1.0075
445 0.993859
446 1.00598
447 0.981734
448 1.00295
449 1.00864
450 0.995375
451 1.00333
452 1.01735
453 1.02038
454 1.00447
455 0.997648
456 0.998785
457 1.00371
458 0.994617
459 1.00788
460 0.989312
461 0.99689
462 0.987417
463 0.999542
464 1.00939
465 0.994238
466 1.00219
467 1.00636
468 1.00939
469 0.991964
470 1.0056
471 0.998785
472 0.995753
473 1.00106
474 1.00144
475 0.984765
476 1.00674
477 0.987417
478 0.988175
479 1.01129
480 0.994996
481 1.01356
482 0.994996
483 0.992722
484 0.989312
485 1.00598
486 1.02455
487 0.977945
488 0.998785
489 0.997648
490 1.0075
491 0.999164
492 0.994996
493 1.00447
494 1.00144
495 0.994617
496 1.00598
497 1.00068
498 0.994617
499 1.00788
500 0.998027
501 0.995375
502 0.994238
503 1.0003
504 0.998027
505 0.998027
506 1.01811
507 1.01091
508 0.996132
509 1.01621
510 1.00864
511 1.00371
512 1.00598
513 1.00447
514 1.01015
515 1.0003
516 1.01015
517 0.984386
518 0.998027
519 1.00295
520 0.999921
521 0.992343
522 1.00712
523 0.991206
524 1.00598
525 1.00295
526 0.995375
527 0.998027
528 1.01053
529 0.987417
530 0.992343
531 0.995375
532 1.00864
533 1.00864
534 0.991585
535 0.995753
536 0.983249
537 1.01053
538 1.00371
539 0.997648
540 1.01621
541 0.999542
542 1.01432
543 1.0056
544 1.00939
545 1.00939
546 1.0147
547 0.988554
548 0.983249
549 1.00371
550 0.994238
551 0.992722
552 0.994238
553 1.00447
554 1.00409
555 1.00901
556 0.991585
557 0.993859
558 0.996511
559 1.00219
560 1.00636
561 1.01508
562 0.998785
563 1.01811
564 0.984765
565 1.00523
566 0.988554
567 0.999542
568 0.985144
569 0.988933
570 0.995753
571 1.00219
572 1.01129
573 0.994617
574 0.991964
575 1.01584
576 0.99348
577 0.992343
578 0.99348
579 1.00371
580 0.993101
581 1.00106
582 0.998785
583 1.0003
584 0.998785
585 0.995753
586 0.990828
587 1.00144
588 1.0075
589 1.00523
590 0.993101
591 0.996511
592 0.999164
593 1.00295
594 1.0075
595 0.987417
596 1.00674
597 0.991206
598 1.01243
599 0.988175
600 0.997269
601 0.984007
602 1.00447
603 1.01621
604 0.97946
605 1.01962
606 1.00144
607 1.01167
608 1.01697
609 0.987417
610 1.01318
611 0.990449
612 1.00901
613 1.00182
614 1.01773
615 1.0003
616 0.988933
617 1.0075
618 0.996511
619 1.00182
620 1.0003
621 1.00674
622 1.0075
623 1.00068
624 1.0056
625 0.984765
626 1.01394
627 0.989312
628 1.00598
629 1.01849
630 0.997648
631 1.00295
632 0.996132
633 1.01925
634 1.01167
635 1.00674
636 0.995753
637 0.989312
638 0.987796
639 0.999921
640 0.999164
641 1.00371
642 1.00295
643 0.99689
644 0.998027
645 0.991585
646 0.983628
647 1.00409
648 0.987417
649 0.988175
650 1.01887
651 1.00257
652 0.997648
653 0.996132
654 1.02076
655 1.00447
656 0.995375
657 1.00598
658 1.01356
659 1.00901
660 0.977566
661 1.00068
662 1.00864
663 1.0056
664 1.00864
665 1.00485
666 1.00636
667 0.999542
668 0.986281
669 1.00636
670 1.00068
671 1.01773
672 0.984007
673 0.99348
674 0.994238
675 0.983249
676 0.998027
677 1.00447
678 1.01167
679 1.01432
680 1.01129
681 0.976808
682 1.00144
683 1.01584
684 1.0056
685 1.00598
686 1.00144
687 1.00409
688 1.0056
689 1.00144
690 0.995753
691 1.00636
692 1.0147
693 0.991206
694 0.999921
695 1.01091
696 0.994617
697 0.994238
698 0.980218
699 0.994617
700 0.988175
701 1.00826
702 0.987038
703 1.00674
704 1.01849
705 1.0056
706 1.00977
707 0.999921
708 0.997648
709 0.985902
710 0.992343
711 1.0147
712 0.988554
713 1.01129
714 0.995753
715 1.00182
716 1.01621
717 0.988175
718 1.00788
719 1.00788
720 0.996511
721 0.998785
722 1.00977
723 0.979082
724 0.989691
725 1.00106
726 0.994617
727 1.00144
728 1.00788
729 1.00219
730 0.999542
731 1.00182
732 0.986281
733 0.992343
734 0.991964
735 0.988554
736 0.0280385
737 -0.647922
738 -0.91391
739 -1.00788
740 -1.02379
741 -0.998406
742 -1.00826
743 -0.987038
744 -1.00712
745 -1.0056
746 -0.989691
747 -1.02038
748 -0.99689
749 -0.985144
750 -0.991585
751 -1.01773
752 -1.00182
753 -1.00257
754 -1.01129
755 -0.998027
756 -1.02303
757 -1.01697
758 -1.00182
759 -1.01508
760 -0.987038
761 -1.00598
762 -0.994238
763 -1.00939
764 -1.0128
765 -0.99348
766 -1.02076
767 -0.996511
768 -1.02417
769 -1.01621
770 -1.01205
771 -1.00788
772 -0.996132
773 -1.01962
774 -0.997648
775 -1.01432
776 -1.00598
777 -1.00788
778 -0.999164
779 -0.985523
780 -0.993101
781 -0.989312
782 -1.01394
783 -0.999164
784 -1.02341
785 -0.99348
786 -0.995753
787 -0.998785
788 -0.983249
789 -1.01546
790 -0.985523
791 -1.01659
792 -1.00788
793 -1.00712
794 -1.00409
795 -0.994238
796 -1.01053
797 -1.00106
798 -1.00219
799 -0.984007
800 -0.984386
801 -0.989691
802 -0.999542
803 -1.00144
804 -1.00068
805 -0.988175
806 -1.00144
807 -0.995753
808 -1.01053
809 -0.987038
810 -1.0003
811 -0.990828
812 -1.01205
813 -0.999542
814 -0.985902
815 -1.01167
816 -1.00447
817 -1.00333
818 -0.992722
819 -1.00409
820 -1.01015
821 -1.00371
822 -1.01811
823 -0.997269
824 -1.00106
825 -1.00333
826 -0.995375
827 -0.987417
828 -0.990449
829 -1.00371
830 -0.995753
831 -1.01091
832 -0.99689
833 -0.989691
834 -1.00333
835 -0.998785
836 -1.01508
837 -0.992343
838 -1.00788
839 -1.00674
840 -0.987796
841 -1.00068
842 -1.00598
843 -0.992722
844 -0.996132
845 -1.00106
846 -1.00485
847 -1.0056
848 -0.985902
849 -0.981355
850 -1.01053
851 -1.01356
852 -1.00106
853 -0.989312
854 -0.997648
855 -1.00485
856 -0.993859
857 -1.00939
858 -1.00447
859 -1.01962
860 -1.00598
861 -0.978703
862 -1.01053
863 -0.998027
864 -1.00788
865 -1.00295
866 -1.00939
867 -0.992722
868 -1.00257
869 -1.00864
870 -0.978324
871 -0.994617
872 -1.00901
873 -0.990828
874 -0.993859
875 -0.994996
876 -0.99689
877 -0.982113
878 -1.01091
879 -1.01091
880 -1.01811
881 -1.00523
882 -0.982492
883 -0.988554
884 -1.00409
885 -1.00219
886 -0.982492
887 -1.00409
888 -1.00295
889 -0.999921
890 -1.00523
891 -0.983249
892 -0.99689
893 -1.00106
894 -0.999542
