0 0
1 0
2 0
3 0
4 0
5 0
6 0
7 0
8 0
9 0
10 0
11 0
12 0
13 0
14 0
15 0
16 0
17 0
18 0
19 0
20 0
21 0
22 0
23 0
24 0
25 0
26 0
27 0
28 0
29 0
30 0
31 0
32 0
33 0
34 0
35 0
36 0
37 0
38 0
39 0
40 0
41 0
42 0
43 0
44 0
45 0
46 0
47 0
48 0
49 0
50 0
51 0
52 0
53 0
54 0
55 0
56 0
57 0
58 0
59 0
60 0
61 0
62 0
63 0
64 0
65 0
66 0
67 0
68 0
69 0
70 0
71 0
72 0
73 0
74 0
75 0
76 0
77 0
78 0
79 0
80 0
81 0
82 0
83 0
84 0
85 0
86 0
87 0
88 0
89 0
90 0
91 0
92 0
93 0
94 0
95 0
96 0
97 0
98 0
99 0
100 0
101 0
102 0
103 0.00121
104 0
105 0
106 0.00121
107 0.00121
108 0
109 0
110 0.00121
111 0.00121
112 0.00121
113 0.00121
114 0.00121
115 0.00121
116 0.00121
117 0.00121
118 0.00121
119 0.00121
120 0.00121
121 0.00121
122 0.00121
123 0.00121
124 0.00121
125 0.00121
126 0.00121
127 0.00121
128 0.00121
129 0.00121
130 0.00121
131 0.00121
132 0.00121
133 0.00121
134 0.00121
135 0.00121
136 0.00121
137 0.00121
138 0.00121
139 0.00121
140 0.00121
141 0.00121
142 0.00121
143 0.00121
144 0.00121
145 0.00121
146 0.00121
147 0.00121
148 0.00121
149 0.00121
150 0.00121
151 0.00121
152 0.00121
153 0.00121
154 0.00121
155 0.00121
156 0.00242
157 0.00242
158 0.00121
159 0.00121
160 0.00121
161 0.00121
162 0.00242
163 0.00121
164 0.00121
165 0.00242
166 0.00242
167 0.00121
168 0.00121
169 0.00121
170 0.00121
171 0.03872
172 0.27225
173 0.16577
174 0.10043
175 0.07381
176 0.06897
177 0.07018
178 0.06655
179 0.07623
180 0.06897
181 0.00968
182 -0.16335
183 -0.06776
184 0.03509
185 -0.02178
186 -0.0242
187 -0.01936
188 -0.02299
189 -0.02178
190 -0.02057
191 -0.01936
192 -0.01936
193 -0.01815
194 -0.01694
195 -0.01573
196 -0.01573
197 -0.01452
198 -0.01331
199 -0.01331
200 -0.0121
201 -0.0121
202 -0.01089
203 -0.01089
204 -0.01089
205 -0.00968
206 -0.00968
207 -0.00847
208 -0.00847
209 -0.00847
210 -0.00847
211 -0.00847
212 -0.00726
213 -0.00726
214 -0.00726
215 -0.00726
216 -0.00726
217 -0.00726
218 -0.00726
219 -0.00726
220 -0.00726
221 -0.00605
222 -0.00605
223 -0.00605
224 -0.00605
225 -0.00605
226 -0.00605
227 -0.00605
228 -0.00605
229 -0.00605
230 -0.00605
231 -0.00605
232 -0.00605
233 -0.00605
234 -0.00605
235 -0.00605
236 -0.00605
237 -0.00605
238 -0.00605
239 -0.00605
240 -0.00605
241 -0.00605
242 -0.00605
243 -0.00605
244 -0.00605
245 -0.00605
246 -0.00605
247 -0.00605
248 -0.00605
249 -0.00605
250 -0.00605
251 -0.00605
252 -0.00605
253 -0.00605
254 -0.00605
255 -0.00605
256 -0.00605
257 -0.00605
258 -0.00605
259 -0.00605
260 -0.00605
261 -0.00605
262 -0.00605
263 -0.00605
264 -0.00605
265 -0.00605
266 -0.00605
267 -0.00605
268 -0.00605
269 -0.00605
270 -0.00605
271 -0.00605
272 -0.00605
273 -0.00605
274 -0.00605
275 -0.00605
276 -0.00605
277 -0.00605
278 -0.00605
279 -0.00605
280 -0.00605
281 -0.00605
282 -0.00605
283 -0.00605
284 -0.00605
285 -0.00605
286 -0.00605
287 -0.00605
288 -0.00605
289 -0.00605
290 -0.00605
291 -0.00605
292 -0.00605
293 -0.00605
294 -0.00605
295 -0.00605
296 -0.00605
297 -0.00605
298 -0.00605
299 -0.00605
300 -0.00605
301 -0.00605
302 -0.00605
303 -0.00605
304 -0.00605
305 -0.00605
306 -0.00605
307 -0.00605
308 -0.00605
309 -0.00605
310 -0.00605
311 -0.00605
312 -0.00605
313 -0.00605
314 -0.00605
315 -0.00605
316 -0.00605
317 -0.00605
318 -0.00605
319 -0.00605
320 -0.00605
321 -0.00605
322 -0.00605
323 -0.00605
324 -0.00605
325 -0.00605
326 -0.00726
327 -0.00605
328 -0.00605
329 -0.00605
330 -0.00605
331 -0.00847
332 -0.29887
333 -0.19239
334 -0.09438
335 -0.08349
336 -0.06897
337 -0.07502
338 -0.06534
339 -0.0726
340 -0.07623
341 -0.07018
342 -0.07502
343 -0.06897
344 -0.0726
345 -0.07018
346 -0.07381
347 -0.07623
348 -0.06413
349 -0.07865
350 -0.06897
351 -0.07139
352 -0.06655
353 -0.06776
354 -0.07381
355 -0.06897
356 -0.07623
357 -0.06776
358 -0.07018
359 -0.0726
360 -0.06776
361 -0.07623
362 -0.06413
363 -0.07018
364 -0.07018
365 -0.06413
366 -0.06897
367 -0.0605
368 -0.07502
369 -0.06171
370 -0.06655
371 -0.07018
372 -0.06171
373 -0.0726
374 -0.06534
375 -0.07381
376 -0.06897
377 -0.06534
378 -0.07018
379 -0.06413
380 -0.07139
381 -0.06655
382 -0.06534
383 -0.07502
384 -0.05929
385 -0.07381
386 -0.06776
387 -0.07381
388 -0.07139
389 -0.06776
390 -0.06897
391 -0.06171
392 -0.07623
393 -0.06534
394 -0.07018
395 -0.07018
396 -0.06534
397 -0.07018
398 -0.06655
399 -0.06413
400 -0.06534
401 -0.06534
402 -0.07381
403 -0.06534
404 -0.06897
405 -0.06413
406 -0.06655
407 -0.07018
408 -0.06776
409 -0.07018
410 -0.07018
411 -0.06534
412 -0.07139
413 -0.06534
414 -0.07381
415 -0.0605
416 -0.07623
417 -0.06534
418 -0.06776
419 -0.07139
420 -0.06534
421 -0.06897
422 -0.06292
423 -0.06897
424 -0.06655
425 -0.06171
426 -0.07139
427 -0.06897
428 -0.06534
429 -0.07018
430 -0.06292
431 -0.06776
432 -0.0605
433 -0.07502
434 -0.06776
435 -0.06897
436 -0.06897
437 -0.06413
438 0.08954
439 0.14641
440 0.05324
441 -0.00484
442 0.02178
443 0.02299
444 0.02178
445 0.02662
446 0.02783
447 0.02783
448 0.02783
449 0.02662
450 0.02662
451 0.02541
452 0.0242
453 0.0242
454 0.02299
455 0.02178
456 0.02178
457 0.02057
458 0.02057
459 0.01936
460 0.01936
461 0.01936
462 0.01815
463 0.01815
464 0.01815
465 0.01815
466 0.01694
467 0.01694
468 0.01694
469 0.01694
470 0.01573
471 0.01573
472 0.01573
473 0.01573
474 0.01573
475 0.01573
476 0.01452
477 0.01452
478 0.01452
479 0.01452
480 0.01452
481 0.01452
482 0.01452
483 0.01452
484 0.01452
485 0.01452
486 0.01452
487 0.01452
488 0.01452
489 0.01452
490 0.01452
491 0.01452
492 0.31944
493 0.20328
494 0.11858
495 0.08591
496 0.06897
497 0.06292
498 0.07139
499 0.06534
500 0.07139
501 0.06534
502 0.07139
503 0.06655
504 0.06655
505 0.0726
506 0.06776
507 0.06897
508 0.0726
509 0.0726
510 0.07018
511 0.06413
512 0.06897
513 0.06655
514 0.06897
515 0.07018
516 0.06171
517 0.07865
518 0.05929
519 0.07502
520 0.06776
521 0.06897
522 0.06776
523 0.06534
524 0.06776
525 0.06292
526 0.07018
527 0.0726
528 0.05808
529 0.07381
530 0.06292
531 0.07018
532 0.06413
533 0.06413
534 0.07502
535 0.06171
536 0.07502
537 0.06292
538 0.05687
539 0.06171
540 0.06292
541 0.07018
542 0.0605
543 0.06534
544 0.06776
545 0.06171
546 0.07018
547 0.06413
548 0.0726
549 0.05929
550 0.06292
551 0.06776
552 0.06171
553 0.07139
554 0.06655
555 0.06534
556 0.06897
557 0.05929
558 0.06776
559 0.06171
560 0.07018
561 0.06534
562 0.06534
563 0.06655
564 0.06292
565 0.07502
566 0.06171
567 0.06897
568 0.06655
569 0.06413
570 0.07502
571 0.06534
572 0.07623
573 0.06897
574 0.05445
575 0.0726
576 0.06413
577 0.06292
578 0.06776
579 0.06655
580 0.07018
581 0.06534
582 0.07381
583 0.06171
584 0.06776
585 0.06534
586 0.06292
587 0.0726
588 0.0605
589 0.07139
590 0.06413
591 0.06776
592 0.06534
593 0.06171
594 0.06655
595 0.06171
596 0.06776
597 0.06171
598 0.06292
599 -0.17182
600 -0.07381
601 -0.00242
602 -0.01331
603 -0.02541
604 -0.02057
605 -0.02299
606 -0.02178
607 -0.02057
608 -0.01936
609 -0.01815
610 -0.01815
611 -0.01694
612 -0.01573
613 -0.01452
614 -0.01452
615 -0.01331
616 -0.0121
617 -0.0121
618 -0.01089
619 -0.01089
620 -0.00968
621 -0.00968
622 -0.00968
623 -0.00847
624 -0.00847
625 -0.00726
626 -0.00726
627 -0.00726
628 -0.00726
629 -0.00605
630 -0.00605
631 -0.00605
632 -0.00605
633 -0.00605
634 -0.00605
635 -0.00605
636 -0.00605
637 -0.00484
638 -0.00484
639 -0.00484
640 -0.00484
641 -0.00484
642 -0.00484
643 -0.00484
644 -0.00484
645 -0.00484
646 -0.00484
647 -0.00484
648 -0.00484
649 -0.00484
650 -0.00484
651 -0.00484
652 -0.50336
653 -0.24442
654 -0.14278
655 -0.07986
656 -0.07139
657 -0.06534
658 -0.06776
659 -0.07018
660 -0.06655
661 -0.06897
662 -0.05808
663 -0.06655
664 -0.06655
665 -0.06534
666 -0.07381
667 -0.06171
668 -0.06534
669 -0.06534
670 -0.06534
671 -0.06292
672 -0.06171
673 -0.07139
674 -0.06534
675 -0.06776
676 -0.0605
677 -0.06655
678 -0.07018
679 -0.06413
680 -0.06413
681 -0.06776
682 -0.05929
683 -0.06655
684 -0.06292
685 -0.06776
686 -0.06413
687 -0.06897
688 -0.06292
689 -0.06171
690 -0.07018
691 -0.06292
692 -0.06292
693 -0.06413
694 -0.05566
695 -0.06776
696 -0.06292
697 -0.0605
698 -0.07018
699 -0.05687
700 -0.0726
701 -0.06413
702 -0.06655
703 -0.0605
704 -0.06776
705 -0.05929
706 -0.05687
707 -0.06655
708 -0.05929
709 -0.06776
710 -0.06292
711 -0.06171
712 -0.06655
713 -0.06292
714 -0.06897
715 -0.06534
716 -0.06292
717 -0.06413
718 -0.05687
719 -0.06655
720 -0.06171
721 -0.06776
722 -0.06171
723 -0.06171
724 -0.06534
725 -0.05929
726 -0.07018
727 -0.06413
728 -0.06413
729 -0.06292
730 -0.06171
731 -0.06897
732 -0.0605
733 -0.06534
734 -0.06655
735 -0.06171
736 -0.06897
737 -0.06413
738 -0.07381
739 -0.06292
740 -0.06776
741 -0.06897
742 -0.0605
743 -0.06413
744 -0.06413
745 -0.06413
746 -0.06171
747 -0.0605
748 -0.06776
749 -0.06292
750 -0.06413
751 -0.0605
752 -0.06292
753 -0.06292
754 -0.06292
755 -0.06655
756 -0.0605
757 -0.06534
758 -0.06534
759 0.2057
760 0.11253
761 0.00726
762 -0.00726
763 0.02299
764 0.02178
765 0.02299
766 0.02662
767 0.02783
768 0.02662
769 0.02662
770 0.02662
771 0.02541
772 0.0242
773 0.0242
774 0.02299
775 0.02178
776 0.02178
777 0.02057
778 0.02057
779 0.01936
780 0.01936
781 0.01936
782 0.01815
783 0.01815
784 0.01815
785 0.01815
786 0.01694
787 0.01694
788 0.01694
789 0.01694
790 0.01573
791 0.01573
792 0.01573
793 0.01573
794 0.01573
795 0.01573
796 0.01452
797 0.01452
798 0.01452
799 0.01452
800 0.01452
801 0.01452
802 0.01452
803 0.01452
804 0.01452
805 0.01452
806 0.01452
807 0.01452
808 0.01452
809 0.01452
810 0.01452
811 0.01452
812 0.17424
813 0.25289
814 0.17182
815 0.0968
816 0.06655
817 0.07139
818 0.07018
819 0.06413
820 0.06655
821 0.06897
822 0.07623
823 0.06292
824 0.06897
825 0.06534
826 0.06655
827 0.06897
828 0.06413
829 0.06534
830 0.06292
831 0.06413
832 0.07139
833 0.06413
834 0.07502
835 0.06655
836 0.07139
837 0.0605
838 0.07018
839 0.0726
840 0.06292
841 0.07139
842 0.0605
843 0.0605
844 0.06292
845 0.06534
846 0.07502
847 0.0605
848 0.06897
849 0.06413
850 0.06534
851 0.05929
852 0.06655
853 0.07018
854 0.06413
855 0.07381
856 0.06776
857 0.06292
858 0.06897
859 0.05566
860 0.07139
861 0.05929
862 0.07018
863 0.06655
864 0.05808
865 0.06776
866 0.06292
867 0.05687
868 0.06534
869 0.06171
870 0.07381
871 0.06655
872 0.06413
873 0.06776
874 0.06534
875 0.06655
876 0.06292
877 0.06413
878 0.06171
879 0.06776
880 0.06171
881 0.05929
882 0.07381
883 0.06171
884 0.06897
885 0.06413
886 0.06534
887 0.06897
888 0.06292
889 0.0726
890 0.05808
891 0.06655
892 0.07018
893 0.06292
894 0.06292
895 0.06171
896 0.07018
897 0.06171
898 0.06292
899 0.07018
900 0.06655
901 0.07381
902 0.06292
903 0.07018
904 0.06655
905 0.05808
906 0.0726
907 0.05929
908 0.06413
909 0.06534
910 0.06292
911 0.05566
912 0.05566
913 0.07018
914 0.06776
915 0.06292
916 0.06655
917 0.06292
918 0.07139
919 -0.25289
920 -0.12221
921 -0.02541
922 0.01331
923 -0.02904
924 -0.01936
925 -0.02299
926 -0.02299
927 -0.02178
928 -0.02057
929 -0.01815
930 -0.01694
931 -0.01694
932 -0.01573
933 -0.01452
934 -0.01452
935 -0.01331
936 -0.0121
937 -0.0121
938 -0.01089
939 -0.01089
940 -0.00968
941 -0.00968
942 -0.00847
943 -0.00847
944 -0.00726
945 -0.00726
946 -0.00726
947 -0.00726
948 -0.00605
949 -0.00605
950 -0.00605
951 -0.00605
952 -0.00605
953 -0.00484
954 -0.00484
955 -0.00484
956 -0.00484
957 -0.00484
958 -0.00484
959 -0.00484
960 -0.00484
961 -0.00484
962 -0.00484
963 -0.00484
964 -0.00484
965 -0.00484
966 -0.00484
967 -0.00484
968 -0.00484
969 -0.00484
970 -0.00484
971 -0.00484
972 -0.00484
973 -0.32428
974 -0.20328
975 -0.12221
976 -0.10285
977 -0.06655
978 -0.06534
979 -0.06655
980 -0.06171
981 -0.07381
982 -0.06413
983 -0.06897
984 -0.06413
985 -0.06655
986 -0.07139
987 -0.06534
988 -0.06534
989 -0.06655
990 -0.06534
991 -0.06897
992 -0.06292
993 -0.06655
994 -0.06534
995 -0.06413
996 -0.06776
997 -0.06534
998 -0.07018
999 -0.05929
1000 -0.07018
1001 -0.0605
1002 -0.06171
1003 -0.06413
1004 -0.05929
1005 -0.07502
1006 -0.0605
1007 -0.07139
1008 -0.06534
1009 -0.06413
1010 -0.07139
1011 -0.06413
1012 -0.06897
1013 -0.06413
1014 -0.06292
1015 -0.05929
1016 -0.05929
1017 -0.06292
1018 -0.06292
1019 -0.06776
1020 -0.06413
1021 -0.06171
1022 -0.06776
1023 -0.06171
1024 -0.06292
1025 -0.06534
1026 -0.06534
1027 -0.07018
1028 -0.06171
1029 -0.06897
1030 -0.06413
1031 -0.06413
1032 -0.06776
1033 -0.0605
1034 -0.06776
1035 -0.05929
1036 -0.06776
1037 -0.0605
1038 -0.06413
1039 -0.06776
1040 -0.05808
1041 -0.06655
1042 -0.06534
1043 -0.06534
1044 -0.06534
1045 -0.06292
1046 -0.06655
1047 -0.06413
1048 -0.07139
1049 -0.0605
1050 -0.06292
1051 -0.0605
1052 -0.0605
1053 -0.06413
1054 -0.05687
1055 -0.06776
1056 -0.06655
1057 -0.06413
1058 -0.06292
1059 -0.05687
1060 -0.06171
1061 -0.06292
1062 -0.05929
1063 -0.07502
1064 -0.06171
1065 -0.06413
1066 -0.06292
1067 -0.06776
1068 -0.06897
1069 -0.06776
1070 -0.06655
1071 -0.06292
1072 -0.07381
1073 -0.06171
1074 -0.06413
1075 -0.06776
1076 -0.06413
1077 -0.06413
1078 -0.06292
1079 -0.06534
1080 0.16093
1081 0.06292
1082 -0.00968
1083 0.02057
1084 0.02662
1085 0.02178
1086 0.0242
1087 0.02783
1088 0.02783
1089 0.02662
1090 0.02662
1091 0.02662
1092 0.02541
1093 0.0242
1094 0.0242
1095 0.02299
1096 0.02178
1097 0.02178
1098 0.02057
1099 0.02057
1100 0.01936
1101 0.01936
1102 0.01815
1103 0.01815
1104 0.01815
1105 0.01815
1106 0.01694
1107 0.01694
1108 0.01694
1109 0.01573
1110 0.01573
1111 0.01573
1112 0.01573
1113 0.01573
1114 0.01573
1115 0.01452
1116 0.01452
1117 0.01452
1118 0.01452
1119 0.01452
1120 0.01452
1121 0.01452
1122 0.01452
1123 0.01452
1124 0.01452
1125 0.01452
1126 0.01452
1127 0.01452
1128 0.01452
1129 0.01452
1130 0.01452
1131 0.01452
1132 0.01331
1133 0.50699
1134 0.23353
1135 0.12221
1136 0.07986
1137 0.07381
1138 0.05929
1139 0.07502
1140 0.06655
1141 0.06292
1142 0.07502
1143 0.0605
1144 0.07139
1145 0.06171
1146 0.06534
1147 0.07744
1148 0.05929
1149 0.06292
1150 0.06655
1151 0.06655
1152 0.06413
1153 0.06534
1154 0.07139
1155 0.06292
1156 0.07139
1157 0.06897
1158 0.06413
1159 0.07018
1160 0.06776
1161 0.0726
1162 0.06534
1163 0.07018
1164 0.06776
1165 0.06292
1166 0.06897
1167 0.0605
1168 0.0726
1169 0.0605
1170 0.06413
1171 0.07381
1172 0.0605
1173 0.06897
1174 0.06413
1175 0.07139
1176 0.06776
1177 0.06897
1178 0.07744
1179 0.07018
1180 0.07139
1181 0.07139
1182 0.06413
1183 0.07018
1184 0.06534
1185 0.06776
1186 0.05929
1187 0.07018
1188 0.06292
1189 0.06292
1190 0.06897
1191 0.06292
1192 0.06897
1193 0.06292
1194 0.06655
1195 0.0726
1196 0.05929
1197 0.06534
1198 0.06534
1199 0.06897
1200 0.06897
1201 0.06776
1202 0.07139
1203 0.05929
1204 0.06776
1205 0.06655
1206 0.06171
1207 0.06292
1208 0.06534
1209 0.07139
1210 0.06534
1211 0.06413
1212 0.06776
1213 0.06655
1214 0.06897
1215 0.06534
1216 0.06897
1217 0.0605
1218 0.07018
1219 0.06655
1220 0.05687
1221 0.07018
1222 0.05687
1223 0.06292
1224 0.06413
1225 0.06534
1226 0.06655
1227 0.06292
1228 0.06776
1229 0.06897
1230 0.06171
1231 0.06776
1232 0.06534
1233 0.06897
1234 0.05808
1235 0.06897
1236 0.07018
1237 0.05808
1238 0.0726
1239 0.06292
1240 -0.21054
1241 -0.09801
1242 -0.00968
1243 0.01089
1244 -0.02783
1245 -0.01815
1246 -0.0242
1247 -0.02299
1248 -0.02178
1249 -0.02057
1250 -0.01936
1251 -0.01815
1252 -0.01694
1253 -0.01573
1254 -0.01573
1255 -0.01452
1256 -0.01331
1257 -0.0121
1258 -0.0121
1259 -0.01089
1260 -0.00968
1261 -0.00968
1262 -0.00968
1263 -0.00847
1264 -0.00847
1265 -0.00847
1266 -0.00726
1267 -0.00726
1268 -0.00726
1269 -0.00605
1270 -0.00605
1271 -0.00605
1272 -0.00605
1273 -0.00605
1274 -0.00605
1275 -0.00484
1276 -0.00484
1277 -0.00484
1278 -0.00484
1279 -0.00484
1280 -0.00484
1281 -0.00484
1282 -0.00484
1283 -0.00484
1284 -0.00484
1285 -0.00484
1286 -0.00484
1287 -0.00484
1288 -0.00484
1289 -0.00484
1290 -0.00484
1291 -0.00484
1292 -0.00484
1293 -0.15367
1294 -0.24321
1295 -0.16335
1296 -0.07744
1297 -0.06413
1298 -0.06776
1299 -0.06292
1300 -0.06897
1301 -0.06776
1302 -0.06413
1303 -0.07018
1304 -0.06655
1305 -0.06534
1306 -0.06776
1307 -0.06655
1308 -0.07139
1309 -0.06171
1310 -0.06413
1311 -0.06171
1312 -0.06534
1313 -0.06413
1314 -0.06655
1315 -0.06292
1316 -0.06413
1317 -0.06413
1318 -0.06292
1319 -0.06776
1320 -0.07018
1321 -0.0605
1322 -0.06897
1323 -0.0605
1324 -0.06292
1325 -0.06534
1326 -0.06534
1327 -0.06897
1328 -0.0605
1329 -0.07018
1330 -0.0605
1331 -0.06413
1332 -0.06413
1333 -0.06413
1334 -0.06776
1335 -0.06776
1336 -0.0605
1337 -0.06292
1338 -0.06413
1339 -0.07018
1340 -0.05324
1341 -0.06655
1342 -0.05929
1343 -0.06655
1344 -0.06534
1345 -0.06413
1346 -0.06534
1347 -0.05566
1348 -0.06776
1349 -0.06655
1350 -0.06413
1351 -0.0726
1352 -0.06776
1353 -0.07139
1354 -0.06655
1355 -0.06171
1356 -0.06534
1357 -0.0605
1358 -0.06776
1359 -0.06655
1360 -0.06655
1361 -0.06897
1362 -0.05929
1363 -0.06776
1364 -0.0605
1365 -0.06655
1366 -0.06655
1367 -0.0605
1368 -0.06413
1369 -0.0605
1370 -0.06413
1371 -0.06413
1372 -0.06413
1373 -0.06897
1374 -0.05445
1375 -0.0605
1376 -0.06292
1377 -0.06776
1378 -0.06534
1379 -0.06413
1380 -0.07018
1381 -0.06413
1382 -0.0726
1383 -0.06776
1384 -0.05445
1385 -0.06534
1386 -0.06413
1387 -0.06655
1388 -0.0605
1389 -0.07381
1390 -0.0726
1391 -0.06655
1392 -0.07139
1393 -0.05687
1394 -0.06897
1395 -0.06655
1396 -0.06292
1397 -0.06534
1398 -0.06171
1399 -0.06897
1400 0.29161
1401 0.12342
1402 0.01573
1403 -0.01694
1404 0.02057
1405 0.02662
1406 0.02178
1407 0.02662
1408 0.02783
1409 0.02783
1410 0.02783
1411 0.02662
1412 0.02541
1413 0.02541
1414 0.0242
1415 0.02299
1416 0.02299
1417 0.02178
1418 0.02178
1419 0.02057
1420 0.02057
1421 0.01936
1422 0.01936
1423 0.01815
1424 0.01815
1425 0.01815
1426 0.01815
1427 0.01694
1428 0.01694
1429 0.01694
1430 0.01694
1431 0.01573
1432 0.01573
1433 0.01573
1434 0.01573
1435 0.01573
1436 0.01573
1437 0.01452
1438 0.01452
1439 0.01452
1440 0.01452
1441 0.01452
1442 0.01452
1443 0.01452
1444 0.01452
1445 0.01452
1446 0.01452
1447 0.01452
1448 0.01452
1449 0.01452
1450 0.01452
1451 0.01452
1452 0.01452
1453 0.04114
1454 0.27467
1455 0.18392
1456 0.10043
1457 0.08833
1458 0.06534
1459 0.0726
1460 0.06776
1461 0.0726
1462 0.05808
1463 0.06897
1464 0.06534
1465 0.06292
1466 0.0726
1467 0.06171
1468 0.06897
1469 0.05929
1470 0.06534
1471 0.0726
1472 0.06534
1473 0.07018
1474 0.06534
1475 0.06171
1476 0.06292
1477 0.06171
1478 0.07018
1479 0.06292
1480 0.07018
1481 0.06897
1482 0.06292
1483 0.0726
1484 0.0605
1485 0.07139
1486 0.06413
1487 0.06171
1488 0.06292
1489 0.05929
1490 0.07018
1491 0.06292
1492 0.06292
1493 0.07139
1494 0.06171
1495 0.07502
1496 0.06171
1497 0.07139
1498 0.06292
1499 0.0605
1500 0.06776
1501 0.06171
1502 0.06534
1503 0.06413
1504 0.0605
1505 0.07139
1506 0.05929
1507 0.07018
1508 0.06292
1509 0.07139
1510 0.06897
1511 0.06655
1512 0.06655
1513 0.0605
1514 0.06897
1515 0.05929
1516 0.06413
1517 0.06897
1518 0.06171
1519 0.06897
1520 0.06171
1521 0.07139
1522 0.06171
1523 0.06413
1524 0.07018
1525 0.06171
1526 0.0726
1527 0.06413
1528 0.06655
1529 0.06292
1530 0.06776
1531 0.06897
1532 0.06292
1533 0.06897
1534 0.06776
1535 0.06171
1536 0.07502
1537 0.06292
1538 0.07139
1539 0.06171
1540 0.06171
1541 0.06534
1542 0.0605
1543 0.06534
1544 0.0605
1545 0.06897
1546 0.06292
1547 0.06292
1548 0.06655
1549 0.06534
1550 0.07139
1551 0.06413
1552 0.06413
1553 0.06534
1554 0.06171
1555 0.07381
1556 0.0605
1557 0.06655
1558 0.07018
1559 0.0605
1560 -0.24805
1561 -0.14641
1562 -0.06413
1563 0.00484
1564 -0.03751
1565 -0.02541
1566 -0.02057
1567 -0.0242
1568 -0.02178
1569 -0.02057
1570 -0.01936
1571 -0.01815
1572 -0.01694
1573 -0.01694
1574 -0.01573
1575 -0.01452
1576 -0.01331
1577 -0.01331
1578 -0.0121
1579 -0.01089
1580 -0.01089
1581 -0.00968
1582 -0.00968
1583 -0.00847
1584 -0.00847
1585 -0.00847
1586 -0.00847
1587 -0.00726
1588 -0.00726
1589 -0.00726
1590 -0.00726
1591 -0.00605
1592 -0.00605
1593 -0.00605
1594 -0.00605
1595 -0.00605
1596 -0.00605
1597 -0.00484
1598 -0.00605
1599 -0.00484
1600 -0.00605
1601 -0.00484
1602 -0.00484
1603 -0.00484
1604 -0.00484
1605 -0.00484
1606 -0.00484
1607 -0.00484
1608 -0.00484
1609 -0.00484
1610 -0.00484
1611 -0.00484
1612 -0.00484
1613 -0.00484
1614 -0.32186
1615 -0.21296
1616 -0.12463
1617 -0.06897
1618 -0.0605
1619 -0.06534
1620 -0.06897
1621 -0.06171
1622 -0.06534
1623 -0.06534
1624 -0.07018
1625 -0.06413
1626 -0.0605
1627 -0.07381
1628 -0.06534
1629 -0.06171
1630 -0.06171
1631 -0.06171
1632 -0.07139
1633 -0.06171
1634 -0.06534
1635 -0.06655
1636 -0.06413
1637 -0.06534
1638 -0.05687
1639 -0.07139
1640 -0.05808
1641 -0.07018
1642 -0.06776
1643 -0.06171
1644 -0.06413
1645 -0.06534
1646 -0.0605
1647 -0.06171
1648 -0.06655
1649 -0.06655
1650 -0.06292
1651 -0.07018
1652 -0.06292
1653 -0.06413
1654 -0.06897
1655 -0.06655
1656 -0.0726
1657 -0.06534
1658 -0.06897
1659 -0.06534
1660 -0.05687
1661 -0.06171
1662 -0.06292
1663 -0.06897
1664 -0.05808
1665 -0.06534
1666 -0.07018
1667 -0.06292
1668 -0.06655
1669 -0.06292
1670 -0.06776
1671 -0.06534
1672 -0.06413
1673 -0.06776
1674 -0.05929
1675 -0.06655
1676 -0.06655
1677 -0.06534
1678 -0.06776
1679 -0.05929
1680 -0.06655
1681 -0.0605
1682 -0.06776
1683 -0.06534
1684 -0.06292
1685 -0.06655
1686 -0.05929
1687 -0.07018
1688 -0.06171
1689 -0.06897
1690 -0.06655
1691 -0.05808
1692 -0.06897
1693 -0.06534
1694 -0.06776
1695 -0.06776
1696 -0.05324
1697 -0.07139
1698 -0.05566
1699 -0.07018
1700 -0.06292
1701 -0.06413
1702 -0.06655
1703 -0.06534
1704 -0.06292
1705 -0.06171
1706 -0.06897
1707 -0.06413
1708 -0.06171
1709 -0.06776
1710 -0.05929
1711 -0.06292
1712 -0.05929
1713 -0.06897
1714 -0.06292
1715 -0.0605
1716 -0.06776
1717 -0.06171
1718 -0.06171
1719 -0.06171
1720 -0.05324
1721 0.18271
1722 0.07139
1723 -0.00605
1724 0.01694
1725 0.0242
1726 0.02178
1727 0.02541
1728 0.02662
1729 0.02783
1730 0.02783
1731 0.02662
1732 0.02541
1733 0.0242
1734 0.0242
1735 0.0242
1736 0.02299
1737 0.02178
1738 0.02178
1739 0.02057
1740 0.02057
1741 0.01936
1742 0.01936
1743 0.01936
1744 0.01815
1745 0.01815
1746 0.01815
1747 0.01694
1748 0.01694
1749 0.01694
1750 0.01694
1751 0.01573
1752 0.01573
1753 0.01573
1754 0.01573
1755 0.01573
1756 0.01573
1757 0.01573
1758 0.01452
1759 0.01452
1760 0.01452
1761 0.01452
1762 0.01452
1763 0.01452
1764 0.01452
1765 0.01452
1766 0.01452
1767 0.01452
1768 0.01452
1769 0.01452
1770 0.01452
1771 0.01452
1772 0.01452
1773 0.01452
1774 0.49126
1775 0.23837
1776 0.13794
1777 0.08833
1778 0.06897
1779 0.06655
1780 0.06413
1781 0.07018
1782 0.06776
1783 0.07139
1784 0.05929
1785 0.07018
1786 0.06776
1787 0.06413
1788 0.07502
1789 0.0605
1790 0.06776
1791 0.06776
1792 0.06534
1793 0.06292
1794 0.06171
1795 0.0726
1796 0.06292
1797 0.06292
1798 0.06897
1799 0.06655
1800 0.06897
1801 0.06171
1802 0.06655
1803 0.06776
1804 0.0605
1805 0.06413
1806 0.06776
1807 0.06534
1808 0.06413
1809 0.06413
1810 0.06897
1811 0.06413
1812 0.07381
1813 0.06413
1814 0.06413
1815 0.06655
1816 0.05808
1817 0.07381
1818 0.06413
1819 0.06776
1820 0.06897
1821 0.06776
1822 0.07139
1823 0.06776
1824 0.06655
1825 0.06292
1826 0.06776
1827 0.06897
1828 0.05566
1829 0.06171
1830 0.05929
1831 0.06897
1832 0.06292
1833 0.07139
1834 0.06776
1835 0.06776
1836 0.07139
1837 0.06534
1838 0.06292
1839 0.06776
1840 0.05929
1841 0.06655
1842 0.06292
1843 0.06776
1844 0.06897
1845 0.0605
1846 0.06897
1847 0.05808
1848 0.06776
1849 0.06292
1850 0.06413
1851 0.06655
1852 0.06292
1853 0.06655
1854 0.06292
1855 0.06534
1856 0.06413
1857 0.06897
1858 0.06776
1859 0.05566
1860 0.06655
1861 0.06292
1862 0.06655
1863 0.06897
1864 0.06171
1865 0.06413
1866 0.06292
1867 0.06655
1868 0.06413
1869 0.0605
1870 0.06776
1871 0.06534
1872 0.06776
1873 0.06292
1874 0.06897
1875 0.05929
1876 0.06292
1877 0.06655
1878 0.07018
1879 0.06534
1880 0.06776
1881 -0.21538
1882 -0.10769
1883 -0.01694
1884 0.0121
1885 -0.02299
1886 -0.01815
1887 -0.02541
1888 -0.02178
1889 -0.02178
1890 -0.02057
1891 -0.01936
1892 -0.01815
1893 -0.01694
1894 -0.01573
1895 -0.01452
1896 -0.01452
1897 -0.01331
1898 -0.0121
1899 -0.0121
1900 -0.01089
1901 -0.01089
1902 -0.00968
1903 -0.00847
1904 -0.00847
1905 -0.00847
1906 -0.00847
1907 -0.00726
1908 -0.00726
1909 -0.00726
1910 -0.00605
1911 -0.00605
1912 -0.00605
1913 -0.00605
1914 -0.00605
1915 -0.00605
1916 -0.00605
1917 -0.00484
1918 -0.00484
1919 -0.00484
1920 -0.00484
1921 -0.00484
1922 -0.00484
1923 -0.00484
1924 -0.00484
1925 -0.00484
1926 -0.00484
1927 -0.00484
1928 -0.00484
1929 -0.00484
1930 -0.00484
1931 -0.00484
1932 -0.00484
1933 -0.00484
1934 -0.26015
1935 -0.26741
1936 -0.16698
1937 -0.09922
1938 -0.06413
1939 -0.06413
1940 -0.06776
1941 -0.06292
1942 -0.07139
1943 -0.06534
1944 -0.06776
1945 -0.06413
1946 -0.06776
1947 -0.06655
1948 -0.06413
1949 -0.07139
1950 -0.06413
1951 -0.07018
1952 -0.06655
1953 -0.06413
1954 -0.06897
1955 -0.05929
1956 -0.06171
1957 -0.06534
1958 -0.06413
1959 -0.06776
1960 -0.0605
1961 -0.06534
1962 -0.05929
1963 -0.06413
1964 -0.06292
1965 -0.0605
1966 -0.0726
1967 -0.06171
1968 -0.07018
1969 -0.06292
1970 -0.06171
1971 -0.07018
1972 -0.0605
1973 -0.0726
1974 -0.06171
1975 -0.06534
1976 -0.06655
1977 -0.05929
1978 -0.06655
1979 -0.05929
1980 -0.07018
1981 -0.05929
1982 -0.06534
1983 -0.06534
1984 -0.0605
1985 -0.06413
1986 -0.05808
1987 -0.0605
1988 -0.06413
1989 -0.06534
1990 -0.06534
1991 -0.05687
1992 -0.06413
1993 -0.05929
1994 -0.0605
1995 -0.06413
1996 -0.05687
1997 -0.06897
1998 -0.06292
1999 -0.06171
2000 -0.06413
2001 -0.06413
2002 -0.06776
2003 -0.05687
2004 -0.06776
2005 -0.06292
2006 -0.05929
2007 -0.06776
2008 -0.0605
2009 -0.06534
2010 -0.0605
2011 -0.05808
2012 -0.0605
2013 -0.05687
2014 -0.06776
2015 -0.05324
2016 -0.07139
2017 -0.06413
2018 -0.05808
2019 -0.06655
2020 -0.06292
2021 -0.06897
2022 -0.06171
2023 -0.05808
2024 -0.06171
2025 -0.05324
2026 -0.06655
2027 -0.05687
2028 -0.06171
2029 -0.0605
2030 -0.06171
2031 -0.06171
2032 -0.05687
2033 -0.06655
2034 -0.06413
2035 -0.06171
2036 -0.06171
2037 -0.05808
2038 -0.07139
2039 -0.05929
2040 -0.06292
2041 0.30492
2042 0.13431
2043 0.04114
2044 -0.01815
2045 0.02299
2046 0.0242
2047 0.02178
2048 0.02662
2049 0.02662
2050 0.02783
2051 0.02662
2052 0.02662
2053 0.02541
2054 0.0242
2055 0.0242
2056 0.02299
2057 0.02178
2058 0.02178
2059 0.02057
2060 0.02057
2061 0.01936
2062 0.01936
2063 0.01936
2064 0.01815
2065 0.01815
2066 0.01815
2067 0.01694
2068 0.01694
2069 0.01694
2070 0.01694
2071 0.01573
2072 0.01573
2073 0.01573
2074 0.01573
2075 0.01573
2076 0.01573
2077 0.01452
2078 0.01452
2079 0.01452
2080 0.01452
2081 0.01452
2082 0.01452
2083 0.01452
2084 0.01452
2085 0.01452
2086 0.01452
2087 0.01331
2088 0.01452
2089 0.01452
2090 0.01331
2091 0.01331
2092 0.01452
2093 0.01331
2094 0.01331
2095 0.31823
2096 0.21296
2097 0.10406
2098 0.08349
2099 0.06292
2100 0.06897
2101 0.07018
2102 0.06292
2103 0.06897
2104 0.06655
2105 0.07139
2106 0.06292
2107 0.06413
2108 0.07139
2109 0.06413
2110 0.0726
2111 0.06534
2112 0.06292
2113 0.06897
2114 0.05929
2115 0.06534
2116 0.06292
2117 0.06897
2118 0.06534
2119 0.06171
2120 0.07018
2121 0.05929
2122 0.0726
2123 0.06776
2124 0.0605
2125 0.06171
2126 0.06413
2127 0.07381
2128 0.06292
2129 0.07381
2130 0.0726
2131 0.06292
2132 0.07139
2133 0.06413
2134 0.06776
2135 0.07018
2136 0.06413
2137 0.07018
2138 0.06171
2139 0.06413
2140 0.06534
2141 0.07502
2142 0.06413
2143 0.06171
2144 0.06897
2145 0.0605
2146 0.06413
2147 0.07139
2148 0.06534
2149 0.06776
2150 0.06292
2151 0.06776
2152 0.06897
2153 0.06171
2154 0.06897
2155 0.0605
2156 0.06655
2157 0.06171
2158 0.07018
2159 0.06655
2160 0.0605
2161 0.06897
2162 0.05808
2163 0.06897
2164 0.06534
2165 0.06292
2166 0.06655
2167 0.0605
2168 0.0726
2169 0.06655
2170 0.07139
2171 0.06655
2172 0.05929
2173 0.06776
2174 0.06171
2175 0.06413
2176 0.05566
2177 0.06413
2178 0.06897
2179 0.06171
2180 0.06534
2181 0.06776
2182 0.06413
2183 0.05929
2184 0.06655
2185 0.07139
2186 0.05929
2187 0.06413
2188 0.06413
2189 0.06292
2190 0.07018
2191 0.0605
2192 0.0726
2193 0.06171
2194 0.0605
2195 0.0726
2196 0.05687
2197 0.06897
2198 0.05929
2199 0.06776
2200 0.06292
2201 0.0242
2202 -0.17545
2203 -0.06897
2204 -0.00726
2205 -0.01331
2206 -0.04114
2207 -0.01936
2208 -0.0242
2209 -0.02178
2210 -0.02178
2211 -0.01936
2212 -0.01815
2213 -0.01815
2214 -0.01694
2215 -0.01573
2216 -0.01452
2217 -0.01331
2218 -0.01331
2219 -0.0121
2220 -0.0121
2221 -0.01089
2222 -0.00968
2223 -0.00968
2224 -0.00847
2225 -0.00847
2226 -0.00847
2227 -0.00847
2228 -0.00726
2229 -0.00726
2230 -0.00605
2231 -0.00605
2232 -0.00605
2233 -0.00605
2234 -0.00605
2235 -0.00605
2236 -0.00484
2237 -0.00484
2238 -0.00484
2239 -0.00484
2240 -0.00484
2241 -0.00484
2242 -0.00484
2243 -0.00484
2244 -0.00484
2245 -0.00484
2246 -0.00484
2247 -0.00484
2248 -0.00484
2249 -0.00484
2250 -0.00484
2251 -0.00484
2252 -0.00484
2253 -0.00363
2254 -0.00363
2255 -0.40172
2256 -0.24079
2257 -0.14883
2258 -0.08107
2259 -0.06292
2260 -0.06776
2261 -0.0605
2262 -0.06897
2263 -0.06534
2264 -0.06776
2265 -0.0605
2266 -0.06292
2267 -0.06413
2268 -0.05808
2269 -0.06897
2270 -0.06413
2271 -0.07018
2272 -0.06655
2273 -0.05929
2274 -0.06171
2275 -0.06171
2276 -0.06292
2277 -0.06534
2278 -0.06413
2279 -0.06776
2280 -0.05929
2281 -0.06897
2282 -0.05808
2283 -0.06171
2284 -0.06655
2285 -0.06534
2286 -0.06413
2287 -0.06413
2288 -0.0605
2289 -0.06413
2290 -0.06413
2291 -0.06776
2292 -0.05687
2293 -0.06534
2294 -0.05566
2295 -0.06534
2296 -0.06534
2297 -0.06413
2298 -0.06534
2299 -0.06292
2300 -0.06413
2301 -0.07018
2302 -0.06655
2303 -0.07381
2304 -0.06171
2305 -0.06292
2306 -0.06292
2307 -0.06655
2308 -0.07018
2309 -0.06413
2310 -0.06171
2311 -0.0605
2312 -0.06776
2313 -0.06171
2314 -0.0605
2315 -0.06655
2316 -0.05808
2317 -0.06655
2318 -0.06413
2319 -0.05808
2320 -0.06413
2321 -0.06413
2322 -0.06655
2323 -0.06413
2324 -0.06776
2325 -0.05929
2326 -0.05929
2327 -0.06776
2328 -0.05445
2329 -0.06776
2330 -0.06413
2331 -0.0605
2332 -0.06171
2333 -0.06171
2334 -0.06534
2335 -0.05324
2336 -0.06655
2337 -0.06776
2338 -0.0605
2339 -0.06171
2340 -0.05687
2341 -0.07381
2342 -0.05687
2343 -0.06171
2344 -0.05808
2345 -0.05808
2346 -0.06171
2347 -0.0605
2348 -0.06292
2349 -0.0605
2350 -0.05808
2351 -0.06292
2352 -0.0605
2353 -0.06413
2354 -0.05687
2355 -0.06292
2356 -0.06534
2357 -0.05929
2358 -0.06534
2359 -0.05687
2360 -0.06413
2361 -0.06534
2362 0.19844
2363 0.0968
2364 -0.00363
2365 -0.00968
2366 0.02299
2367 0.02299
2368 0.0242
2369 0.02783
2370 0.02783
2371 0.02783
2372 0.02662
2373 0.02662
2374 0.02541
2375 0.0242
2376 0.0242
2377 0.02299
2378 0.02178
2379 0.02178
2380 0.02057
2381 0.02057
2382 0.01936
2383 0.01936
2384 0.01936
2385 0.01815
2386 0.01815
2387 0.01815
2388 0.01694
2389 0.01694
2390 0.01694
2391 0.01694
2392 0.01573
2393 0.01573
2394 0.01573
2395 0.01573
2396 0.01573
2397 0.01452
2398 0.01452
2399 0.01452
2400 0.01452
2401 0.01452
2402 0.01452
2403 0.01452
2404 0.01452
2405 0.01452
2406 0.01452
2407 0.01452
2408 0.01452
2409 0.01452
2410 0.01452
2411 0.01452
2412 0.01452
2413 0.01331
2414 0.01452
2415 0.3025
2416 0.25894
2417 0.15367
2418 0.09075
2419 0.06776
2420 0.0726
2421 0.06171
2422 0.07139
2423 0.06413
2424 0.06655
2425 0.07018
2426 0.06413
2427 0.06776
2428 0.06413
2429 0.06897
2430 0.07018
2431 0.06292
2432 0.06776
2433 0.0605
2434 0.07139
2435 0.06655
2436 0.06534
2437 0.05929
2438 0.06534
2439 0.06776
2440 0.06292
2441 0.06897
2442 0.07381
2443 0.06413
2444 0.07139
2445 0.06655
2446 0.06413
2447 0.06413
2448 0.06413
2449 0.07381
2450 0.06171
2451 0.07018
2452 0.06534
2453 0.06655
2454 0.07139
2455 0.06534
2456 0.07018
2457 0.06776
2458 0.06534
2459 0.06292
2460 0.06413
2461 0.06655
2462 0.05929
2463 0.07018
2464 0.05929
2465 0.07018
2466 0.06897
2467 0.05808
2468 0.06897
2469 0.05445
2470 0.07018
2471 0.06776
2472 0.06292
2473 0.07381
2474 0.0605
2475 0.06897
2476 0.06776
2477 0.06655
2478 0.06776
2479 0.06292
2480 0.0726
2481 0.06171
2482 0.06655
2483 0.06897
2484 0.06413
2485 0.07381
2486 0.06413
2487 0.06776
2488 0.06655
2489 0.06292
2490 0.06655
2491 0.0605
2492 0.07018
2493 0.06171
2494 0.06655
2495 0.07018
2496 0.06413
2497 0.07139
2498 0.05929
2499 0.06534
2500 0.06655
2501 0.05929
2502 0.06413
2503 0.06292
2504 0.06534
2505 0.05687
2506 0.07018
2507 0.06292
2508 0.06292
2509 0.06534
2510 0.0605
2511 0.06776
2512 0.06413
2513 0.06776
2514 0.06171
2515 0.05445
2516 0.06776
2517 0.06776
2518 0.06292
2519 0.06413
2520 0.0605
2521 0.06776
2522 -0.242
2523 -0.12342
2524 -0.03025
2525 0.01089
2526 -0.0242
2527 -0.02057
2528 -0.0242
2529 -0.02299
2530 -0.02178
2531 -0.02057
2532 -0.01936
2533 -0.01815
2534 -0.01694
2535 -0.01694
2536 -0.01573
2537 -0.01452
2538 -0.01331
2539 -0.01331
2540 -0.0121
2541 -0.01089
2542 -0.01089
2543 -0.01089
2544 -0.00968
2545 -0.00847
2546 -0.00847
2547 -0.00847
2548 -0.00726
2549 -0.00726
2550 -0.00726
2551 -0.00726
2552 -0.00726
2553 -0.00605
2554 -0.00605
2555 -0.00605
2556 -0.00605
2557 -0.00605
2558 -0.00605
2559 -0.00605
2560 -0.00484
2561 -0.00484
2562 -0.00484
2563 -0.00484
2564 -0.00484
2565 -0.00484
2566 -0.00484
2567 -0.00484
2568 -0.00484
2569 -0.00484
2570 -0.00484
2571 -0.00484
2572 -0.00484
2573 -0.00484
2574 -0.00484
2575 -0.00726
2576 -0.27467
2577 -0.16698
2578 -0.10527
2579 -0.06655
2580 -0.06171
2581 -0.06897
2582 -0.06413
2583 -0.07018
2584 -0.06776
2585 -0.06897
2586 -0.06534
2587 -0.06897
2588 -0.06776
2589 -0.06171
2590 -0.0726
2591 -0.06171
2592 -0.06413
2593 -0.06897
2594 -0.05929
2595 -0.07018
2596 -0.06292
2597 -0.06413
2598 -0.06292
2599 -0.05687
2600 -0.06897
2601 -0.0605
2602 -0.06776
2603 -0.06413
2604 -0.05929
2605 -0.07018
2606 -0.0605
2607 -0.07018
2608 -0.05929
2609 -0.05808
2610 -0.06655
2611 -0.05566
2612 -0.06776
2613 -0.05808
2614 -0.06534
2615 -0.06655
2616 -0.06171
2617 -0.06776
2618 -0.0605
2619 -0.06655
2620 -0.06171
2621 -0.06655
2622 -0.06292
2623 -0.0605
2624 -0.06413
2625 -0.0605
2626 -0.07018
2627 -0.06534
2628 -0.05929
2629 -0.06655
2630 -0.05445
2631 -0.06897
2632 -0.0605
2633 -0.06171
2634 -0.05929
2635 -0.05929
2636 -0.06897
2637 -0.06171
2638 -0.06655
2639 -0.06171
2640 -0.05929
2641 -0.06655
2642 -0.05929
2643 -0.06655
2644 -0.06534
2645 -0.06292
2646 -0.06897
2647 -0.05929
2648 -0.06897
2649 -0.05566
2650 -0.0605
2651 -0.06655
2652 -0.0605
2653 -0.06534
2654 -0.05687
2655 -0.06534
2656 -0.06655
2657 -0.06292
2658 -0.06171
2659 -0.05687
2660 -0.06776
2661 -0.06292
2662 -0.05929
2663 -0.05929
2664 -0.06413
2665 -0.06171
2666 -0.05929
2667 -0.06292
2668 -0.05566
2669 -0.05687
2670 -0.06534
2671 -0.06171
2672 -0.05929
2673 -0.06655
2674 -0.06171
2675 -0.06534
2676 -0.05929
2677 -0.06292
2678 -0.06413
2679 -0.0605
2680 -0.06292
2681 -0.06292
2682 0.40414
2683 0.14036
2684 0.05203
2685 -0.01573
2686 0.03146
2687 0.0242
2688 0.02178
2689 0.02662
2690 0.02662
2691 0.02783
2692 0.02662
2693 0.02662
2694 0.02541
2695 0.02541
2696 0.0242
2697 0.02299
2698 0.02299
2699 0.02178
2700 0.02178
2701 0.02057
2702 0.02057
2703 0.01936
2704 0.01936
2705 0.01815
2706 0.01815
2707 0.01815
2708 0.01694
2709 0.01694
2710 0.01694
2711 0.01694
2712 0.01573
2713 0.01573
2714 0.01573
2715 0.01573
2716 0.01573
2717 0.01573
2718 0.01573
2719 0.01452
2720 0.01452
2721 0.01452
2722 0.01452
2723 0.01452
2724 0.01452
2725 0.01452
2726 0.01452
2727 0.01452
2728 0.01452
2729 0.01452
2730 0.01452
2731 0.01452
2732 0.01452
2733 0.01452
2734 0.01452
2735 0.01452
2736 0.30492
2737 0.19481
2738 0.10769
2739 0.07139
2740 0.06292
2741 0.07139
2742 0.07139
2743 0.07381
2744 0.07018
2745 0.06413
2746 0.07018
2747 0.06292
2748 0.06897
2749 0.06292
2750 0.06776
2751 0.0726
2752 0.07139
2753 0.06534
2754 0.07018
2755 0.05808
2756 0.07018
2757 0.06534
2758 0.06897
2759 0.06413
2760 0.06776
2761 0.06413
2762 0.05929
2763 0.06776
2764 0.06292
2765 0.06292
2766 0.06655
2767 0.05687
2768 0.07018
2769 0.06171
2770 0.06655
2771 0.06534
2772 0.06655
2773 0.07018
2774 0.0605
2775 0.06776
2776 0.06413
2777 0.06534
2778 0.0605
2779 0.06292
2780 0.06534
2781 0.06171
2782 0.06897
2783 0.06292
2784 0.06292
2785 0.06776
2786 0.06292
2787 0.06897
2788 0.06534
2789 0.06534
2790 0.06776
2791 0.0605
2792 0.06655
2793 0.06292
2794 0.06413
2795 0.06534
2796 0.06171
2797 0.06897
2798 0.06171
2799 0.06655
2800 0.0605
2801 0.06897
2802 0.06413
2803 0.06292
2804 0.06534
2805 0.05929
2806 0.06897
2807 0.06655
2808 0.06534
2809 0.06534
2810 0.06534
2811 0.06897
2812 0.06413
2813 0.07018
2814 0.06413
2815 0.06292
2816 0.06655
2817 0.06171
2818 0.06897
2819 0.06171
2820 0.06534
2821 0.07139
2822 0.06171
2823 0.06655
2824 0.06413
2825 0.06776
2826 0.06534
2827 0.05929
2828 0.07018
2829 0.0605
2830 0.06292
2831 0.0605
2832 0.06413
2833 0.06897
2834 0.06171
2835 0.06897
2836 0.06292
2837 0.06897
2838 0.06655
2839 0.06776
2840 0.06655
2841 0.05566
2842 0.04356
2843 -0.16456
2844 -0.07139
2845 -0.00363
2846 -0.0242
2847 -0.02904
2848 -0.01936
2849 -0.0242
2850 -0.02178
2851 -0.02057
2852 -0.02057
2853 -0.01815
2854 -0.01815
2855 -0.01694
2856 -0.01573
2857 -0.01452
2858 -0.01331
2859 -0.01331
2860 -0.0121
2861 -0.01089
2862 -0.01089
2863 -0.00968
2864 -0.00968
2865 -0.00968
2866 -0.00847
2867 -0.00847
2868 -0.00726
2869 -0.00726
2870 -0.00726
2871 -0.00726
2872 -0.00605
2873 -0.00605
2874 -0.00605
2875 -0.00605
2876 -0.00605
2877 -0.00605
2878 -0.00605
2879 -0.00484
2880 -0.00484
2881 -0.00484
2882 -0.00484
2883 -0.00484
2884 -0.00484
2885 -0.00484
2886 -0.00484
2887 -0.00484
2888 -0.00484
2889 -0.00484
2890 -0.00484
2891 -0.00484
2892 -0.00484
2893 -0.00484
2894 -0.00484
2895 -0.00484
2896 -0.38599
2897 -0.21538
2898 -0.1331
2899 -0.07623
2900 -0.07865
2901 -0.0605
2902 -0.06776
2903 -0.06897
2904 -0.06534
2905 -0.06776
2906 -0.06292
2907 -0.06776
2908 -0.06413
2909 -0.06171
2910 -0.06655
2911 -0.06413
2912 -0.06171
2913 -0.0605
2914 -0.06534
2915 -0.07381
2916 -0.0605
2917 -0.06776
2918 -0.06292
2919 -0.06776
2920 -0.06171
2921 -0.0726
2922 -0.06776
2923 -0.0605
2924 -0.0726
2925 -0.05808
2926 -0.06897
2927 -0.05929
2928 -0.05929
2929 -0.06655
2930 -0.05445
2931 -0.06655
2932 -0.06292
2933 -0.06413
2934 -0.06534
2935 -0.05687
2936 -0.06534
2937 -0.0605
2938 -0.07018
2939 -0.06171
2940 -0.06171
2941 -0.06171
2942 -0.05566
2943 -0.06534
2944 -0.05929
2945 -0.06413
2946 -0.06655
2947 -0.06413
2948 -0.06534
2949 -0.05929
2950 -0.06776
2951 -0.06171
2952 -0.06171
2953 -0.06534
2954 -0.0605
2955 -0.06776
2956 -0.0605
2957 -0.06292
2958 -0.06413
2959 -0.06171
2960 -0.06413
2961 -0.0605
2962 -0.06897
2963 -0.06413
2964 -0.05929
2965 -0.06292
2966 -0.0605
2967 -0.06534
2968 -0.06655
2969 -0.06413
2970 -0.06413
2971 -0.05929
2972 -0.06776
2973 -0.06171
2974 -0.06413
2975 -0.06413
2976 -0.0605
2977 -0.06655
2978 -0.05445
2979 -0.06292
2980 -0.06171
2981 -0.0605
2982 -0.05929
2983 -0.05566
2984 -0.06897
2985 -0.06292
2986 -0.0605
2987 -0.06655
2988 -0.06171
2989 -0.06776
2990 -0.06292
2991 -0.07018
2992 -0.0605
2993 -0.0605
2994 -0.06655
2995 -0.06171
2996 -0.06776
2997 -0.06171
2998 -0.06171
2999 -0.06171
3000 -0.0605
3001 -0.06897
3002 -0.06171
3003 0.18271
3004 0.09438
3005 0.00242
3006 0.00484
3007 0.0242
3008 0.02299
3009 0.0242
3010 0.02662
3011 0.02662
3012 0.02783
3013 0.02662
3014 0.02541
3015 0.02541
3016 0.0242
3017 0.0242
3018 0.02299
3019 0.02178
3020 0.02178
3021 0.02057
3022 0.02057
3023 0.01936
3024 0.01936
3025 0.01815
3026 0.01815
3027 0.01815
3028 0.01815
3029 0.01694
3030 0.01694
3031 0.01694
3032 0.01694
3033 0.01573
3034 0.01573
3035 0.01573
3036 0.01573
3037 0.01573
3038 0.01452
3039 0.01573
3040 0.01452
3041 0.01452
3042 0.01452
3043 0.01452
3044 0.01452
3045 0.01452
3046 0.01452
3047 0.01452
3048 0.01452
3049 0.01452
3050 0.01452
3051 0.01452
3052 0.01452
3053 0.01452
3054 0.01452
3055 0.01452
3056 0.49852
3057 0.242
3058 0.15004
3059 0.0847
3060 0.06776
3061 0.07018
3062 0.06171
3063 0.07139
3064 0.06292
3065 0.0726
3066 0.07139
3067 0.06655
3068 0.07502
3069 0.06413
3070 0.06897
3071 0.06655
3072 0.06776
3073 0.06655
3074 0.06292
3075 0.06897
3076 0.06292
3077 0.06897
3078 0.05929
3079 0.06534
3080 0.06655
3081 0.0605
3082 0.06655
3083 0.06171
3084 0.06292
3085 0.06534
3086 0.06534
3087 0.06776
3088 0.06413
3089 0.07502
3090 0.06413
3091 0.06171
3092 0.0726
3093 0.06413
3094 0.06171
3095 0.06534
3096 0.06413
3097 0.06292
3098 0.06534
3099 0.06534
3100 0.06171
3101 0.06655
3102 0.06655
3103 0.05687
3104 0.05929
3105 0.05687
3106 0.0726
3107 0.06413
3108 0.06776
3109 0.06534
3110 0.05445
3111 0.06897
3112 0.06655
3113 0.06413
3114 0.06413
3115 0.05808
3116 0.0726
3117 0.06292
3118 0.06413
3119 0.06655
3120 0.06413
3121 0.06655
3122 0.06292
3123 0.06655
3124 0.06171
3125 0.06897
3126 0.06413
3127 0.05929
3128 0.07018
3129 0.05445
3130 0.06534
3131 0.06534
3132 0.05808
3133 0.06413
3134 0.05929
3135 0.06776
3136 0.0605
3137 0.06292
3138 0.06171
3139 0.06171
3140 0.06534
3141 0.05808
3142 0.06776
3143 0.06776
3144 0.05808
3145 0.06655
3146 0.05808
3147 0.07018
3148 0.06292
3149 0.06534
3150 0.07139
3151 0.05808
3152 0.06292
3153 0.05445
3154 0.06897
3155 0.06776
3156 0.05566
3157 0.06776
3158 0.05929
3159 0.0726
3160 0.06171
3161 0.06413
3162 0.06776
3163 -0.26257
3164 -0.12463
3165 -0.02904
3166 0.01331
3167 -0.02299
3168 -0.02178
3169 -0.0242
3170 -0.02299
3171 -0.02178
3172 -0.02057
3173 -0.01815
3174 -0.01936
3175 -0.01694
3176 -0.01573
3177 -0.01694
3178 -0.00484
3179 -0.0121
3180 -0.00968
3181 -0.00847
3182 -0.00847
3183 -0.00726
3184 -0.00605
3185 -0.00605
3186 -0.00484
3187 -0.00484
3188 -0.00363
3189 -0.00363
3190 -0.00242
3191 -0.00242
3192 -0.00242
3193 -0.00242
3194 -0.00242
3195 -0.00121
3196 -0.00121
3197 -0.00121
3198 -0.00121
3199 -0.00121
3200 -0.00121
3201 0
3202 -0.00121
3203 -0.00121
3204 -0.00121
3205 -0.00121
3206 0
3207 0
3208 0
3209 0
3210 0
3211 0
3212 0
3213 0
3214 0
3215 0
3216 -0.00121
3217 -0.26862
3218 -0.16214
3219 -0.10043
3220 -0.07381
3221 -0.06776
3222 -0.06171
3223 -0.06897
3224 -0.06534
3225 -0.05808
3226 -0.06776
3227 -0.06292
3228 -0.07139
3229 -0.06655
3230 -0.0605
3231 -0.06534
3232 -0.06292
3233 -0.0726
3234 -0.06897
3235 -0.0605
3236 -0.07018
3237 -0.06413
3238 -0.05929
3239 -0.06534
3240 -0.05808
3241 -0.07139
3242 -0.0605
3243 -0.06897
3244 -0.06292
3245 -0.06655
3246 -0.06776
3247 -0.0605
3248 -0.06292
3249 -0.05808
3250 -0.05687
3251 -0.06655
3252 -0.05929
3253 -0.06655
3254 -0.05929
3255 -0.07018
3256 -0.05808
3257 -0.06413
3258 -0.06534
3259 -0.0605
3260 -0.06292
3261 -0.05808
3262 -0.06534
3263 -0.06413
3264 -0.05929
3265 -0.06292
3266 -0.06171
3267 -0.06292
3268 -0.06534
3269 -0.06171
3270 -0.06534
3271 -0.05687
3272 -0.06897
3273 -0.06292
3274 -0.06292
3275 -0.06776
3276 -0.05929
3277 -0.0605
3278 -0.0605
3279 -0.06776
3280 -0.06171
3281 -0.05929
3282 -0.06534
3283 -0.05929
3284 -0.06776
3285 -0.06534
3286 -0.06171
3287 -0.06655
3288 -0.05808
3289 -0.06897
3290 -0.06171
3291 -0.06171
3292 -0.06171
3293 -0.06413
3294 -0.06534
3295 -0.05929
3296 -0.06292
3297 -0.0605
3298 -0.06534
3299 -0.0605
3300 -0.0605
3301 -0.06292
3302 -0.05929
3303 -0.06413
3304 -0.05808
3305 -0.06413
3306 -0.06292
3307 -0.06534
3308 -0.06413
3309 -0.06171
3310 -0.05808
3311 -0.06413
3312 -0.05687
3313 -0.07018
3314 -0.05324
3315 -0.06292
3316 -0.06413
3317 -0.05808
3318 -0.06776
3319 -0.05808
3320 -0.06413
3321 -0.06413
3322 -0.06171
3323 0.40535
3324 0.14399
3325 0.03751
3326 -0.0121
3327 0.02178
3328 0.02541
3329 0.02299
3330 0.02662
3331 0.02783
3332 0.02662
3333 0.02662
3334 0.02662
3335 0.02541
3336 0.02541
3337 0.0242
3338 0.02299
3339 0.02299
3340 0.02178
3341 0.02178
3342 0.02057
3343 0.02057
3344 0.01936
3345 0.01936
3346 0.01815
3347 0.01815
3348 0.01815
3349 0.01815
3350 0.01694
3351 0.01694
3352 0.01694
3353 0.01573
3354 0.01573
3355 0.01573
3356 0.01573
3357 0.01573
3358 0.01573
3359 0.01573
3360 0.01452
3361 0.01452
3362 0.01452
3363 0.01452
3364 0.01452
3365 0.01452
3366 0.01452
3367 0.01452
3368 0.01452
3369 0.01452
3370 0.01452
3371 0.01452
3372 0.01452
3373 0.01452
3374 0.01452
3375 0.01452
3376 0.01452
3377 0.32912
3378 0.21417
3379 0.11132
3380 0.07986
3381 0.06171
3382 0.06534
3383 0.07018
3384 0.06171
3385 0.07018
3386 0.06534
3387 0.06655
3388 0.07502
3389 0.0605
3390 0.07139
3391 0.0605
3392 0.06655
3393 0.07018
3394 0.06413
3395 0.06897
3396 0.05808
3397 0.06413
3398 0.0605
3399 0.06292
3400 0.06655
3401 0.05929
3402 0.0726
3403 0.06413
3404 0.06655
3405 0.05929
3406 0.0605
3407 0.07139
3408 0.06413
3409 0.06655
3410 0.06292
3411 0.0605
3412 0.06171
3413 0.06534
3414 0.07018
3415 0.06655
3416 0.06776
3417 0.06897
3418 0.06413
3419 0.07381
3420 0.06292
3421 0.07018
3422 0.06534
3423 0.06171
3424 0.06534
3425 0.05929
3426 0.06776
3427 0.0605
3428 0.06534
3429 0.06413
3430 0.06292
3431 0.07018
3432 0.06171
3433 0.06776
3434 0.06292
3435 0.06171
3436 0.07018
3437 0.06292
3438 0.06534
3439 0.06171
3440 0.06171
3441 0.06776
3442 0.05687
3443 0.07139
3444 0.06171
3445 0.06534
3446 0.06292
3447 0.0605
3448 0.06776
3449 0.05687
3450 0.07018
3451 0.0605
3452 0.05929
3453 0.06534
3454 0.05929
3455 0.07381
3456 0.06292
3457 0.0726
3458 0.06897
3459 0.0605
3460 0.06776
3461 0.05929
3462 0.06776
3463 0.06655
3464 0.06292
3465 0.06534
3466 0.05808
3467 0.0726
3468 0.06413
3469 0.06534
3470 0.06534
3471 0.06413
3472 0.06292
3473 0.0605
3474 0.06413
3475 0.0605
3476 0.06292
3477 0.06171
3478 0.06292
3479 0.07018
3480 0.0605
3481 0.06413
3482 0.06897
3483 0.03388
3484 -0.17303
3485 -0.07018
3486 0.02904
3487 -0.00847
3488 -0.02541
3489 -0.02057
3490 -0.0242
3491 -0.02299
3492 -0.02178
3493 -0.01936
3494 -0.01815
3495 -0.01815
3496 -0.01694
3497 -0.01573
3498 -0.01452
3499 -0.01331
3500 -0.01331
3501 -0.0121
3502 -0.0121
3503 -0.01089
3504 -0.01089
3505 -0.00968
3506 -0.00968
3507 -0.00847
3508 -0.00847
3509 -0.00726
3510 -0.00726
3511 -0.00726
3512 -0.00726
3513 -0.00726
3514 -0.00605
3515 -0.00605
3516 -0.00605
3517 -0.00605
3518 -0.00605
3519 -0.00605
3520 -0.00484
3521 -0.00484
3522 -0.00484
3523 -0.00484
3524 -0.00484
3525 -0.00484
3526 -0.00484
3527 -0.00484
3528 -0.00484
3529 -0.00484
3530 -0.00484
3531 -0.00484
3532 -0.00484
3533 -0.00484
3534 -0.00484
3535 -0.00484
3536 -0.00484
3537 -0.40535
3538 -0.23716
3539 -0.14036
3540 -0.08107
3541 -0.07139
3542 -0.0605
3543 -0.06292
3544 -0.06655
3545 -0.06413
3546 -0.07139
3547 -0.05808
3548 -0.06776
3549 -0.06655
3550 -0.06534
3551 -0.0726
3552 -0.06655
3553 -0.07018
3554 -0.06655
3555 -0.06534
3556 -0.06655
3557 -0.0605
3558 -0.06776
3559 -0.06171
3560 -0.06171
3561 -0.06776
3562 -0.06171
3563 -0.06413
3564 -0.0605
3565 -0.06776
3566 -0.06171
3567 -0.06655
3568 -0.0605
3569 -0.05808
3570 -0.06534
3571 -0.06292
3572 -0.06292
3573 -0.06292
3574 -0.06171
3575 -0.06897
3576 -0.06292
3577 -0.06534
3578 -0.06534
3579 -0.05566
3580 -0.07139
3581 -0.06171
3582 -0.06655
3583 -0.06897
3584 -0.06655
3585 -0.06897
3586 -0.06171
3587 -0.06292
3588 -0.0605
3589 -0.06776
3590 -0.06413
3591 -0.05445
3592 -0.05929
3593 -0.0605
3594 -0.06655
3595 -0.06171
3596 -0.06292
3597 -0.0605
3598 -0.06171
3599 -0.06534
3600 -0.06292
3601 -0.0605
3602 -0.06292
3603 -0.05687
3604 -0.06655
3605 -0.06171
3606 -0.07139
3607 -0.06171
3608 -0.0605
3609 -0.06534
3610 -0.05929
3611 -0.06413
3612 -0.0605
3613 -0.06776
3614 -0.06171
3615 -0.06171
3616 -0.06655
3617 -0.05324
3618 -0.06534
3619 -0.06413
3620 -0.0605
3621 -0.05929
3622 -0.06292
3623 -0.06897
3624 -0.0605
3625 -0.06292
3626 -0.05445
3627 -0.0605
3628 -0.06171
3629 -0.06292
3630 -0.06413
3631 -0.05808
3632 -0.06413
3633 -0.06171
3634 -0.05808
3635 -0.06292
3636 -0.0605
3637 -0.06413
3638 -0.06292
3639 -0.06292
3640 -0.06413
3641 -0.05929
3642 -0.06292
3643 -0.06171
3644 0.22748
3645 0.09922
3646 0.00847
3647 -0.01331
3648 0.0242
3649 0.02541
3650 0.02299
3651 0.02662
3652 0.02783
3653 0.02783
3654 0.02662
3655 0.02662
3656 0.02541
3657 0.0242
3658 0.0242
3659 0.02299
3660 0.02299
3661 0.02178
3662 0.02178
3663 0.02057
3664 0.01936
3665 0.01936
3666 0.01936
3667 0.01815
3668 0.01815
3669 0.01815
3670 0.01815
3671 0.01694
3672 0.01694
3673 0.01694
3674 0.01694
3675 0.01694
3676 0.01573
3677 0.01573
3678 0.01573
3679 0.01573
3680 0.01573
3681 0.01573
3682 0.01573
3683 0.01573
3684 0.01452
3685 0.01452
3686 0.01452
3687 0.01452
3688 0.01452
3689 0.01452
3690 0.01452
3691 0.01452
3692 0.01452
3693 0.01452
3694 0.01452
3695 0.01452
3696 0.01452
3697 0.43318
3698 0.25047
3699 0.15851
3700 0.10406
3701 0.06413
3702 0.0726
3703 0.0605
3704 0.06413
3705 0.06292
3706 0.06534
3707 0.07018
3708 0.06413
3709 0.06534
3710 0.06534
3711 0.06534
3712 0.06655
3713 0.06171
3714 0.06897
3715 0.05929
3716 0.05929
3717 0.0605
3718 0.06171
3719 0.0726
3720 0.05687
3721 0.06534
3722 0.05687
3723 0.06413
3724 0.06655
3725 0.0605
3726 0.06776
3727 0.05808
3728 0.06292
3729 0.06171
3730 0.06171
3731 0.06776
3732 0.05808
3733 0.06897
3734 0.06171
3735 0.0605
3736 0.0726
3737 0.0605
3738 0.06776
3739 0.0605
3740 0.06655
3741 0.06292
3742 0.06292
3743 0.07018
3744 0.06292
3745 0.06655
3746 0.0605
3747 0.05687
3748 0.06292
3749 0.06171
3750 0.06413
3751 0.05082
3752 0.06534
3753 0.06292
3754 0.0605
3755 0.0605
3756 0.05808
3757 0.06292
3758 0.06413
3759 0.06171
3760 0.06413
3761 0.05808
3762 0.06897
3763 0.06413
3764 0.06413
3765 0.06292
3766 0.05687
3767 0.07018
3768 0.0605
3769 0.06776
3770 0.06897
3771 0.05687
3772 0.06897
3773 0.05929
3774 0.06655
3775 0.05566
3776 0.06534
3777 0.06534
3778 0.06292
3779 0.0605
3780 0.05687
3781 0.06534
3782 0.05929
3783 0.0605
3784 0.06655
3785 0.05929
3786 0.07139
3787 0.06292
3788 0.06292
3789 0.06534
3790 0.05687
3791 0.06655
3792 0.05566
3793 0.07502
3794 0.06171
3795 0.06655
3796 0.05808
3797 0.06413
3798 0.06897
3799 0.06534
3800 0.06413
3801 0.06413
3802 0.0605
3803 0.06776
3804 -0.29161
3805 -0.12584
3806 -0.03025
3807 0.01815
3808 -0.02783
3809 -0.02057
3810 -0.02299
3811 -0.02299
3812 -0.02178
3813 -0.01936
3814 -0.01815
3815 -0.01815
3816 -0.01694
3817 -0.01573
3818 -0.01452
3819 -0.01331
3820 -0.01331
3821 -0.0121
3822 -0.01089
3823 -0.01089
3824 -0.00968
3825 -0.00968
3826 -0.00847
3827 -0.00847
3828 -0.00847
3829 -0.00726
3830 -0.00726
3831 -0.00726
3832 -0.00605
3833 -0.00605
3834 -0.00605
3835 -0.00605
3836 -0.00605
3837 -0.00484
3838 -0.00484
3839 -0.00484
3840 -0.00484
3841 -0.00484
3842 -0.00484
3843 -0.00484
3844 -0.00484
3845 -0.00484
3846 -0.00484
3847 -0.00484
3848 -0.00484
3849 -0.00484
3850 -0.00484
3851 -0.00484
3852 -0.00484
3853 -0.00484
3854 -0.00484
3855 -0.00484
3856 -0.00484
3857 -0.00605
3858 -0.28677
3859 -0.19239
3860 -0.05445
3861 -0.0726
3862 -0.06292
3863 -0.07018
3864 -0.06534
3865 -0.06776
3866 -0.06897
3867 -0.06897
3868 -0.06171
3869 -0.06171
3870 -0.06655
3871 -0.06413
3872 -0.06171
3873 -0.06776
3874 -0.06534
3875 -0.0726
3876 -0.0605
3877 -0.06897
3878 -0.06171
3879 -0.06292
3880 -0.06292
3881 -0.05929
3882 -0.07018
3883 -0.06171
3884 -0.06655
3885 -0.0605
3886 -0.06292
3887 -0.06776
3888 -0.06292
3889 -0.07381
3890 -0.06171
3891 -0.05808
3892 -0.06534
3893 -0.06292
3894 -0.06776
3895 -0.05929
3896 -0.06776
3897 -0.06171
3898 -0.06292
3899 -0.07139
3900 -0.05808
3901 -0.06534
3902 -0.0605
3903 -0.06534
3904 -0.06171
3905 -0.05687
3906 -0.06292
3907 -0.05808
3908 -0.06776
3909 -0.0605
3910 -0.06171
3911 -0.06655
3912 -0.05929
3913 -0.06292
3914 -0.0605
3915 -0.06292
3916 -0.05808
3917 -0.05808
3918 -0.06413
3919 -0.06171
3920 -0.06292
3921 -0.06171
3922 -0.0605
3923 -0.06534
3924 -0.05929
3925 -0.06776
3926 -0.0605
3927 -0.06413
3928 -0.06655
3929 -0.05929
3930 -0.07018
3931 -0.0605
3932 -0.0605
3933 -0.05808
3934 -0.06413
3935 -0.06655
3936 -0.05808
3937 -0.06776
3938 -0.0605
3939 -0.06171
3940 -0.06413
3941 -0.05687
3942 -0.07018
3943 -0.0605
3944 -0.06171
3945 -0.05566
3946 -0.0605
3947 -0.05808
3948 -0.06292
3949 -0.06171
3950 -0.05566
3951 -0.05808
3952 -0.06292
3953 -0.05929
3954 -0.07018
3955 -0.06292
3956 -0.05687
3957 -0.05687
3958 -0.05808
3959 -0.06534
3960 -0.05929
3961 -0.06897
3962 -0.0605
3963 -0.05929
3964 0.33154
3965 0.14278
3966 0.05324
3967 -0.01089
3968 0.02057
3969 0.0242
3970 0.02299
3971 0.02541
3972 0.02662
3973 0.02783
3974 0.02662
3975 0.02662
3976 0.02541
3977 0.02541
3978 0.0242
3979 0.02299
3980 0.02299
3981 0.02178
3982 0.02178
3983 0.02057
3984 0.02057
3985 0.01936
3986 0.01936
3987 0.01936
3988 0.01815
3989 0.01815
3990 0.01815
3991 0.01815
3992 0.01694
3993 0.01694
3994 0.01694
3995 0.01573
3996 0.01573
3997 0.01573
3998 0.01573
3999 0.01573
4000 0.01573
4001 0.01573
4002 0.01573
4003 0.01452
4004 0.01452
4005 0.01452
4006 0.01452
4007 0.01452
4008 0.01452
4009 0.01452
4010 0.01452
4011 0.01452
4012 0.01452
4013 0.01452
4014 0.01452
4015 0.01452
4016 0.01452
4017 0.01452
4018 0.32428
4019 0.20086
4020 0.10285
4021 0.0726
4022 0.0605
4023 0.06776
4024 0.06897
4025 0.05808
4026 0.07018
4027 0.06171
4028 0.0726
4029 0.06292
4030 0.06897
4031 0.06292
4032 0.0605
4033 0.06534
4034 0.06171
4035 0.06534
4036 0.06655
4037 0.06776
4038 0.06534
4039 0.06292
4040 0.06776
4041 0.06292
4042 0.06776
4043 0.06776
4044 0.05687
4045 0.06534
4046 0.0605
4047 0.06292
4048 0.06292
4049 0.05929
4050 0.07139
4051 0.06292
4052 0.06534
4053 0.06171
4054 0.06292
4055 0.06897
4056 0.06534
4057 0.06897
4058 0.06171
4059 0.06292
4060 0.06171
4061 0.05808
4062 0.06413
4063 0.06292
4064 0.06897
4065 0.06534
4066 0.06776
4067 0.06776
4068 0.05687
4069 0.06292
4070 0.06171
4071 0.06534
4072 0.06534
4073 0.05929
4074 0.06534
4075 0.05324
4076 0.06534
4077 0.06292
4078 0.05808
4079 0.06776
4080 0.05929
4081 0.06897
4082 0.05929
4083 0.06292
4084 0.06292
4085 0.0605
4086 0.06171
4087 0.0605
4088 0.06534
4089 0.06292
4090 0.05929
4091 0.06413
4092 0.05929
4093 0.07018
4094 0.06292
4095 0.06413
4096 0.0726
4097 0.06292
4098 0.06292
4099 0.06413
4100 0.07018
4101 0.05566
4102 0.05445
4103 0.07018
4104 0.06292
4105 0.06655
4106 0.06171
4107 0.05929
4108 0.07018
4109 0.06292
4110 0.06292
4111 0.0605
4112 0.06655
4113 0.05929
4114 0.05687
4115 0.07018
4116 0.0605
4117 0.0726
4118 0.0605
4119 0.05929
4120 0.06534
4121 0.05808
4122 0.06897
4123 0.06171
4124 0.04356
4125 -0.16698
4126 -0.07139
4127 0.0121
4128 -0.02057
4129 -0.02541
4130 -0.02178
4131 -0.02299
4132 -0.02178
4133 -0.02057
4134 -0.01936
4135 -0.01815
4136 -0.01694
4137 -0.01573
4138 -0.01573
4139 -0.01452
4140 -0.01331
4141 -0.0121
4142 -0.0121
4143 -0.01089
4144 -0.00968
4145 -0.00968
4146 -0.00847
4147 -0.00847
4148 -0.00847
4149 -0.00847
4150 -0.00726
4151 -0.00726
4152 -0.00726
4153 -0.00605
4154 -0.00605
4155 -0.00605
4156 -0.00605
4157 -0.00605
4158 -0.00605
4159 -0.00484
4160 -0.00484
4161 -0.00484
4162 -0.00484
4163 -0.00484
4164 -0.00484
4165 -0.00484
4166 -0.00484
4167 -0.00484
4168 -0.00484
4169 -0.00484
4170 -0.00484
4171 -0.00484
4172 -0.00484
4173 -0.00363
4174 -0.00484
4175 -0.00484
4176 -0.00484
4177 -0.00484
4178 -0.35332
4179 -0.22748
4180 -0.12947
4181 -0.07623
4182 -0.0726
4183 -0.06171
4184 -0.06534
4185 -0.06413
4186 -0.0605
4187 -0.06534
4188 -0.05687
4189 -0.06655
4190 -0.0605
4191 -0.06292
4192 -0.06534
4193 -0.06534
4194 -0.07381
4195 -0.06413
4196 -0.06897
4197 -0.06413
4198 -0.0605
4199 -0.06776
4200 -0.06292
4201 -0.06897
4202 -0.05929
4203 -0.06171
4204 -0.06534
4205 -0.05929
4206 -0.07018
4207 -0.05808
4208 -0.07139
4209 -0.06171
4210 -0.06776
4211 -0.06413
4212 -0.05324
4213 -0.06534
4214 -0.06171
4215 -0.0605
4216 -0.06292
4217 -0.06292
4218 -0.06655
4219 -0.05687
4220 -0.06776
4221 -0.06171
4222 -0.06171
4223 -0.06171
4224 -0.06655
4225 -0.06534
4226 -0.05808
4227 -0.06413
4228 -0.06534
4229 -0.06171
4230 -0.06413
4231 -0.05687
4232 -0.06413
4233 -0.0605
4234 -0.06171
4235 -0.06655
4236 -0.0605
4237 -0.06655
4238 -0.05687
4239 -0.0605
4240 -0.05687
4241 -0.06171
4242 -0.07018
4243 -0.05808
4244 -0.06292
4245 -0.05929
4246 -0.05929
4247 -0.06534
4248 -0.05808
4249 -0.06655
4250 -0.05687
4251 -0.06655
4252 -0.06171
4253 -0.05687
4254 -0.06776
4255 -0.0605
4256 -0.05929
4257 -0.06171
4258 -0.0605
4259 -0.06413
4260 -0.05445
4261 -0.06413
4262 -0.06413
4263 -0.0605
4264 -0.05566
4265 -0.0605
4266 -0.06655
4267 -0.0605
4268 -0.05929
4269 -0.06292
4270 -0.06292
4271 -0.06292
4272 -0.06292
4273 -0.06534
4274 -0.05687
4275 -0.05687
4276 -0.06413
4277 -0.06292
4278 -0.07139
4279 -0.05566
4280 -0.06655
4281 -0.0605
4282 -0.06534
4283 -0.06776
4284 -0.06171
4285 0.18755
4286 0.09801
4287 0.00363
4288 -0.00605
4289 0.02541
4290 0.0242
4291 0.02299
4292 0.02662
4293 0.02783
4294 0.02662
4295 0.02662
4296 0.02541
4297 0.02541
4298 0.0242
4299 0.0242
4300 0.02299
4301 0.02178
4302 0.02178
4303 0.02057
4304 0.02057
4305 0.01936
4306 0.01936
4307 0.01936
4308 0.01815
4309 0.01815
4310 0.01815
4311 0.01815
4312 0.01694
4313 0.01694
4314 0.01694
4315 0.01694
4316 0.01694
4317 0.01573
4318 0.01573
4319 0.01573
4320 0.01573
4321 0.01573
4322 0.01573
4323 0.01573
4324 0.01573
4325 0.01573
4326 0.01452
4327 0.01452
4328 0.01452
4329 0.01452
4330 0.01452
4331 0.01452
4332 0.01452
4333 0.01452
4334 0.01452
4335 0.01452
4336 0.01452
4337 0.01452
4338 0.50941
4339 0.242
4340 0.13915
4341 0.09196
4342 0.06171
4343 0.06897
4344 0.0605
4345 0.06897
4346 0.06292
4347 0.07018
4348 0.06655
4349 0.07018
4350 0.06655
4351 0.06171
4352 0.06776
4353 0.05929
4354 0.06534
4355 0.06413
4356 0.06171
4357 0.06534
4358 0.0605
4359 0.06655
4360 0.05808
4361 0.06534
4362 0.06171
4363 0.06171
4364 0.06292
4365 0.05808
4366 0.06655
4367 0.06292
4368 0.06413
4369 0.06655
4370 0.0605
4371 0.07018
4372 0.06292
4373 0.06655
4374 0.06171
4375 0.06292
4376 0.06897
4377 0.06171
4378 0.06655
4379 0.06655
4380 0.05808
4381 0.06776
4382 0.05808
4383 0.06776
4384 0.06413
4385 0.05808
4386 0.06534
4387 0.05929
4388 0.06292
4389 0.06292
4390 0.06171
4391 0.06171
4392 0.06655
4393 0.05929
4394 0.06413
4395 0.05445
4396 0.06655
4397 0.06171
4398 0.06534
4399 0.06655
4400 0.05929
4401 0.06413
4402 0.05929
4403 0.06776
4404 0.0605
4405 0.06171
4406 0.06413
4407 0.05929
4408 0.06534
4409 0.0605
4410 0.06292
4411 0.06655
4412 0.05929
4413 0.06655
4414 0.06292
4415 0.06655
4416 0.06413
4417 0.06171
4418 0.06292
4419 0.05445
4420 0.06897
4421 0.06897
4422 0.06534
4423 0.05808
4424 0.05687
4425 0.06413
4426 0.05808
4427 0.05929
4428 0.06413
4429 0.05687
4430 0.06655
4431 0.06171
4432 0.06534
4433 0.06171
4434 0.06292
4435 0.06413
4436 0.05808
4437 0.06171
4438 0.05687
4439 0.06292
4440 0.06776
4441 0.06413
4442 0.06534
4443 0.06171
4444 0.02178
4445 -0.16456
4446 -0.06655
4447 0.01452
4448 -0.02541
4449 -0.0242
4450 -0.02057
4451 -0.0242
4452 -0.02178
4453 -0.02057
4454 -0.01936
4455 -0.01815
4456 -0.01694
4457 -0.01573
4458 -0.01452
4459 -0.01452
4460 -0.01331
4461 -0.0121
4462 -0.0121
4463 -0.01089
4464 -0.01089
4465 -0.00968
4466 -0.00968
4467 -0.00847
4468 -0.00847
4469 -0.00726
4470 -0.00726
4471 -0.00726
4472 -0.00726
4473 -0.00605
4474 -0.00605
4475 -0.00605
4476 -0.00605
4477 -0.00605
4478 -0.00605
4479 -0.00484
4480 -0.00484
4481 -0.00484
4482 -0.00484
4483 -0.00484
4484 -0.00484
4485 -0.00484
4486 -0.00484
4487 -0.00484
4488 -0.00484
4489 -0.00484
4490 -0.00484
4491 -0.00484
4492 -0.00484
4493 -0.00484
4494 -0.00484
4495 -0.00484
4496 -0.00484
4497 -0.00484
4498 -0.43923
4499 -0.23595
4500 -0.13915
4501 -0.07865
4502 -0.0605
4503 -0.06776
4504 -0.06534
4505 -0.06776
4506 -0.06171
4507 -0.06534
4508 -0.06292
4509 -0.0605
4510 -0.06655
4511 -0.05929
4512 -0.06897
4513 -0.05687
4514 -0.06534
4515 -0.06776
4516 -0.06292
4517 -0.07018
4518 -0.05687
4519 -0.07018
4520 -0.06413
4521 -0.05929
4522 -0.06776
4523 -0.06171
4524 -0.06655
4525 -0.06171
4526 -0.06171
4527 -0.06292
4528 -0.06292
4529 -0.07139
4530 -0.06171
4531 -0.05687
4532 -0.06413
4533 -0.0605
4534 -0.06534
4535 -0.05808
4536 -0.06897
4537 -0.06292
4538 -0.06413
4539 -0.05929
4540 -0.06171
4541 -0.06534
4542 -0.05929
4543 -0.0605
4544 -0.06655
4545 -0.05808
4546 -0.06171
4547 -0.05929
4548 -0.0726
4549 -0.06413
4550 -0.0605
4551 -0.06292
4552 -0.05929
4553 -0.06655
4554 -0.0605
4555 -0.06292
4556 -0.06534
4557 -0.05687
4558 -0.06171
4559 -0.05687
4560 -0.06897
4561 -0.06413
4562 -0.06171
4563 -0.06171
4564 -0.06171
4565 -0.06776
4566 -0.06413
4567 -0.0605
4568 -0.06534
4569 -0.0605
4570 -0.06292
4571 -0.06292
4572 -0.0605
4573 -0.06292
4574 -0.06171
4575 -0.06413
4576 -0.0605
4577 -0.06171
4578 -0.0605
4579 -0.06534
4580 -0.05808
4581 -0.06655
4582 -0.06776
4583 -0.0605
4584 -0.06534
4585 -0.06171
4586 -0.05929
4587 -0.0605
4588 -0.06776
4589 -0.0605
4590 -0.06292
4591 -0.06171
4592 -0.06292
4593 -0.05687
4594 -0.06292
4595 -0.0605
4596 -0.06171
4597 -0.06413
4598 -0.0605
4599 -0.06655
4600 -0.0605
4601 -0.05687
4602 -0.06534
4603 -0.0605
4604 0.40777
4605 0.15488
4606 0.04719
4607 -0.0121
4608 0.02057
4609 0.0242
4610 0.02178
4611 0.02662
4612 0.02783
4613 0.02783
4614 0.02662
4615 0.02662
4616 0.02541
4617 0.02541
4618 0.0242
4619 0.02299
4620 0.02299
4621 0.02178
4622 0.02178
4623 0.02057
4624 0.02057
4625 0.02057
4626 0.01936
4627 0.01936
4628 0.01815
4629 0.01815
4630 0.01815
4631 0.01694
4632 0.01694
4633 0.01694
4634 0.01694
4635 0.01694
4636 0.01573
4637 0.01573
4638 0.01573
4639 0.01573
4640 0.01573
4641 0.01573
4642 0.01573
4643 0.01452
4644 0.01452
4645 0.01452
4646 0.01452
4647 0.01452
4648 0.01452
4649 0.01452
4650 0.01452
4651 0.01452
4652 0.01452
4653 0.01452
4654 0.01452
4655 0.01452
4656 0.01452
4657 0.01452
4658 0.30613
4659 0.19723
4660 0.10043
4661 0.07865
4662 0.0605
4663 0.06897
4664 0.06776
4665 0.06776
4666 0.06413
4667 0.06292
4668 0.07139
4669 0.0605
4670 0.06897
4671 0.06897
4672 0.06171
4673 0.0726
4674 0.05808
4675 0.06413
4676 0.06655
4677 0.05929
4678 0.06776
4679 0.06171
4680 0.06534
4681 0.06413
4682 0.06776
4683 0.06534
4684 0.06655
4685 0.06776
4686 0.05808
4687 0.06897
4688 0.06655
4689 0.05808
4690 0.06292
4691 0.06534
4692 0.05687
4693 0.06897
4694 0.05929
4695 0.06897
4696 0.05687
4697 0.06534
4698 0.05929
4699 0.06171
4700 0.07381
4701 0.05687
4702 0.07018
4703 0.05808
4704 0.05687
4705 0.06292
4706 0.05566
4707 0.0726
4708 0.06292
4709 0.06292
4710 0.06534
4711 0.06776
4712 0.06776
4713 0.05445
4714 0.06171
4715 0.05929
4716 0.05808
4717 0.06413
4718 0.06655
4719 0.06292
4720 0.0605
4721 0.0605
4722 0.05808
4723 0.06534
4724 0.05687
4725 0.06655
4726 0.06292
4727 0.05687
4728 0.07018
4729 0.05203
4730 0.06655
4731 0.06171
4732 0.05687
4733 0.06776
4734 0.05808
4735 0.06776
4736 0.05929
4737 0.05929
4738 0.05566
4739 0.05929
4740 0.07018
4741 0.05687
4742 0.06413
4743 0.06534
4744 0.05566
4745 0.06776
4746 0.05687
4747 0.06413
4748 0.0605
4749 0.06655
4750 0.06655
4751 0.05929
4752 0.07139
4753 0.05324
4754 0.05203
4755 0.05324
4756 0.06655
4757 0.06534
4758 0.06171
4759 0.06171
4760 0.06171
4761 0.06171
4762 0.06776
4763 -0.26378
4764 -0.11253
4765 -0.03025
4766 0.00726
4767 -0.02904
4768 -0.01936
4769 -0.0242
4770 -0.02299
4771 -0.02057
4772 -0.01936
4773 -0.01815
4774 -0.01694
4775 -0.01694
4776 -0.01573
4777 -0.01452
4778 -0.01331
4779 -0.01331
4780 -0.0121
4781 -0.01089
4782 -0.01089
4783 -0.00968
4784 -0.00968
4785 -0.00847
4786 -0.00847
4787 -0.00847
4788 -0.00726
4789 -0.00726
4790 -0.00605
4791 -0.00605
4792 -0.00605
4793 -0.00605
4794 -0.00605
4795 -0.00605
4796 -0.00484
4797 -0.00484
4798 -0.00484
4799 -0.00484
4800 -0.00484
4801 -0.00484
4802 -0.00484
4803 -0.00484
4804 -0.00484
4805 -0.00484
4806 -0.00484
4807 -0.00484
4808 -0.00484
4809 -0.00363
4810 -0.00363
4811 -0.00484
4812 -0.00363
4813 -0.00363
4814 -0.00484
4815 -0.00484
4816 -0.01573
4817 -0.28435
4818 -0.19118
4819 -0.07381
4820 -0.06413
4821 -0.06292
4822 -0.06776
4823 -0.06171
4824 -0.06897
4825 -0.06292
4826 -0.06655
4827 -0.06655
4828 -0.0605
4829 -0.06292
4830 -0.06171
4831 -0.06292
4832 -0.05929
4833 -0.05929
4834 -0.06655
4835 -0.05808
4836 -0.06413
4837 -0.0605
4838 -0.06413
4839 -0.06413
4840 -0.05808
4841 -0.06776
4842 -0.0605
4843 -0.06534
4844 -0.06413
4845 -0.06292
4846 -0.06534
4847 -0.05808
4848 -0.0726
4849 -0.05808
4850 -0.05929
4851 -0.06655
4852 -0.0605
4853 -0.06655
4854 -0.05445
4855 -0.0605
4856 -0.06292
4857 -0.05566
4858 -0.06413
4859 -0.0605
4860 -0.06897
4861 -0.06171
4862 -0.05687
4863 -0.0605
4864 -0.06292
4865 -0.06413
4866 -0.0605
4867 -0.0605
4868 -0.06292
4869 -0.06171
4870 -0.06655
4871 -0.0605
4872 -0.07018
4873 -0.0605
4874 -0.06413
4875 -0.06534
4876 -0.05808
4877 -0.06897
4878 -0.05808
4879 -0.0605
4880 -0.06171
4881 -0.0605
4882 -0.06171
4883 -0.05808
4884 -0.06776
4885 -0.05929
4886 -0.05929
4887 -0.06292
4888 -0.05929
4889 -0.06292
4890 -0.05929
4891 -0.06292
4892 -0.05929
4893 -0.05929
4894 -0.06655
4895 -0.06292
4896 -0.06776
4897 -0.0605
4898 -0.06171
4899 -0.06534
4900 -0.05445
4901 -0.06776
4902 -0.05808
4903 -0.06171
4904 -0.05687
4905 -0.05566
4906 -0.06776
4907 -0.05566
4908 -0.06413
4909 -0.05929
4910 -0.06292
4911 -0.06171
4912 -0.0605
4913 -0.06655
4914 -0.05929
4915 -0.06171
4916 -0.06171
4917 -0.05929
4918 -0.06897
4919 -0.05808
4920 -0.06413
4921 -0.06171
4922 -0.0605
4923 0.37026
4924 0.1452
4925 0.05445
4926 -0.01089
4927 0.01815
4928 0.02299
4929 0.02057
4930 0.02662
4931 0.02783
4932 0.02783
4933 0.02783
4934 0.02662
4935 0.02541
4936 0.02541
4937 0.0242
4938 0.02299
4939 0.02299
4940 0.02178
4941 0.02178
4942 0.02057
4943 0.02057
4944 0.01936
4945 0.01936
4946 0.01815
4947 0.01815
4948 0.01815
4949 0.01694
4950 0.01694
4951 0.01694
4952 0.01694
4953 0.01694
4954 0.01694
4955 0.01573
4956 0.01573
4957 0.01573
4958 0.01573
4959 0.01573
4960 0.01452
4961 0.01452
4962 0.01452
4963 0.01452
4964 0.01452
4965 0.01452
4966 0.01452
4967 0.01452
4968 0.01452
4969 0.01452
4970 0.01452
4971 0.01452
4972 0.01452
4973 0.01452
4974 0.01452
4975 0.01452
4976 0.01452
4977 0.31823
4978 0.2299
4979 0.11737
4980 0.08349
4981 0.07381
4982 0.06897
4983 0.07018
4984 0.05687
4985 0.06776
4986 0.06413
4987 0.06534
4988 0.06655
4989 0.06413
4990 0.07381
4991 0.06534
4992 0.0726
4993 0.05929
4994 0.06171
4995 0.06897
4996 0.05929
4997 0.07139
4998 0.0605
4999 0.06534
5000 0.07018
5001 0.05566
5002 0.07502
5003 0.06292
5004 0.06171
5005 0.06413
5006 0.05929
5007 0.0726
5008 0.06171
5009 0.0726
5010 0.0605
5011 0.06171
5012 0.06534
5013 0.06171
5014 0.06534
5015 0.06171
5016 0.06897
5017 0.06292
5018 0.06292
5019 0.0726
5020 0.0605
5021 0.06292
5022 0.05929
5023 0.0605
5024 0.06292
5025 0.05687
5026 0.06776
5027 0.05808
5028 0.06655
5029 0.06292
5030 0.05929
5031 0.06897
5032 0.05808
5033 0.06897
5034 0.05808
5035 0.06292
5036 0.06413
5037 0.05808
5038 0.06534
5039 0.05808
5040 0.06413
5041 0.06171
5042 0.05687
5043 0.06534
5044 0.05808
5045 0.07018
5046 0.06292
5047 0.06534
5048 0.06171
5049 0.06171
5050 0.07139
5051 0.05808
5052 0.06413
5053 0.06655
5054 0.05808
5055 0.06776
5056 0.0605
5057 0.06292
5058 0.06413
5059 0.05203
5060 0.06655
5061 0.05445
5062 0.06534
5063 0.06171
5064 0.06534
5065 0.06292
5066 0.06171
5067 0.0726
5068 0.0605
5069 0.06292
5070 0.05929
5071 0.0605
5072 0.07018
5073 0.05687
5074 0.06413
5075 0.05929
5076 0.06776
5077 0.0726
5078 0.05929
5079 0.07018
5080 0.05445
5081 0.06413
5082 0.05929
5083 0.06171
5084 -0.1815
5085 -0.09317
5086 0.00363
5087 -0.00605
5088 -0.02299
5089 -0.02057
5090 -0.0242
5091 -0.02178
5092 -0.02057
5093 -0.01936
5094 -0.01815
5095 -0.01694
5096 -0.01573
5097 -0.01573
5098 -0.01452
5099 -0.01331
5100 -0.01331
5101 -0.0121
5102 -0.01089
5103 -0.01089
5104 -0.00968
5105 -0.00968
5106 -0.00847
5107 -0.00847
5108 -0.00847
5109 -0.00726
5110 -0.00726
5111 -0.00726
5112 -0.00605
5113 -0.00605
5114 -0.00605
5115 -0.00605
5116 -0.00605
5117 -0.00605
5118 -0.00484
5119 -0.00605
5120 -0.00484
5121 -0.00484
5122 -0.00484
5123 -0.00484
5124 -0.00484
5125 -0.00484
5126 -0.00484
5127 -0.00484
5128 -0.00484
5129 -0.00484
5130 -0.00484
5131 -0.00484
5132 -0.00484
5133 -0.00484
5134 -0.00484
5135 -0.00484
5136 -0.00484
5137 -0.35453
5138 -0.25289
5139 -0.15125
5140 -0.08107
5141 -0.06534
5142 -0.06655
5143 -0.05929
5144 -0.07018
5145 -0.06292
5146 -0.06655
5147 -0.06534
5148 -0.06534
5149 -0.06171
5150 -0.0605
5151 -0.06534
5152 -0.05808
5153 -0.06413
5154 -0.05929
5155 -0.06292
5156 -0.06413
5157 -0.0605
5158 -0.06292
5159 -0.05566
5160 -0.05566
5161 -0.06413
5162 -0.05808
5163 -0.06292
5164 -0.05687
5165 -0.06292
5166 -0.06171
5167 -0.05929
5168 -0.06897
5169 -0.0605
5170 -0.06655
5171 -0.06413
5172 -0.05929
5173 -0.06776
5174 -0.0605
5175 -0.06655
5176 -0.06292
5177 -0.06534
5178 -0.06534
5179 -0.05687
5180 -0.06776
5181 -0.0605
5182 -0.06171
5183 -0.06171
5184 -0.05687
5185 -0.05929
5186 -0.05566
5187 -0.06413
5188 -0.0605
5189 -0.06292
5190 -0.06413
5191 -0.06897
5192 -0.07018
5193 -0.05566
5194 -0.06655
5195 -0.05687
5196 -0.0605
5197 -0.06413
5198 -0.06171
5199 -0.06655
5200 -0.0605
5201 -0.06292
5202 -0.06171
5203 -0.05324
5204 -0.06655
5205 -0.05929
5206 -0.06292
5207 -0.06413
5208 -0.05566
5209 -0.06413
5210 -0.05203
5211 -0.0605
5212 -0.05929
5213 -0.0605
5214 -0.0605
5215 -0.0605
5216 -0.06655
5217 -0.05929
5218 -0.06292
5219 -0.05324
5220 -0.05808
5221 -0.06292
5222 -0.05687
5223 -0.06413
5224 -0.05929
5225 -0.05929
5226 -0.06292
5227 -0.05566
5228 -0.06292
5229 -0.05929
5230 -0.06292
5231 -0.06171
5232 -0.06171
5233 -0.06292
5234 -0.05808
5235 -0.06655
5236 -0.06897
5237 -0.06171
5238 -0.06776
5239 -0.06292
5240 -0.06897
5241 -0.05566
5242 -0.05929
5243 -0.05929
5244 0.21901
5245 0.12705
5246 0.01815
5247 -0.01573
5248 0.02541
5249 0.02541
5250 0.02178
5251 0.02783
5252 0.02662
5253 0.02662
5254 0.02662
5255 0.02541
5256 0.02541
5257 0.0242
5258 0.02299
5259 0.02299
5260 0.02178
5261 0.02057
5262 0.02057
5263 0.02057
5264 0.01936
5265 0.01936
5266 0.01815
5267 0.01815
5268 0.01815
5269 0.01815
5270 0.01694
5271 0.01694
5272 0.01694
5273 0.01694
5274 0.01573
5275 0.01573
5276 0.01573
5277 0.01573
5278 0.01573
5279 0.01573
5280 0.01452
5281 0.01452
5282 0.01452
5283 0.01452
5284 0.01452
5285 0.01452
5286 0.01452
5287 0.01452
5288 0.01452
5289 0.01452
5290 0.01452
5291 0.01452
5292 0.01452
5293 0.01452
5294 0.01452
5295 0.01452
5296 0.01452
5297 0.17424
5298 0.27346
5299 0.1694
5300 0.10043
5301 0.06897
5302 0.06534
5303 0.05929
5304 0.07018
5305 0.06534
5306 0.05929
5307 0.07139
5308 0.06292
5309 0.07139
5310 0.06897
5311 0.06897
5312 0.0726
5313 0.0605
5314 0.07018
5315 0.06413
5316 0.06534
5317 0.06897
5318 0.06292
5319 0.07018
5320 0.05687
5321 0.06534
5322 0.06897
5323 0.05808
5324 0.06776
5325 0.05687
5326 0.06413
5327 0.06292
5328 0.06534
5329 0.05808
5330 0.06292
5331 0.07139
5332 0.05929
5333 0.05808
5334 0.06534
5335 0.0605
5336 0.07018
5337 0.0605
5338 0.06413
5339 0.05687
5340 0.06897
5341 0.06897
5342 0.05808
5343 0.06292
5344 0.06292
5345 0.06534
5346 0.06776
5347 0.05808
5348 0.07502
5349 0.0605
5350 0.06413
5351 0.06292
5352 0.05687
5353 0.07018
5354 0.05808
5355 0.0726
5356 0.06171
5357 0.06413
5358 0.05808
5359 0.05445
5360 0.06171
5361 0.05929
5362 0.06292
5363 0.05808
5364 0.05687
5365 0.06897
5366 0.05687
5367 0.06534
5368 0.06413
5369 0.0605
5370 0.06534
5371 0.05808
5372 0.06776
5373 0.05687
5374 0.05929
5375 0.06292
5376 0.06171
5377 0.06897
5378 0.05445
5379 0.06655
5380 0.05687
5381 0.07139
5382 0.0726
5383 0.05929
5384 0.07018
5385 0.05929
5386 0.0605
5387 0.06292
5388 0.05687
5389 0.06655
5390 0.05445
5391 0.0605
5392 0.05929
5393 0.06171
5394 0.06776
5395 0.05929
5396 0.06776
5397 0.06897
5398 0.06292
5399 0.0605
5400 0.06171
5401 0.07139
5402 0.05808
5403 0.06655
5404 -0.37873
5405 -0.1452
5406 -0.05566
5407 0.01452
5408 -0.02783
5409 -0.0242
5410 -0.02299
5411 -0.02299
5412 -0.02057
5413 -0.02057
5414 -0.01936
5415 -0.01815
5416 -0.01694
5417 -0.01573
5418 -0.01452
5419 -0.01452
5420 -0.01331
5421 -0.0121
5422 -0.01089
5423 -0.01089
5424 -0.00968
5425 -0.00968
5426 -0.00968
5427 -0.00847
5428 -0.00847
5429 -0.00847
5430 -0.00726
5431 -0.00726
5432 -0.00726
5433 -0.00605
5434 -0.00605
5435 -0.00605
5436 -0.00605
5437 -0.00605
5438 -0.00484
5439 -0.00605
5440 -0.00605
5441 -0.00484
5442 -0.00484
5443 -0.00484
5444 -0.00484
5445 -0.00484
5446 -0.00484
5447 -0.00484
5448 -0.00484
5449 -0.00484
5450 -0.00484
5451 -0.00484
5452 -0.00484
5453 -0.00484
5454 -0.00484
5455 -0.00484
5456 -0.00484
5457 -0.00484
5458 -0.31218
5459 -0.1936
5460 -0.11616
5461 -0.07139
5462 -0.05929
5463 -0.06655
5464 -0.06413
5465 -0.0605
5466 -0.06655
5467 -0.0605
5468 -0.07139
5469 -0.06292
5470 -0.06776
5471 -0.06655
5472 -0.06292
5473 -0.0726
5474 -0.05687
5475 -0.06292
5476 -0.0605
5477 -0.06292
5478 -0.06413
5479 -0.0605
5480 -0.06655
5481 -0.0605
5482 -0.06413
5483 -0.06776
5484 -0.05445
5485 -0.06655
5486 -0.05445
5487 -0.05929
5488 -0.05566
5489 -0.05808
5490 -0.07018
5491 -0.05929
5492 -0.06171
5493 -0.0605
5494 -0.06171
5495 -0.06897
5496 -0.05929
5497 -0.06655
5498 -0.05203
5499 -0.05808
5500 -0.06171
5501 -0.05687
5502 -0.0605
5503 -0.05808
5504 -0.06534
5505 -0.05687
5506 -0.05929
5507 -0.06534
5508 -0.05687
5509 -0.05929
5510 -0.05566
5511 -0.0605
5512 -0.05687
5513 -0.05808
5514 -0.06655
5515 -0.05082
5516 -0.0605
5517 -0.06171
5518 -0.05929
5519 -0.07018
5520 -0.05687
5521 -0.06534
5522 -0.05929
5523 -0.0605
5524 -0.05808
5525 -0.05445
5526 -0.06292
5527 -0.0605
5528 -0.06655
5529 -0.05808
5530 -0.0605
5531 -0.06897
5532 -0.05929
5533 -0.06776
5534 -0.05929
5535 -0.05808
5536 -0.05445
5537 -0.0605
5538 -0.06292
5539 -0.06413
5540 -0.06655
5541 -0.05808
5542 -0.06292
5543 -0.05808
5544 -0.05445
5545 -0.06413
5546 -0.05808
5547 -0.06171
5548 -0.07018
5549 -0.05445
5550 -0.0605
5551 -0.05687
5552 -0.05687
5553 -0.05566
5554 -0.06534
5555 -0.06413
5556 -0.05445
5557 -0.0605
5558 -0.05929
5559 -0.06534
5560 -0.06413
5561 -0.05203
5562 -0.0605
5563 -0.05203
5564 -0.02783
5565 0.16698
5566 0.07623
5567 -0.00242
5568 0.02299
5569 0.02541
5570 0.02178
5571 0.02541
5572 0.02662
5573 0.02662
5574 0.02662
5575 0.02662
5576 0.02541
5577 0.0242
5578 0.0242
5579 0.02299
5580 0.02178
5581 0.02178
5582 0.02057
5583 0.02057
5584 0.02057
5585 0.01936
5586 0.01936
5587 0.01815
5588 0.01815
5589 0.01815
5590 0.01694
5591 0.01694
5592 0.01694
5593 0.01694
5594 0.01694
5595 0.01573
5596 0.01573
5597 0.01573
5598 0.01573
5599 0.01573
5600 0.01573
5601 0.01452
5602 0.01452
5603 0.01452
5604 0.01452
5605 0.01452
5606 0.01452
5607 0.01452
5608 0.01452
5609 0.01452
5610 0.01452
5611 0.01452
5612 0.01452
5613 0.01452
5614 0.01452
5615 0.01452
5616 0.01452
5617 0.01331
5618 0.49973
5619 0.24079
5620 0.12584
5621 0.08107
5622 0.07018
5623 0.06655
5624 0.06776
5625 0.06171
5626 0.06292
5627 0.07502
5628 0.05808
5629 0.06897
5630 0.06534
5631 0.06413
5632 0.06776
5633 0.05687
5634 0.06655
5635 0.06413
5636 0.06776
5637 0.06413
5638 0.06171
5639 0.06534
5640 0.05808
5641 0.06897
5642 0.06413
5643 0.05929
5644 0.07139
5645 0.06292
5646 0.07018
5647 0.06292
5648 0.06776
5649 0.05929
5650 0.06413
5651 0.06897
5652 0.05808
5653 0.0726
5654 0.06171
5655 0.0605
5656 0.0726
5657 0.05687
5658 0.06534
5659 0.06534
5660 0.05687
5661 0.05687
5662 0.06171
5663 0.07502
5664 0.0605
5665 0.06776
5666 0.06776
5667 0.05929
5668 0.06534
5669 0.05929
5670 0.06534
5671 0.06413
5672 0.05445
5673 0.05566
5674 0.05687
5675 0.06655
5676 0.05687
5677 0.06292
5678 0.05687
5679 0.05324
5680 0.06655
5681 0.05445
5682 0.06292
5683 0.05929
5684 0.06534
5685 0.06776
5686 0.05566
5687 0.06776
5688 0.05808
5689 0.06171
5690 0.06534
5691 0.05929
5692 0.06413
5693 0.05566
5694 0.06655
5695 0.05808
5696 0.06413
5697 0.06776
5698 0.05203
5699 0.06776
5700 0.05566
5701 0.06292
5702 0.06413
5703 0.05324
5704 0.0726
5705 0.05324
5706 0.06292
5707 0.06413
5708 0.06292
5709 0.05929
5710 0.05808
5711 0.06413
5712 0.05566
5713 0.06292
5714 0.06171
5715 0.05808
5716 0.06292
5717 0.05929
5718 0.06292
5719 0.05566
5720 0.06292
5721 0.05929
5722 0.05203
5723 0.06292
5724 0.05445
5725 -0.19723
5726 -0.11253
5727 -0.01331
5728 0.00847
5729 -0.02662
5730 -0.02057
5731 -0.0242
5732 -0.02178
5733 -0.02057
5734 -0.01936
5735 -0.01815
5736 -0.01694
5737 -0.01573
5738 -0.01452
5739 -0.01452
5740 -0.01331
5741 -0.01331
5742 -0.0121
5743 -0.01089
5744 -0.01089
5745 -0.00968
5746 -0.00968
5747 -0.00847
5748 -0.00847
5749 -0.00847
5750 -0.00726
5751 -0.00726
5752 -0.00726
5753 -0.00605
5754 -0.00605
5755 -0.00605
5756 -0.00605
5757 -0.00605
5758 -0.00605
5759 -0.00605
5760 -0.00484
5761 -0.00484
5762 -0.00484
5763 -0.00484
5764 -0.00484
5765 -0.00484
5766 -0.00484
5767 -0.00484
5768 -0.00484
5769 -0.00484
5770 -0.00484
5771 -0.00484
5772 -0.00484
5773 -0.00363
5774 -0.00484
5775 -0.00484
5776 -0.00484
5777 -0.00363
5778 -0.15367
5779 -0.2662
5780 -0.1694
5781 -0.07865
5782 -0.07018
5783 -0.06534
5784 -0.0605
5785 -0.06776
5786 -0.06534
5787 -0.05445
5788 -0.07139
5789 -0.06413
5790 -0.06897
5791 -0.06413
5792 -0.06534
5793 -0.06897
5794 -0.05929
5795 -0.06897
5796 -0.05808
5797 -0.06171
5798 -0.06534
5799 -0.0605
5800 -0.06897
5801 -0.05808
5802 -0.06413
5803 -0.0605
5804 -0.05929
5805 -0.06897
5806 -0.05808
5807 -0.06171
5808 -0.0605
5809 -0.06171
5810 -0.06413
5811 -0.0605
5812 -0.05687
5813 -0.06292
5814 -0.05929
5815 -0.06413
5816 -0.06292
5817 -0.06776
5818 -0.05324
5819 -0.06413
5820 -0.05929
5821 -0.06171
5822 -0.06413
5823 -0.05445
5824 -0.05808
5825 -0.06292
5826 -0.0605
5827 -0.06171
5828 -0.06171
5829 -0.06171
5830 -0.06292
5831 -0.05929
5832 -0.06413
5833 -0.05929
5834 -0.0605
5835 -0.05808
5836 -0.06413
5837 -0.05566
5838 -0.05929
5839 -0.05566
5840 -0.05929
5841 -0.06292
5842 -0.05929
5843 -0.05808
5844 -0.05929
5845 -0.0605
5846 -0.06655
5847 -0.05566
5848 -0.06776
5849 -0.05566
5850 -0.06171
5851 -0.06171
5852 -0.05566
5853 -0.06171
5854 -0.05687
5855 -0.06413
5856 -0.06292
5857 -0.06171
5858 -0.06413
5859 -0.06292
5860 -0.06897
5861 -0.05566
5862 -0.06413
5863 -0.05808
5864 -0.05808
5865 -0.06655
5866 -0.05687
5867 -0.05687
5868 -0.05687
5869 -0.06292
5870 -0.06534
5871 -0.0605
5872 -0.0605
5873 -0.0605
5874 -0.06413
5875 -0.06171
5876 -0.05566
5877 -0.06534
5878 -0.05566
5879 -0.05929
5880 -0.05808
5881 -0.05324
5882 -0.06534
5883 -0.05929
5884 -0.05687
5885 0.36542
5886 0.14036
5887 0.04477
5888 -0.01573
5889 0.02299
5890 0.02541
5891 0.02057
5892 0.02662
5893 0.02783
5894 0.02783
5895 0.02662
5896 0.02541
5897 0.02541
5898 0.0242
5899 0.02299
5900 0.02299
5901 0.02178
5902 0.02178
5903 0.02057
5904 0.02057
5905 0.01936
5906 0.01936
5907 0.01815
5908 0.01815
5909 0.01815
5910 0.01694
5911 0.01694
5912 0.01694
5913 0.01694
5914 0.01694
5915 0.01573
5916 0.01573
5917 0.01573
5918 0.01573
5919 0.01573
5920 0.01452
5921 0.01452
5922 0.01452
5923 0.01452
5924 0.01452
5925 0.01452
5926 0.01452
5927 0.01452
5928 0.01452
5929 0.01452
5930 0.01452
5931 0.01452
5932 0.01452
5933 0.01452
5934 0.01452
5935 0.01452
5936 0.01452
5937 0.01452
5938 0.01452
5939 0.31581
5940 0.1936
5941 0.1089
5942 0.07623
5943 0.0605
5944 0.06776
5945 0.06292
