0 -2.7944e-05
1 -2.7944e-05
2 -2.7944e-05
3 -2.7944e-05
4 -2.7944e-05
5 -2.7944e-05
6 -2.7944e-05
7 -2.7944e-05
8 -2.7944e-05
9 -2.7944e-05
10 -2.7944e-05
11 -2.7944e-05
12 -2.7944e-05
13 -2.7944e-05
14 -2.7944e-05
15 -2.7944e-05
16 -2.7944e-05
17 -2.7944e-05
18 -2.7944e-05
19 -2.7944e-05
20 -2.7944e-05
21 -2.7944e-05
22 -2.7944e-05
23 -2.7944e-05
24 -2.7944e-05
25 -2.7944e-05
26 -2.7944e-05
27 -2.7944e-05
28 -2.7944e-05
29 -2.7944e-05
30 -2.7944e-05
31 -2.7944e-05
32 -2.7944e-05
33 -2.7944e-05
34 -2.7944e-05
35 -2.7944e-05
36 -2.7944e-05
37 -2.7944e-05
38 -2.7944e-05
39 -2.7944e-05
40 -2.7944e-05
41 -2.7944e-05
42 -2.7944e-05
43 -2.7944e-05
44 -2.7944e-05
45 -2.7944e-05
46 -2.7944e-05
47 -2.7944e-05
48 -2.7944e-05
49 -2.7944e-05
50 -2.7944e-05
51 -2.7944e-05
52 -2.7944e-05
53 -2.7944e-05
54 -2.7944e-05
55 -2.7944e-05
56 -2.7944e-05
57 -2.7944e-05
58 -2.7944e-05
59 -2.7944e-05
60 -2.7944e-05
61 -2.7944e-05
62 -2.7944e-05
63 -2.7944e-05
64 -2.7944e-05
65 -2.7944e-05
66 -2.7944e-05
67 -2.7944e-05
68 -2.7944e-05
69 -2.7944e-05
70 -2.7944e-05
71 -2.7944e-05
72 -2.7944e-05
73 -2.7944e-05
74 -2.7944e-05
75 -2.7944e-05
76 -2.7944e-05
77 -2.7944e-05
78 -2.7944e-05
79 -2.7944e-05
80 -2.7944e-05
81 -2.7944e-05
82 -2.7944e-05
83 -2.7944e-05
84 -2.7944e-05
85 -2.7944e-05
86 -2.7944e-05
87 -2.7944e-05
88 -2.7944e-05
89 -2.7944e-05
90 -2.7944e-05
91 -2.7944e-05
92 -2.7944e-05
93 -2.7944e-05
94 -2.7944e-05
95 -2.7944e-05
96 -2.7944e-05
97 -2.7944e-05
98 -2.7944e-05
99 -2.7944e-05
100 -2.7944e-05
101 -2.7944e-05
102 -2.69967e-05
103 -2.81808e-05
104 -2.84176e-05
105 -2.81808e-05
106 -2.84176e-05
107 -2.81808e-05
108 -2.84176e-05
109 -2.86544e-05
110 -3.07858e-05
111 -3.10226e-05
112 -3.07858e-05
113 -3.05489e-05
114 -3.07858e-05
115 -3.03121e-05
116 -3.03121e-05
117 -3.00753e-05
118 -2.98385e-05
119 -3.00753e-05
120 -2.98385e-05
121 -2.96017e-05
122 -2.96017e-05
123 -2.93649e-05
124 -2.93649e-05
125 -2.91281e-05
126 -2.88912e-05
127 -2.88912e-05
128 -2.86544e-05
129 -2.88912e-05
130 -2.86544e-05
131 -2.86544e-05
132 -2.84176e-05
133 -2.86544e-05
134 -2.84176e-05
135 -2.7944e-05
136 -2.81808e-05
137 -2.7944e-05
138 -2.7944e-05
139 -2.7944e-05
140 -2.77072e-05
141 -2.77072e-05
142 -2.7944e-05
143 -2.77072e-05
144 -2.7944e-05
145 -2.77072e-05
146 -2.77072e-05
147 -2.77072e-05
148 -2.77072e-05
149 -2.77072e-05
150 -2.77072e-05
151 -2.74704e-05
152 -2.74704e-05
153 -2.74704e-05
154 -2.74704e-05
155 -2.77072e-05
156 -2.72336e-05
157 -2.74704e-05
158 -2.72336e-05
159 -2.72336e-05
160 -2.74704e-05
161 -2.74704e-05
162 -2.74704e-05
163 -2.77072e-05
164 -2.74704e-05
165 -2.72336e-05
166 -2.72336e-05
167 -2.72336e-05
168 -2.74704e-05
169 -2.74704e-05
170 -2.74704e-05
171 -2.72336e-05
172 -2.72336e-05
173 -2.69967e-05
174 -2.69967e-05
175 -2.72336e-05
176 -2.72336e-05
177 -2.72336e-05
178 -2.72336e-05
179 0.022655
180 0.199355
181 0.476518
182 0.748828
183 1.05846
184 1.38512
185 1.68943
186 2.00922
187 2.30614
188 2.63511
189 2.93682
190 3.24974
191 3.55273
192 3.87551
193 4.16843
194 4.47997
195 4.79992
196 4.94847
197 4.99794
198 5.00696
199 5.00627
200 5.00373
201 5.00168
202 5.00088
203 5.00044
204 5.00026
205 5.00015
206 5.00006
207 4.99995
208 4.9999
209 4.9999
210 4.99992
211 4.99993
212 4.99993
213 4.99993
214 4.99994
215 4.99996
216 4.99996
217 4.99996
218 4.99996
219 4.99997
220 4.99998
221 4.99998
222 4.99998
223 4.99998
224 4.99999
225 4.99999
226 4.99999
227 4.99999
228 4.99999
229 4.99999
230 5
231 4.99999
232 4.99999
233 4.99999
234 5
235 5
236 4.99999
237 4.99999
238 5
239 5
240 5
241 5
242 5
243 5
244 5
245 5
246 5
247 5
248 5
249 5
250 5
251 5
252 5
253 5
254 5
255 5
256 5
257 5
258 5
259 5
260 5
261 5
262 5
263 5
264 5
265 5
266 5
267 5
268 5
269 5
270 5
271 5
272 5
273 5
274 5
275 5
276 5
277 5
278 5
279 5
280 5
281 5
282 5
283 5
284 5
285 5
286 5
287 5
288 5
289 5
290 5
291 5
292 5
293 5
294 5
295 5
296 5
297 5
298 5
299 5
300 5
301 5
302 5
303 5
304 5
305 5
306 5
307 5
308 5
309 5
310 5
311 5
312 5
313 5
314 5
315 5
316 5
317 5
318 5
319 5
320 5
321 5
322 5
323 5
324 5
325 5
326 5
327 5
328 5
329 5
330 5
331 5
332 5
333 5
334 5
335 5
336 5
337 5
338 5
339 4.99771
340 4.87145
341 4.63812
342 4.33637
343 4.0166
344 3.71612
345 3.4003
346 3.08159
347 2.79327
348 2.48402
349 2.19596
350 1.84831
351 1.53789
352 1.23373
353 0.929642
354 0.601995
355 0.332649
356 0.101793
357 0.0117026
358 -0.00647472
359 -0.00680791
360 -0.0043865
361 -0.00211569
362 -0.0010479
363 -0.000469838
364 -0.000325145
365 -0.000251733
366 -0.00016719
367 -6.77287e-05
368 4.07319e-05
369 7.53067e-05
370 7.98062e-05
371 6.77287e-05
372 5.47039e-05
373 5.06781e-05
374 5.30462e-05
375 5.09149e-05
376 3.95479e-05
377 2.46286e-05
378 2.20237e-05
379 2.55759e-05
380 2.51022e-05
381 1.89451e-05
382 8.05166e-06
383 6.39396e-06
384 9.47254e-06
385 1.08934e-05
386 7.57803e-06
387 9.47254e-07
388 -4.73627e-07
389 3.07858e-06
390 4.97308e-06
391 2.13132e-06
392 -2.13132e-06
393 -2.60495e-06
394 7.10441e-07
395 2.13132e-06
396 -2.36814e-07
397 -3.31539e-06
398 -3.5522e-06
399 -9.47254e-07
400 -2.36814e-07
401 -2.36814e-06
402 -5.2099e-06
403 -4.97308e-06
404 -2.60495e-06
405 -2.36814e-06
406 -4.02583e-06
407 -5.68352e-06
408 -5.2099e-06
409 -3.5522e-06
410 -3.07858e-06
411 -4.26264e-06
412 -4.97308e-06
413 -4.49946e-06
414 -3.31539e-06
415 -2.84176e-06
416 -3.78902e-06
417 -4.49946e-06
418 -4.02583e-06
419 -3.5522e-06
420 -3.07858e-06
421 -3.78902e-06
422 -4.02583e-06
423 -4.26264e-06
424 -3.78902e-06
425 -3.5522e-06
426 -4.02583e-06
427 -4.49946e-06
428 -4.26264e-06
429 -4.26264e-06
430 -3.78902e-06
431 -4.02583e-06
432 -4.49946e-06
433 -4.49946e-06
434 -3.78902e-06
435 -3.5522e-06
436 -3.78902e-06
437 -4.02583e-06
438 -4.02583e-06
439 -3.78902e-06
440 -3.31539e-06
441 -3.78902e-06
442 -4.02583e-06
443 -4.02583e-06
444 -3.78902e-06
445 -3.5522e-06
446 -3.5522e-06
447 -4.26264e-06
448 -4.02583e-06
449 -4.02583e-06
450 -3.78902e-06
451 -3.78902e-06
452 -4.26264e-06
453 -4.26264e-06
454 -4.02583e-06
455 -3.78902e-06
456 -4.02583e-06
457 -4.26264e-06
458 -4.02583e-06
459 -3.78902e-06
460 -3.78902e-06
461 -3.78902e-06
462 -3.78902e-06
463 -3.78902e-06
464 -3.5522e-06
465 -3.31539e-06
466 -3.5522e-06
467 -3.5522e-06
468 -3.5522e-06
469 -3.5522e-06
470 -3.5522e-06
471 -3.78902e-06
472 -4.02583e-06
473 -3.78902e-06
474 -3.78902e-06
475 -4.02583e-06
476 -4.02583e-06
477 -4.02583e-06
478 -4.02583e-06
479 -3.78902e-06
480 -4.02583e-06
481 -4.02583e-06
482 -4.02583e-06
483 -3.5522e-06
484 -3.78902e-06
485 -3.78902e-06
486 -4.02583e-06
487 -3.78902e-06
488 -3.78902e-06
489 -3.78902e-06
490 -3.5522e-06
491 -3.78902e-06
492 -3.78902e-06
493 -3.78902e-06
494 -3.78902e-06
495 -3.78902e-06
496 -3.78902e-06
497 -4.02583e-06
498 -4.02583e-06
499 2.65231e-05
500 0.071363
501 0.284305
502 0.597547
503 0.910827
504 1.23128
505 1.5324
506 1.8189
507 2.14716
508 2.44519
509 2.73818
510 3.066
511 3.41363
512 3.67439
513 4.00458
514 4.29255
515 4.62144
516 4.87795
517 4.9757
518 5.0049
519 5.00711
520 5.00489
521 5.00271
522 5.0013
523 5.00059
524 5.00034
525 5.0002
526 5.00011
527 5.00002
528 4.99993
529 4.9999
530 4.99991
531 4.99993
532 4.99993
533 4.99993
534 4.99993
535 4.99995
536 4.99996
537 4.99996
538 4.99996
539 4.99996
540 4.99998
541 4.99998
542 4.99998
543 4.99998
544 4.99998
545 4.99999
546 4.99999
547 4.99999
548 4.99999
549 4.99999
550 5
551 5
552 4.99999
553 4.99999
554 5
555 5
556 5
557 4.99999
558 4.99999
559 5
560 5
561 5
562 5
563 5
564 5
565 5
566 5
567 5
568 5
569 5
570 5
571 5
572 5
573 5
574 5
575 5
576 5
577 5
578 5
579 5
580 5
581 5
582 5
583 5
584 5
585 5
586 5
587 5
588 5
589 5
590 5
591 5
592 5
593 5
594 5
595 5
596 5
597 5
598 5
599 5
600 5
601 5
602 5
603 5
604 5
605 5
606 5
607 5
608 5
609 5
610 5
611 5
612 5
613 5
614 5
615 5
616 5
617 5
618 5
619 5
620 5
621 5
622 5
623 5
624 5
625 5
626 5
627 5
628 5
629 5
630 5
631 5
632 5
633 5
634 5
635 5
636 5
637 5
638 5
639 5
640 5
641 5
642 5
643 5
644 5
645 5
646 5
647 5
648 5
649 5
650 5
651 5
652 5
653 5
654 5
655 5
656 5
657 5
658 5
659 5
660 4.95957
661 4.7624
662 4.46884
663 4.16908
664 3.89887
665 3.57993
666 3.25204
667 2.91377
668 2.60574
669 2.29654
670 1.97497
671 1.70677
672 1.40752
673 1.08103
674 0.7534
675 0.435674
676 0.177738
677 0.0355424
678 -0.000480021
679 -0.00715319
680 -0.00554262
681 -0.00303666
682 -0.00138062
683 -0.000642712
684 -0.000343853
685 -0.000289386
686 -0.000196792
687 -0.000119354
688 -1.56297e-05
689 6.32292e-05
690 7.93325e-05
691 7.19913e-05
692 5.70721e-05
693 4.80731e-05
694 4.90204e-05
695 5.11517e-05
696 4.49946e-05
697 2.98385e-05
698 2.0366e-05
699 2.22605e-05
700 2.46286e-05
701 2.24973e-05
702 1.1367e-05
703 4.97308e-06
704 6.86759e-06
705 1.0183e-05
706 8.99891e-06
707 4.26264e-06
708 -1.42088e-06
709 9.47254e-07
710 4.49946e-06
711 3.5522e-06
712 -4.73627e-07
713 -3.31539e-06
714 -9.47254e-07
715 1.89451e-06
716 9.47254e-07
717 -1.89451e-06
718 -4.02583e-06
719 -2.13132e-06
720 -2.36814e-07
721 -1.18407e-06
722 -4.26264e-06
723 -5.44671e-06
724 -3.31539e-06
725 -2.13132e-06
726 -3.07858e-06
727 -4.73627e-06
728 -5.2099e-06
729 -3.78902e-06
730 -3.07858e-06
731 -3.31539e-06
732 -4.49946e-06
733 -4.73627e-06
734 -3.5522e-06
735 -3.07858e-06
736 -3.5522e-06
737 -4.02583e-06
738 -4.26264e-06
739 -3.5522e-06
740 -3.07858e-06
741 -3.5522e-06
742 -4.02583e-06
743 -4.26264e-06
744 -3.31539e-06
745 -3.5522e-06
746 -3.78902e-06
747 -4.26264e-06
748 -4.49946e-06
749 -4.26264e-06
750 -4.02583e-06
751 -4.02583e-06
752 -4.26264e-06
753 -4.26264e-06
754 -4.26264e-06
755 -3.5522e-06
756 -3.78902e-06
757 -4.02583e-06
758 -4.02583e-06
759 -3.78902e-06
760 -3.5522e-06
761 -3.5522e-06
762 -3.78902e-06
763 -4.02583e-06
764 -3.78902e-06
765 -3.5522e-06
766 -3.5522e-06
767 -4.02583e-06
768 -4.26264e-06
769 -3.78902e-06
770 -3.5522e-06
771 -3.5522e-06
772 -4.02583e-06
773 -4.26264e-06
774 -3.78902e-06
775 -3.78902e-06
776 -3.78902e-06
777 -4.26264e-06
778 -4.02583e-06
779 -3.78902e-06
780 -3.5522e-06
781 -3.78902e-06
782 -4.02583e-06
783 -4.02583e-06
784 -3.5522e-06
785 -3.5522e-06
786 -3.5522e-06
787 -3.78902e-06
788 -3.78902e-06
789 -3.31539e-06
790 -3.5522e-06
791 -3.78902e-06
792 -4.02583e-06
793 -4.02583e-06
794 -4.02583e-06
795 -3.78902e-06
796 -4.02583e-06
797 -4.02583e-06
798 -4.02583e-06
799 -4.02583e-06
800 -3.78902e-06
801 -3.78902e-06
802 -3.78902e-06
803 -3.78902e-06
804 -4.02583e-06
805 -3.5522e-06
806 -3.78902e-06
807 -3.78902e-06
808 -4.02583e-06
809 -3.5522e-06
810 -3.5522e-06
811 -3.5522e-06
812 -3.5522e-06
813 -3.78902e-06
814 -3.78902e-06
815 -3.5522e-06
816 -3.78902e-06
817 -4.02583e-06
818 -4.02583e-06
819 -4.26264e-06
820 0.0159065
821 0.179304
822 0.457729
823 0.730207
824 1.04717
825 1.36759
826 1.68815
827 2.0092
828 2.30738
829 2.59662
830 2.91325
831 3.25098
832 3.53783
833 3.85071
834 4.17962
835 4.44647
836 4.78604
837 4.94523
838 4.99834
839 5.00692
840 5.00616
841 5.0037
842 5.00173
843 5.00089
844 5.00045
845 5.00026
846 5.00015
847 5.00007
848 4.99997
849 4.99991
850 4.99991
851 4.99992
852 4.99993
853 4.99993
854 4.99993
855 4.99994
856 4.99996
857 4.99996
858 4.99996
859 4.99996
860 4.99997
861 4.99998
862 4.99998
863 4.99998
864 4.99998
865 4.99999
866 4.99999
867 4.99999
868 4.99999
869 4.99999
870 4.99999
871 5
872 4.99999
873 4.99999
874 4.99999
875 5
876 5
877 4.99999
878 4.99999
879 5
880 5
881 5
882 5
883 5
884 5
885 5
886 5
887 5
888 5
889 5
890 5
891 5
892 5
893 5
894 5
895 5
896 5
897 5
898 5
899 5
900 5
901 5
902 5
903 5
904 5
905 5
906 5
907 5
908 5
909 5
910 5
911 5
912 5
913 5
914 5
915 5
916 5
917 5
918 5
919 5
920 5
921 5
922 5
923 5
924 5
925 5
926 5
927 5
928 5
929 5
930 5
931 5
932 5
933 5
934 5
935 5
936 5
937 5
938 5
939 5
940 5
941 5
942 5
943 5
944 5
945 5
946 5
947 5
948 5
949 5
950 5
951 5
952 5
953 5
954 5
955 5
956 5
957 5
958 5
959 5
960 5
961 5
962 5
963 5
964 5
965 5
966 5
967 5
968 5
969 5
970 5
971 5
972 5
973 5
974 5
975 5
976 5
977 5
978 5
979 5
980 4.99845
981 4.88466
982 4.62139
983 4.31669
984 4.00285
985 3.69237
986 3.37289
987 3.09527
988 2.79699
989 2.45919
990 2.13886
991 1.86693
992 1.56025
993 1.21138
994 0.935841
995 0.597021
996 0.28951
997 0.08997
998 0.0097759
999 -0.00665706
1000 -0.00670419
1001 -0.00419065
1002 -0.00198994
1003 -0.000994617
1004 -0.000449472
1005 -0.000315909
1006 -0.00023634
1007 -0.000157244
1008 -6.79655e-05
1009 4.02583e-05
1010 7.55435e-05
1011 7.7438e-05
1012 6.65446e-05
1013 4.97308e-05
1014 4.78363e-05
1015 4.97308e-05
1016 4.92572e-05
1017 3.88374e-05
1018 2.27341e-05
1019 2.0366e-05
1020 2.4155e-05
1021 2.39182e-05
1022 1.84715e-05
1023 8.05166e-06
1024 5.68352e-06
1025 9.23573e-06
1026 9.94617e-06
1027 6.63078e-06
1028 2.36814e-07
1029 -4.73627e-07
1030 3.07858e-06
1031 5.2099e-06
1032 2.60495e-06
1033 -2.36814e-06
1034 -2.60495e-06
1035 7.10441e-07
1036 1.65769e-06
1037 -7.10441e-07
1038 -3.78902e-06
1039 -3.5522e-06
1040 -1.18407e-06
1041 -2.36814e-07
1042 -2.84176e-06
1043 -4.97308e-06
1044 -4.73627e-06
1045 -2.84176e-06
1046 -2.36814e-06
1047 -4.02583e-06
1048 -5.2099e-06
1049 -4.97308e-06
1050 -3.31539e-06
1051 -3.07858e-06
1052 -4.26264e-06
1053 -4.97308e-06
1054 -4.26264e-06
1055 -3.07858e-06
1056 -3.07858e-06
1057 -3.78902e-06
1058 -4.26264e-06
1059 -4.02583e-06
1060 -3.31539e-06
1061 -3.07858e-06
1062 -3.78902e-06
1063 -4.02583e-06
1064 -3.78902e-06
1065 -3.5522e-06
1066 -3.5522e-06
1067 -4.02583e-06
1068 -4.26264e-06
1069 -4.49946e-06
1070 -3.78902e-06
1071 -4.02583e-06
1072 -4.02583e-06
1073 -4.26264e-06
1074 -4.26264e-06
1075 -4.02583e-06
1076 -3.5522e-06
1077 -3.78902e-06
1078 -4.02583e-06
1079 -4.02583e-06
1080 -3.5522e-06
1081 -3.31539e-06
1082 -3.5522e-06
1083 -4.02583e-06
1084 -4.02583e-06
1085 -3.5522e-06
1086 -3.5522e-06
1087 -4.02583e-06
1088 -4.02583e-06
1089 -4.02583e-06
1090 -3.5522e-06
1091 -3.78902e-06
1092 -4.02583e-06
1093 -4.26264e-06
1094 -4.26264e-06
1095 -4.02583e-06
1096 -3.78902e-06
1097 -3.78902e-06
1098 -4.26264e-06
1099 -4.02583e-06
1100 -3.78902e-06
1101 -3.5522e-06
1102 -3.78902e-06
1103 -4.02583e-06
1104 -3.78902e-06
1105 -3.5522e-06
1106 -3.5522e-06
1107 -3.78902e-06
1108 -4.02583e-06
1109 -3.78902e-06
1110 -3.5522e-06
1111 -3.5522e-06
1112 -4.02583e-06
1113 -4.02583e-06
1114 -4.02583e-06
1115 -3.78902e-06
1116 -3.78902e-06
1117 -3.78902e-06
1118 -4.02583e-06
1119 -4.02583e-06
1120 -3.78902e-06
1121 -3.5522e-06
1122 -3.78902e-06
1123 -4.02583e-06
1124 -3.78902e-06
1125 -3.31539e-06
1126 -3.5522e-06
1127 -3.78902e-06
1128 -3.78902e-06
1129 -3.5522e-06
1130 -3.5522e-06
1131 -3.78902e-06
1132 -3.78902e-06
1133 -3.78902e-06
1134 -3.78902e-06
1135 -3.78902e-06
1136 -3.5522e-06
1137 -3.78902e-06
1138 -3.78902e-06
1139 -4.02583e-06
1140 2.20237e-05
1141 0.0811226
1142 0.325672
1143 0.624351
1144 0.913301
1145 1.22249
1146 1.5623
1147 1.8139
1148 2.1546
1149 2.46257
1150 2.78164
1151 3.05606
1152 3.38507
1153 3.73149
1154 3.99589
1155 4.32235
1156 4.62145
1157 4.87986
1158 4.97643
1159 5.00501
1160 5.00705
1161 5.00487
1162 5.00246
1163 5.00127
1164 5.0006
1165 5.00033
1166 5.00019
1167 5.0001
1168 5.00002
1169 4.99992
1170 4.9999
1171 4.99991
1172 4.99993
1173 4.99993
1174 4.99993
1175 4.99993
1176 4.99995
1177 4.99996
1178 4.99996
1179 4.99996
1180 4.99996
1181 4.99998
1182 4.99998
1183 4.99998
1184 4.99998
1185 4.99998
1186 4.99999
1187 4.99999
1188 4.99999
1189 4.99999
1190 4.99999
1191 5
1192 4.99999
1193 4.99999
1194 4.99999
1195 5
1196 5
1197 5
1198 4.99999
1199 4.99999
1200 5
1201 5
1202 5
1203 5
1204 5
1205 5
1206 5
1207 5
1208 5
1209 5
1210 5
1211 5
1212 5
1213 5
1214 5
1215 5
1216 5
1217 5
1218 5
1219 5
1220 5
1221 5
1222 5
1223 5
1224 5
1225 5
1226 5
1227 5
1228 5
1229 5
1230 5
1231 5
1232 5
1233 5
1234 5
1235 5
1236 5
1237 5
1238 5
1239 5
1240 5
1241 5
1242 5
1243 5
1244 5
1245 5
1246 5
1247 5
1248 5
1249 5
1250 5
1251 5
1252 5
1253 5
1254 5
1255 5
1256 5
1257 5
1258 5
1259 5
1260 5
1261 5
1262 5
1263 5
1264 5
1265 5
1266 5
1267 5
1268 5
1269 5
1270 5
1271 5
1272 5
1273 5
1274 5
1275 5
1276 5
1277 5
1278 5
1279 5
1280 5
1281 5
1282 5
1283 5
1284 5
1285 5
1286 5
1287 5
1288 5
1289 5
1290 5
1291 5
1292 5
1293 5
1294 5
1295 5
1296 5
1297 5
1298 5
1299 5
1300 5
1301 4.93792
1302 4.75843
1303 4.44481
1304 4.15786
1305 3.85002
1306 3.53001
1307 3.21098
1308 2.93863
1309 2.5809
1310 2.2717
1311 2.00476
1312 1.68689
1313 1.33924
1314 1.01899
1315 0.734789
1316 0.426992
1317 0.155765
1318 0.0309451
1319 -0.00110379
1320 -0.00709564
1321 -0.00536904
1322 -0.00296206
1323 -0.00142751
1324 -0.000636318
1325 -0.000337459
1326 -0.000285597
1327 -0.000199871
1328 -0.000113197
1329 8.99891e-06
1330 6.41765e-05
1331 7.88589e-05
1332 7.17545e-05
1333 5.56512e-05
1334 4.75995e-05
1335 4.87836e-05
1336 5.06781e-05
1337 4.54682e-05
1338 2.84176e-05
1339 2.01291e-05
1340 2.20237e-05
1341 2.48654e-05
1342 2.20237e-05
1343 1.18407e-05
1344 5.44671e-06
1345 7.34122e-06
1346 1.0183e-05
1347 8.99891e-06
1348 3.07858e-06
1349 -9.47254e-07
1350 1.18407e-06
1351 4.97308e-06
1352 3.31539e-06
1353 -7.10441e-07
1354 -3.07858e-06
