0 5.00001
1 5.00001
2 5.00001
3 5.00001
4 5.00001
5 5.00001
6 5.00001
7 5.00001
8 5.00001
9 5.00001
10 5.00001
11 5.00001
12 5.00001
13 5.00001
14 5.00001
15 5.00001
16 5.00001
17 5.00001
18 5.00001
19 5.00001
20 5.00001
21 5.00001
22 5.00001
23 5.00001
24 5.00001
25 5.00001
26 5.00001
27 5.00001
28 5.00001
29 5.00001
30 5.00001
31 5.00001
32 5.00001
33 5.00001
34 5.00001
35 5.00001
36 5.00001
37 5.00001
38 5.00001
39 5.00001
40 5.00001
41 5.00001
42 5.00001
43 5.00001
44 5.00001
45 5.00001
46 5.00001
47 5.00001
48 5.00001
49 5.00001
50 5.00001
51 5.00001
52 5.00001
53 5.00001
54 5.00001
55 5.00001
56 5.00001
57 5.00001
58 5.00001
59 5.00001
60 5.00001
61 5.00001
62 5.00001
63 5.00001
64 5.00001
65 5.00001
66 5.00001
67 5.00001
68 5.00001
69 5.00001
70 5.00001
71 5.00001
72 5.00001
73 5.00001
74 5.00001
75 5.00001
76 5.00001
77 5.00001
78 5.00001
79 5.00001
80 5.00001
81 5.00001
82 5.00001
83 5.00001
84 5.00001
85 5.00001
86 5.00001
87 5.00001
88 5.00001
89 5.00001
90 5.00001
91 5.00001
92 5.00001
93 5.00001
94 5.00001
95 5.00001
96 5.00001
97 5.00001
98 5.00001
99 5.00001
100 5.00001
101 5.00001
102 5.00002
103 5.00002
104 5.00002
105 5.00002
106 5.00002
107 5.00002
108 5.00002
109 5.00002
110 5.00002
111 5.00002
112 5.00002
113 5.00002
114 5.00002
115 5.00002
116 5.00002
117 5.00002
118 5.00002
119 5.00002
120 5.00002
121 5.00002
122 5.00002
123 5.00002
124 5.00002
125 5.00002
126 5.00002
127 5.00002
128 5.00002
129 5.00002
130 5.00002
131 5.00002
132 5.00002
133 5.00002
134 5.00002
135 5.00002
136 5.00002
137 5.00002
138 5.00002
139 5.00002
140 5.00002
141 5.00002
142 5.00002
143 5.00002
144 5.00002
145 5.00002
146 5.00002
147 5.00002
148 5.00002
149 5.00002
150 5.00002
151 5.00002
152 5.00002
153 5.00002
154 5.00002
155 5.00002
156 5.00002
157 5.00002
158 5.00002
159 5.00002
160 5.00002
161 5.00002
162 5.00002
163 5.00002
164 5.00002
165 5.00002
166 5.00002
167 5.00002
168 5.00002
169 5.00002
170 5.00002
171 5.00002
172 5.00002
173 5.00002
174 5.00002
175 5.00002
176 5.00002
177 5.00002
178 5.00002
179 5.00002
180 5.00002
181 5.00002
182 5.00002
183 5.00002
184 5.00002
185 5.00002
186 5.00002
187 5.00002
188 5.00002
189 5.00001
190 5.00001
191 5.00001
192 5.00001
193 5.00001
194 5.00001
195 5.00001
196 5.00001
197 5.00001
198 5.00001
199 5
200 5
201 5
202 5
203 5
204 5
205 5
206 5
207 5
208 5
209 5
210 5
211 5
212 5
213 5
214 5
215 5
216 5
217 5
218 5
219 5
220 5
221 5
222 5
223 5
224 5
225 5
226 5
227 5
228 5
229 5
230 5
231 5
232 5
233 5
234 5
235 5
236 5
237 5
238 5
239 5
240 5
241 5
242 5
243 5
244 5
245 5
246 5
247 5
248 5
249 5
250 5
251 5
252 5
253 5
254 5
255 5
256 5
257 5
258 5
259 5
260 5
261 5
262 5
263 5
264 5
265 5
266 5
267 5
268 5
269 5
270 5
271 5
272 5
273 5
274 5
275 5
276 5
277 5
278 5
279 5
280 5
281 5
282 5
283 5
284 5
285 5
286 5
287 5
288 5
289 5
290 5
291 5
292 5
293 5
294 5
295 5
296 5
297 5
298 5
299 5
300 5
301 5
302 5
303 5
304 5
305 5
306 5
307 5
308 5
309 5
310 5
311 5
312 5
313 5
314 5
315 5
316 5
317 5
318 5
319 5
320 5
321 5
322 5
323 5
324 5
325 5
326 5
327 5
328 5
329 5
330 5
331 5
332 5
333 5
334 5
335 5
336 5
337 5
338 5
339 5
340 5
341 5
342 5
343 5
344 5
345 5
346 5
347 4.95645
348 4.7564
349 4.48911
350 4.18653
351 3.86255
352 3.55248
353 3.24332
354 2.91376
355 2.63306
356 2.29282
357 2.00353
358 1.70428
359 1.38641
360 1.06864
361 0.760857
362 0.462962
363 0.154275
364 0.0369526
365 -0.00168516
366 -0.00716385
367 -0.00533399
368 -0.00285668
369 -0.00140596
370 -0.000657158
371 -0.000385059
372 -0.000309989
373 -0.000201765
374 -0.000112723
375 2.20237e-05
376 6.20451e-05
377 7.24649e-05
378 6.58342e-05
379 5.18622e-05
380 4.49946e-05
381 4.71259e-05
382 4.80731e-05
383 4.12056e-05
384 2.58127e-05
385 2.20237e-05
386 2.43918e-05
387 2.58127e-05
388 2.10764e-05
389 1.08934e-05
390 8.05166e-06
391 1.08934e-05
392 1.18407e-05
393 9.23573e-06
394 2.36814e-06
395 1.42088e-06
396 4.26264e-06
397 5.2099e-06
398 3.07858e-06
399 -1.18407e-06
400 -1.18407e-06
401 2.13132e-06
402 2.36814e-06
403 2.36814e-07
404 -2.60495e-06
405 -2.36814e-06
406 -4.73627e-07
407 -2.36814e-07
408 -1.89451e-06
409 -3.78902e-06
410 -3.5522e-06
411 -2.36814e-06
412 -2.13132e-06
413 -3.31539e-06
414 -4.73627e-06
415 -4.49946e-06
416 -3.31539e-06
417 -3.07858e-06
418 -4.02583e-06
419 -4.73627e-06
420 -4.26264e-06
421 -3.31539e-06
422 -3.31539e-06
423 -3.5522e-06
424 -4.02583e-06
425 -4.02583e-06
426 -3.07858e-06
427 -3.07858e-06
428 -3.31539e-06
429 -4.26264e-06
430 -3.78902e-06
431 -3.31539e-06
432 -3.07858e-06
433 -3.78902e-06
434 -4.49946e-06
435 -4.26264e-06
436 -3.78902e-06
437 -3.78902e-06
438 -4.26264e-06
439 -4.49946e-06
440 -4.49946e-06
441 -3.78902e-06
442 -3.5522e-06
443 -4.26264e-06
444 -4.26264e-06
445 -4.02583e-06
446 -3.5522e-06
447 -3.5522e-06
448 -4.02583e-06
449 -4.02583e-06
450 -3.5522e-06
451 -3.31539e-06
452 -3.31539e-06
453 -4.02583e-06
454 -4.02583e-06
455 -4.02583e-06
456 -3.78902e-06
457 -3.78902e-06
458 -4.02583e-06
459 -4.02583e-06
460 -4.02583e-06
461 -3.78902e-06
462 -4.02583e-06
463 -4.02583e-06
464 -4.02583e-06
465 -3.78902e-06
466 -3.78902e-06
467 -3.78902e-06
468 -3.78902e-06
469 -3.78902e-06
470 -3.78902e-06
471 -3.5522e-06
472 -3.78902e-06
473 -4.02583e-06
474 -3.5522e-06
475 -3.78902e-06
476 -3.78902e-06
477 -4.02583e-06
478 -3.78902e-06
479 -4.02583e-06
480 -4.02583e-06
481 -3.5522e-06
482 -3.78902e-06
483 -4.02583e-06
484 -4.02583e-06
485 -4.02583e-06
486 -4.02583e-06
487 -3.78902e-06
488 -4.02583e-06
489 -4.02583e-06
490 -3.78902e-06
491 -3.5522e-06
492 -3.5522e-06
493 -3.78902e-06
494 -3.78902e-06
495 -3.78902e-06
496 -3.31539e-06
497 -3.78902e-06
498 -3.78902e-06
499 -3.5522e-06
500 -3.78902e-06
501 -3.78902e-06
502 -3.78902e-06
503 -4.02583e-06
504 -4.02583e-06
505 -4.02583e-06
506 -3.78902e-06
507 0.0128969
508 0.170449
509 0.412626
510 0.730213
511 1.06094
512 1.3651
513 1.67324
514 1.9918
515 2.29991
516 2.61774
517 2.89712
518 3.21993
519 3.55768
520 3.86558
521 4.15478
522 4.4601
523 4.77825
524 4.9342
525 4.99509
526 5.00704
527 5.00619
528 5.00359
529 5.00179
530 5.00084
531 5.00046
532 5.00028
533 5.00017
534 5.00007
535 4.99996
536 4.9999
537 4.99991
538 4.99993
539 4.99993
540 4.99993
541 4.99993
542 4.99994
543 4.99996
544 4.99996
545 4.99996
546 4.99996
547 4.99997
548 4.99998
549 4.99998
550 4.99998
551 4.99998
552 4.99999
553 4.99999
554 4.99999
555 4.99999
556 4.99999
557 4.99999
558 4.99999
559 4.99999
560 4.99999
561 4.99999
562 5
563 4.99999
564 4.99999
565 4.99999
566 5
567 5
568 5
569 4.99999
570 5
571 5
572 5
573 5
574 5
575 5
576 5
577 5
578 5
579 5
580 5
581 5
582 5
583 5
584 5
585 5
586 5
587 5
588 5
589 5
590 5
591 5
592 5
593 5
594 5
595 5
596 5
597 5
598 5
599 5
600 5
601 5
602 5
603 5
604 5
605 5
606 5
607 5
608 5
609 5
610 5
611 5
612 5
613 5
614 5
615 5
616 5
617 5
618 5
619 5
620 5
621 5
622 5
623 5
624 5
625 5
626 5
627 5
628 5
629 5
630 5
631 5
632 5
633 5
634 5
635 5
636 5
637 5
638 5
639 5
640 5
641 5
642 5
643 5
644 5
645 5
646 5
647 5
648 5
649 5
650 5
651 5
652 5
653 5
654 5
655 5
656 5
657 5
658 5
659 5
660 5
661 5
662 5
663 5
664 5
665 5
666 5
667 4.99976
668 4.88313
669 4.63812
670 4.32532
671 4.01664
672 3.69989
673 3.4003
674 3.09153
675 2.77466
676 2.46666
677 2.14757
678 1.84955
679 1.54782
680 1.24987
681 0.940819
682 0.62558
683 0.288301
684 0.0910197
685 0.0127489
686 -0.00608137
687 -0.00671579
688 -0.00431308
689 -0.00220568
690 -0.00096762
691 -0.000464391
692 -0.000349537
693 -0.000271862
694 -0.000164822
695 -7.67276e-05
696 4.97308e-05
697 7.15177e-05
698 7.10441e-05
699 5.94402e-05
700 4.71259e-05
701 4.52314e-05
702 4.80731e-05
703 4.64154e-05
704 3.59957e-05
705 2.32077e-05
706 2.20237e-05
707 2.55759e-05
708 2.43918e-05
709 1.82346e-05
710 8.05166e-06
711 8.28847e-06
712 1.16039e-05
713 1.1367e-05
714 7.81485e-06
715 1.18407e-06
716 1.65769e-06
717 4.97308e-06
718 5.2099e-06
719 1.89451e-06
720 -1.65769e-06
721 -2.36814e-07
722 2.13132e-06
723 1.65769e-06
724 -9.47254e-07
725 -3.07858e-06
726 -2.13132e-06
727 -2.36814e-07
728 -7.10441e-07
729 -2.60495e-06
730 -4.49946e-06
731 -3.5522e-06
732 -2.36814e-06
733 -2.60495e-06
734 -4.26264e-06
735 -4.97308e-06
736 -4.26264e-06
737 -3.07858e-06
738 -3.31539e-06
739 -4.26264e-06
740 -4.73627e-06
741 -4.02583e-06
742 -2.84176e-06
743 -3.31539e-06
744 -4.02583e-06
745 -4.02583e-06
746 -3.78902e-06
747 -3.07858e-06
748 -3.07858e-06
749 -3.78902e-06
750 -4.49946e-06
751 -4.02583e-06
752 -3.5522e-06
753 -3.78902e-06
754 -4.26264e-06
755 -4.73627e-06
756 -4.02583e-06
757 -3.78902e-06
758 -3.78902e-06
759 -4.26264e-06
760 -4.73627e-06
761 -4.02583e-06
762 -3.5522e-06
763 -3.78902e-06
764 -4.02583e-06
765 -4.26264e-06
766 -3.78902e-06
767 -3.5522e-06
768 -3.5522e-06
769 -4.02583e-06
770 -3.78902e-06
771 -3.5522e-06
772 -3.5522e-06
773 -3.5522e-06
774 -4.02583e-06
775 -4.02583e-06
776 -3.78902e-06
777 -3.78902e-06
778 -3.5522e-06
779 -4.02583e-06
780 -4.26264e-06
781 -4.02583e-06
782 -3.78902e-06
783 -4.02583e-06
784 -4.26264e-06
785 -4.02583e-06
786 -3.78902e-06
787 -3.5522e-06
788 -3.78902e-06
789 -4.02583e-06
790 -4.02583e-06
791 -3.78902e-06
792 -3.5522e-06
793 -3.78902e-06
794 -4.02583e-06
795 -3.78902e-06
796 -3.78902e-06
797 -3.5522e-06
798 -4.02583e-06
799 -4.02583e-06
800 -3.78902e-06
801 -3.78902e-06
802 -3.5522e-06
803 -3.78902e-06
804 -4.02583e-06
805 -4.02583e-06
806 -4.02583e-06
807 -3.78902e-06
808 -3.78902e-06
809 -4.02583e-06
810 -3.78902e-06
811 -3.78902e-06
812 -3.5522e-06
813 -3.78902e-06
814 -3.78902e-06
815 -4.02583e-06
816 -3.5522e-06
817 -3.5522e-06
818 -3.78902e-06
819 -3.78902e-06
820 -3.78902e-06
821 -3.78902e-06
822 -3.78902e-06
823 -3.78902e-06
824 -4.02583e-06
825 -3.78902e-06
826 -3.78902e-06
827 2.84176e-06
828 0.0621325
829 0.317071
830 0.553951
831 0.869556
832 1.18115
833 1.47502
834 1.78405
835 2.12354
836 2.46255
837 2.77046
838 3.07842
839 3.41116
840 3.66075
841 4.00708
842 4.30497
843 4.64255
844 4.85517
845 4.97731
846 5.0047
847 5.00711
848 5.00506
849 5.00272
850 5.00127
851 5.0006
852 5.00036
853 5.00023
854 5.00013
855 5.00003
856 4.99992
857 4.9999
858 4.99991
859 4.99993
860 4.99993
861 4.99993
862 4.99993
863 4.99995
864 4.99996
865 4.99996
866 4.99996
867 4.99997
868 4.99998
869 4.99998
870 4.99998
871 4.99998
872 4.99998
873 4.99999
874 4.99999
875 4.99999
876 4.99999
877 4.99999
878 5
879 4.99999
880 4.99999
881 4.99999
882 5
883 5
884 4.99999
885 4.99999
886 4.99999
887 5
888 5
889 5
890 5
891 5
892 5
893 5
894 5
895 5
896 5
897 5
898 5
899 5
900 5
901 5
902 5
903 5
904 5
905 5
906 5
907 5
908 5
909 5
910 5
911 5
912 5
913 5
914 5
915 5
916 5
917 5
918 5
919 5
920 5
921 5
922 5
923 5
924 5
925 5
926 5
927 5
928 5
929 5
930 5
931 5
932 5
933 5
934 5
935 5
936 5
937 5
938 5
939 5
940 5
941 5
942 5
943 5
944 5
945 5
946 5
947 5
948 5
949 5
950 5
951 5
952 5
953 5
954 5
