0 0
1 0
2 0
3 0
4 -0.000378665
5 0
6 -0.000378665
7 0
8 0
9 0
10 0.000378665
11 -0.000378665
12 -0.000378665
13 -0.000378665
14 0
15 0
16 -0.000378665
17 0
18 0
19 0
20 0
21 0.000378665
22 -0.000378665
23 0.000378665
24 0.000378665
25 -0.000757566
26 0.000378665
27 -0.000378665
28 -0.000378665
29 0.000378665
30 0.000378665
31 0
32 0
33 -0.000378665
34 0.0011367
35 -0.000378665
36 0
37 0
38 -0.000378665
39 -0.000757566
40 0
41 0
42 -0.000378665
43 0
44 0.000378665
45 0
46 0
47 0.000378665
48 0
49 0
50 -0.000378665
51 -0.000378665
52 0.000378665
53 0
54 0.000378665
55 0.000378665
56 0.000378665
57 0
58 0
59 -0.000378665
60 0
61 -0.000378665
62 0
63 -0.000378665
64 0.000378665
65 0
66 0
67 0.000378665
68 -0.000378665
69 0
70 -0.000378665
71 -0.000757566
72 -0.000378665
73 0
74 -0.000757566
75 0
76 0
77 -0.000378665
78 0.000378665
79 0
80 0.000378665
81 -0.000378665
82 0.000378665
83 0
84 0.000378665
85 0
86 0
87 0
88 0.000378665
89 0.000378665
90 0
91 0.000378665
92 -0.000378665
93 0.000757566
94 -0.000378665
95 0.000378665
96 0
97 -0.000378665
98 0.000378665
99 0
100 -0.000378665
101 0.000378665
102 0.000378665
103 0.000757566
104 0
105 0.000378665
106 0.000378665
107 0.000378665
108 -0.000757566
109 0.000378665
110 0.000378665
111 0
112 0
113 0.000378665
114 -0.000378665
115 0
116 -0.000378665
117 -0.000757566
118 0.000757566
119 0.000378665
120 -0.000378665
121 -0.000378665
122 -0.000378665
123 0.000378665
124 0.000378665
125 -0.000378665
126 0.000757566
127 0
128 -0.000757566
129 0.000378665
130 0
131 0.000378665
132 0
133 -0.000757566
134 -0.000378665
135 0
136 0.000378665
137 0.000378665
138 0.000378665
139 0.000378665
140 -0.000378665
141 -0.000378665
142 0.000757566
143 -0.000757566
144 0
145 0
146 0
147 0
148 0
149 0
150 -0.000378665
151 -0.000378665
152 -0.000378665
153 0.000378665
154 -0.000757566
155 0
156 -0.000378665
157 0
158 0.000378665
159 0
160 -0.000378665
161 -0.000757566
162 -0.000378665
163 0.000378665
164 0
165 0
166 -0.000378665
167 -0.000378665
168 3.18618
169 7.49543
170 9.39146
171 9.92305
172 10.0265
173 9.99467
174 9.9564
175 9.9564
176 9.91434
177 9.93518
178 9.94844
179 9.93025
180 9.94086
181 9.93101
182 9.94086
183 9.92154
184 6.62358
185 2.60457
186 0.594876
187 0.00303098
188 -0.0780537
189 -0.0727491
190 -0.0390269
191 -0.0174295
192 -0.00644109
193 -0.00416792
194 -0.00303098
195 -0.00303098
196 -0.00265207
197 -0.000757566
198 0.000378665
199 0.0011367
200 0.000378665
201 -0.000378665
202 0
203 0.000757566
204 -0.000378665
205 0.000378665
206 -0.000378665
207 0
208 0.000378665
209 0
210 0.000378665
211 -0.000378665
212 0
213 0
214 -0.000757566
215 -0.000378665
216 0.000378665
217 0.000757566
218 0
219 0.000378665
220 -0.000378665
221 -0.000378665
222 0.000378665
223 0.000757566
224 -0.000757566
225 0.000378665
226 0
227 0.000757566
228 -0.000378665
229 0
230 0.000378665
231 0.000378665
232 -0.0011367
233 0
234 -0.000378665
235 0
236 -0.000757566
237 -0.000378665
238 -0.000378665
239 0.000378665
240 0.000378665
241 0
242 -0.000757566
243 0
244 0
245 0
246 -0.000378665
247 -0.000378665
248 -0.000757566
249 0
250 0
251 0.0011367
252 -0.000378665
253 0
254 -0.000378665
255 0
256 0.000378665
257 0
258 -0.000378665
259 0.0011367
260 0
261 0.000378665
262 0
263 -0.000378665
264 0.000378665
265 -0.000378665
266 -0.000378665
267 0.000757566
268 0
269 0.000757566
270 0.000378665
271 -0.000378665
272 0.000378665
273 -0.000757566
274 0
275 0
276 -0.000378665
277 0
278 -0.000757566
279 0.000757566
280 0.000378665
281 -0.000757566
282 0
283 -0.000378665
284 0.000378665
285 0.000757566
286 0
287 -0.000757566
288 0.000378665
289 -0.000378665
290 0
291 0.000757566
292 0.000378665
293 0
294 -0.000757566
295 0
296 0
297 -0.000378665
298 -0.000757566
299 -0.000378665
300 -0.000378665
301 0
302 0
303 0
304 0.000757566
305 0
306 0
307 -0.000757566
308 -0.000378665
309 -0.000378665
310 0.000378665
311 0
312 0
313 -0.000378665
314 -0.000378665
315 0
316 0.000757566
317 -0.000378665
318 -0.000378665
319 0.000757566
320 -0.000757566
321 -0.000378665
322 0
323 -0.000757566
324 -0.000378665
325 -0.000757566
326 -0.000757566
327 0.000378665
328 -1.72135
329 -6.07607
330 -8.82159
331 -9.84159
332 -10.0151
333 -9.99883
334 -9.97269
335 -9.96435
336 -9.93707
337 -9.93935
338 -9.93025
339 -9.92078
340 -9.93594
341 -9.94086
342 -9.92836
343 -9.93177
344 -9.07507
345 -4.03341
346 -1.18634
347 -0.107229
348 0.0644133
349 0.087526
350 0.0473625
351 0.0253862
352 0.00795693
353 0.00151537
354 0.00340988
355 0.00303098
356 0.00416792
357 0.00227341
358 0.000378665
359 -0.000378665
360 -0.000378665
361 0
362 0
363 0
364 -0.000378665
365 0
366 -0.000757566
367 0
368 0
369 -0.000378665
370 -0.000378665
371 -0.000757566
372 0
373 0.000378665
374 0
375 -0.000378665
376 -0.000378665
377 0
378 0
379 -0.000378665
380 -0.000378665
381 -0.000378665
382 0.000757566
383 0
384 -0.000378665
385 -0.000378665
386 -0.000378665
387 0.000757566
388 0.000757566
389 -0.000757566
390 0
391 0
392 0.000378665
393 0
394 0
395 0
396 0
397 0.000378665
398 0.000378665
399 -0.000757566
400 -0.000757566
401 0
402 -0.000757566
403 0
404 -0.000378665
405 -0.000757566
406 0
407 0
408 0.000757566
409 0.000378665
410 -0.000378665
411 0
412 0
413 -0.000378665
414 0
415 0
416 -0.0011367
417 -0.000378665
418 0
419 0
420 0
421 -0.000378665
422 -0.000378665
423 0
424 0
425 0
426 0
427 0.000378665
428 0.000378665
429 0.000757566
430 0.000378665
431 -0.000378665
432 -0.000378665
433 0
434 0
435 -0.000378665
436 0.000378665
437 0
438 0.000757566
439 0
440 0
441 -0.000378665
442 0
443 0
444 0
445 0.000378665
446 0
447 -0.000378665
448 0.000757566
449 -0.000378665
450 -0.000378665
451 0.000757566
452 0.000757566
453 0.000378665
454 0.000378665
455 0.000378665
456 -0.000757566
457 0
458 0
459 0
460 -0.000757566
461 -0.000757566
462 0.000378665
463 0
464 0.000378665
465 0
466 0
467 0.000378665
468 -0.000757566
469 0.000757566
470 0
471 0.000378665
472 0.000378665
473 0.000378665
474 -0.000378665
475 -0.000378665
476 -0.000378665
477 -0.000378665
478 -0.000378665
479 -0.000378665
480 0.000378665
481 -0.000378665
482 0
483 0.000378665
484 0
485 -0.000378665
486 -0.000378665
487 -0.000757566
488 0.162549
489 5.35236
490 8.45216
491 9.73322
492 9.99201
493 10.0155
494 9.97496
495 9.96095
496 9.93404
497 9.9295
498 9.93366
499 9.93783
500 9.9367
501 9.92457
502 9.93518
503 9.93177
504 9.93025
505 4.86813
506 1.63382
507 0.305395
508 -0.0280385
509 -0.0822216
510 -0.0613818
511 -0.0303119
512 -0.0117457
513 -0.00568329
514 -0.00340988
515 -0.00151537
516 -0.00303098
517 -0.00151537
518 0
519 0
520 0
521 0
522 0.000378665
523 0.000378665
524 0.000757566
525 0
526 0.000378665
527 -0.000378665
528 0.000757566
529 0.000757566
530 0
531 -0.000378665
532 0
533 0.000757566
534 -0.000757566
535 -0.000378665
536 -0.000378665
537 0.000378665
538 -0.000378665
539 0
540 -0.000378665
541 -0.000378665
542 0
543 0.0011367
544 0.000757566
545 0
546 -0.000378665
547 0.0011367
548 -0.000378665
549 0
550 0
551 0.000378665
552 0
553 0.000378665
554 0.000757566
555 -0.000378665
556 0
557 -0.000378665
558 0
559 -0.000378665
560 -0.000378665
561 0.000378665
562 0.000378665
563 0
564 0.000378665
565 0.000378665
566 0.000757566
567 0.000378665
568 0.000757566
569 0
570 0.000378665
571 -0.000378665
572 0.000378665
573 0
574 0.000757566
575 0
576 -0.000378665
577 -0.000378665
578 0.000378665
579 0.000378665
580 0
581 0
582 0.000378665
583 0
584 0
585 0.000378665
586 0
587 -0.000378665
588 -0.000378665
589 0
590 0.000378665
591 0.000378665
592 0.000378665
593 0
594 0
595 0.000378665
596 0
597 -0.000378665
598 0
599 0
600 -0.000757566
601 0
602 0.000378665
603 0.000378665
604 0
605 0.000378665
606 -0.000378665
607 0
608 -0.000378665
609 0
610 -0.000378665
611 0.000757566
612 0.000378665
613 0
614 0.000378665
615 0
616 0.000757566
617 -0.000378665
618 0.000378665
619 0.000378665
620 0
621 0
622 0
623 -0.000378665
624 0
625 0
626 -0.000378665
627 0
628 0.000378665
629 0.000378665
630 0
631 0
632 -0.000378665
633 0
634 -0.000378665
635 0.000378665
636 0.0011367
637 -0.0011367
638 0
639 0
640 -0.000757566
641 0.000757566
642 0.000378665
643 0
644 0
645 0
646 0.000378665
647 0
648 0.000378665
649 -3.68974
650 -7.15594
651 -9.48694
652 -9.93404
653 -10.0212
654 -9.98974
655 -9.96511
656 -9.94882
657 -9.92912
658 -9.94162
659 -9.93101
660 -9.92912
661 -9.91586
662 -9.93139
663 -9.92381
664 -9.93177
665 -7.77923
666 -3.22673
667 -0.638449
668 0.00492572
669 0.0750225
670 0.0757803
671 0.0424367
672 0.0189451
673 0.00454682
674 0.00227341
675 0.00227341
676 0.00340988
677 0.00416792
678 0.000757566
679 0
680 -0.000757566
681 -0.0011367
682 0.0011367
683 0.000378665
684 0.000378665
685 0
686 -0.000757566
687 0
688 0
689 0
690 0.000378665
691 0.000378665
692 -0.000378665
693 0.000378665
694 -0.000757566
695 0.000378665
696 0
697 0
698 0.0011367
699 0.000378665
700 0
701 0.000757566
702 0.0011367
703 0
704 -0.000378665
705 0
706 -0.000378665
707 0.000378665
708 0
709 0
710 0
711 -0.000378665
712 0
713 -0.000378665
714 0
715 0
716 0
717 0
718 0
719 -0.000757566
720 -0.000378665
721 -0.000378665
722 0.000378665
723 0
724 0.000378665
725 -0.000378665
726 0.000757566
727 -0.000378665
728 0.000378665
729 0.000757566
730 -0.000378665
731 0.000378665
732 0.000378665
733 -0.000378665
734 0.000378665
735 -0.000378665
736 -0.000378665
737 0
738 -0.000378665
739 0
740 0
741 0
742 -0.000757566
743 -0.000378665
744 -0.000757566
745 0.000378665
746 -0.000378665
747 -0.000757566
748 0
749 -0.000378665
750 0.000378665
751 -0.000378665
752 0
753 -0.000757566
754 0.000378665
755 0
756 0
757 -0.000757566
758 -0.000378665
759 0
760 -0.000378665
761 0
762 0
763 0
764 0.000378665
765 -0.000378665
766 -0.000378665
767 0
768 0.000378665
769 0
770 0.000378665
771 -0.0011367
772 0
773 -0.000378665
774 -0.000378665
775 0
776 -0.000378665
777 0.000378665
778 -0.000757566
779 0
780 0
781 0
782 0
783 0.000378665
784 0
785 0.000378665
786 0
787 -0.000378665
788 0
789 0.000378665
790 0
791 -0.000378665
792 0
793 0.000757566
794 0.000378665
795 0.000378665
796 -0.000378665
797 0.000378665
798 0
799 0
800 0.000757566
801 0
802 -0.000378665
803 -0.000757566
804 0
805 0.000757566
806 0
807 0.000378665
808 -0.000378665
809 0.98666
810 6.48566
811 8.95572
812 9.87607
813 10.0038
814 9.99921
815 9.9708
816 9.94806
817 9.93973
818 9.93101
819 9.94048
820 9.91889
821 9.93253
822 9.92722
823 9.93632
824 9.9295
825 9.56727
826 3.92201
827 1.07267
828 0.176568
829 -0.0556983
830 -0.0795693
831 -0.0503937
832 -0.0234917
833 -0.0102303
834 -0.00492572
835 -0.00416792
836 -0.00303098
837 -0.00378878
838 -0.000757566
839 0
840 0
841 -0.000378665
842 -0.000378665
843 0
844 0
845 0.00151537
846 0
847 0
848 -0.000378665
849 0.0011367
850 0.000757566
851 -0.000378665
852 -0.000378665
853 0
854 0.000378665
855 0
856 0
857 -0.000378665
858 0.000378665
859 0.000378665
860 0.000757566
861 0
862 -0.000378665
863 0
864 0.000378665
865 0
866 0.000757566
867 0.000378665
868 0.000757566
869 0.000378665
870 -0.000757566
871 0.000757566
872 0.000378665
873 0
874 0.000378665
875 0.000757566
876 0
877 -0.000757566
878 0
879 0.000757566
880 0.000378665
881 0.000378665
882 0.000378665
883 -0.000378665
884 -0.000378665
885 0.000378665
886 -0.000378665
887 0
888 0.000378665
889 0.000757566
890 0
891 -0.000757566
892 0
893 0.000757566
894 0.000378665
895 -0.000378665
896 -0.000378665
897 0
898 0
899 -0.000757566
900 0.000378665
901 0.000378665
902 0
903 0
904 0.000757566
905 0.000378665
906 0.000757566
907 0
908 0.000378665
909 0.000378665
910 -0.000378665
911 0
912 -0.000378665
913 0.000378665
914 -0.0011367
915 0.000757566
916 -0.000378665
917 -0.000757566
918 -0.000378665
919 0.000378665
920 0
921 0
922 0.000378665
923 0
924 -0.000757566
925 0.000378665
926 0.000757566
927 0
928 0.000378665
929 0.000378665
930 0.000378665
931 0.000378665
932 0.000757566
933 -0.000757566
934 -0.000378665
935 -0.000378665
936 0.000378665
937 0.000378665
938 0
939 -0.000378665
940 0
941 0
942 -0.0011367
943 0
944 0
945 -0.000378665
946 0.000378665
947 0.000378665
948 -0.000378665
949 0.000378665
950 0
951 -0.000378665
952 0
953 0
954 0
955 0.000378665
956 0.000757566
957 0.000757566
958 0
959 0.000378665
960 0.000378665
961 -0.000378665
962 -0.0011367
963 -0.000378665
964 0
965 0.000378665
966 0
967 0
968 0.000378665
969 -0.0367535
970 -5.59638
971 -8.60637
972 -9.78892
973 -9.99126
974 -10.0117
975 -9.99353
976 -9.94996
977 -9.92874
978 -9.93556
979 -9.94427
980 -9.942
981 -9.93707
982 -9.93025
983 -9.92912
984 -9.91548
985 -9.93101
986 -4.61578
987 -1.4887
988 -0.197408
989 0.026144
990 0.0860104
991 0.0538038
992 0.0310699
993 0.0136402
994 0.00151537
995 0.00227341
996 0.00227341
997 0.00340988
998 0.00227341
999 0.00151537
1000 0
1001 -0.000757566
1002 -0.0011367
1003 0
1004 -0.000757566
1005 0
1006 -0.00151537
1007 -0.000757566
1008 -0.000378665
1009 0.000378665
1010 -0.000378665
1011 -0.000757566
1012 -0.000757566
1013 0.000378665
1014 0
1015 0
1016 -0.000378665
1017 0
1018 0.000757566
1019 0.000378665
1020 0
1021 -0.000757566
1022 0.0011367
1023 0.000757566
1024 -0.000378665
1025 0
1026 0
1027 -0.000757566
1028 0
1029 -0.000378665
1030 0.000378665
1031 0
1032 -0.000378665
1033 0
1034 0.000378665
1035 0
1036 0
1037 -0.000378665
1038 -0.000378665
1039 -0.000378665
1040 -0.000378665
1041 0
1042 -0.000378665
1043 -0.0011367
1044 0.000378665
1045 -0.000378665
1046 0.000378665
1047 0.000378665
1048 0
1049 -0.000378665
1050 -0.000378665
1051 0
1052 0
1053 0
1054 0.000378665
1055 -0.000378665
1056 -0.000757566
1057 0
1058 -0.000378665
1059 -0.000757566
1060 0
1061 0
1062 0
1063 0.000378665
1064 -0.000378665
1065 0
1066 0
1067 0
1068 0.000378665
1069 0.000757566
1070 0.000378665
1071 0
1072 0
1073 0
1074 -0.000378665
1075 0
1076 0.000378665
1077 0.000378665
1078 0.000378665
1079 -0.000378665
1080 0
1081 0
1082 0
1083 -0.000378665
1084 -0.000378665
1085 0.000378665
1086 0
1087 0
1088 -0.000378665
1089 0
1090 0
1091 0.000378665
1092 0
1093 -0.000378665
1094 -0.000757566
1095 -0.000378665
1096 -0.000757566
1097 -0.000757566
1098 0
1099 0.000378665
1100 -0.000378665
1101 0
1102 0.000378665
1103 -0.000378665
1104 0.000378665
1105 -0.000757566
1106 0.000757566
1107 0
1108 0
1109 0
1110 0
1111 0.000378665
1112 0
1113 -0.000378665
1114 0
1115 0.000378665
1116 0
1117 -0.000378665
1118 0.000378665
1119 -0.000757566
1120 0.000378665
1121 0
1122 0.000378665
1123 0.000378665
1124 0.000378665
1125 -0.000378665
1126 0.000378665
1127 0
1128 0
1129 -0.000378665
1130 4.0156
1131 7.80121
1132 9.55287
1133 9.97383
1134 10.0038
1135 9.98633
1136 9.95488
1137 9.94276
1138 9.93897
1139 9.93745
1140 9.94503
1141 9.94655
1142 9.93594
1143 9.92457
1144 9.91964
1145 9.92495
1146 6.47505
1147 2.27
1148 0.514548
1149 -0.00871474
1150 -0.0799482
1151 -0.0716124
1152 -0.0367535
1153 -0.015535
1154 -0.00606219
1155 -0.00340988
1156 -0.00265207
1157 -0.00340988
1158 -0.00265207
1159 0
1160 0.0011367
1161 0.00151537
1162 -0.000378665
1163 0
1164 0.000757566
1165 0.0011367
1166 0.000378665
1167 0.000378665
1168 0.000757566
1169 0.000378665
1170 0.000378665
1171 0.000378665
1172 0
1173 0.000757566
1174 0.000757566
1175 0
1176 0
1177 -0.000378665
1178 -0.000378665
1179 0
1180 -0.000378665
1181 -0.000378665
1182 0.000378665
1183 -0.000378665
1184 0.000378665
1185 0
1186 -0.000378665
1187 0.000378665
1188 0
1189 0
1190 0
1191 -0.000378665
1192 0.000757566
1193 -0.000378665
1194 0.000757566
1195 0.000378665
1196 -0.000757566
1197 0
1198 0
1199 -0.000378665
1200 0
1201 0
1202 0
1203 0.000378665
1204 0
1205 -0.000378665
1206 -0.000378665
1207 0
1208 -0.000378665
1209 -0.000757566
1210 0.000378665
1211 0
1212 -0.000378665
1213 0
1214 -0.000378665
1215 0.000757566
1216 0.000378665
1217 0.000378665
1218 -0.000378665
1219 0
1220 0.000378665
1221 0.000378665
1222 0
1223 0.0011367
1224 0.000378665
1225 -0.000378665
1226 -0.000378665
1227 0
1228 -0.000378665
1229 0.000378665
1230 0
1231 0.000378665
1232 0
1233 -0.000378665
1234 0
1235 -0.000378665
1236 0
1237 -0.000757566
1238 0
1239 0.000378665
1240 0.000378665
1241 0.000378665
1242 -0.000378665
1243 -0.000378665
1244 0.000378665
1245 -0.000757566
1246 -0.000378665
1247 -0.000378665
1248 0.000378665
1249 0.000757566
1250 0
1251 -0.000378665
1252 0
1253 -0.000757566
1254 0.000378665
1255 0.000378665
1256 0
1257 0.000378665
1258 0
1259 0
1260 0.000378665
1261 -0.000757566
1262 0.000378665
1263 0.000378665
1264 -0.000757566
1265 -0.0011367
1266 0.000757566
1267 0.000378665
1268 0
1269 0
1270 0.000378665
1271 0
1272 -0.000378665
1273 0
1274 -0.000757566
1275 0.000378665
1276 -0.000378665
1277 0.000378665
1278 0
1279 -0.000757566
1280 0.000378665
1281 -0.000378665
1282 -0.000378665
1283 0.000378665
1284 0
1285 0.000378665
1286 -0.000378665
1287 -0.000757566
1288 0.000378665
1289 0.0011367
1290 -1.54516
1291 -6.96952
1292 -9.06484
1293 -9.87683
1294 -10.0269
1295 -9.99543
1296 -9.96057
1297 -9.95791
1298 -9.93215
1299 -9.9223
1300 -9.93442
1301 -9.91623
1302 -9.95071
1303 -9.94048
1304 -9.92647
1305 -9.93707
1306 -9.00952
1307 -3.62419
1308 -0.960136
1309 -0.0879049
1310 0.0640344
1311 0.0844948
1312 0.0443313
1313 0.022355
1314 0.00644109
1315 0.00227341
1316 0.00227341
1317 0.00265207
1318 0.00416792
1319 0.00151537
1320 0.000757566
1321 0
1322 -0.000757566
1323 -0.000378665
1324 0.000378665
1325 0
1326 -0.000757566
1327 -0.000378665
1328 0
1329 0.000757566
1330 -0.000378665
1331 0.000757566
1332 -0.000378665
1333 0
1334 0
1335 0
1336 -0.000378665
1337 0.000757566
1338 -0.000378665
1339 0
1340 0
1341 -0.000378665
1342 -0.000757566
1343 -0.0011367
1344 0
1345 0.00151537
1346 0
1347 0
1348 0.000378665
1349 0
1350 0
1351 0
1352 0
1353 0.000378665
1354 0.000378665
1355 0
1356 0
1357 0
1358 -0.000378665
1359 0
1360 0
1361 0
1362 0.000378665
1363 -0.000757566
1364 0.000378665
1365 -0.000378665
1366 0
1367 -0.000378665
1368 0
1369 -0.000378665
1370 -0.0011367
1371 -0.000378665
1372 -0.000378665
1373 -0.000378665
1374 -0.000378665
1375 0
1376 0
1377 0.000378665
1378 0.000378665
1379 0
1380 0
1381 0.000378665
1382 0
1383 0
1384 0
1385 0
1386 -0.000378665
1387 0.000378665
1388 0.000378665
1389 0.000378665
1390 0
1391 0.000378665
1392 0
1393 -0.000378665
1394 0.000378665
1395 0.000378665
1396 0
1397 0.000378665
1398 0
1399 0
1400 -0.000378665
1401 0
1402 0.000378665
1403 0
1404 0
1405 0
1406 0
1407 0
1408 0
1409 0
1410 0
1411 0
1412 -0.000378665
1413 0
1414 0.000378665
1415 0
1416 0
1417 0.000378665
1418 0
1419 0
1420 0.000378665
1421 -0.000757566
1422 0.000378665
1423 0.000378665
1424 0
1425 -0.000757566
1426 -0.000378665
1427 0
1428 0
1429 0
1430 -0.0011367
1431 0.000378665
1432 0.000378665
1433 -0.000378665
1434 0
1435 -0.000757566
1436 0
1437 0
1438 0
1439 0
1440 0
1441 0.000378665
1442 0.000378665
1443 0.000757566
1444 -0.000378665
1445 0.000757566
1446 0.000757566
1447 0
1448 -0.000378665
1449 0
1450 0.574036
1451 5.67519
1452 8.6795
1453 9.79158
1454 10.0026
1455 10.031
1456 9.97383
1457 9.95185
1458 9.94693
1459 9.92722
1460 9.9276
1461 9.93101
1462 9.94617
1463 9.92836
1464 9.93783
1465 9.93632
1466 9.92684
1467 4.8973
1468 1.43073
1469 0.212185
1470 -0.038648
1471 -0.0826006
1472 -0.0541827
1473 -0.0269018
1474 -0.0117457
1475 -0.00568329
1476 -0.00340988
1477 -0.00227341
1478 -0.00416792
1479 -0.00189427
1480 -0.000378665
1481 0.0011367
1482 0.000378665
1483 0.000378665
1484 0.000378665
1485 0
1486 0.000378665
1487 0.000757566
1488 -0.000378665
1489 0
1490 0.000378665
1491 0.000757566
1492 -0.000378665
1493 -0.000378665
1494 0
1495 0
1496 0.000378665
1497 0
1498 0
1499 0.000757566
1500 -0.000378665
1501 0
1502 -0.000757566
1503 -0.000378665
1504 0
1505 0
1506 0
1507 -0.000378665
1508 0
1509 -0.000378665
1510 0
1511 0.000378665
1512 -0.000757566
1513 0
1514 0.000757566
1515 0
1516 0
1517 0
1518 0
1519 0
1520 -0.000757566
1521 0
1522 0
1523 -0.000378665
1524 0
1525 0.000378665
1526 0.000378665
1527 -0.000757566
1528 0.000378665
1529 0.000378665
1530 0.000378665
1531 0.000378665
1532 0
1533 0
1534 -0.000757566
1535 0.000378665
1536 0
1537 0
1538 0
1539 0.000757566
1540 -0.000378665
1541 0
1542 0
1543 0
1544 -0.000757566
1545 -0.000378665
1546 0
1547 0.000378665
1548 0.000378665
1549 0.000378665
1550 0
1551 -0.000378665
1552 -0.000378665
1553 0.000378665
1554 0.000757566
1555 -0.000757566
1556 -0.000378665
1557 0.000378665
1558 0
1559 0
1560 0.000378665
1561 -0.000378665
1562 0
1563 -0.000378665
1564 0
1565 0.000757566
1566 -0.000378665
1567 -0.000757566
1568 0
1569 0
1570 -0.0011367
1571 0
1572 0.000757566
1573 0.000378665
1574 0
1575 0
1576 -0.000378665
1577 -0.000378665
1578 -0.000378665
1579 -0.000378665
1580 0
1581 0
1582 -0.000378665
1583 0
1584 -0.000378665
1585 0
1586 -0.000757566
1587 -0.000378665
1588 0
1589 0.000757566
1590 0
1591 0.000378665
1592 -0.000378665
1593 0.000757566
1594 0
1595 -0.000757566
1596 0.000378665
1597 0
1598 0
1599 0.000378665
1600 -0.000378665
1601 -0.000757566
1602 0.000757566
1603 0.000378665
1604 -0.000378665
1605 0
1606 -1.9953
1607 -6.80773
1608 -9.10311
1609 -9.87986
1610 -10.0041
1611 -10.0068
1612 -9.96473
1613 -9.93973
1614 -9.94655
1615 -9.93897
1616 -9.94844
1617 -9.92609
1618 -9.93973
1619 -9.9223
1620 -9.91434
1621 -9.9204
1622 -9.1088
1623 -4.03227
1624 -1.13254
1625 -0.121627
1626 0.0644133
1627 0.083737
1628 0.045468
1629 0.0269018
1630 0.00795693
1631 0.00189427
1632 0.00265207
1633 0.00303098
1634 0.00416792
1635 0.00151537
1636 0.000378665
1637 -0.000378665
1638 0
1639 0
1640 0.000378665
1641 -0.000378665
1642 0
1643 -0.0011367
1644 0.000757566
1645 0.000757566
1646 0
1647 0.000378665
1648 -0.000378665
1649 0
1650 0
1651 -0.000378665
1652 0.000378665
1653 0.000378665
1654 0
1655 0
1656 -0.000378665
1657 -0.000757566
1658 -0.000757566
1659 -0.000378665
1660 -0.000378665
1661 0
1662 0
1663 0
1664 0
1665 0
1666 -0.000378665
