0 2.38439
1 2.38439
2 2.38439
3 2.38439
4 2.38439
5 2.38439
6 2.38439
7 2.38439
8 2.38439
9 2.38439
10 2.38439
11 2.38439
12 2.38439
13 2.38439
14 2.38439
15 2.38439
16 2.38439
17 2.38439
18 2.38439
19 2.38439
20 2.38439
21 2.38439
22 2.38439
23 2.38439
24 2.38439
25 2.38439
26 2.38439
27 2.38439
28 2.38439
29 2.38439
30 2.38439
31 2.38439
32 2.38439
33 2.38439
34 2.38439
35 2.38439
36 2.38439
37 2.38439
38 2.38439
39 2.38439
40 2.38439
41 2.38439
42 2.38439
43 2.38439
44 2.38439
45 2.38439
46 2.38439
47 2.38439
48 2.38439
49 2.38439
50 2.38439
51 2.38439
52 2.38439
53 2.38439
54 2.38439
55 2.38439
56 2.38439
57 2.38439
58 2.38439
59 2.38439
60 2.38439
61 2.38439
62 2.38439
63 2.38439
64 2.38439
65 2.38439
66 2.38439
67 2.38439
68 2.38439
69 2.38439
70 2.38439
71 2.38439
72 2.38439
73 2.38439
74 2.38439
75 2.38439
76 2.38439
77 2.38439
78 2.38439
79 2.38439
80 2.38439
81 2.38439
82 2.38439
83 2.38439
84 2.38439
85 2.38439
86 2.38439
87 2.38439
88 2.38439
89 2.38439
90 2.38439
91 2.38439
92 2.38439
93 2.38439
94 2.38439
95 2.38439
96 2.38439
97 2.38439
98 2.38439
99 2.38439
100 2.38439
101 2.38439
102 2.38439
103 2.38439
104 2.38439
105 2.38439
106 2.38439
107 2.38439
108 2.38439
109 2.38439
110 2.38439
111 2.38439
112 2.38439
113 2.40801
114 2.54122
115 2.77315
116 3.06535
117 3.36183
118 3.64636
119 3.92551
120 4.20744
121 4.45749
122 4.7456
123 5.04382
124 5.33068
125 5.61872
126 5.86847
127 6.19131
128 6.45232
129 6.75829
130 7.00356
131 7.28591
132 7.56378
133 7.86303
134 8.12062
135 8.43228
136 8.7101
137 8.98912
138 9.27822
139 9.54146
140 9.82273
141 10.1275
142 10.3706
143 10.6855
144 10.9645
145 11.2559
146 11.4831
147 11.779
148 12.085
149 12.3843
150 12.6295
151 12.9085
152 13.1875
153 13.4845
154 13.7365
155 14.0604
156 14.3338
157 14.6128
158 14.9098
159 15.146
160 15.4835
161 15.7457
162 15.9988
163 16.3171
164 16.586
165 16.8762
166 17.1159
167 17.4128
168 17.7008
169 17.9877
170 18.2937
171 18.5277
172 18.8404
173 19.0744
174 19.3804
175 19.6616
176 19.9384
177 20.2342
178 20.5234
179 20.7911
180 21.0611
181 21.3412
182 21.6247
183 21.9037
184 22.1917
185 22.4785
186 22.7755
187 23.0365
188 23.3313
189 23.5844
190 23.8724
191 24.1525
192 24.4641
193 24.7161
194 25.0243
195 25.3101
196 25.5879
197 25.8872
198 26.1459
199 26.4249
200 26.6949
201 26.9784
202 27.2574
203 27.5454
204 27.8311
205 28.1202
206 28.3711
207 28.6614
208 28.9347
209 29.2317
210 29.5208
211 29.7846
212 29.9427
213 29.9956
214 30.0061
215 30.0056
216 30.0034
217 30.0017
218 30.0009
219 30.0004
220 30.0002
221 30
222 30
223 30
224 30
225 30
226 30
227 30
228 30
229 30
230 30
231 30
232 30
233 30
234 30
235 30
236 30
237 30
238 30
239 30
240 30
241 30
242 30
243 30
244 30
245 30
246 30
247 30
248 30
249 30
250 30
251 30
252 30
253 30
254 30
255 30
256 30
257 30
258 30
259 30
260 30
261 30
262 30
263 30
264 30
265 30
266 30
267 30
268 30
269 30
270 30
271 30
272 30
273 29.9955
274 29.865
275 29.632
276 29.3626
277 29.0917
278 28.8355
279 28.5278
280 28.239
281 27.9326
282 27.6804
283 27.4104
284 27.1043
285 26.8456
286 26.5576
287 26.2854
288 26.003
289 25.715
290 25.4181
291 25.1334
292 24.8724
293 24.5586
294 24.3111
295 24.0344
296 23.7205
297 23.4595
298 23.1805
299 22.8925
300 22.6113
301 22.3627
302 22.0646
303 21.7946
304 21.5033
305 21.2063
306 20.9239
307 20.628
308 20.394
309 20.0881
310 19.8023
311 19.5323
312 19.2444
313 18.9451
314 18.6931
315 18.3961
316 18.1251
317 17.8337
318 17.5277
319 17.2836
320 17.0057
321 16.6997
322 16.4477
323 16.1429
324 15.8819
325 15.5759
326 15.3329
327 15.0067
328 14.748
329 14.4498
330 14.2012
331 13.9132
332 13.6241
333 13.3407
334 13.0617
335 12.7838
336 12.5093
337 12.2033
338 11.9064
339 11.6645
340 11.3585
341 11.0559
342 10.8129
343 10.5249
344 10.2369
345 9.9467
346 9.68795
347 9.4146
348 9.13339
349 8.8431
350 8.56415
351 8.26601
352 7.97917
353 7.69116
354 7.42906
355 7.16134
356 6.85196
357 6.56401
358 6.32212
359 6.03413
360 5.76415
361 5.45364
362 5.16907
363 4.88104
364 4.60095
365 4.32308
366 4.08008
367 3.79214
368 3.49625
369 3.20716
370 2.91127
371 2.6604
372 2.39043
373 2.08332
374 1.80774
375 1.5366
376 1.24075
377 0.977495
378 0.673766
379 0.394806
380 0.146278
381 0.0298011
382 -0.00282376
383 -0.00635868
384 -0.00509173
385 -0.00292062
386 -0.00136073
387 -0.000684628
388 -0.000331302
389 -0.000168848
390 -7.41226e-05
391 -2.7944e-05
392 -3.5522e-06
393 7.81485e-06
394 1.25511e-05
395 1.3972e-05
396 1.49193e-05
397 1.44456e-05
398 1.3972e-05
399 1.32616e-05
400 1.25511e-05
401 1.16039e-05
402 1.08934e-05
403 9.70935e-06
404 8.7621e-06
405 8.05166e-06
406 7.10441e-06
407 6.39396e-06
408 5.68352e-06
409 4.97308e-06
410 4.02583e-06
411 3.78902e-06
412 2.84176e-06
413 2.36814e-06
414 2.13132e-06
415 1.42088e-06
416 9.47254e-07
417 7.10441e-07
418 2.36814e-07
419 -4.73627e-07
420 -4.73627e-07
421 -7.10441e-07
422 -1.18407e-06
423 -1.42088e-06
424 -1.65769e-06
425 -1.89451e-06
426 -2.13132e-06
427 -2.60495e-06
428 -2.60495e-06
429 -1.65769e-06
430 -2.60495e-06
431 -4.02583e-06
432 -3.5522e-06
433 3.52852e-05
434 0.0698363
435 0.280774
436 0.533967
437 0.818773
438 1.11133
439 1.38521
440 1.6742
441 1.9638
442 2.20586
443 2.51984
444 2.80001
445 3.09029
446 3.34228
447 3.63251
448 3.92272
449 4.1849
450 4.48066
451 4.75854
452 5.03306
453 5.33116
454 5.6124
455 5.89364
456 6.17374
457 6.46285
458 6.71259
459 6.99159
460 7.28858
461 7.57206
462 7.87804
463 8.13902
464 8.40788
465 8.71385
466 9.00071
467 9.25385
468 9.54407
469 9.84218
470 10.1302
471 10.3867
472 10.6656
473 10.9637
474 11.2416
475 11.5206
476 11.8097
477 12.0875
478 12.3395
479 12.6185
480 12.9245
481 13.1945
482 13.4994
483 13.7705
484 14.0607
485 14.3217
486 14.612
487 14.8786
488 15.1587
489 15.4567
490 15.747
491 16.0181
492 16.287
493 16.5941
494 16.8731
495 17.1611
496 17.4164
497 17.7044
498 18.0025
499 18.2736
500 18.5504
501 18.8125
502 19.1005
503 19.3907
504 19.6764
505 19.9667
506 20.2569
507 20.5269
508 20.78
509 21.0748
510 21.3628
511 21.6507
512 21.9162
513 22.2042
514 22.4573
515 22.7824
516 23.0591
517 23.3471
518 23.5901
519 23.904
520 24.174
521 24.4721
522 24.7443
523 24.9963
524 25.2753
525 25.5712
526 25.8682
527 26.1381
528 26.4013
529 26.6916
530 26.9796
531 27.2428
532 27.5185
533 27.8154
534 28.0877
535 28.3599
536 28.6929
537 28.9359
538 29.2239
539 29.5107
540 29.7807
541 29.9439
542 29.998
543 30.0061
544 30.0057
545 30.0035
546 30.0017
547 30.0008
548 30.0003
549 30.0002
550 30
551 30
552 30
553 30
554 30
555 30
556 30
557 30
558 30
559 30
560 30
561 30
562 30
563 30
564 30
565 30
566 30
567 30
568 30
569 30
570 30
571 30
572 30
573 30
574 30
575 30
576 30
577 30
578 30
579 30
580 30
581 30
582 30
583 30
584 30
585 30
586 30
587 30
588 30
589 30
590 30
591 30
592 30
593 30
594 29.973
595 29.803
596 29.5574
597 29.2662
598 29.0124
599 28.7052
600 28.4408
601 28.1341
602 27.874
603 27.5949
604 27.3249
605 27.0211
606 26.7241
607 26.4631
608 26.183
609 25.8871
610 25.6363
611 25.355
612 25.0491
613 24.7521
614 24.4911
615 24.2234
616 23.9252
617 23.6294
618 23.3774
619 23.1085
620 22.8205
621 22.5202
622 22.2379
623 21.9498
624 21.6596
625 21.4009
626 21.0949
627 20.826
628 20.5707
629 20.2793
630 19.9834
631 19.6977
632 19.4356
633 19.1476
634 18.8461
635 18.5671
636 18.2983
637 18.0429
638 17.7437
639 17.4557
640 17.1666
641 16.9112
642 16.6232
643 16.3521
644 16.0731
645 15.7773
646 15.4893
647 15.2013
648 14.9358
649 14.6298
650 14.3778
651 14.1079
652 13.785
653 13.5251
654 13.2281
655 12.9672
656 12.6961
657 12.4137
658 12.1257
659 11.8467
660 11.5689
661 11.2629
662 10.9861
663 10.7015
664 10.4304
665 10.1616
666 9.87132
667 9.57772
668 9.30323
669 9.01521
670 8.74974
671 8.46852
672 8.18278
673 7.89367
674 7.60679
675 7.31883
676 7.08597
677 6.78898
678 6.47737
679 6.20286
680 5.92277
681 5.61675
682 5.37716
683 5.09932
684 4.81694
685 4.51772
686 4.23983
687 3.94624
688 3.68301
689 3.37027
690 3.12729
691 2.85613
692 2.55582
693 2.25769
694 2.01585
695 1.71097
696 1.43197
697 1.14288
698 0.859366
699 0.589385
700 0.291301
701 0.0914806
702 0.0202331
703 -0.00501784
704 -0.0060468
705 -0.00411771
706 -0.00215335
707 -0.00117412
708 -0.000544197
709 -0.000273993
710 -0.000116039
711 -5.44671e-05
712 -2.4155e-05
713 -7.81485e-06
714 7.10441e-07
715 7.10441e-06
716 9.23573e-06
717 1.04198e-05
718 1.04198e-05
719 1.04198e-05
720 9.94617e-06
721 9.47254e-06
722 8.99891e-06
723 8.28847e-06
724 7.57803e-06
725 5.92034e-06
726 6.39396e-06
727 5.68352e-06
728 5.2099e-06
729 4.02583e-06
730 4.02583e-06
731 3.5522e-06
732 3.07858e-06
733 2.13132e-06
734 1.42088e-06
735 1.89451e-06
736 9.47254e-07
737 2.60495e-06
738 -4.73627e-06
739 4.73627e-07
740 -2.60495e-06
741 -1.42088e-06
742 -2.13132e-06
743 -2.36814e-06
744 -1.65769e-06
745 -3.07858e-06
746 -3.31539e-06
747 -3.07858e-06
748 -2.13132e-06
749 -2.84176e-06
750 -2.84176e-06
751 -3.07858e-06
752 -3.07858e-06
753 -2.84176e-06
754 0.00678755
755 0.139667
756 0.402525
757 0.646226
758 0.945662
759 1.22118
760 1.48352
761 1.79932
762 2.08206
763 2.36792
764 2.63801
765 2.92714
766 3.19377
767 3.48291
768 3.75398
769 4.05437
770 4.30632
771 4.62132
772 4.89019
773 5.14217
774 5.42116
775 5.74399
776 6.005
777 6.28399
778 6.58208
779 6.83185
780 7.11082
781 7.41232
782 7.70815
783 7.97703
784 8.26501
785 8.54737
786 8.81061
787 9.07721
788 9.38321
789 9.64196
790 9.93104
791 10.2022
792 10.4991
793 10.7793
794 11.0785
795 11.3563
796 11.6252
797 11.9323
798 12.1832
799 12.479
800 12.7614
801 13.0573
802 13.3002
803 13.5793
804 13.8571
805 14.1642
806 14.4533
807 14.7335
808 15.0091
809 15.27
810 15.5783
811 15.8572
812 16.1272
813 16.4254
814 16.7077
815 16.9867
816 17.2567
817 17.5537
818 17.8057
819 18.1116
820 18.3771
821 18.6842
822 18.9362
823 19.1984
824 19.5055
825 19.8114
826 20.0465
827 20.3503
828 20.6202
829 20.9173
830 21.2131
831 21.4921
832 21.7711
833 22.0141
834 22.3133
835 22.5923
836 22.8814
837 23.1773
838 23.4292
839 23.7015
840 23.9917
841 24.2887
842 24.5958
843 24.8287
844 25.128
845 25.4159
846 25.7118
847 25.9548
848 26.2607
849 26.5611
850 26.8131
851 27.0842
852 27.3801
853 27.677
854 27.929
855 28.2373
856 28.5095
857 28.8065
858 29.0608
859 29.3453
860 29.6164
861 29.8606
862 29.9756
863 30.0032
864 30.0063
865 30.0046
866 30.0026
867 30.0013
868 30.0006
869 30.0002
870 30.0001
871 30
872 30
873 30
874 30
875 30
876 30
877 30
878 30
879 30
880 30
881 30
882 30
883 30
884 30
885 30
886 30
887 30
888 30
889 30
890 30
891 30
892 30
893 30
894 30
895 30
896 30
897 30
898 30
899 30
900 30
901 30
902 30
903 30
904 30
905 30
906 30
907 30
908 30
909 30
910 30
911 30
912 30
913 30
914 29.9976
915 29.9077
916 29.6658
917 29.3838
918 29.1053
919 28.8592
920 28.5391
921 28.2502
922 28.0159
923 27.7378
924 27.4217
925 27.1797
926 26.8782
927 26.6082
928 26.3191
929 26.0255
930 25.7634
931 25.4934
932 25.1683
933 24.8769
934 24.643
935 24.3268
936 24.0501
937 23.7621
938 23.4741
939 23.1996
940 22.9296
941 22.6417
942 22.3615
943 22.0938
944 21.7969
945 21.5516
946 21.2479
947 20.9509
948 20.7023
949 20.4053
950 20.1083
951 19.8563
952 19.5447
953 19.2927
954 18.9957
955 18.7269
956 18.4119
957 18.1779
958 17.8899
959 17.6008
960 17.3218
961 17.0237
962 16.7425
963 16.4635
964 16.1822
965 15.8887
966 15.6457
967 15.3667
968 15.0472
969 14.7952
970 14.4892
971 14.2113
972 13.9504
973 13.6534
974 13.3598
975 13.0909
976 12.795
977 12.5419
978 12.2472
979 11.9682
980 11.6791
981 11.3731
982 11.1223
983 10.8511
984 10.5823
985 10.2774
986 9.98831
987 9.72397
988 9.45396
989 9.157
990 8.86448
991 8.57651
992 8.29752
993 8.0084
994 7.77555
995 7.45268
996 7.16246
997 6.9071
998 6.61912
999 6.33113
1000 6.05436
1001 5.8024
1002 5.48626
1003 5.19944
1004 4.92944
1005 4.66844
1006 4.36134
1007 4.12847
1008 3.79551
1009 3.54127
1010 3.24091
1011 2.96193
1012 2.67278
1013 2.39268
1014 2.1317
1015 1.86959
1016 1.54673
1017 1.30261
1018 1.00675
1019 0.740137
1020 0.416173
1021 0.185031
1022 0.0428609
1023 0.00124706
1024 -0.00633003
1025 -0.00527573
1026 -0.00296135
1027 -0.00166054
1028 -0.000742884
1029 -0.000359957
1030 -0.000172874
1031 -8.05166e-05
1032 -3.24435e-05
1033 -6.15715e-06
1034 5.68352e-06
1035 1.08934e-05
1036 1.32616e-05
1037 1.42088e-05
1038 1.32616e-05
1039 1.32616e-05
1040 1.27879e-05
1041 1.20775e-05
1042 1.11302e-05
1043 1.04198e-05
1044 9.70935e-06
1045 8.52529e-06
1046 7.81485e-06
1047 7.10441e-06
1048 6.15715e-06
1049 5.2099e-06
1050 5.2099e-06
1051 4.26264e-06
1052 3.78902e-06
1053 2.84176e-06
1054 2.13132e-06
1055 1.89451e-06
1056 1.42088e-06
1057 1.18407e-06
1058 4.73627e-07
1059 4.73627e-07
1060 -2.36814e-07
1061 -7.10441e-07
1062 -7.10441e-07
1063 -1.18407e-06
1064 -1.42088e-06
1065 -1.42088e-06
1066 -1.65769e-06
1067 -1.89451e-06
1068 -1.89451e-06
1069 -2.36814e-06
1070 -2.60495e-06
1071 -2.60495e-06
1072 -2.60495e-06
1073 -2.60495e-06
1074 -1.65769e-06
1075 0.0722179
1076 0.261712
1077 0.531888
1078 0.822069
1079 1.09544
1080 1.3739
1081 1.6731
1082 1.90751
1083 2.22726
1084 2.50635
1085 2.74826
1086 3.04755
1087 3.34227
1088 3.61227
1089 3.91036
1090 4.18483
1091 4.4762
1092 4.75516
1093 5.0477
1094 5.29966
1095 5.61465
1096 5.85653
1097 6.14448
1098 6.43362
1099 6.71708
1100 6.99834
1101 7.28408
1102 7.5743
1103 7.85105
1104 8.112
1105 8.40113
1106 8.70596
1107 8.97484
1108 9.23699
1109 9.52044
1110 9.83432
1111 10.0683
1112 10.3653
1113 10.6555
1114 10.9514
1115 11.227
1116 11.4913
1117 11.7872
1118 12.0414
1119 12.3564
1120 12.6264
1121 12.9166
1122 13.1563
1123 13.4724
1124 13.7503
1125 14.0304
1126 14.3183
1127 14.5872
1128 14.8684
1129 15.1744
1130 15.4264
1131 15.6874
1132 15.9979
1133 16.2791
1134 16.5806
1135 16.8416
1136 17.1375
1137 17.4221
1138 17.6639
1139 17.9519
1140 18.2444
1141 18.5279
1142 18.817
1143 19.0858
1144 19.3716
1145 19.6674
1146 19.9194
1147 20.2378
1148 20.465
1149 20.7721
1150 21.0601
1151 21.347
1152 21.6237
1153 21.923
1154 22.1693
1155 22.4562
1156 22.7273
1157 23.0197
1158 23.3066
1159 23.5777
1160 23.8567
1161 24.1627
1162 24.4327
1163 24.7128
1164 24.9907
1165 25.2787
1166 25.5408
1167 25.8231
1168 26.1291
1169 26.3811
1170 26.686
1171 26.9605
1172 27.2473
1173 27.5376
1174 27.7895
1175 28.0697
1176 28.37
1177 28.649
1178 28.928
1179 29.1912
1180 29.5118
1181 29.794
1182 29.928
1183 29.9913
1184 30.0057
1185 30.0057
1186 30.0034
1187 30.0019
1188 30.0008
1189 30.0004
1190 30.0001
1191 30.0001
1192 30
1193 30
1194 30
1195 30
1196 30
1197 30
1198 30
1199 30
1200 30
1201 30
1202 30
1203 30
1204 30
1205 30
1206 30
1207 30
1208 30
1209 30
1210 30
1211 30
1212 30
1213 30
1214 30
1215 30
1216 30
1217 30
1218 30
1219 30
1220 30
1221 30
1222 30
1223 30
1224 30
1225 30
1226 30
1227 30
1228 30
1229 30
1230 30
1231 30
1232 30
1233 30
1234 30
1235 29.9663
1236 29.796
1237 29.5369
1238 29.2536
1239 28.9817
1240 28.6984
1241 28.4025
1242 28.1049
1243 27.8695
1244 27.56
1245 27.263
1246 27.02
1247 26.7331
1248 26.444
1249 26.165
1250 25.8647
1251 25.6037
1252 25.3235
1253 25.0434
1254 24.7464
1255 24.4765
1256 24.2054
1257 23.9072
1258 23.6204
1259 23.3313
1260 23.0579
1261 22.7688
1262 22.4786
1263 22.239
1264 21.96
1265 21.6619
1266 21.3727
1267 21.0927
1268 20.8058
1269 20.52
1270 20.2681
1271 19.9767
1272 19.6955
1273 19.3827
1274 19.1487
1275 18.8574
1276 18.5919
1277 18.2769
1278 17.99
1279 17.7032
1280 17.4332
1281 17.1452
1282 16.8617
1283 16.6187
1284 16.3127
1285 16.0157
1286 15.7739
1287 15.4938
1288 15.2125
1289 14.9122
1290 14.6242
1291 14.3475
1292 14.0831
1293 13.7861
1294 13.488
1295 13.218
1296 12.939
1297 12.642
1298 12.4081
1299 12.1291
1300 11.7983
1301 11.5644
1302 11.2595
1303 10.9726
1304 10.6982
1305 10.4012
1306 10.1222
1307 9.85218
1308 9.56085
1309 9.27287
1310 9.02086
1311 8.73738
1312 8.44037
1313 8.15241
1314 7.86441
1315 7.61243
1316 7.33347
1317 7.05333
1318 6.75975
1319 6.48187
1320 6.20063
1321 5.90588
1322 5.628
1323 5.34904
1324 5.04755
1325 4.78658
1326 4.49857
1327 4.22972
1328 3.953
1329 3.65713
1330 3.37028
1331 3.08227
1332 2.80329
1333 2.51417
1334 2.25433
1335 1.97648
1336 1.70533
1337 1.41062
1338 1.1136
1339 0.870606
1340 0.561284
1341 0.267782
1342 0.1014
1343 0.0131225
1344 -0.00529633
1345 -0.00603377
1346 -0.0039941
1347 -0.00220758
1348 -0.00104458
1349 -0.000511517
1350 -0.00025339
1351 -0.000108697
1352 -4.5705e-05
1353 -1.16039e-05
1354 1.65769e-06
1355 9.47254e-06
1356 1.25511e-05
1357 1.44456e-05
1358 1.3972e-05
1359 1.3972e-05
1360 1.30247e-05
1361 1.23143e-05
1362 1.16039e-05
1363 1.06566e-05
1364 9.94617e-06
1365 8.99891e-06
1366 8.28847e-06
1367 7.57803e-06
1368 6.39396e-06
1369 5.68352e-06
1370 4.97308e-06
1371 4.49946e-06
1372 3.5522e-06
1373 3.31539e-06
1374 2.60495e-06
1375 1.65769e-06
1376 1.42088e-06
1377 1.18407e-06
1378 7.10441e-07
1379 2.36814e-07
1380 0
1381 -4.73627e-07
1382 -7.10441e-07
1383 -1.18407e-06
1384 -1.18407e-06
1385 -1.89451e-06
1386 -1.89451e-06
1387 -1.89451e-06
1388 -2.13132e-06
1389 -2.13132e-06
1390 -2.36814e-06
1391 -2.60495e-06
1392 -2.84176e-06
1393 -2.84176e-06
1394 -2.84176e-06
1395 0.00870716
1396 0.15858
1397 0.397279
1398 0.681018
1399 0.936615
1400 1.22685
1401 1.52303
1402 1.79369
1403 2.06967
1404 2.36679
1405 2.6639
1406 2.89791
1407 3.21515
1408 3.49416
1409 3.79112
1410 4.03524
1411 4.32206
1412 4.60218
1413 4.90031
1414 5.19504
1415 5.42904
1416 5.73499
1417 6.04439
1418 6.30535
1419 6.58208
1420 6.84761
1421 7.14681
1422 7.45396
1423 7.70365
1424 7.97365
1425 8.26276
1426 8.56087
1427 8.83425
1428 9.10307
1429 9.40347
1430 9.69818
1431 9.93216
1432 10.2472
1433 10.5318
1434 10.7826
1435 11.0729
1436 11.3406
1437 11.6286
1438 11.9165
1439 12.1865
1440 12.4734
1441 12.7884
1442 13.0685
1443 13.3464
1444 13.6063
1445 13.9077
1446 14.1755
1447 14.4365
1448 14.7425
1449 15.0349
1450 15.3319
1451 15.5749
1452 15.8437
1453 16.1497
1454 16.4377
1455 16.7088
1456 17.0002
1457 17.2904
1458 17.5717
1459 17.8034
1460 18.0914
1461 18.4075
1462 18.6899
1463 18.9689
1464 19.2377
1465 19.5122
1466 19.7822
1467 20.0904
1468 20.3762
1469 20.6281
1470 20.9353
1471 21.2142
1472 21.4831
1473 21.7632
1474 22.0624
1475 22.3426
1476 22.6215
1477 22.9163
1478 23.166
1479 23.4596
1480 23.7206
1481 24.0165
1482 24.3067
1483 24.5868
1484 24.8579
1485 25.137
1486 25.4429
1487 25.6792
1488 25.993
1489 26.281
1490 26.5341
1491 26.821
1492 27.1135
1493 27.4071
1494 27.6455
1495 27.9695
1496 28.2429
1497 28.5388
1498 28.7817
1499 29.0518
1500 29.3757
1501 29.6187
1502 29.8672
1503 29.9759
1504 30.0035
1505 30.0062
1506 30.0045
1507 30.0026
1508 30.0013
1509 30.0006
1510 30.0002
1511 30.0001
1512 30
1513 30
1514 30
1515 30
1516 30
1517 30
1518 30
1519 30
1520 30
1521 30
1522 30
1523 30
1524 30
1525 30
1526 30
1527 30
1528 30
1529 30
1530 30
1531 30
1532 30
1533 30
1534 30
1535 30
1536 30
1537 30
1538 30
1539 30
1540 30
1541 30
1542 30
1543 30
1544 30
1545 30
1546 30
1547 30
1548 30
1549 30
1550 30
1551 30
1552 30
1553 30
1554 30
1555 29.9995
1556 29.9071
1557 29.6748
1558 29.4184
1559 29.1405
1560 28.8592
1561 28.5639
1562 28.2841
1563 27.9945
1564 27.7153
1565 27.425
1566 27.128
1567 26.8827
1568 26.6071
1569 26.3191
1570 26.012
1571 25.7578
1572 25.4687
1573 25.1897
1574 24.9028
1575 24.6148
1576 24.3358
1577 24.0434
1578 23.7914
1579 23.5124
1580 23.2143
1581 22.9229
1582 22.6619
1583 22.3818
1584 22.0961
1585 21.807
1586 21.5089
1587 21.2468
1588 20.9644
1589 20.6776
1590 20.4278
1591 20.1376
1592 19.8406
1593 19.5537
1594 19.2837
1595 19.0047
1596 18.7415
1597 18.4501
1598 18.1633
1599 17.8731
1600 17.6064
1601 17.2881
1602 17.0361
1603 16.7638
1604 16.4792
1605 16.2002
1606 15.9044
1607 15.6344
1608 15.3442
1609 15.0584
1610 14.7615
1611 14.4915
1612 14.2372
1613 13.9515
1614 13.6376
1615 13.3856
1616 13.1089
1617 12.7939
1618 12.5509
1619 12.2393
1620 11.9615
1621 11.6712
1622 11.4384
1623 11.1403
1624 10.8714
1625 10.5823
1626 10.2729
1627 9.99394
1628 9.72284
1629 9.42809
1630 9.17726
1631 8.87799
1632 8.59112
1633 8.30877
1634 8.03877
1635 7.75418
1636 7.4673
1637 7.14334
1638 6.8891
1639 6.63712
1640 6.34012
1641 6.04987
1642 5.81252
1643 5.49752
1644 5.21743
1645 4.93168
1646 4.68081
1647 4.39284
1648 4.10821
1649 3.80339
1650 3.52326
1651 3.23529
1652 2.96192
1653 2.67053
1654 2.42531
1655 2.10808
1656 1.83811
1657 1.53997
1658 1.28461
1659 0.99662
1660 0.734505
1661 0.4308
1662 0.157713
1663 0.049886
1664 0.00349489
1665 -0.00627508
1666 -0.00530462
1667 -0.00318372
1668 -0.00165746
1669 -0.000761119
1670 -0.000388137
1671 -0.000189924
1672 -7.31754e-05
1673 -2.72336e-05
1674 -4.97308e-06
1675 6.63078e-06
1676 1.23143e-05
1677 1.44456e-05
1678 1.46824e-05
1679 1.49193e-05
1680 1.44456e-05
1681 1.30247e-05
1682 1.27879e-05
1683 1.1367e-05
1684 1.04198e-05
1685 9.47254e-06
1686 8.52529e-06
1687 7.81485e-06
1688 7.10441e-06
1689 6.39396e-06
1690 5.2099e-06
1691 4.73627e-06
1692 4.02583e-06
1693 3.31539e-06
1694 3.07858e-06
1695 2.36814e-06
1696 1.89451e-06
1697 1.18407e-06
1698 9.47254e-07
1699 4.73627e-07
1700 -4.73627e-07
1701 -4.73627e-07
1702 -7.10441e-07
1703 -9.47254e-07
1704 -1.18407e-06
1705 -1.65769e-06
1706 -1.89451e-06
1707 -1.89451e-06
1708 -2.36814e-06
1709 -2.36814e-06
1710 -2.60495e-06
1711 -2.36814e-06
1712 -2.36814e-06
1713 -2.84176e-06
1714 -2.84176e-06
1715 -3.07858e-06
1716 0.0611609
1717 0.240191
1718 0.504543
1719 0.768881
1720 1.05006
1721 1.34113
1722 1.64152
1723 1.90301
1724 2.18336
1725 2.49623
1726 2.75725
1727 3.0453
1728 3.33214
1729 3.58076
1730 3.87552
1731 4.1387
1732 4.43459
1733 4.73267
1734 5.01619
1735 5.26819
1736 5.546
1737 5.84303
1738 6.14335
1739 6.42237
1740 6.69346
1741 6.97921
1742 7.24022
1743 7.54617
1744 7.82067
1745 8.08951
1746 8.3865
1747 8.66213
1748 8.95234
1749 9.23137
1750 9.52156
1751 9.79607
1752 10.0638
1753 10.3529
1754 10.6476
1755 10.9176
1756 11.1966
1757 11.4925
1758 11.7444
1759 12.0145
1760 12.2979
1761 12.6051
1762 12.902
1763 13.1709
1764 13.4499
1765 13.7266
1766 14.0248
1767 14.2666
1768 14.5445
1769 14.8695
1770 15.1159
1771 15.4039
1772 15.6829
1773 15.9788
1774 16.2589
1775 16.5277
1776 16.8034
1777 17.1082
1778 17.3872
1779 17.665
1780 17.9688
1781 18.2039
1782 18.502
1783 18.7664
1784 19.0903
1785 19.3446
1786 19.6472
1787 19.9172
1788 20.2052
1789 20.4931
1790 20.7361
1791 21.0421
1792 21.3031
1793 21.6091
1794 21.9061
1795 22.1581
1796 22.4314
1797 22.7408
1798 23.0209
1799 23.2999
1800 23.5766
1801 23.8286
1802 24.1211
1803 24.3821
1804 24.6971
1805 24.9659
1806 25.2539
1807 25.5239
1808 25.8254
1809 26.1044
1810 26.3564
1811 26.6578
1812 26.947
1813 27.2417
1814 27.4858
1815 27.7682
1816 28.0798
1817 28.3318
1818 28.6344
1819 28.9033
1820 29.1642
1821 29.4781
1822 29.7768
1823 29.9306
1824 29.9919
1825 30.0059
1826 30.006
1827 30.0037
1828 30.0019
1829 30.0009
1830 30.0004
1831 30.0002
1832 30
1833 30
1834 30
1835 30
1836 30
1837 30
1838 30
1839 30
1840 30
1841 30
1842 30
1843 30
1844 30
1845 30
1846 30
1847 30
1848 30
1849 30
1850 30
1851 30
1852 30
1853 30
1854 30
1855 30
1856 30
1857 30
1858 30
1859 30
1860 30
1861 30
1862 30
1863 30
1864 30
1865 30
1866 30
1867 30
1868 30
1869 30
1870 30
1871 30
1872 30
1873 30
1874 30
1875 30
1876 29.985
1877 29.8259
1878 29.586
1879 29.3077
1880 29.0192
1881 28.729
1882 28.477
1883 28.1883
1884 27.8999
1885 27.6062
1886 27.3181
1887 27.0582
1888 26.777
1889 26.4822
1890 26.1942
1891 25.94
1892 25.6599
1893 25.3708
1894 25.0727
1895 24.832
1896 24.517
1897 24.256
1898 23.9725
1899 23.6845
1900 23.4145
1901 23.1097
1902 22.8217
1903 22.5697
1904 22.2885
1905 21.9971
1906 21.6979
1907 21.4301
1908 21.1556
1909 20.8609
1910 20.5695
1911 20.2928
1912 20.0138
1913 19.7258
1914 19.4401
1915 19.1791
1916 18.8911
1917 18.6313
1918 18.3253
1919 18.0463
1920 17.7842
1921 17.4928
1922 17.2048
1923 16.9326
1924 16.657
1925 16.342
1926 16.0934
1927 15.8155
1928 15.5455
1929 15.2395
1930 14.9482
1931 14.6782
1932 14.3992
1933 14.0932
1934 13.8604
1935 13.5454
1936 13.2551
1937 12.9728
1938 12.7208
1939 12.4407
1940 12.1291
1941 11.8838
1942 11.5801
1943 11.2966
1944 11.0266
1945 10.7297
1946 10.4495
1947 10.1773
1948 9.89832
1949 9.60247
1950 9.32349
1951 9.03548
1952 8.78238
1953 8.4685
1954 8.18054
1955 7.93642
1956 7.64505
1957 7.3661
1958 7.07807
1959 6.80024
1960 6.52237
1961 6.24336
1962 5.95089
1963 5.68088
1964 5.4008
1965 5.09706
1966 4.83606
1967 4.55708
1968 4.27696
1969 3.98112
1970 3.70213
1971 3.45014
1972 3.14977
1973 2.87639
1974 2.56143
1975 2.28357
1976 2.00461
1977 1.76159
1978 1.46911
1979 1.18112
1980 0.89311
1981 0.587166
1982 0.353171
1983 0.122114
1984 0.0222652
1985 -0.00401162
1986 -0.00615147
1987 -0.00443978
1988 -0.00256611
1989 -0.00127761
1990 -0.000588718
1991 -0.000276361
1992 -0.000130247
1993 -4.71259e-05
1994 -1.7761e-05
1995 1.42088e-06
1996 1.06566e-05
1997 1.46824e-05
1998 1.53929e-05
1999 1.53929e-05
2000 1.46824e-05
2001 1.42088e-05
2002 1.32616e-05
2003 1.25511e-05
2004 1.1367e-05
2005 1.06566e-05
2006 9.47254e-06
2007 8.52529e-06
2008 7.57803e-06
2009 6.63078e-06
2010 5.92034e-06
2011 5.44671e-06
2012 4.49946e-06
2013 3.5522e-06
2014 3.07858e-06
2015 2.36814e-06
2016 2.13132e-06
2017 1.65769e-06
2018 9.47254e-07
2019 4.73627e-07
2020 2.36814e-07
2021 -2.36814e-07
2022 -7.10441e-07
2023 -9.47254e-07
2024 -1.18407e-06
2025 -1.42088e-06
2026 -1.65769e-06
2027 -1.65769e-06
2028 -2.13132e-06
2029 -2.13132e-06
2030 -2.36814e-06
2031 -2.36814e-06
2032 -2.60495e-06
2033 -2.60495e-06
2034 -2.84176e-06
2035 -2.60495e-06
2036 0.00455511
2037 0.130557
2038 0.323251
2039 0.621674
2040 0.908267
2041 1.20191
2042 1.45868
2043 1.77115
2044 2.04151
2045 2.3308
2046 2.56821
2047 2.85627
2048 3.14539
2049 3.44127
2050 3.73486
2051 3.98573
2052 4.26135
2053 4.55043
2054 4.85533
2055 5.12641
2056 5.41328
2057 5.71025
2058 5.94649
2059 6.23225
2060 6.53708
2061 6.82735
2062 7.0726
2063 7.36055
2064 7.6407
2065 7.93539
2066 8.21439
2067 8.52035
2068 8.78811
2069 9.03897
2070 9.34719
2071 9.62621
2072 9.89616
2073 10.1932
2074 10.4744
2075 10.7331
2076 11.0223
2077 11.2933
2078 11.5937
2079 11.8637
2080 12.1427
2081 12.4307
2082 12.7445
2083 12.9876
2084 13.271
2085 13.5512
2086 13.847
2087 14.1068
2088 14.3971
2089 14.6952
2090 14.9753
2091 15.27
2092 15.54
2093 15.7853
2094 16.0946
2095 16.3646
2096 16.6447
2097 16.9226
2098 17.2196
2099 17.5075
2100 17.7854
2101 18.0711
2102 18.3501
2103 18.637
2104 18.916
2105 19.1995
2106 19.4886
2107 19.7473
2108 20.0353
2109 20.3334
2110 20.6146
2111 20.8486
2112 21.1456
2113 21.4505
2114 21.7295
2115 21.9725
2116 22.2953
2117 22.5507
2118 22.8476
2119 23.1098
2120 23.3899
2121 23.6959
2122 23.976
2123 24.2448
2124 24.5317
2125 24.823
2126 25.1009
2127 25.3698
2128 25.6589
2129 25.9087
2130 26.2146
2131 26.4846
2132 26.7771
2133 27.0651
2134 27.3452
2135 27.6298
2136 27.9099
2137 28.1889
2138 28.496
2139 28.7694
2140 29.0394
2141 29.2925
2142 29.5692
2143 29.8481
2144 29.9664
2145 29.9998
2146 30.0063
2147 30.0052
2148 30.0028
2149 30.0014
2150 30.0007
2151 30.0003
2152 30.0001
2153 30
2154 30
2155 30
2156 30
2157 30
2158 30
2159 30
2160 30
2161 30
2162 30
2163 30
2164 30
2165 30
2166 30
2167 30
2168 30
2169 30
2170 30
2171 30
2172 30
2173 30
2174 30
2175 30
2176 30
2177 30
2178 30
2179 30
2180 30
2181 30
2182 30
2183 30
2184 30
2185 30
2186 30
2187 30
2188 30
2189 30
2190 30
2191 30
2192 30
2193 30
2194 30
2195 30
2196 29.9999
2197 29.8935
2198 29.7095
2199 29.4572
2200 29.1926
2201 28.8943
2202 28.6125
2203 28.3168
2204 28.0553
2205 27.7581
2206 27.4577
2207 27.1786
2208 26.9266
2209 26.6206
2210 26.3405
2211 26.0975
2212 25.8062
2213 25.4844
2214 25.2189
2215 24.9568
2216 24.6632
2217 24.3752
2218 24.076
2219 23.8071
2220 23.5248
2221 23.2536
2222 22.9938
2223 22.6968
2224 22.4324
2225 22.1388
2226 21.8306
2227 21.5887
2228 21.3041
2229 20.9891
2230 20.736
2231 20.4649
2232 20.1735
2233 19.8923
2234 19.5852
2235 19.3096
2236 19.0295
2237 18.7786
2238 18.476
2239 18.1982
2240 17.9181
2241 17.6312
2242 17.3342
2243 17.0777
2244 16.7886
2245 16.4758
2246 16.2205
2247 15.9359
2248 15.6547
2249 15.3667
2250 15.1237
2251 14.8098
2252 14.5376
2253 14.2586
2254 13.9549
2255 13.6916
2256 13.4059
2257 13.1134
2258 12.8794
2259 12.5554
2260 12.2877
2261 11.9783
2262 11.7275
2263 11.4553
2264 11.1728
2265 10.8748
2266 10.5947
2267 10.3269
2268 10.0569
2269 9.75997
2270 9.46746
2271 9.18738
2272 8.91737
2273 8.6271
2274 8.36728
2275 8.08715
2276 7.77667
2277 7.49317
2278 7.19621
2279 6.97011
2280 6.66074
2281 6.37163
2282 6.08362
2283 5.83276
2284 5.51778
2285 5.27478
2286 4.99357
2287 4.71458
2288 4.43557
2289 4.1341
2290 3.83935
2291 3.5604
2292 3.28025
2293 3.03054
2294 2.7234
2295 2.44442
2296 2.16659
2297 1.90671
2298 1.61649
2299 1.32512
2300 1.03713
2301 0.766019
2302 0.449914
2303 0.211613
2304 0.0472542
2305 0.00539248
2306 -0.00611216
2307 -0.00552746
2308 -0.0033888
2309 -0.00164017
2310 -0.00090368
2311 -0.000432421
2312 -0.000192529
2313 -7.95693e-05
2314 -3.95479e-05
2315 -1.37352e-05
2316 5.68352e-06
2317 1.42088e-05
2318 1.42088e-05
2319 1.79978e-05
2320 1.89451e-05
2321 1.18407e-05
2322 2.29709e-05
2323 1.65769e-05
2324 2.06028e-05
2325 1.75242e-05
2326 1.53929e-05
2327 1.56297e-05
2328 1.16039e-05
2329 1.25511e-05
2330 7.57803e-06
2331 4.97308e-06
2332 8.7621e-06
2333 1.65769e-06
2334 5.92034e-06
2335 3.07858e-06
2336 3.31539e-06
2337 1.42088e-06
2338 1.18407e-06
2339 2.36814e-07
2340 7.10441e-07
2341 7.10441e-07
2342 4.73627e-07
2343 0
2344 0
2345 -2.36814e-07
2346 -4.73627e-07
2347 -9.47254e-07
2348 -9.47254e-07
2349 -1.42088e-06
2350 -1.42088e-06
2351 -1.89451e-06
2352 -2.13132e-06
2353 -2.13132e-06
2354 -2.36814e-06
2355 -2.36814e-06
2356 -2.60495e-06
2357 0.038391
2358 0.241106
2359 0.494634
2360 0.771251
2361 1.07158
2362 1.3151
2363 1.61329
2364 1.89399
2365 2.19011
2366 2.46471
2367 2.74488
2368 3.01378
2369 3.32091
2370 3.6089
2371 3.87777
2372 4.14884
2373 4.44921
2374 4.70907
2375 4.9768
2376 5.29742
2377 5.54263
2378 5.83065
2379 6.10849
2380 6.39647
2381 6.68559
2382 6.97808
2383 7.2481
2384 7.53042
2385 7.83755
2386 8.08839
2387 8.35949
2388 8.65875
2389 8.95121
2390 9.19871
2391 9.4822
2392 9.76567
2393 10.0357
2394 10.3417
2395 10.6105
2396 10.8906
2397 11.1775
2398 11.4576
2399 11.7422
2400 12.0223
2401 12.3103
2402 12.5882
2403 12.8582
2404 13.136
2405 13.4465
2406 13.7323
2407 13.9753
2408 14.2857
2409 14.5928
2410 14.8448
2411 15.1035
2412 15.4106
2413 15.6806
2414 15.9709
2415 16.2352
2416 16.5322
2417 16.8292
2418 17.0789
2419 17.3591
2420 17.6459
2421 17.9204
2422 18.2354
2423 18.5144
2424 18.7956
2425 19.0476
2426 19.3367
2427 19.6112
2428 19.8812
2429 20.1827
2430 20.4729
2431 20.7552
2432 21.0275
2433 21.3279
2434 21.5866
2435 21.8487
2436 22.1187
2437 22.4123
2438 22.7082
2439 22.9871
2440 23.2684
2441 23.5586
2442 23.8556
2443 24.1155
2444 24.3945
2445 24.6656
2446 24.9648
2447 25.237
2448 25.5239
2449 25.8051
2450 26.0999
2451 26.3879
2452 26.6668
2453 26.9155
2454 27.2136
2455 27.5095
2456 27.7446
2457 28.0584
2458 28.3193
2459 28.6085
2460 28.8819
2461 29.1609
2462 29.459
2463 29.7355
2464 29.9205
2465 29.9918
2466 30.0059
2467 30.0059
2468 30.0038
2469 30.0018
2470 30.001
2471 30.0005
2472 30.0002
2473 30
2474 30
2475 30
2476 30
2477 30
2478 30
2479 30
2480 30
2481 30
2482 30
2483 30
2484 30
2485 30
2486 30
2487 30
2488 30
2489 30
2490 30
2491 30
2492 30
2493 30
2494 30
2495 30
2496 30
2497 30
2498 30
2499 30
2500 30
2501 30
2502 30
2503 30
2504 30
2505 30
2506 30
2507 30
2508 30
2509 30
2510 30
2511 30
2512 30
2513 30
2514 30
2515 30
2516 30
2517 29.971
2518 29.8201
2519 29.5796
2520 29.301
2521 29.0112
2522 28.7301
2523 28.4576
2524 28.1624
2525 27.8651
2526 27.6298
2527 27.3361
2528 27.0594
2529 26.7803
2530 26.4687
2531 26.1897
2532 25.9299
2533 25.6149
2534 25.3719
2535 25.0929
2536 24.8128
2537 24.5192
2538 24.2245
2539 23.9443
2540 23.6665
2541 23.3695
2542 23.1153
2543 22.8284
2544 22.5584
2545 22.2615
2546 21.9746
2547 21.7316
2548 21.411
2549 21.1534
2550 20.8474
2551 20.5785
2552 20.2984
2553 20.015
2554 19.718
2555 19.4829
2556 19.1881
2557 18.8911
2558 18.611
2559 18.3174
2560 18.0564
2561 17.7414
2562 17.4816
2563 17.2116
2564 16.9236
2565 16.6333
2566 16.3364
2567 16.0574
2568 15.7683
2569 15.5365
2570 15.2305
2571 14.9583
2572 14.6715
2573 14.3835
2574 14.1315
2575 13.8446
2576 13.5566
2577 13.2506
2578 12.9638
2579 12.6848
2580 12.4598
2581 12.1583
2582 11.8703
2583 11.5914
2584 11.2696
2585 11.0446
2586 10.7386
2587 10.4675
2588 10.1582
2589 9.9242
2590 9.60809
2591 9.32237
2592 9.05123
2593 8.77337
2594 8.48088
2595 8.20191
2596 7.93192
2597 7.63604
2598 7.3301
2599 7.06907
2600 6.79798
2601 6.501
2602 6.21411
2603 5.95088
2604 5.66963
2605 5.37265
2606 5.13867
2607 4.84168
2608 4.55371
2609 4.26568
2610 3.97326
2611 3.69421
2612 3.41418
2613 3.11941
2614 2.84937
2615 2.57943
2616 2.29032
2617 2.0001
2618 1.74809
2619 1.47585
2620 1.18224
2621 0.876226
2622 0.624303
2623 0.349821
2624 0.116741
2625 0.0195035
2626 -0.00398439
2627 -0.00620783
2628 -0.00434553
2629 -0.00233096
2630 -0.00121604
2631 -0.000600559
2632 -0.000278019
2633 -0.000137352
2634 -5.13885e-05
2635 -2.24973e-05
2636 -1.18407e-06
2637 8.7621e-06
2638 1.3972e-05
2639 1.65769e-05
2640 1.51561e-05
2641 1.3972e-05
2642 1.46824e-05
2643 1.3972e-05
2644 1.18407e-05
2645 1.16039e-05
2646 1.0183e-05
2647 9.70935e-06
2648 8.28847e-06
2649 7.57803e-06
2650 5.92034e-06
2651 7.10441e-06
2652 5.68352e-06
2653 3.5522e-06
2654 3.78902e-06
2655 3.07858e-06
2656 2.60495e-06
2657 1.89451e-06
2658 2.13132e-06
2659 4.73627e-07
2660 -2.36814e-07
2661 1.18407e-06
2662 -7.10441e-07
2663 -9.47254e-07
2664 -7.10441e-07
2665 -1.65769e-06
2666 -1.89451e-06
2667 -2.13132e-06
2668 -2.13132e-06
2669 -2.36814e-06
2670 -2.36814e-06
2671 -2.60495e-06
2672 -2.84176e-06
2673 -3.07858e-06
2674 -3.07858e-06
2675 -2.36814e-06
2676 -2.84176e-06
2677 0.00089705
2678 0.115867
2679 0.326276
2680 0.593739
2681 0.892483
2682 1.1736
2683 1.45415
2684 1.73284
2685 2.02236
2686 2.32967
2687 2.56597
2688 2.85401
2689 3.15102
2690 3.43789
2691 3.72587
2692 3.98685
2693 4.27596
2694 4.57518
2695 4.81931
2696 5.13879
2697 5.38853
2698 5.69002
2699 5.96001
2700 6.24687
2701 6.53484
2702 6.81385
2703 7.07934
2704 7.36844
2705 7.66431
2706 7.93202
2707 8.20313
2708 8.51698
2709 8.80723
2710 9.06596
2711 9.34381
2712 9.61607
2713 9.90404
2714 10.201
2715 10.444
2716 10.7421
2717 11.0391
2718 11.29
2719 11.569
2720 11.8671
2721 12.155
2722 12.4565
2723 12.7265
2724 13.0168
2725 13.2485
2726 13.5658
2727 13.829
2728 14.1316
2729 14.3791
2730 14.6581
2731 14.9821
2732 15.2419
2733 15.4961
2734 15.7841
2735 16.062
2736 16.386
2737 16.638
2738 16.9271
2739 17.2016
2740 17.503
2741 17.7472
2742 18.0419
2743 18.322
2744 18.6055
2745 18.8822
2746 19.1837
2747 19.4807
2748 19.7136
2749 20.0015
2750 20.3075
2751 20.5843
2752 20.8644
2753 21.1614
2754 21.4235
2755 21.7002
2756 21.9702
2757 22.2976
2758 22.5383
2759 22.8353
2760 23.1143
2761 23.4011
2762 23.6925
2763 23.9636
2764 24.2516
2765 24.5396
2766 24.8186
2767 25.0773
2768 25.3574
2769 25.6566
2770 25.9559
2771 26.2303
2772 26.4925
2773 26.7816
2774 27.0786
2775 27.3396
2776 27.6096
2777 27.911
2778 28.181
2779 28.4701
2780 28.7289
2781 29.0349
2782 29.2869
2783 29.5669
2784 29.837
2785 29.9649
2786 30.0015
2787 30.0063
2788 30.005
2789 30.003
2790 30.0015
2791 30.0007
2792 30.0003
2793 30.0001
2794 30
2795 30
2796 30
2797 30
2798 30
2799 30
2800 30
2801 30
2802 30
2803 30
2804 30
2805 30
2806 30
2807 30
2808 30
2809 30
2810 30
2811 30
2812 30
2813 30
2814 30
2815 30
2816 30
2817 30
2818 30
2819 30
2820 30
2821 30
2822 30
2823 30
2824 30
2825 30
2826 30
2827 30
2828 30
2829 30
2830 30
2831 30
2832 30
2833 30
2834 30
2835 30
2836 30
2837 30
2838 29.9406
2839 29.7269
2840 29.4693
2841 29.1869
2842 28.9419
2843 28.6521
2844 28.3371
2845 28.0396
2846 27.7784
2847 27.5071
2848 27.2247
2849 26.9367
2850 26.6476
2851 26.3798
2852 26.102
2853 25.7848
2854 25.5542
2855 25.2572
2856 24.9962
2857 24.7003
2858 24.4124
2859 24.1423
2860 23.8622
2861 23.5484
2862 23.2514
2863 23.0163
2864 22.726
2865 22.4291
2866 22.149
2867 21.8812
2868 21.5786
2869 21.3367
2870 21.0488
2871 20.7709
2872 20.4829
2873 20.1893
2874 19.9013
2875 19.6369
2876 19.3333
2877 19.0711
2878 18.7842
2879 18.494
2880 18.2128
2881 17.9136
2882 17.6706
2883 17.3589
2884 17.0968
2885 16.792
2886 16.5175
2887 16.2373
2888 15.9685
2889 15.6625
2890 15.4285
2891 15.1405
2892 14.8605
2893 14.5613
2894 14.2721
2895 13.9841
2896 13.7107
2897 13.4138
2898 13.1798
2899 12.9019
2900 12.5869
2901 12.308
2902 12.0245
2903 11.7455
2904 11.4665
2905 11.1796
2906 10.8917
2907 10.6127
2908 10.3415
2909 10.0513
2910 9.76336
2911 9.49111
2912 9.21548
2913 8.91848
2914 8.67549
2915 8.39202
2916 8.10404
2917 7.82502
2918 7.52919
2919 7.24121
2920 6.98586
2921 6.68211
2922 6.39411
2923 6.10617
2924 5.83387
2925 5.53126
2926 5.29618
2927 4.99467
2928 4.70446
2929 4.41646
2930 4.17348
2931 3.8416
2932 3.59864
2933 3.31965
2934 3.03729
2935 2.76729
2936 2.49617
2937 2.18796
2938 1.90898
2939 1.62998
2940 1.35101
2941 1.05849
2942 0.757006
2943 0.485877
2944 0.214509
2945 0.0568731
2946 0.00506331
2947 -0.00602643
2948 -0.00577446
2949 -0.00357186
2950 -0.00195797
2951 -0.000882604
2952 -0.000422475
2953 -0.00019324
2954 -0.00010183
2955 -5.51775e-05
2956 -2.17868e-05
2957 1.04198e-05
2958 2.4155e-05
2959 2.27341e-05
2960 2.10764e-05
2961 2.06028e-05
2962 2.01291e-05
2963 1.87083e-05
2964 1.68138e-05
2965 1.46824e-05
2966 1.3972e-05
2967 1.20775e-05
2968 1.16039e-05
2969 1.0183e-05
2970 8.28847e-06
2971 7.10441e-06
2972 6.39396e-06
2973 5.2099e-06
2974 4.26264e-06
2975 3.78902e-06
2976 2.60495e-06
2977 2.13132e-06
2978 1.42088e-06
2979 1.18407e-06
2980 4.73627e-07
2981 0
2982 -4.73627e-07
2983 -9.47254e-07
2984 -1.18407e-06
2985 -1.65769e-06
2986 -1.65769e-06
2987 -1.65769e-06
2988 -2.13132e-06
2989 -2.13132e-06
2990 -2.36814e-06
2991 -2.60495e-06
2992 -2.84176e-06
2993 -3.07858e-06
2994 -2.84176e-06
2995 -3.07858e-06
2996 -2.84176e-06
2997 -3.31539e-06
2998 0.0299709
2999 0.195408
3000 0.48268
3001 0.769984
3002 1.00024
3003 1.29817
3004 1.57157
3005 1.85796
3006 2.15518
3007 2.41628
3008 2.71228
3009 3.00142
3010 3.30516
3011 3.547
3012 3.84513
3013 4.14209
3014 4.40082
3015 4.68883
3016 4.96779
3017 5.25694
3018 5.56063
3019 5.80363
3020 6.09163
3021 6.38296
3022 6.635
3023 6.91732
3024 7.21321
3025 7.51917
3026 7.76215
3027 8.05467
3028 8.337
3029 8.61601
3030 8.91183
3031 9.19084
3032 9.46645
3033 9.75554
3034 10.0312
3035 10.3101
3036 10.5914
3037 10.8827
3038 11.1797
3039 11.4497
3040 11.7175
3041 12.0234
3042 12.2765
3043 12.533
3044 12.8121
3045 13.109
3046 13.4139
3047 13.6659
3048 13.9449
3049 14.234
3050 14.5433
3051 14.8066
3052 15.0934
3053 15.3972
3054 15.6311
3055 15.9101
3056 16.2206
3057 16.5075
3058 16.8056
3059 17.0744
3060 17.3512
3061 17.6302
3062 17.9317
3063 18.1567
3064 18.4536
3065 18.7551
3066 19.0498
3067 19.312
3068 19.591
3069 19.8789
3070 20.1759
3071 20.4549
3072 20.7384
3073 20.9814
3074 21.2694
3075 21.5664
3076 21.8262
3077 22.1322
3078 22.4157
3079 22.6755
3080 22.9545
3081 23.2627
3082 23.5125
3083 23.7994
3084 24.0874
3085 24.3799
3086 24.6678
3087 24.9558
3088 25.2213
3089 25.5026
3090 25.8006
3091 26.0279
3092 26.3429
3093 26.6556
3094 26.8986
3095 27.1753
3096 27.4464
3097 27.7445
3098 28.0483
3099 28.2913
3100 28.5624
3101 28.8729
3102 29.1597
3103 29.4218
3104 29.7087
3105 29.9134
3106 29.9907
3107 30.0052
3108 30.006
3109 30.0043
3110 30.0022
3111 30.001
3112 30.0004
3113 30
3114 30
3115 30
3116 30
3117 30
3118 30
3119 30
3120 30
3121 30
3122 30
3123 30
3124 30
3125 30
3126 30
3127 30
3128 30
3129 30
3130 30
3131 30
3132 30
3133 30
3134 30
3135 30
3136 30
3137 30
3138 30
3139 30
3140 30
3141 30
3142 30
3143 30
3144 30
3145 30
3146 30
3147 30
3148 30
3149 30
3150 30
3151 30
3152 30
3153 30
3154 30
3155 30
3156 30
3157 30
3158 29.9822
3159 29.8284
3160 29.5986
3161 29.2977
3162 29.0464
3163 28.7381
3164 28.4578
3165 28.1736
3166 27.9223
3167 27.6511
3168 27.3463
3169 27.0762
3170 26.7702
3171 26.507
3172 26.2336
3173 25.9456
3174 25.6476
3175 25.3888
3176 25.0918
3177 24.8038
3178 24.5192
3179 24.2582
3180 23.968
3181 23.6721
3182 23.3853
3183 23.1142
3184 22.8442
3185 22.5663
3186 22.2513
3187 22.014
3188 21.7395
3189 21.4425
3190 21.1387
3191 20.8744
3192 20.5864
3193 20.2883
3194 20.0386
3195 19.7528
3196 19.4739
3197 19.1994
3198 18.8934
3199 18.6223
3200 18.3556
3201 18.0531
3202 17.7921
3203 17.4838
3204 17.2172
3205 16.9472
3206 16.6378
3207 16.3645
3208 16.0866
3209 15.8425
3210 15.5467
3211 15.2407
3212 14.9549
3213 14.676
3214 14.4341
3215 14.136
3216 13.8739
3217 13.5611
3218 13.2642
3219 13.02
3220 12.7107
3221 12.4587
3222 12.1606
3223 11.8748
3224 11.5869
3225 11.2809
3226 11.03
3227 10.751
3228 10.4799
3229 10.193
3230 9.90958
3231 9.62157
3232 9.35049
3233 9.04785
3234 8.79587
3235 8.50677
3236 8.22102
3237 7.92405
3238 7.67654
3239 7.39983
3240 7.08258
3241 6.78562
3242 6.52575
3243 6.25911
3244 5.98014
3245 5.68425
3246 5.3918
3247 5.1443
3248 4.85404
3249 4.55933
3250 4.27245
3251 4.01036
3252 3.70663
3253 3.42765
3254 3.18467
3255 2.85502
3256 2.58506
3257 2.29707
3258 2.05521
3259 1.75034
3260 1.45898
3261 1.17324
3262 0.929114
3263 0.632161
3264 0.325056
3265 0.127699
3266 0.0230642
3267 -0.00419776
3268 -0.00619812
3269 -0.00460152
3270 -0.00241881
3271 -0.0012409
3272 -0.000635134
3273 -0.000296964
3274 -0.000122906
3275 -3.5522e-05
3276 -1.89451e-05
3277 -8.7621e-06
3278 6.86759e-06
3279 1.32616e-05
3280 1.30247e-05
3281 1.37352e-05
3282 1.3972e-05
3283 1.34984e-05
3284 1.18407e-05
3285 1.1367e-05
3286 1.04198e-05
3287 9.47254e-06
3288 8.7621e-06
3289 8.28847e-06
3290 6.86759e-06
3291 5.68352e-06
3292 5.92034e-06
3293 4.49946e-06
3294 4.49946e-06
3295 3.5522e-06
3296 3.07858e-06
3297 2.60495e-06
3298 2.13132e-06
3299 1.42088e-06
3300 9.47254e-07
3301 7.10441e-07
3302 2.36814e-07
3303 0
3304 -4.73627e-07
3305 -7.10441e-07
3306 -7.10441e-07
3307 -1.18407e-06
3308 -1.18407e-06
3309 -1.89451e-06
3310 -2.13132e-06
3311 -2.13132e-06
3312 -2.13132e-06
3313 -2.36814e-06
3314 -2.84176e-06
3315 -2.60495e-06
3316 -2.84176e-06
3317 -3.07858e-06
3318 0.00329834
3319 0.118051
3320 0.330284
3321 0.61379
3322 0.910649
3323 1.16458
3324 1.45417
3325 1.75422
3326 1.99868
3327 2.28016
3328 2.56148
3329 2.85626
3330 3.16114
3331 3.42326
3332 3.70676
3333 3.9846
3334 4.28158
3335 4.55382
3336 4.82044
3337 5.11742
3338 5.39302
3339 5.6529
3340 5.93187
3341 6.239
3342 6.49773
3343 6.79473
3344 7.04897
3345 7.34368
3346 7.63956
3347 7.93877
3348 8.20651
3349 8.50011
3350 8.74086
3351 9.02997
3352 9.30107
3353 9.61495
3354 9.89729
3355 10.1853
3356 10.4474
3357 10.7545
3358 11.0042
3359 11.2821
3360 11.578
3361 11.8727
3362 12.1247
3363 12.4262
3364 12.713
3365 12.9932
3366 13.28
3367 13.5455
3368 13.8211
3369 14.1136
3370 14.4196
3371 14.6716
3372 14.9326
3373 15.2408
3374 15.531
3375 15.801
3376 16.0811
3377 16.3759
3378 16.6189
3379 16.9338
3380 17.1993
3381 17.5143
3382 17.7607
3383 18.0261
3384 18.3321
3385 18.5841
3386 18.8822
3387 19.1646
3388 19.4436
3389 19.7237
3390 20.0173
3391 20.2918
3392 20.582
3393 20.8666
3394 21.1276
3395 21.3976
3396 21.707
3397 22.0141
3398 22.2649
3399 22.5338
3400 22.8229
3401 23.1278
3402 23.3719
3403 23.6812
3404 23.9602
3405 24.2437
3406 24.5047
3407 24.8084
3408 25.0706
3409 25.3732
3410 25.6702
3411 25.8952
3412 26.209
3413 26.488
3414 26.749
3415 27.0324
3416 27.3227
3417 27.6107
3418 27.9009
3419 28.1866
3420 28.4476
3421 28.7536
3422 29.0461
3423 29.2981
3424 29.5771
3425 29.8523
3426 29.9621
3427 29.9999
3428 30.0064
3429 30.0054
3430 30.0031
3431 30.0014
3432 30.0007
3433 30.0003
3434 30.0001
3435 30
3436 30
3437 30
3438 30
3439 30
3440 30
3441 30
3442 30
3443 30
3444 30
3445 30
3446 30
3447 30
3448 30
3449 30
3450 30
3451 30
3452 30
3453 30
3454 30
3455 30
3456 30
3457 30
3458 30
3459 30
3460 30
3461 30
3462 30
3463 30
3464 30
3465 30
3466 30
3467 30
3468 30
3469 30
3470 30
3471 30
3472 30
3473 30
3474 30
3475 30
3476 30
3477 30
3478 30
3479 29.918
3480 29.7182
3481 29.4682
3482 29.1802
3483 28.8921
3484 28.6113
3485 28.3122
3486 28.025
3487 27.7717
3488 27.4847
3489 27.1977
3490 26.9266
3491 26.6409
3492 26.3798
3493 26.0829
3494 25.8129
3495 25.5148
3496 25.2426
3497 24.9365
3498 24.6565
3499 24.3741
3500 24.1131
3501 23.8341
3502 23.5653
3503 23.2683
3504 22.9893
3505 22.7058
3506 22.4088
3507 22.1388
3508 21.8419
3509 21.5899
3510 21.3008
3511 21.0353
3512 20.7439
3513 20.4469
3514 20.1668
3515 19.8946
3516 19.6066
3517 19.3254
3518 19.0441
3519 18.7752
3520 18.5053
3521 18.1993
3522 17.9203
3523 17.6323
3524 17.35
3525 17.098
3526 16.8088
3527 16.5197
3528 16.2441
3529 15.9651
3530 15.676
3531 15.4015
3532 15.1226
3533 14.8357
3534 14.5466
3535 14.271
3536 13.983
3537 13.6883
3538 13.4554
3539 13.1505
3540 12.7141
3541 12.4441
3542 12.1651
3543 11.8647
3544 11.5914
3545 11.3214
3546 11.0435
3547 10.7454
3548 10.4585
3549 10.1784
3550 9.90057
3551 9.62158
3552 9.33249
3553 9.05235
3554 8.78237
3555 8.5214
3556 8.21989
3557 7.94092
3558 7.65291
3559 7.36609
3560 7.09609
3561 6.82609
3562 6.51225
3563 6.27824
3564 5.99927
3565 5.71914
3566 5.4424
3567 5.13642
3568 4.8473
3569 4.59195
3570 4.30396
3571 4.00698
3572 3.71113
3573 3.43214
3574 3.16328
3575 2.87863
3576 2.60867
3577 2.3387
3578 2.01136
3579 1.75934
3580 1.47135
3581 1.20812
3582 0.913361
3583 0.607423
3584 0.335185
3585 0.120901
3586 0.0241277
3587 -0.0035908
3588 -0.00625401
3589 -0.00446393
3590 -0.00245765
3591 -0.00130461
3592 -0.000671366
3593 -0.000296017
3594 -0.000116512
3595 -4.68891e-05
3596 -2.36814e-05
3597 4.73627e-07
3598 1.27879e-05
3599 1.37352e-05
3600 1.53929e-05
3601 1.58665e-05
3602 1.44456e-05
3603 1.42088e-05
3604 1.32616e-05
3605 1.20775e-05
3606 1.16039e-05
3607 1.06566e-05
3608 8.99891e-06
3609 8.52529e-06
3610 7.57803e-06
3611 6.39396e-06
3612 5.92034e-06
3613 5.44671e-06
3614 4.26264e-06
3615 3.5522e-06
3616 3.07858e-06
3617 1.89451e-06
3618 1.89451e-06
3619 1.18407e-06
3620 9.47254e-07
3621 4.73627e-07
3622 2.36814e-07
3623 -2.36814e-07
3624 -7.10441e-07
3625 -7.10441e-07
3626 -1.42088e-06
3627 -1.42088e-06
3628 -1.65769e-06
3629 -1.65769e-06
3630 -1.89451e-06
3631 -2.36814e-06
3632 -2.60495e-06
3633 -2.36814e-06
3634 -2.60495e-06
3635 -2.60495e-06
3636 -2.84176e-06
3637 -3.07858e-06
3638 0.00360075
3639 0.132061
3640 0.350574
3641 0.617125
3642 0.890142
3643 1.17478
3644 1.44627
3645 1.74406
3646 2.02234
3647 2.31956
3648 2.59861
3649 2.86751
3650 3.14652
3651 3.42552
3652 3.70338
3653 3.98235
3654 4.29733
3655 4.55044
3656 4.83507
3657 5.09606
3658 5.40428
3659 5.69789
3660 5.97688
3661 6.23899
3662 6.5236
3663 6.8386
3664 7.08159
3665 7.36843
3666 7.63843
3667 7.94439
3668 8.21101
3669 8.48437
3670 8.75548
3671 9.04234
3672 9.32919
3673 9.6172
3674 9.89729
3675 10.1842
3676 10.4452
3677 10.7421
3678 11.0076
3679 11.3136
3680 11.5746
3681 11.8423
3682 12.1584
3683 12.4453
3684 12.6894
3685 13.0044
3686 13.2845
3687 13.5545
3688 13.8279
3689 14.108
3690 14.3622
3691 14.6558
3692 14.9539
3693 15.2318
3694 15.5153
3695 15.7954
3696 16.0924
3697 16.3601
3698 16.6571
3699 16.9091
3700 17.1982
3701 17.5132
3702 17.7753
3703 18.0914
3704 18.3434
3705 18.6224
3706 18.8845
3707 19.1669
3708 19.4638
3709 19.7338
3710 20.0117
3711 20.3087
3712 20.5831
3713 20.87
3714 21.1569
3715 21.4179
3716 21.6968
3717 21.9736
3718 22.2886
3719 22.5687
3720 22.8432
3721 23.13
3722 23.4011
3723 23.6869
3724 23.9659
3725 24.2538
3726 24.5194
3727 24.8276
3728 25.0976
3729 25.3855
3730 25.6465
3731 25.9357
3732 26.2124
3733 26.4835
3734 26.7715
3735 27.0516
3736 27.3463
3737 27.6163
3738 27.884
3739 28.1878
3740 28.4668
3741 28.7368
3742 29.0022
3743 29.3082
3744 29.5861
3745 29.8378
3746 29.9672
3747 30.0001
3748 30.0064
3749 30.0052
3750 30.003
3751 30.0014
3752 30.0007
3753 30.0003
3754 30.0001
3755 30
3756 30
3757 30
3758 30
3759 30
3760 30
3761 30
3762 30
3763 30
3764 30
3765 30
3766 30
3767 30
3768 30
3769 30
3770 30
3771 30
3772 30
3773 30
3774 30
3775 30
3776 30
3777 30
3778 30
3779 30
3780 30
3781 30
3782 30
3783 30
3784 30
3785 30
3786 30
3787 30
3788 30
3789 30
3790 30
3791 30
3792 30
3793 30
3794 30
3795 30
3796 30
3797 30
3798 30
3799 29.9273
3800 29.7336
3801 29.4583
3802 29.1711
3803 28.8706
3804 28.6067
3805 28.3325
3806 28.0565
3807 27.7502
3808 27.4981
3809 27.227
3810 26.9277
3811 26.6217
3812 26.3506
3813 26.075
3814 25.805
3815 25.5148
3816 25.2336
3817 24.9534
3818 24.6846
3819 24.3797
3820 24.1007
3821 23.8386
3822 23.5203
3823 23.2863
3824 22.9713
3825 22.6934
3826 22.4133
3827 22.1163
3828 21.8385
3829 21.5944
3830 21.3244
3831 21.0184
3832 20.718
3833 20.4481
3834 20.169
3835 19.8822
3836 19.6111
3837 19.3366
3838 19.0588
3839 18.7707
3840 18.4906
3841 18.2105
3842 17.9372
3843 17.6402
3844 17.3511
3845 17.0653
3846 16.7886
3847 16.5085
3848 16.2137
3849 15.9393
3850 15.6603
3851 15.3689
3852 15.1079
3853 14.8289
3854 14.5443
3855 14.253
3856 13.9976
3857 13.6905
3858 13.4092
3859 13.1123
3860 12.8772
3861 12.5903
3862 12.3215
3863 12.0154
3864 11.7309
3865 11.4609
3866 11.1549
3867 10.859
3868 10.6239
3869 10.3562
3870 10.0412
3871 9.73523
3872 9.47422
3873 9.20312
3874 8.91737
3875 8.62036
3876 8.35716
3877 8.08378
3878 7.79805
3879 7.48867
3880 7.22209
3881 6.9521
3882 6.66411
3883 6.36038
3884 6.08362
3885 5.83163
3886 5.5549
3887 5.24553
3888 4.97557
3889 4.71345
3890 4.41871
3891 4.13072
3892 3.8596
3893 3.6009
3894 3.29488
3895 3.00692
3896 2.70202
3897 2.45004
3898 2.16996
3899 1.91459
3900 1.59061
3901 1.31837
3902 1.04162
3903 0.753636
3904 0.472404
3905 0.20608
3906 0.0565056
3907 0.00238258
3908 -0.00622748
3909 -0.00538917
3910 -0.00351668
3911 -0.00153668
3912 -0.000890656
3913 -0.000382691
3914 -0.000176426
3915 -9.56727e-05
3916 -3.71797e-05
3917 -3.5522e-06
3918 7.81485e-06
3919 1.44456e-05
3920 1.51561e-05
3921 1.53929e-05
3922 1.53929e-05
3923 1.46824e-05
3924 1.37352e-05
3925 1.30247e-05
3926 1.18407e-05
3927 1.06566e-05
3928 9.94617e-06
3929 8.99891e-06
3930 8.05166e-06
3931 6.86759e-06
3932 6.15715e-06
3933 5.44671e-06
3934 4.97308e-06
3935 4.26264e-06
3936 3.5522e-06
3937 2.60495e-06
3938 2.13132e-06
3939 1.89451e-06
3940 1.18407e-06
3941 7.10441e-07
3942 2.36814e-07
3943 0
3944 -2.36814e-07
3945 -9.47254e-07
3946 -9.47254e-07
3947 -1.42088e-06
3948 -1.42088e-06
3949 -1.65769e-06
3950 -1.89451e-06
3951 -2.36814e-06
3952 -2.60495e-06
3953 -2.60495e-06
3954 -3.07858e-06
3955 -2.84176e-06
3956 -3.07858e-06
3957 -2.84176e-06
3958 -2.84176e-06
3959 0.0467245
3960 0.215651
3961 0.472931
3962 0.748549
3963 1.04333
3964 1.31515
3965 1.59522
3966 1.87933
3967 2.16536
3968 2.43545
3969 2.71676
3970 3.01715
3971 3.30516
3972 3.54812
3973 3.87101
3974 4.13196
3975 4.39293
3976 4.70233
3977 4.98129
3978 5.26032
3979 5.53926
3980 5.81039
3981 6.08039
3982 6.36046
3983 6.67323
3984 6.9522
3985 7.22784
3986 7.50455
3987 7.80154
3988 8.05354
3989 8.34487
3990 8.61713
3991 8.89272
3992 9.16945
3993 9.49569
3994 9.76567
3995 10.0526
3996 10.3045
3997 10.6195
3998 10.8816
3999 11.1719
4000 11.443
4001 11.7039
4002 12.0167
4003 12.2788
4004 12.5657
4005 12.8435
4006 13.1146
4007 13.4195
4008 13.6884
4009 13.9584
4010 14.2452
4011 14.5354
4012 14.8201
4013 15.108
4014 15.3803
4015 15.684
4016 15.927
4017 16.2139
4018 16.4996
4019 16.7899
4020 17.0598
4021 17.3399
4022 17.6257
4023 17.9148
4024 18.1882
4025 18.475
4026 18.7551
4027 19.0071
4028 19.3198
4029 19.5988
4030 19.8879
4031 20.1793
4032 20.4493
4033 20.7294
4034 21.0016
4035 21.2817
4036 21.5506
4037 21.8386
4038 22.1525
4039 22.3966
4040 22.6879
4041 22.986
4042 23.2729
4043 23.553
4044 23.8252
4045 24.1054
4046 24.3765
4047 24.6712
4048 24.9412
4049 25.2224
4050 25.5104
4051 25.7894
4052 26.0864
4053 26.3597
4054 26.6218
4055 26.9267
4056 27.1967
4057 27.4746
4058 27.7535
4059 28.0426
4060 28.3205
4061 28.5905
4062 28.8706
4063 29.1654
4064 29.4432
4065 29.7154
4066 29.9134
4067 29.9894
4068 30.0053
4069 30.0061
4070 30.004
4071 30.0018
4072 30.0011
4073 30.0005
4074 30.0002
4075 30.0001
4076 30
4077 30
4078 30
4079 30
4080 30
4081 30
4082 30
4083 30
4084 30
4085 30
4086 30
4087 30
4088 30
4089 30
4090 30
4091 30
4092 30
4093 30
4094 30
4095 30
4096 30
4097 30
4098 30
4099 30
4100 30
4101 30
4102 30
4103 30
4104 30
4105 30
4106 30
4107 30
4108 30
4109 30
4110 30
4111 30
4112 30
4113 30
4114 30
4115 30
4116 30
4117 30
4118 30
4119 29.9849
4120 29.8495
4121 29.6039
4122 29.3314
4123 29.0496
4124 28.7562
4125 28.4848
4126 28.2322
4127 27.9089
4128 27.6298
4129 27.3676
4130 27.0852
4131 26.7972
4132 26.5182
4133 26.2303
4134 25.9501
4135 25.6723
4136 25.3922
4137 25.1076
4138 24.8376
4139 24.5496
4140 24.2627
4141 23.9837
4142 23.7059
4143 23.4123
4144 23.1333
4145 22.8543
4146 22.5685
4147 22.2716
4148 22.0106
4149 21.7215
4150 21.4605
4151 21.1511
4152 20.88
4153 20.5954
4154 20.3254
4155 20.0543
4156 19.7539
4157 19.475
4158 19.187
4159 18.881
4160 18.6391
4161 18.3669
4162 18.0688
4163 17.7718
4164 17.5367
4165 17.2386
4166 16.9528
4167 16.6649
4168 16.3757
4169 16.099
4170 15.847
4171 15.5388
4172 15.2654
4173 14.9954
4174 14.7075
4175 14.4127
4176 14.1427
4177 13.8626
4178 13.5859
4179 13.2799
4180 13.0099
4181 12.7388
4182 12.4621
4183 12.1561
4184 11.876
4185 11.606
4186 11.336
4187 11.0379
4188 10.7645
4189 10.4945
4190 10.2065
4191 9.92083
4192 9.64969
4193 9.34487
4194 9.06135
4195 8.77338
4196 8.50339
4197 8.23226
4198 7.94655
4199 7.63492
4200 7.38522
4201 7.09046
4202 6.82047
4203 6.52237
4204 6.28161
4205 5.96776
4206 5.70563
4207 5.41091
4208 5.15555
4209 4.87654
4210 4.57058
4211 4.31858
4212 4.03959
4213 3.72125
4214 3.44564
4215 3.13964
4216 2.86738
4217 2.60417
4218 2.30382
4219 2.06083
4220 1.77285
4221 1.50172
4222 1.21487
4223 0.922357
4224 0.643404
4225 0.364431
4226 0.12275
4227 0.0231016
4228 -0.00352142
4229 -0.00613726
4230 -0.00463941
4231 -0.00253793
4232 -0.00128779
4233 -0.000642238
4234 -0.000308094
4235 -0.000131195
4236 -5.68352e-05
4237 -1.98923e-05
4238 1.89451e-06
4239 1.06566e-05
4240 1.3972e-05
4241 1.51561e-05
4242 1.44456e-05
4243 1.3972e-05
4244 1.32616e-05
4245 1.27879e-05
4246 1.18407e-05
4247 1.08934e-05
4248 1.0183e-05
4249 9.23573e-06
4250 7.81485e-06
4251 7.34122e-06
4252 6.63078e-06
4253 5.44671e-06
4254 4.97308e-06
4255 4.26264e-06
4256 3.78902e-06
4257 3.31539e-06
4258 2.84176e-06
4259 1.89451e-06
4260 1.42088e-06
4261 1.42088e-06
4262 7.10441e-07
4263 0
4264 0
4265 -2.36814e-07
4266 -7.10441e-07
4267 -1.42088e-06
4268 -1.42088e-06
4269 -1.65769e-06
4270 -1.89451e-06
4271 -1.89451e-06
4272 -2.13132e-06
4273 -2.36814e-06
4274 -2.36814e-06
4275 -2.84176e-06
4276 -2.60495e-06
4277 -3.07858e-06
4278 -2.84176e-06
4279 0.00233711
4280 0.113693
4281 0.347514
4282 0.606042
4283 0.88566
4284 1.1532
4285 1.43268
4286 1.71369
4287 2.00996
4288 2.28918
4289 2.58059
4290 2.86077
4291 3.13865
4292 3.41201
4293 3.69214
4294 3.95535
4295 4.27034
4296 4.54931
4297 4.83732
4298 5.10617
4299 5.39415
4300 5.68439
4301 5.97125
4302 6.21536
4303 6.51909
4304 6.78347
4305 7.07147
4306 7.3493
4307 7.64969
4308 7.91514
4309 8.19752
4310 8.47088
4311 8.77685
4312 9.05584
4313 9.33593
4314 9.61383
4315 9.88492
4316 10.1527
4317 10.4497
4318 10.7196
4319 11.0335
4320 11.2664
4321 11.5645
4322 11.8356
4323 12.1472
4324 12.4172
4325 12.6984
4326 12.9842
4327 13.2811
4328 13.5421
4329 13.8504
4330 14.126
4331 14.36
4332 14.6806
4333 14.9416
4334 15.2295
4335 15.5333
4336 15.7943
4337 16.0642
4338 16.3804
4339 16.665
4340 16.944
4341 17.2061
4342 17.494
4343 17.7359
4344 18.0509
4345 18.3063
4346 18.5853
4347 18.8653
4348 19.1691
4349 19.4492
4350 19.7192
4351 20.0263
4352 20.2985
4353 20.582
4354 20.8531
4355 21.1468
4356 21.4257
4357 21.6957
4358 21.9792
4359 22.2582
4360 22.5394
4361 22.8083
4362 23.0884
4363 23.364
4364 23.6677
4365 23.9378
4366 24.2257
4367 24.5149
4368 24.8107
4369 25.0672
4370 25.3529
4371 25.6341
4372 25.921
4373 26.191
4374 26.4621
4375 26.7681
4376 27.0291
4377 27.3295
4378 27.5904
4379 27.8784
4380 28.1405
4381 28.4623
4382 28.7053
4383 29.0124
4384 29.2869
4385 29.5681
4386 29.8239
4387 29.9621
4388 29.9999
4389 30.0064
4390 30.0051
4391 30.0029
4392 30.0014
4393 30.0007
4394 30.0003
4395 30.0001
4396 30
4397 30
4398 30
4399 30
4400 30
4401 30
4402 30
4403 29.9999
4404 30
4405 30
4406 30
4407 30
4408 30
4409 29.9997
4410 29.9998
4411 29.9998
4412 29.9999
4413 29.9997
4414 29.9997
4415 29.9997
4416 29.9997
4417 29.9997
4418 29.9997
4419 29.9997
4420 29.9997
4421 29.9997
4422 29.9997
4423 29.9997
4424 29.9997
4425 29.9997
4426 29.9997
4427 29.9997
4428 29.9997
4429 29.9997
4430 29.9997
4431 29.9997
4432 29.9997
4433 29.9997
4434 29.9997
4435 29.9997
4436 29.9997
4437 29.9997
4438 29.9997
4439 29.9997
4440 29.9997
4441 29.9997
4442 29.9997
4443 29.9997
4444 29.9997
4445 29.9997
4446 29.9997
4447 29.9997
4448 29.9997
4449 29.9997
4450 29.9997
4451 29.9997
4452 29.9997
4453 29.9997
4454 29.9997
4455 29.9997
4456 29.9997
4457 29.9997
4458 29.9997
4459 29.9997
4460 29.9997
4461 29.9997
4462 29.9997
4463 29.9997
4464 29.9997
4465 29.9997
4466 29.9997
4467 29.9997
4468 29.9997
4469 29.9997
4470 29.9997
4471 29.9997
4472 29.9997
4473 29.9997
4474 29.9997
4475 29.9997
4476 29.9997
4477 29.9997
4478 29.9997
4479 29.9997
4480 29.9997
4481 29.9997
4482 29.9997
4483 29.9997
4484 29.9997
4485 29.9997
4486 29.9997
4487 29.9997
4488 29.9997
4489 29.9997
4490 29.9997
4491 29.9997
4492 29.9997
4493 29.9997
4494 29.9997
4495 29.9997
4496 29.9997
4497 29.9997
4498 29.9997
4499 29.9997
4500 29.9997
4501 29.9997
4502 29.9997
4503 29.9997
4504 29.9997
4505 29.9997
4506 29.9997
4507 29.9997
4508 29.9997
4509 29.9997
4510 29.9997
4511 29.9997
4512 29.9997
4513 29.9997
4514 29.9997
4515 29.9997
4516 29.9997
4517 29.9997
4518 29.9997
4519 29.9997
4520 29.9997
4521 29.9997
4522 29.9997
4523 29.9997
4524 29.9997
4525 29.9997
4526 29.9997
4527 29.9997
4528 29.9997
4529 29.9997
4530 29.9997
4531 29.9997
4532 29.9997
4533 29.9997
4534 29.9997
4535 29.9997
4536 29.9997
4537 29.9997
4538 29.9997
4539 29.9997
4540 29.9997
4541 29.9997
4542 29.9997
4543 29.9997
4544 29.9997
4545 29.9997
4546 29.9997
4547 29.9997
4548 29.9997
4549 29.9997
4550 29.9997
4551 29.9997
4552 29.9997
4553 29.9997
4554 29.9997
4555 29.9997
4556 29.9997
4557 29.9997
4558 29.9997
4559 29.9997
4560 29.9997
4561 29.9997
4562 29.9997
4563 29.9997
4564 29.9997
4565 29.9997
4566 29.9997
4567 29.9997
4568 29.9997
4569 29.9997
4570 29.9997
4571 29.9997
4572 29.9997
4573 29.9997
4574 29.9997
4575 29.9997
4576 29.9997
4577 29.9997
4578 29.9997
4579 29.9997
4580 29.9997
4581 29.9997
4582 29.9997
4583 29.9997
4584 29.9997
4585 29.9997
4586 29.9997
4587 29.9997
4588 29.9997
4589 29.9997
4590 29.9997
4591 29.9997
4592 29.9997
4593 29.9997
4594 29.9997
4595 29.9997
4596 29.9997
4597 29.9997
4598 29.9997
4599 29.9997
4600 29.9997
4601 29.9997
4602 29.9997
4603 29.9997
4604 29.9997
4605 29.9997
4606 29.9997
4607 29.9997
4608 29.9997
4609 29.9997
4610 29.9997
4611 29.9997
4612 29.9997
4613 29.9997
4614 29.9997
4615 29.9997
4616 29.9997
4617 29.9997
4618 29.9997
4619 29.9997
4620 29.9997
4621 29.9997
4622 29.9997
4623 29.9997
4624 29.9997
4625 29.9997
4626 29.9997
4627 29.9997
4628 29.9997
4629 29.9997
4630 29.9997
4631 29.9997
4632 29.9997
4633 29.9997
4634 29.9997
4635 29.9997
4636 29.9997
4637 29.9997
4638 29.9997
4639 29.9997
4640 29.9997
4641 29.9997
4642 29.9997
4643 29.9997
4644 29.9997
4645 29.9997
4646 29.9997
4647 29.9997
4648 29.9997
4649 29.9997
4650 29.9997
4651 29.9997
4652 29.9997
4653 29.9997
4654 29.9997
4655 29.9997
4656 29.9997
4657 29.9997
4658 29.9997
4659 29.9997
4660 29.9997
4661 29.9997
4662 29.9997
4663 29.9997
4664 29.9997
4665 29.9997
4666 29.9997
4667 29.9997
4668 29.9997
4669 29.9997
4670 29.9997
4671 29.9997
4672 29.9997
4673 29.9997
4674 29.9997
4675 29.9997
4676 29.9997
4677 29.9997
4678 29.9997
4679 29.9997
4680 29.9997
4681 29.9997
4682 29.9997
4683 29.9997
4684 29.9997
4685 29.9997
4686 29.9997
4687 29.9997
4688 29.9997
4689 29.9997
4690 29.9997
4691 29.9997
4692 29.9997
4693 29.9997
4694 29.9997
4695 29.9997
4696 29.9997
4697 29.9997
4698 29.9997
4699 29.9997
4700 29.9997
4701 29.9997
4702 29.9997
4703 29.9997
4704 29.9997
4705 29.9997
4706 29.9997
4707 29.9997
4708 29.9997
4709 29.9997
4710 29.9997
4711 29.9997
4712 29.9997
4713 29.9997
4714 29.9997
4715 29.9997
4716 29.9997
4717 29.9997
4718 29.9997
4719 29.9997
4720 29.9997
4721 29.9997
4722 29.9997
4723 29.9997
4724 29.9997
4725 29.9997
4726 29.9997
4727 29.9997
4728 29.9997
4729 29.9997
4730 29.9997
4731 29.9997
4732 29.9997
4733 29.9997
4734 29.9997
4735 29.9997
4736 29.9997
4737 29.9997
4738 29.9997
4739 29.9997
4740 29.9997
4741 29.9997
4742 29.9997
4743 29.9997
4744 29.9997
4745 29.9997
4746 29.9997
4747 29.9997
4748 29.9997
4749 29.9997
4750 29.9997
4751 29.9997
4752 29.9997
4753 29.9997
4754 29.9997
4755 29.9997
4756 29.9997
4757 29.9997
4758 29.9997
4759 29.9997
4760 29.9997
4761 29.9997
4762 29.9997
4763 29.9997
4764 29.9997
4765 29.9997
4766 29.9997
4767 29.9997
4768 29.9997
4769 29.9997
4770 29.9997
4771 29.9997
4772 29.9997
4773 29.9997
4774 29.9997
4775 29.9997
4776 29.9997
4777 29.9997
4778 29.9997
4779 29.9997
4780 29.9997
4781 29.9997
4782 29.9997
4783 29.9997
4784 29.9997
4785 29.9997
4786 29.9997
4787 29.9997
4788 29.9997
4789 29.9997
4790 29.9997
4791 29.9997
4792 29.9997
4793 29.9997
4794 29.9997
4795 29.9997
4796 29.9997
4797 29.9997
4798 29.9997
4799 29.9997
4800 29.9997
4801 29.9997
4802 29.9997
4803 29.9997
4804 29.9997
4805 29.9997
4806 29.9997
4807 29.9997
4808 29.9997
4809 29.9997
4810 29.9997
4811 29.9997
4812 29.9997
4813 29.9997
4814 29.9997
4815 29.9997
4816 29.9997
4817 29.9997
4818 29.9997
4819 29.9997
4820 29.9997
4821 29.9997
4822 29.9997
4823 29.9997
4824 29.9997
4825 29.9997
4826 29.9997
4827 29.9997
4828 29.9997
4829 29.9997
4830 29.9997
4831 29.9997
4832 29.9997
4833 29.9997
4834 29.9997
4835 29.9997
4836 29.9997
4837 29.9997
4838 29.9997
4839 29.9997
4840 29.9997
4841 29.9997
4842 29.9997
4843 29.9997
4844 29.9997
4845 29.9997
4846 29.9997
4847 29.9997
4848 29.9997
4849 29.9997
4850 29.9997
4851 29.9997
4852 29.9997
4853 29.9997
4854 29.9997
4855 29.9997
4856 29.9997
4857 29.9997
4858 29.9997
4859 29.9997
4860 29.9997
4861 29.9997
4862 29.9997
4863 29.9997
4864 29.9997
4865 29.9997
4866 29.9997
4867 29.9997
4868 29.9997
4869 29.9997
4870 29.9997
4871 29.9997
4872 29.9997
4873 29.9997
4874 29.9997
4875 29.9997
4876 29.9997
4877 29.9997
4878 29.9997
4879 29.9997
4880 29.9997
4881 29.9997
4882 29.9997
4883 29.9997
4884 29.9997
4885 29.9997
4886 29.9997
4887 29.9997
4888 29.9997
4889 29.9997
4890 29.9997
4891 29.9997
4892 29.9997
4893 29.9997
4894 29.9997
4895 29.9997
4896 29.9997
4897 29.9997
4898 29.9997
4899 29.9997
4900 29.9997
4901 29.9997
4902 29.9997
4903 29.9997
4904 29.9997
4905 29.9997
4906 29.9997
4907 29.9997
4908 29.9997
4909 29.9997
4910 29.9997
4911 29.9997
4912 29.9997
4913 29.9997
4914 29.9997
4915 29.9997
4916 29.9997
4917 29.9997
4918 29.9997
4919 29.9997
4920 29.9997
4921 29.9997
4922 29.9997
4923 29.9997
4924 29.9997
4925 29.9997
4926 29.9997
4927 29.9997
4928 29.9997
4929 29.9997
4930 29.9997
4931 29.9997
4932 29.9997
4933 29.9997
4934 29.9997
4935 29.9997
4936 29.9997
4937 29.9997
4938 29.9997
4939 29.9997
4940 29.9997
4941 29.9997
4942 29.9997
4943 29.9997
4944 29.9997
4945 29.9997
4946 29.9997
4947 29.9997
4948 29.9997
4949 29.9997
4950 29.9997
4951 29.9997
4952 29.9997
4953 29.9997
4954 29.9997
4955 29.9997
4956 29.9997
4957 29.9997
4958 29.9997
4959 29.9997
4960 29.9997
4961 29.9997
4962 29.9997
4963 29.9997
4964 29.9997
4965 29.9997
4966 29.9997
4967 29.9997
4968 29.9997
4969 29.9997
4970 29.9997
4971 29.9997
4972 29.9997
4973 29.9997
4974 29.9997
4975 29.9997
4976 29.9997
4977 29.9997
4978 29.9997
4979 29.9997
4980 29.9997
4981 29.9997
4982 29.9997
