0 0
1 0
2 0
3 0
4 0
5 0
6 0
7 0
8 0
9 0
10 0
11 0
12 0
13 0
14 0
15 0
16 0
17 0
18 0
19 0
20 0
21 0
22 0
23 0
24 0
25 0
26 0
27 0
28 0
29 0
30 0
31 0
32 0
33 0
34 0
35 0
36 0
37 0
38 0
39 0
40 0
41 0
42 0
43 0
44 0
45 0
46 0
47 0
48 0
49 0
50 0
51 0
52 0
53 0
54 0
55 0
56 0
57 0
58 0
59 0
60 0
61 0
62 0
63 0
64 0
65 0
66 0
67 0
68 0
69 0
70 0
71 0
72 0
73 0
74 0
75 0
76 0
77 0
78 0
79 0
80 0
81 0
82 0
83 0
84 0
85 0
86 0
87 0
88 0
89 0
90 0
91 0
92 0
93 0
94 0
95 0
96 0
97 0
98 0
99 0
100 0
101 0
102 0
103 0
104 0
105 0
106 0
107 0
108 0
109 0
110 0
111 0
112 0
113 0
114 0
115 0
116 -0.00121
117 0
118 -0.00121
119 -0.00121
120 -0.00121
121 -0.00121
122 -0.00121
123 -0.00121
124 -0.00121
125 -0.00121
126 -0.00121
127 -0.00121
128 -0.00121
129 -0.00121
130 -0.00121
131 -0.00121
132 -0.00121
133 -0.00121
134 -0.00121
135 -0.00121
136 -0.00121
137 -0.00121
138 -0.00121
139 -0.00121
140 -0.00121
141 -0.00121
142 -0.00121
143 -0.00121
144 -0.00121
145 -0.00121
146 -0.00121
147 -0.00121
148 -0.00121
149 -0.00121
150 -0.00121
151 -0.00121
152 -0.00121
153 -0.00121
154 -0.00121
155 -0.00121
156 -0.00121
157 -0.00121
158 -0.00121
159 -0.00121
160 -0.00121
161 -0.00121
162 -0.00121
163 -0.00121
164 -0.00121
165 -0.00121
166 -0.00121
167 -0.00121
168 -0.00121
169 -0.00121
170 -0.00121
171 -0.00121
172 -0.00121
173 -0.00121
174 -0.00121
175 -0.00121
176 -0.00121
177 -0.00121
178 -0.00121
179 -0.00121
180 -0.00121
181 -0.00121
182 -0.00121
183 -0.00121
184 -0.00121
185 -0.00121
186 -0.00121
187 -0.00121
188 -0.00121
189 -0.00121
190 -0.00121
191 -0.00121
192 -0.00121
193 -0.00121
194 -0.00121
195 -0.00121
196 -0.00121
197 -0.00121
198 -0.00121
199 -0.00121
200 -0.00121
201 -0.00121
202 -0.00121
203 -0.00121
204 -0.00121
205 -0.00121
206 -0.00121
207 -0.00121
208 -0.00121
209 -0.00121
210 -0.00121
211 -0.00121
212 -0.00121
213 -0.00121
214 -0.00121
215 -0.00121
216 -0.00121
217 -0.00121
218 -0.00121
219 -0.00121
220 -0.00121
221 -0.00121
222 -0.00121
223 -0.00121
224 -0.00121
225 -0.00121
226 -0.00121
227 -0.00121
228 -0.00121
229 -0.00121
230 -0.00121
231 -0.00121
232 -0.00121
233 -0.00121
234 -0.00121
235 -0.00121
236 -0.00121
237 -0.00121
238 -0.00121
239 -0.00121
240 -0.00121
241 -0.00121
242 -0.00121
243 -0.00121
244 -0.00121
245 -0.00121
246 -0.00121
247 -0.00121
248 -0.00121
249 -0.00121
250 -0.00121
251 -0.00121
252 -0.00121
253 -0.00121
254 -0.00121
255 -0.00121
256 -0.00121
257 -0.00121
258 -0.00121
259 -0.00121
260 -0.00121
261 -0.00121
262 -0.00121
263 -0.00121
264 -0.00121
265 -0.00121
266 -0.00121
267 -0.00121
268 -0.00121
269 -0.00121
270 -0.00121
271 -0.00121
272 -0.00121
273 -0.00121
274 -0.00121
275 -0.00121
276 -0.00121
277 -0.00121
278 -0.00121
279 -0.00121
280 -0.00121
281 -0.00121
282 -0.00121
283 -0.00121
284 -0.00121
285 -0.00121
286 -0.00121
287 -0.00121
288 -0.00121
289 -0.00121
290 -0.00121
291 -0.00121
292 -0.00121
293 -0.00121
294 -0.00121
295 -0.00121
296 -0.00121
297 -0.00121
298 -0.00121
299 -0.00121
300 -0.00121
301 -0.00121
302 -0.00121
303 -0.00121
304 -0.00121
305 -0.00121
306 -0.00121
307 -0.00121
308 -0.00121
309 -0.00121
310 -0.00121
311 -0.00121
312 -0.00121
313 -0.00121
314 -0.00121
315 -0.00121
316 -0.00121
317 -0.00121
318 -0.00121
319 -0.00121
320 -0.00121
321 -0.00121
322 -0.00121
323 -0.00121
324 -0.00121
325 -0.00121
326 -0.00121
327 -0.00121
328 -0.00121
329 -0.00121
330 -0.00121
331 -0.00121
332 -0.00121
333 -0.00121
334 -0.00121
335 -0.00121
336 -0.00121
337 -0.00121
338 -0.00121
339 -0.00121
340 -0.00121
341 -0.00121
342 -0.00121
343 -0.00121
344 -0.00121
345 -0.00121
346 -0.00121
347 -0.00121
348 -0.00121
349 -0.00121
350 -0.00121
351 -0.00121
352 -0.00121
353 -0.00121
354 -0.00121
355 -0.00121
356 -0.00121
357 -0.00121
358 -0.00121
359 -0.00121
360 -0.00121
361 -0.00121
362 -0.00121
363 -0.00121
364 -0.00121
365 -0.00121
366 -0.00121
367 -0.00121
368 -0.00121
369 -0.00121
370 -0.00121
371 -0.00121
372 -0.00121
373 -0.00121
374 -0.00121
375 -0.00121
376 -0.00121
377 -0.00121
378 -0.00121
379 -0.00121
380 -0.00121
381 -0.00121
382 -0.00121
383 -0.00121
384 -0.00121
385 -0.00121
386 -0.00121
387 -0.00121
388 -0.00121
389 -0.00121
390 -0.00121
391 -0.00121
392 -0.00121
393 -0.00121
394 -0.00121
395 -0.00121
396 -0.00121
397 -0.00121
398 -0.00121
399 -0.00121
400 -0.00121
401 -0.00121
402 -0.00121
403 -0.00121
404 -0.00121
405 -0.00121
406 -0.00121
407 -0.00121
408 -0.00121
409 -0.00121
410 -0.00121
411 -0.00121
412 -0.00121
413 -0.00121
414 -0.00121
415 -0.00121
416 -0.00121
417 -0.00121
418 -0.00121
419 -0.00121
420 -0.00121
421 -0.00121
422 -0.00121
423 -0.00121
424 -0.00121
425 -0.00121
426 -0.00121
427 -0.00121
428 -0.00121
429 -0.00121
430 -0.00121
431 -0.00121
432 -0.00121
433 -0.00121
434 -0.00121
435 -0.00121
436 -0.00121
437 -0.00121
438 -0.00121
439 -0.00121
440 -0.00121
441 -0.00121
442 -0.00121
443 -0.00121
444 -0.00121
445 -0.00121
446 -0.00121
447 -0.00121
448 -0.00121
449 -0.00121
450 -0.00121
451 -0.00121
452 -0.00121
453 -0.00121
454 -0.00121
455 -0.00121
456 -0.00121
457 -0.00121
458 -0.00121
459 -0.00121
460 -0.00121
461 -0.00121
462 -0.00121
463 -0.00121
464 -0.00121
465 -0.00121
466 -0.00121
467 -0.00121
468 -0.00121
469 -0.00121
470 -0.00121
471 -0.00121
472 -0.00121
473 -0.00121
474 -0.00121
475 -0.00121
476 -0.00121
477 -0.00121
478 -0.00121
479 -0.00121
480 -0.00121
481 -0.00121
482 -0.00121
483 -0.00121
484 -0.00121
485 -0.00121
486 -0.00121
487 -0.00121
488 -0.00121
489 -0.00121
490 -0.00121
491 -0.00121
492 -0.00121
493 -0.00121
494 -0.00121
495 -0.00121
496 -0.00121
497 -0.00121
498 -0.00121
499 -0.00121
500 -0.00121
501 -0.00121
502 -0.00121
503 -0.00121
504 -0.00121
505 -0.00121
506 -0.00121
507 -0.00121
508 -0.00121
509 -0.00121
510 -0.00121
511 -0.00121
512 -0.00121
513 -0.00121
514 -0.00121
515 -0.00121
516 -0.00121
517 -0.00121
518 -0.00121
519 -0.00121
520 -0.00121
521 -0.00121
522 -0.00121
523 -0.00121
524 -0.00121
525 -0.00121
526 -0.00121
527 -0.00121
528 -0.00121
529 -0.00121
530 -0.00121
531 -0.00121
532 -0.00121
533 -0.00121
534 -0.00121
535 -0.00121
536 -0.00121
537 -0.00121
538 -0.00121
539 -0.00121
540 -0.00121
541 -0.00121
542 -0.00121
543 -0.00121
544 -0.00121
545 -0.00121
546 -0.00121
547 -0.00121
548 -0.00121
549 -0.00121
550 -0.00121
551 -0.00121
552 -0.00121
553 -0.00121
554 -0.00121
555 -0.00121
556 -0.00121
557 -0.00121
558 -0.00121
559 -0.00121
560 -0.00121
561 -0.00121
562 -0.00121
563 -0.00121
564 -0.00121
565 -0.00121
566 -0.00121
567 -0.00121
568 -0.00121
569 -0.00121
570 -0.00121
571 -0.00121
572 -0.00121
573 -0.00121
574 -0.00121
575 -0.00121
576 -0.00121
577 -0.00121
578 -0.00121
579 -0.00121
580 -0.00121
581 -0.00121
582 -0.00121
583 -0.00121
584 -0.00121
585 -0.00121
586 -0.00121
587 -0.00121
588 -0.00121
589 -0.00121
590 -0.00121
591 -0.00121
592 -0.00121
593 -0.00121
594 -0.00121
595 -0.00121
596 -0.00121
597 -0.00121
598 -0.00121
599 -0.00121
600 -0.00121
601 -0.00121
602 -0.00121
603 -0.00121
604 -0.00121
605 -0.00121
606 -0.00121
607 -0.00121
608 -0.00121
609 -0.00121
610 -0.00121
611 -0.00121
612 -0.00121
613 -0.00121
614 -0.00121
615 -0.00121
616 -0.00121
617 -0.00121
618 -0.00121
619 -0.00121
620 -0.00121
621 -0.00121
622 -0.00121
623 -0.00121
624 -0.00121
625 -0.00121
626 -0.00121
627 -0.00121
628 -0.00121
629 -0.00121
630 -0.00121
631 -0.00121
632 -0.00121
633 -0.00121
634 -0.00121
635 -0.00121
636 -0.00121
637 -0.00121
638 -0.00121
639 -0.00121
640 -0.00121
641 -0.00121
642 -0.00121
643 -0.00121
644 -0.00121
645 -0.00121
646 -0.00121
647 -0.00121
648 -0.00121
649 -0.00121
650 -0.00121
651 -0.00121
652 -0.00121
653 -0.00121
654 -0.00121
655 -0.00121
656 -0.00121
657 -0.00121
658 -0.00121
659 -0.00121
660 -0.00121
661 -0.00121
662 -0.00121
663 -0.00121
664 -0.00121
665 -0.00121
666 -0.00121
667 -0.00121
668 -0.00121
669 -0.00121
670 -0.00121
671 -0.00121
672 -0.00121
673 -0.00121
674 -0.00121
675 -0.00121
676 -0.00121
677 -0.00121
678 -0.00121
679 -0.00121
680 -0.00121
681 -0.00121
682 -0.00121
683 -0.00121
684 -0.00121
685 -0.00121
686 -0.00121
687 -0.00121
688 -0.00121
689 -0.00121
690 -0.00121
691 -0.00121
692 -0.00121
693 -0.00121
694 -0.00121
695 -0.00121
696 -0.00121
697 -0.00121
698 -0.00121
699 -0.00121
700 -0.00121
701 -0.00121
702 -0.00121
703 -0.00121
704 -0.00121
705 -0.00121
706 -0.00121
707 -0.00121
708 -0.00121
709 -0.00121
710 -0.00121
711 -0.00121
712 -0.00121
713 -0.00121
714 -0.00121
715 -0.00121
716 -0.00121
717 -0.00121
718 -0.00121
719 -0.00121
720 -0.00121
721 -0.00121
722 -0.00121
723 -0.00121
724 -0.00121
725 -0.00121
726 -0.00121
727 -0.00121
728 -0.00121
729 -0.00121
730 -0.00121
731 -0.00121
732 -0.00121
733 -0.00121
734 -0.00121
735 -0.00121
736 -0.00121
737 -0.00121
738 -0.00121
739 -0.00121
740 -0.00121
741 -0.00121
742 -0.00121
743 -0.00121
744 -0.00121
745 -0.00121
746 -0.00121
747 -0.00121
748 -0.00121
749 -0.00121
750 -0.00121
751 -0.00121
752 -0.00121
753 -0.00121
754 -0.00121
755 -0.00121
756 -0.00121
757 -0.00121
758 -0.00121
759 -0.00121
760 -0.00121
761 -0.00121
762 -0.00121
763 -0.00121
764 -0.00121
765 -0.00121
766 -0.00121
767 -0.00121
768 -0.00121
769 -0.00121
770 -0.00121
771 -0.00121
772 -0.00121
773 -0.00121
774 -0.00121
775 -0.00121
776 -0.00121
777 -0.00121
778 -0.00121
779 -0.00121
780 -0.00121
781 -0.00121
782 -0.00121
783 -0.00121
784 -0.00121
785 -0.00121
786 -0.00121
787 -0.00121
788 -0.00121
789 -0.00121
790 -0.00121
791 -0.00121
792 -0.00121
793 -0.00121
794 -0.00121
795 -0.00121
796 -0.00121
797 -0.00121
798 -0.00121
799 -0.00121
800 -0.00121
801 -0.00121
802 -0.00121
803 -0.00121
804 -0.00121
805 -0.00121
806 -0.00121
807 -0.00121
808 -0.00121
809 -0.00121
810 -0.00121
811 -0.00121
812 -0.00121
813 -0.00121
814 -0.00121
815 -0.00121
816 -0.00121
817 -0.00121
818 -0.00121
819 -0.00121
820 -0.00121
821 -0.00121
822 -0.00121
823 -0.00121
824 -0.00121
825 -0.00121
826 -0.00121
827 -0.00121
828 -0.00121
829 -0.00121
830 -0.00121
831 -0.00121
832 -0.00121
833 -0.00121
834 -0.00121
835 -0.00121
836 -0.00121
837 -0.00121
838 -0.00121
839 -0.00121
840 -0.00121
841 -0.00121
842 -0.00121
843 -0.00121
844 -0.00121
845 -0.00121
846 -0.00121
847 -0.00121
848 -0.00121
849 -0.00121
850 -0.00121
851 -0.00121
852 -0.00121
853 -0.00121
854 -0.00121
855 -0.00121
856 -0.00121
857 -0.00121
858 -0.00121
859 -0.00121
860 -0.00121
861 -0.00121
862 -0.00121
863 -0.00121
864 -0.00121
865 -0.00121
866 -0.00121
867 -0.00121
868 -0.00121
869 -0.00121
870 -0.00121
871 -0.00121
872 -0.00121
873 -0.00121
874 -0.00121
875 -0.00121
876 -0.00121
877 -0.00121
878 -0.00121
879 -0.00121
880 -0.00121
881 -0.00121
882 -0.00121
883 -0.00121
884 -0.00121
885 -0.00121
886 -0.00121
887 -0.00121
888 -0.00121
889 -0.00121
890 -0.00121
891 -0.00121
892 -0.00121
893 -0.00121
894 -0.00121
895 -0.00121
896 -0.00121
897 -0.00121
898 -0.00121
899 -0.00121
900 -0.00121
901 -0.00121
902 -0.00121
903 -0.00121
904 -0.00121
905 -0.00121
906 -0.00121
907 -0.00121
908 -0.00121
909 -0.00121
910 -0.00121
911 -0.00121
912 -0.00121
913 -0.00121
914 -0.00121
915 -0.00121
916 -0.00121
917 -0.00121
918 -0.00121
919 -0.00121
920 -0.00121
921 -0.00121
922 -0.00121
923 -0.00121
924 -0.00121
925 -0.00121
926 -0.00121
927 -0.00121
928 -0.00121
929 -0.00121
930 -0.00121
931 -0.00121
932 -0.00121
933 -0.00121
934 -0.00121
935 -0.00121
936 -0.00121
937 -0.00121
938 -0.00121
939 -0.00121
940 -0.00121
941 -0.00121
942 -0.00121
943 -0.00121
944 -0.00121
945 -0.00121
946 -0.00121
947 -0.00121
948 -0.00121
949 -0.00121
950 -0.00121
951 -0.00121
952 -0.00121
953 -0.00121
954 -0.00121
955 -0.00121
956 -0.00121
957 -0.00121
958 -0.00121
959 -0.00121
960 -0.00121
961 -0.00121
962 -0.00121
963 -0.00121
964 -0.00121
965 -0.00121
966 -0.00121
967 -0.00121
968 -0.00121
969 -0.00121
970 -0.00121
971 -0.00121
972 -0.00121
973 -0.00121
974 -0.00121
975 -0.00121
976 -0.00121
977 -0.00121
978 -0.00121
979 -0.00121
980 -0.00121
981 -0.00121
982 -0.00121
983 -0.00121
984 -0.00121
985 -0.00121
986 -0.00121
987 -0.00121
988 -0.00121
989 -0.00121
990 -0.00121
991 -0.00121
992 -0.00121
993 -0.00121
994 -0.00121
995 -0.00121
996 -0.00121
997 -0.00121
998 -0.00121
999 -0.00121
1000 -0.00121
1001 -0.00121
1002 -0.00121
1003 -0.00121
1004 -0.00121
1005 -0.00121
1006 -0.00121
1007 -0.00121
1008 -0.00121
1009 -0.00121
1010 -0.00121
1011 -0.00121
1012 -0.00121
1013 -0.00121
1014 -0.00121
1015 -0.00121
1016 -0.00121
1017 -0.00121
1018 -0.00121
1019 -0.00121
1020 -0.00121
1021 -0.00121
1022 -0.00121
1023 -0.00121
1024 -0.00121
1025 -0.00121
1026 -0.00121
1027 -0.00121
1028 -0.00121
1029 -0.00121
1030 -0.00121
1031 -0.00121
1032 -0.00121
1033 -0.00121
1034 -0.00121
1035 -0.00121
1036 -0.00121
1037 -0.00121
1038 -0.00121
1039 -0.00121
1040 -0.00121
1041 -0.00121
1042 -0.00121
1043 -0.00121
1044 -0.00121
1045 -0.00121
1046 -0.00121
1047 -0.00121
1048 -0.00121
1049 -0.00121
1050 -0.00121
1051 -0.00121
1052 -0.00121
1053 -0.00121
1054 -0.00121
1055 -0.00121
1056 -0.00121
1057 -0.00121
1058 -0.00121
1059 -0.00121
1060 -0.00121
1061 -0.00121
1062 -0.00121
1063 -0.00121
1064 -0.00121
1065 -0.00121
1066 -0.00121
1067 -0.00121
1068 -0.00121
1069 -0.00121
1070 -0.00121
1071 -0.00121
1072 -0.00121
1073 -0.00121
1074 -0.00121
1075 -0.00121
1076 -0.00121
1077 -0.00121
1078 -0.00121
1079 -0.00121
1080 -0.00121
1081 -0.00121
1082 -0.00121
1083 -0.00121
1084 -0.00121
1085 -0.00121
1086 -0.00121
1087 -0.00121
1088 -0.00121
1089 -0.00121
1090 -0.00121
1091 -0.00121
1092 -0.00121
1093 -0.00121
1094 -0.00121
1095 -0.00121
1096 -0.00121
1097 -0.00121
1098 -0.00121
1099 -0.00121
1100 -0.00121
1101 -0.00121
1102 -0.00121
1103 -0.00121
1104 -0.00121
1105 -0.00121
1106 -0.00121
1107 -0.00121
1108 -0.00121
1109 -0.00121
1110 -0.00121
1111 -0.00121
1112 -0.00121
1113 -0.00121
1114 -0.00121
1115 -0.00121
1116 -0.00121
1117 -0.00121
1118 -0.00121
1119 -0.00121
1120 -0.00121
1121 -0.00121
1122 -0.00121
1123 -0.00121
1124 -0.00121
1125 -0.00121
1126 -0.00121
1127 -0.00121
1128 -0.00121
1129 -0.00121
1130 -0.00121
1131 -0.00121
1132 -0.00121
1133 -0.00121
1134 -0.00121
1135 -0.00121
1136 -0.00121
1137 -0.00121
1138 -0.00121
1139 -0.00121
1140 -0.00121
1141 -0.00121
1142 -0.00121
1143 -0.00121
1144 -0.00121
1145 -0.00121
1146 -0.00121
1147 -0.00121
1148 -0.00121
1149 -0.00121
1150 -0.00121
1151 -0.00121
1152 -0.00121
1153 -0.00121
1154 -0.00121
1155 -0.00121
1156 -0.00121
1157 -0.00121
1158 -0.00121
1159 -0.00121
1160 -0.00121
1161 -0.00121
1162 -0.00121
1163 -0.00121
1164 -0.00121
1165 -0.00121
1166 -0.00121
1167 -0.00121
1168 -0.00121
1169 -0.00121
1170 -0.00121
1171 -0.00121
1172 -0.00121
1173 -0.00121
1174 -0.00121
1175 -0.00121
1176 -0.00121
1177 -0.00121
1178 -0.00121
1179 -0.00121
1180 -0.00121
1181 -0.00121
1182 -0.00121
1183 -0.00121
1184 -0.00121
1185 -0.00121
1186 -0.00121
1187 -0.00121
1188 -0.00121
1189 -0.00121
1190 -0.00121
1191 -0.00121
1192 -0.00121
1193 -0.00121
1194 -0.00121
1195 -0.00121
1196 -0.00121
1197 -0.00121
1198 -0.00121
1199 -0.00121
1200 -0.00121
1201 -0.00121
1202 -0.00121
1203 -0.00121
1204 -0.00121
1205 -0.00121
1206 -0.00121
1207 -0.00121
1208 -0.00121
1209 -0.00121
1210 -0.00121
1211 -0.00121
1212 -0.00121
1213 -0.00121
1214 -0.00121
1215 -0.00121
1216 -0.00121
1217 -0.00121
1218 -0.00121
1219 -0.00121
1220 -0.00121
1221 -0.00121
1222 -0.00121
1223 -0.00121
1224 -0.00121
1225 -0.00121
1226 -0.00121
1227 -0.00121
1228 -0.00121
1229 -0.00121
1230 -0.00121
1231 -0.00121
1232 -0.00121
1233 -0.00121
1234 -0.00121
1235 -0.00121
1236 -0.00121
1237 -0.00121
1238 -0.00121
1239 -0.00121
1240 -0.00121
1241 -0.00121
1242 -0.00121
1243 -0.00121
1244 -0.00121
1245 -0.00121
1246 -0.00121
1247 -0.00121
1248 -0.00121
1249 -0.00121
1250 -0.00121
1251 -0.00121
1252 -0.00121
1253 -0.00121
1254 -0.00121
1255 -0.00121
1256 -0.00121
1257 -0.00121
1258 -0.00121
1259 -0.00121
1260 -0.00121
1261 -0.00121
1262 -0.00121
1263 -0.00121
1264 -0.00121
1265 -0.00121
1266 -0.00121
1267 -0.00121
1268 -0.00121
1269 -0.00121
1270 -0.00121
1271 -0.00121
1272 -0.00121
1273 -0.00121
1274 -0.00121
1275 -0.00121
1276 -0.00121
1277 -0.00121
1278 -0.00121
1279 -0.00121
1280 -0.00121
1281 -0.00121
1282 -0.00121
1283 -0.00121
1284 -0.00121
1285 -0.00121
1286 -0.00121
1287 -0.00121
1288 -0.00121
1289 -0.00121
1290 -0.00121
1291 -0.00121
1292 -0.00121
1293 -0.00121
1294 -0.00121
1295 -0.00121
1296 -0.00121
1297 -0.00121
1298 -0.00121
1299 -0.00121
1300 -0.00121
1301 -0.00121
1302 -0.00121
1303 -0.00121
1304 -0.00121
1305 -0.00121
1306 -0.00121
1307 -0.00121
1308 -0.00121
1309 -0.00121
1310 -0.00121
1311 -0.00121
1312 -0.00121
1313 -0.00121
1314 -0.00121
1315 -0.00121
1316 -0.00121
1317 -0.00121
1318 -0.00121
1319 -0.00121
1320 -0.00121
1321 -0.00121
1322 -0.00121
1323 -0.00121
1324 -0.00121
1325 -0.00121
1326 -0.00121
1327 -0.00121
1328 -0.00121
1329 -0.00121
1330 -0.00121
1331 -0.00121
1332 -0.00121
1333 -0.00121
1334 -0.00121
1335 -0.00121
1336 -0.00121
1337 -0.00121
1338 -0.00121
1339 -0.00121
1340 -0.00121
1341 -0.00121
1342 -0.00121
1343 -0.00121
1344 -0.00121
1345 -0.00121
1346 -0.00121
1347 -0.00121
1348 -0.00121
1349 -0.00121
1350 -0.00121
1351 -0.00121
1352 -0.00121
1353 -0.00121
1354 -0.00121
1355 -0.00121
1356 -0.00121
1357 -0.00121
1358 -0.00121
1359 -0.00121
1360 -0.00121
1361 -0.00121
1362 -0.00121
1363 -0.00121
1364 -0.00121
1365 -0.00121
1366 -0.00121
1367 -0.00121
1368 -0.00121
1369 -0.00121
1370 -0.00121
1371 -0.00121
1372 -0.00121
1373 -0.00121
1374 -0.00121
1375 -0.00121
1376 -0.00121
1377 -0.00121
1378 -0.00121
1379 -0.00121
1380 -0.00121
1381 -0.00121
1382 -0.00121
1383 -0.00121
1384 -0.00121
1385 -0.00121
1386 -0.00121
1387 -0.00121
1388 -0.00121
1389 -0.00121
1390 -0.00121
1391 -0.00121
1392 -0.00121
1393 -0.00121
1394 -0.00121
1395 -0.00121
1396 -0.00121
1397 -0.00121
1398 -0.00121
1399 -0.00121
1400 -0.00121
1401 -0.00121
1402 -0.00121
1403 -0.00121
1404 -0.00121
1405 -0.00121
1406 -0.00121
1407 -0.00121
1408 -0.00121
1409 -0.00121
1410 -0.00121
1411 -0.00121
1412 -0.00121
1413 -0.00121
1414 -0.00121
1415 -0.00121
1416 -0.00121
1417 -0.00121
1418 -0.00121
1419 -0.00121
1420 -0.00121
1421 -0.00121
1422 -0.00121
1423 -0.00121
1424 -0.00121
1425 -0.00121
1426 -0.00121
1427 -0.00121
1428 -0.00121
1429 -0.00121
1430 -0.00121
1431 -0.00121
1432 -0.00121
1433 -0.00121
1434 -0.00121
1435 -0.00121
1436 -0.00121
1437 -0.00121
1438 -0.00121
1439 -0.00121
1440 -0.00121
1441 -0.00121
1442 -0.00121
1443 -0.00121
1444 -0.00121
1445 -0.00121
1446 -0.00121
1447 -0.00121
1448 -0.00121
1449 -0.00121
1450 -0.00121
1451 -0.00121
1452 -0.00121
1453 -0.00121
1454 -0.00121
1455 -0.00121
1456 -0.00121
1457 -0.00121
1458 -0.00121
1459 -0.00121
1460 -0.00121
1461 -0.00121
1462 -0.00121
1463 -0.00121
1464 -0.00121
1465 -0.00121
1466 -0.00121
1467 -0.00121
1468 -0.00121
1469 -0.00121
1470 -0.00121
1471 -0.00121
1472 -0.00121
1473 -0.00121
1474 -0.00121
1475 -0.00121
1476 -0.00121
1477 -0.00121
1478 -0.00121
1479 -0.00121
1480 -0.00121
1481 -0.00121
1482 -0.00121
1483 -0.00121
1484 -0.00121
1485 -0.00121
1486 -0.00121
1487 -0.00121
1488 -0.00121
1489 -0.00121
1490 -0.00121
1491 -0.00121
1492 -0.00121
1493 -0.00121
1494 -0.00121
1495 -0.00121
1496 -0.00121
1497 -0.00121
1498 -0.00121
1499 -0.00121
1500 -0.00121
1501 -0.00121
1502 -0.00121
1503 -0.00121
1504 -0.00121
1505 -0.00121
1506 -0.00121
1507 -0.00121
1508 -0.00121
1509 -0.00121
1510 -0.00121
1511 -0.00121
1512 -0.00121
1513 -0.00121
1514 -0.00121
1515 -0.00121
1516 -0.00121
1517 -0.00121
1518 -0.00121
1519 -0.00121
1520 -0.00121
1521 -0.00121
1522 -0.00121
1523 -0.00121
1524 -0.00121
1525 -0.00121
1526 -0.00121
1527 -0.00121
1528 -0.00121
1529 -0.00121
1530 -0.00121
1531 -0.00121
1532 -0.00121
1533 -0.00121
1534 -0.00121
1535 -0.00121
1536 -0.00121
1537 -0.00121
1538 -0.00121
1539 -0.00121
1540 -0.00121
1541 -0.00121
1542 -0.00121
1543 -0.00121
1544 -0.00121
1545 -0.00121
1546 -0.00121
1547 -0.00121
1548 -0.00121
1549 -0.00121
1550 -0.00121
1551 -0.00121
1552 -0.00121
1553 -0.00121
1554 -0.00121
1555 -0.00121
1556 -0.00121
1557 -0.00121
1558 -0.00121
1559 -0.00121
1560 -0.00121
1561 -0.00121
1562 -0.00121
1563 -0.00121
1564 -0.00121
1565 -0.00121
1566 -0.00121
1567 -0.00121
1568 -0.00121
1569 -0.00121
1570 -0.00121
1571 -0.00121
1572 -0.00121
1573 -0.00121
1574 -0.00121
1575 -0.00121
1576 -0.00121
1577 -0.00121
1578 -0.00121
1579 -0.00121
1580 -0.00121
1581 -0.00121
1582 -0.00121
1583 -0.00121
1584 -0.00121
1585 -0.00121
1586 -0.00121
1587 -0.00121
1588 -0.00121
1589 -0.00121
1590 -0.00121
1591 -0.00121
1592 -0.00121
1593 -0.00121
1594 -0.00121
1595 -0.00121
1596 -0.00121
1597 -0.00121
1598 -0.00121
1599 -0.00121
1600 -0.00121
1601 -0.00121
1602 -0.00121
1603 -0.00121
1604 -0.00121
1605 -0.00121
1606 -0.00121
1607 -0.00121
1608 -0.00121
1609 -0.00121
1610 -0.00121
1611 -0.00121
1612 -0.00121
1613 -0.00121
1614 -0.00121
1615 -0.00121
1616 -0.00121
1617 -0.00121
1618 -0.00121
1619 -0.00121
1620 -0.00121
1621 -0.00121
1622 -0.00121
1623 -0.00121
1624 -0.00121
1625 -0.00121
1626 -0.00121
1627 -0.00121
1628 -0.00121
1629 -0.00121
1630 -0.00121
1631 -0.00121
1632 -0.00121
1633 -0.00121
1634 -0.00121
1635 -0.00121
1636 -0.00121
1637 -0.00121
1638 -0.00121
1639 -0.00121
1640 -0.00121
1641 -0.00121
1642 -0.00121
1643 -0.00121
1644 -0.00121
1645 -0.00121
1646 -0.00121
1647 -0.00121
1648 -0.00121
1649 -0.00121
1650 -0.00121
1651 -0.00121
1652 -0.00121
1653 -0.00121
1654 -0.00121
1655 -0.00121
1656 -0.00121
1657 -0.00121
1658 -0.00121
1659 -0.00121
1660 -0.00121
1661 -0.00121
1662 -0.00121
1663 -0.00121
1664 -0.00121
1665 -0.00121
1666 -0.00121
1667 -0.00121
1668 -0.00121
1669 -0.00121
1670 -0.00121
1671 -0.00121
1672 -0.00121
1673 -0.00121
1674 -0.00121
1675 -0.00121
1676 -0.00121
1677 -0.00121
1678 -0.00121
1679 -0.00121
1680 -0.00121
1681 -0.00121
1682 -0.00121
1683 -0.00121
1684 -0.00121
1685 -0.00121
1686 -0.00121
1687 -0.00121
1688 -0.00121
