0 27.1816
1 27.1816
2 27.1816
3 27.1816
4 27.1816
5 27.1816
6 27.1816
7 27.1816
8 27.1816
9 27.1816
10 27.1816
11 27.1816
12 27.1816
13 27.1816
14 27.1816
15 27.1816
16 27.1816
17 27.1816
18 27.1816
19 27.1816
20 27.1816
21 27.1816
22 27.1816
23 27.1816
24 27.1816
25 27.1816
26 27.1816
27 27.1816
28 27.1816
29 27.1816
30 27.1816
31 27.1816
32 27.1816
33 27.1816
34 27.1816
35 27.1816
36 27.1816
37 27.1816
38 27.1816
39 27.1816
40 27.1816
41 27.1816
42 27.1816
43 27.1816
44 27.1816
45 27.1816
46 27.1816
47 27.1816
48 27.1816
49 27.1816
50 27.1816
51 27.1816
52 27.1816
53 27.1816
54 27.1816
55 27.1816
56 27.1816
57 27.1816
58 27.1816
59 27.1816
60 27.1816
61 27.1816
62 27.1816
63 27.1816
64 27.1816
65 27.1816
66 27.1816
67 27.1816
68 27.1816
69 27.1816
70 27.1816
71 27.1816
72 27.1816
73 27.1816
74 27.1816
75 27.1816
76 27.1816
77 27.1816
78 27.1816
79 27.1816
80 27.1816
81 27.1816
82 27.1816
83 27.1816
84 27.1816
85 27.1816
86 27.1816
87 27.1816
88 27.1816
89 27.1816
90 27.1816
91 27.1816
92 27.1816
93 27.1816
94 27.1816
95 27.1816
96 27.1816
97 27.1816
98 27.1816
99 27.1816
100 27.1816
101 27.1816
102 27.1816
103 27.1816
104 27.1816
105 27.1816
106 27.1816
107 27.1816
108 27.1816
109 27.1816
110 27.1816
111 27.1816
112 27.1816
113 27.1816
114 27.1816
115 27.1816
116 27.1816
117 27.1816
118 27.1816
119 27.1816
120 27.1816
121 27.1816
122 27.1816
123 27.1816
124 27.1816
125 27.1816
126 27.1816
127 27.1816
128 27.1816
129 27.1816
130 27.1816
131 27.1816
132 27.1816
133 27.1816
134 27.1816
135 27.1816
136 27.1816
137 27.1816
138 27.1816
139 27.1816
140 27.1816
141 27.1816
142 27.1816
143 27.1816
144 27.1816
145 27.1816
146 27.1816
147 27.1816
148 27.1816
149 27.1816
150 27.1816
151 27.1816
152 27.1816
153 27.1816
154 27.1816
155 27.1816
156 27.1816
157 27.1816
158 27.1816
159 27.1816
160 27.1816
161 27.1816
162 27.1816
163 27.1816
164 27.1816
165 27.1816
166 27.1816
167 27.1816
168 27.1816
169 27.1816
170 27.1816
171 27.1817
172 27.2752
173 27.5007
174 27.7585
175 28.0307
176 28.3198
177 28.5925
178 28.8746
179 29.1618
180 29.4409
181 29.73
182 29.9115
183 29.988
184 30.005
185 30.0061
186 30.0042
187 30.0022
188 30.001
189 30.0004
190 30.0002
191 30.0001
192 30
193 30
194 30
195 30
196 30
197 30
198 30
199 30
200 30
201 30
202 30
203 30
204 30
205 30
206 30
207 30
208 30
209 30
210 30
211 30
212 30
213 30
214 30
215 30
216 30
217 30
218 30
219 30
220 30
221 30
222 30
223 30
224 30
225 30
226 30
227 30
228 30
229 30
230 30
231 30
232 30
233 30
234 30
235 30
236 30
237 30
238 30
239 30
240 30
241 30
242 30
243 30
244 30
245 30
246 30
247 30
248 30
249 30
250 30
251 30
252 30
253 30
254 30
255 30
256 30
257 30
258 30
259 30
260 30
261 30
262 30
263 30
264 30
265 30
266 30
267 30
268 30
269 30
270 30
271 30
272 30
273 30
274 30
275 30
276 30
277 30
278 30
279 30
280 30
281 30
282 30
283 30
284 30
285 30
286 30
287 30
288 30
289 30
290 30
291 30
292 30
293 30
294 30
295 30
296 30
297 30
298 30
299 30
300 30
301 30
302 30
303 30
304 30
305 30
306 30
307 30
308 30
309 30
310 30
311 30
312 30
313 30
314 30
315 30
316 30
317 30
318 30
319 30
320 30
321 30
322 30
323 30
324 30
325 30
326 30
327 30
328 30
329 30
330 30
331 30
332 29.9445
333 29.7337
334 29.477
335 29.2074
336 28.9284
337 28.6238
338 28.3596
339 28.079
340 27.7795
341 27.5195
342 27.2495
343 26.9626
344 26.6746
345 26.3776
346 26.0896
347 25.8275
348 25.5463
349 25.2594
350 24.9827
351 24.7149
352 24.3887
353 24.1446
354 23.8634
355 23.5844
356 23.3054
357 23.0152
358 22.7317
359 22.4606
360 22.1737
361 21.8756
362 21.6045
363 21.3435
364 21.0409
365 20.7506
366 20.4796
367 20.1994
368 19.9148
369 19.6088
370 19.3557
371 19.0723
372 18.8124
373 18.4963
374 18.2218
375 17.9439
376 17.638
377 17.3871
378 17.1137
379 16.8268
380 16.5467
381 16.2576
382 15.9786
383 15.7042
384 15.4296
385 15.1462
386 14.8515
387 14.5702
388 14.2969
389 14.0077
390 13.7209
391 13.4407
392 13.1629
393 12.8828
394 12.5869
395 12.3248
396 12.0379
397 11.7432
398 11.4912
399 11.2044
400 10.9198
401 10.634
402 10.3641
403 10.0839
404 9.80832
405 9.51585
406 9.23236
407 8.94438
408 8.65187
409 8.40776
410 8.11078
411 7.84078
412 7.52806
413 7.23896
414 6.97011
415 6.71923
416 6.40764
417 6.11064
418 5.83725
419 5.56841
420 5.28041
421 4.98232
422 4.74269
423 4.46369
424 4.14872
425 3.9001
426 3.60427
427 3.34327
428 3.04628
429 2.74704
430 2.50516
431 2.23633
432 1.91459
433 1.62212
434 1.34762
435 1.05399
436 0.811011
437 0.493774
438 0.256758
439 0.0653243
440 0.00493448
441 -0.005877
442 -0.00578962
443 -0.00371987
444 -0.00195063
445 -0.000874316
446 -0.000479784
447 -0.000214553
448 -0.000101593
449 -4.00215e-05
450 -9.70935e-06
451 5.44671e-06
452 1.18407e-05
453 1.56297e-05
454 1.61033e-05
455 1.61033e-05
456 1.56297e-05
457 1.44456e-05
458 1.34984e-05
459 1.30247e-05
460 1.20775e-05
461 1.11302e-05
462 1.0183e-05
463 9.23573e-06
464 8.28847e-06
465 7.34122e-06
466 6.86759e-06
467 5.68352e-06
468 4.97308e-06
469 4.26264e-06
470 3.78902e-06
471 2.84176e-06
472 2.13132e-06
473 1.89451e-06
474 1.18407e-06
475 9.47254e-07
476 4.73627e-07
477 0
478 -4.73627e-07
479 -7.10441e-07
480 -9.47254e-07
481 -1.42088e-06
482 -1.42088e-06
483 -1.65769e-06
484 -1.89451e-06
485 -1.89451e-06
486 -2.13132e-06
487 -2.36814e-06
488 -2.36814e-06
489 -2.60495e-06
490 -2.84176e-06
491 -2.60495e-06
492 0.037889
493 0.220079
494 0.426823
495 0.692224
496 1.01714
497 1.26195
498 1.57043
499 1.86021
500 2.12709
501 2.4332
502 2.70551
503 2.9924
504 3.28155
505 3.57063
506 3.84851
507 4.11847
508 4.40645
509 4.69446
510 4.97342
511 5.25245
512 5.51789
513 5.8239
514 6.08713
515 6.36609
516 6.65412
517 6.90495
518 7.20422
519 7.48543
520 7.76441
521 8.07041
522 8.34374
523 8.61489
524 8.89384
525 9.18972
526 9.4597
527 9.73866
528 10.0008
529 10.3191
530 10.5982
531 10.8513
532 11.1651
533 11.4441
534 11.6882
535 11.9841
536 12.263
537 12.5679
538 12.8019
539 13.1349
540 13.3959
541 13.6906
542 13.9606
543 14.2306
544 14.4927
545 14.7953
546 15.0709
547 15.3443
548 15.6469
549 15.9439
550 16.1948
551 16.485
552 16.7685
553 17.0621
554 17.3096
555 17.5908
556 17.8788
557 18.1668
558 18.4457
559 18.7124
560 19.0319
561 19.2782
562 19.5921
563 19.8733
564 20.1354
565 20.4144
566 20.7057
567 20.9915
568 21.2727
569 21.5619
570 21.8284
571 22.1255
572 22.3954
573 22.653
574 22.9309
575 23.2459
576 23.508
577 23.8264
578 24.0716
579 24.3472
580 24.6262
581 24.9142
582 25.1932
583 25.48
584 25.7613
585 26.056
586 26.3125
587 26.5914
588 26.866
589 27.1585
590 27.4363
591 27.7367
592 28.0179
593 28.3025
594 28.5815
595 28.8616
596 29.144
597 29.432
598 29.6952
599 29.9105
600 29.985
601 30.005
602 30.0061
603 30.0042
604 30.0023
605 30.001
606 30.0005
607 30.0002
608 30.0001
609 30
610 30
611 30
612 30
613 30
614 30
615 30
616 30
617 30
618 30
619 30
620 30
621 30
622 30
623 30
624 30
625 30
626 30
627 30
628 30
629 30
630 30
631 30
632 30
633 30
634 30
635 30
636 30
637 30
638 30
639 30
640 30
641 30
642 30
643 30
644 30
645 30
646 30
647 30
648 30
649 30
650 30
651 30
652 29.9921
653 29.8566
654 29.6269
655 29.3436
656 29.0623
657 28.7799
658 28.4769
659 28.204
660 27.9314
661 27.6242
662 27.344
663 27.1133
664 26.8253
665 26.5283
666 26.2494
667 25.9681
668 25.6914
669 25.3944
670 25.1177
671 24.8387
672 24.5586
673 24.2616
674 23.995
675 23.7036
676 23.3425
677 23.1389
678 22.8712
679 22.5753
680 22.3087
681 22.0376
682 21.762
683 21.465
684 21.1702
685 20.8902
686 20.6235
687 20.3266
688 20.0397
689 19.7596
690 19.4907
691 19.2117
692 18.926
693 18.629
694 18.3826
695 18.1014
696 17.818
697 17.5435
698 17.2431
699 16.9899
700 16.6817
701 16.3825
702 16.1001
703 15.8301
704 15.55
705 15.2587
706 14.9898
707 14.7097
708 14.4251
709 14.1371
710 13.8761
711 13.6039
712 13.3294
713 13.0144
714 12.7647
715 12.4711
716 12.1999
717 11.9109
718 11.6172
719 11.3383
720 11.0581
721 10.7668
722 10.5058
723 10.2268
724 9.93658
725 9.63844
726 9.37074
727 9.08837
728 8.81836
729 8.5214
730 8.25926
731 7.97692
732 7.69792
733 7.40995
734 7.11523
735 6.85197
736 6.56402
737 6.27262
738 5.99365
739 5.73377
740 5.41429
741 5.17132
742 4.87091
743 4.59307
744 4.32533
745 4.0261
746 3.75276
747 3.458
748 3.18354
749 2.89326
750 2.59855
751 2.31845
752 2.09457
753 1.76947
754 1.50847
755 1.22387
756 0.951619
757 0.65577
758 0.383557
759 0.128992
760 0.0312786
761 -0.00216211
762 -0.00627011
763 -0.00463491
764 -0.00256066
765 -0.00126458
766 -0.000659052
767 -0.000312357
768 -0.000144456
769 -6.13347e-05
770 -2.17868e-05
771 -2.36814e-07
772 9.47254e-06
773 1.3972e-05
774 1.51561e-05
775 1.56297e-05
776 1.51561e-05
777 1.46824e-05
778 1.37352e-05
779 1.30247e-05
780 1.20775e-05
781 1.11302e-05
782 1.0183e-05
783 9.23573e-06
784 8.52529e-06
785 7.34122e-06
786 7.10441e-06
787 6.15715e-06
788 5.68352e-06
789 4.49946e-06
790 3.78902e-06
791 3.07858e-06
792 2.36814e-06
793 1.89451e-06
794 1.65769e-06
795 1.18407e-06
796 7.10441e-07
797 0
798 -2.36814e-07
799 -7.10441e-07
800 -7.10441e-07
801 -9.47254e-07
802 -1.42088e-06
803 -1.42088e-06
804 -1.89451e-06
805 -2.13132e-06
806 -2.13132e-06
807 -2.36814e-06
808 -2.60495e-06
809 -2.60495e-06
810 -2.84176e-06
811 -2.84176e-06
812 0.000249838
813 0.122358
814 0.301319
815 0.577104
816 0.86515
817 1.16791
818 1.42138
819 1.71032
820 2.01335
821 2.30493
822 2.55472
823 2.8484
824 3.12178
825 3.41989
826 3.70564
827 3.98235
828 4.26921
829 4.55831
830 4.83732
831 5.07807
832 5.3559
833 5.65852
834 5.93412
835 6.18948
836 6.49773
837 6.78573
838 7.06922
839 7.34818
840 7.63844
841 7.92526
842 8.17501
843 8.43827
844 8.74422
845 9.04234
846 9.33593
847 9.58907
848 9.86467
849 10.1999
850 10.4463
851 10.7376
852 11.0234
853 11.2686
854 11.5532
855 11.8446
856 12.119
857 12.4071
858 12.6883
859 12.9786
860 13.2564
861 13.5534
862 13.8279
863 14.1237
864 14.3678
865 14.6581
866 14.9315
867 15.1936
868 15.4725
869 15.7774
870 16.0564
871 16.3376
872 16.6065
873 16.9034
874 17.1937
875 17.4805
876 17.7742
877 18.0082
878 18.3153
879 18.5954
880 18.8743
881 19.1455
882 19.4166
883 19.7417
884 20.0049
885 20.2918
886 20.5899
887 20.8419
888 21.1288
889 21.4268
890 21.6923
891 21.9781
892 22.2571
893 22.5507
894 22.833
895 23.1075
896 23.3775
897 23.6801
898 23.9501
899 24.219
900 24.507
901 24.8005
902 25.0762
903 25.354
904 25.6274
905 25.9143
906 26.1989
907 26.4812
908 26.7433
909 27.0403
910 27.316
911 27.6231
912 27.884
913 28.1956
914 28.4454
915 28.721
916 28.9977
917 29.297
918 29.5726
919 29.8371
920 29.9613
921 30.0007
922 30.0063
923 30.0051
924 30.0031
925 30.0015
926 30.0007
927 30.0003
928 30.0001
929 30
930 30
931 30
932 30
933 30
934 30
935 30
936 30
937 30
938 30
939 30
940 30
941 30
942 30
943 30
944 30
945 30
946 30
947 30
948 30
949 30
950 30
951 30
952 30
953 30
954 30
955 30
956 30
957 30
958 30
959 30
960 30
961 30
962 30
963 30
964 30
965 30
966 30
967 30
968 30
969 30
970 30
971 30
972 30
973 29.9599
974 29.7818
975 29.5412
976 29.23
977 28.9828
978 28.7018
979 28.3946
980 28.133
981 27.8493
982 27.5634
983 27.2843
984 26.9873
985 26.7049
986 26.4361
987 26.1515
988 25.8804
989 25.5834
990 25.3123
991 25.0333
992 24.7509
993 24.4574
994 24.184
995 23.914
996 23.6373
997 23.3358
998 23.0658
999 22.7744
1000 22.4909
1001 22.1872
1002 21.9476
1003 21.6405
1004 21.3705
1005 21.0825
1006 20.8002
1007 20.5234
1008 20.2298
1009 19.9801
1010 19.7011
1011 19.4311
1012 19.1173
1013 18.845
1014 18.5615
1015 18.2735
1016 18.0125
1017 17.7111
1018 17.4321
1019 17.1385
1020 16.8584
1021 16.6007
1022 16.3364
1023 16.0551
1024 15.7671
1025 15.469
1026 15.1833
1027 14.8987
1028 14.6411
1029 14.3362
1030 14.0651
1031 13.776
1032 13.5128
1033 13.218
1034 12.93
1035 12.6578
1036 12.3844
1037 12.0773
1038 11.8118
1039 11.5453
1040 11.2539
1041 10.9502
1042 10.6847
1043 10.3944
1044 10.1256
1045 9.82856
1046 9.55523
1047 9.27174
1048 8.99162
1049 8.69462
1050 8.42575
1051 8.13779
1052 7.87791
1053 7.57081
1054 7.2997
1055 7.02859
1056 6.74399
1057 6.44474
1058 6.17701
1059 5.89575
1060 5.63025
1061 5.33441
1062 5.06441
1063 4.79896
1064 4.51882
1065 4.23983
1066 3.91475
1067 3.64814
1068 3.38043
1069 3.09128
1070 2.81791
1071 2.52655
1072 2.24757
1073 1.94497
1074 1.71096
1075 1.42299
1076 1.13835
1077 0.858234
1078 0.573665
1079 0.303659
1080 0.0794827
1081 0.00944554
1082 -0.00554333
1083 -0.00605651
1084 -0.00400239
1085 -0.0020411
1086 -0.0011251
1087 -0.000498492
1088 -0.000236814
1089 -0.000111302
1090 -4.45209e-05
1091 -1.18407e-05
1092 3.78902e-06
1093 1.18407e-05
1094 1.53929e-05
1095 1.61033e-05
1096 1.63401e-05
1097 1.56297e-05
1098 1.51561e-05
1099 1.3972e-05
1100 1.34984e-05
1101 1.23143e-05
1102 1.1367e-05
1103 1.0183e-05
1104 9.23573e-06
1105 8.28847e-06
1106 7.57803e-06
1107 6.86759e-06
1108 6.15715e-06
1109 4.97308e-06
1110 4.73627e-06
1111 3.5522e-06
1112 3.07858e-06
1113 2.36814e-06
1114 1.89451e-06
1115 1.42088e-06
1116 9.47254e-07
1117 7.10441e-07
1118 0
1119 -2.36814e-07
1120 -7.10441e-07
1121 -9.47254e-07
1122 -1.42088e-06
1123 -1.65769e-06
1124 -1.65769e-06
1125 -1.89451e-06
1126 -2.13132e-06
1127 -2.36814e-06
1128 -2.60495e-06
1129 -2.60495e-06
1130 -2.60495e-06
1131 -2.84176e-06
1132 -3.07858e-06
1133 0.00676529
1134 0.165875
1135 0.398283
1136 0.663031
1137 0.946791
1138 1.25062
1139 1.53544
1140 1.80835
1141 2.09671
1142 2.34879
1143 2.63802
1144 2.94964
1145 3.2084
1146 3.48965
1147 3.75286
1148 4.06337
1149 4.36706
1150 4.60556
1151 4.8992
1152 5.17816
1153 5.47066
1154 5.72825
1155 6.04776
1156 6.29523
1157 6.58997
1158 6.86674
1159 7.12543
1160 7.42469
1161 7.71602
1162 8.00628
1163 8.26275
1164 8.54287
1165 8.83087
1166 9.10533
1167 9.39897
1168 9.67682
1169 9.97267
1170 10.2348
1171 10.5081
1172 10.8108
1173 11.1111
1174 11.344
1175 11.6545
1176 11.921
1177 12.191
1178 12.4948
1179 12.7659
1180 13.0471
1181 13.3306
1182 13.6052
1183 13.8954
1184 14.1744
1185 14.4725
1186 14.7537
1187 15.0417
1188 15.3184
1189 15.5592
1190 15.8617
1191 16.1284
1192 16.4344
1193 16.7268
1194 17.0137
1195 17.2645
1196 17.5469
1197 17.8608
1198 18.1184
1199 18.3963
1200 18.6763
1201 18.9959
1202 19.2276
1203 19.5223
1204 19.7856
1205 20.0859
1206 20.384
1207 20.6742
1208 20.9082
1209 21.2064
1210 21.4955
1211 21.7767
1212 22.0444
1213 22.3437
1214 22.6361
1215 22.9095
1216 23.1818
1217 23.4945
1218 23.7364
1219 24.0244
1220 24.3101
1221 24.552
1222 24.8624
1223 25.1246
1224 25.4204
1225 25.7287
1226 26.002
1227 26.2652
1228 26.5577
1229 26.8142
1230 27.1
1231 27.3778
1232 27.6624
1233 27.9718
1234 28.2508
1235 28.532
1236 28.784
1237 29.0889
1238 29.333
1239 29.6389
1240 29.8697
1241 29.9791
1242 30.0037
1243 30.0062
1244 30.0046
1245 30.0024
1246 30.0013
1247 30.0006
1248 30.0002
1249 30.0001
1250 30
1251 30
1252 30
1253 30
1254 30
1255 30
1256 30
1257 30
1258 30
1259 30
1260 30
1261 30
1262 30
1263 30
1264 30
1265 30
1266 30
1267 30
1268 30
1269 30
1270 30
1271 30
1272 30
1273 30
1274 30
1275 30
1276 30
1277 30
1278 30
1279 30
1280 30
1281 30
1282 30
1283 30
1284 30
1285 30
1286 30
1287 30
1288 30
1289 30
1290 30
1291 30
1292 30
1293 29.9998
1294 29.8688
1295 29.6809
1296 29.414
1297 29.1144
1298 28.8683
1299 28.5526
1300 28.266
1301 27.99
1302 27.7119
1303 27.4205
1304 27.1314
1305 26.8951
1306 26.6049
1307 26.2966
1308 26.021
1309 25.7319
1310 25.4394
1311 25.1379
1312 24.9039
1313 24.598
1314 24.3347
1315 24.0377
1316 23.7632
1317 23.4741
1318 23.1873
1319 22.9195
1320 22.6349
1321 22.3717
1322 22.077
1323 21.8205
1324 21.5325
1325 21.2209
1326 20.9487
1327 20.6708
1328 20.4098
1329 20.0881
1330 19.8507
1331 19.5503
1332 19.2702
1333 18.9822
1334 18.7089
1335 18.431
1336 18.143
1337 17.8337
1338 17.5738
1339 17.3151
1340 17.0259
1341 16.7402
1342 16.4455
1343 16.171
1344 15.883
1345 15.586
1346 15.3509
1347 15.055
1348 14.7581
1349 14.4802
1350 14.19
1351 13.9459
1352 13.6646
1353 13.3609
1354 13.0875
1355 12.813
1356 12.5116
1357 12.2663
1358 11.975
1359 11.6971
1360 11.4001
1361 11.1009
1362 10.8376
1363 10.5373
1364 10.2583
1365 9.99056
1366 9.70709
1367 9.41796
1368 9.14575
1369 8.8566
1370 8.58326
1371 8.31665
1372 8.02752
1373 7.74744
1374 7.47404
1375 7.16696
1376 6.89585
1377 6.58538
1378 6.34238
1379 6.0825
1380 5.79678
1381 5.49077
1382 5.19832
1383 4.93845
1384 4.67181
1385 4.37484
1386 4.07108
1387 3.78426
1388 3.51201
1389 3.22516
1390 2.94842
1391 2.67727
1392 2.40731
1393 2.12045
1394 1.82461
1395 1.5501
1396 1.27336
1397 0.994377
1398 0.710877
1399 0.427418
1400 0.172926
1401 0.040766
1402 -0.000342906
1403 -0.00629995
1404 -0.0052009
1405 -0.00317046
1406 -0.00162194
1407 -0.000788115
1408 -0.000399268
1409 -0.000171927
1410 -7.72012e-05
1411 -2.88912e-05
1412 -3.5522e-06
1413 8.52529e-06
1414 1.42088e-05
1415 1.63401e-05
1416 1.68138e-05
1417 1.61033e-05
1418 1.53929e-05
1419 1.49193e-05
1420 1.3972e-05
1421 1.30247e-05
1422 1.20775e-05
1423 1.08934e-05
1424 9.94617e-06
1425 8.7621e-06
1426 8.28847e-06
1427 6.86759e-06
1428 6.15715e-06
1429 5.44671e-06
1430 4.73627e-06
1431 4.02583e-06
1432 3.31539e-06
1433 2.84176e-06
1434 1.89451e-06
1435 1.42088e-06
1436 7.10441e-07
1437 4.73627e-07
1438 0
1439 -2.36814e-07
1440 -7.10441e-07
1441 -9.47254e-07
1442 -1.42088e-06
1443 -1.42088e-06
1444 -1.89451e-06
1445 -1.89451e-06
1446 -2.13132e-06
1447 -2.36814e-06
1448 -2.36814e-06
1449 -2.60495e-06
1450 -2.60495e-06
1451 -2.60495e-06
1452 -2.84176e-06
1453 1.63401e-05
1454 0.080177
1455 0.272171
1456 0.543972
1457 0.788077
1458 1.07388
1459 1.38973
1460 1.67197
1461 1.91315
1462 2.24078
1463 2.50747
1464 2.78877
1465 3.04417
1466 3.34114
1467 3.63028
1468 3.90924
1469 4.20058
1470 4.4672
1471 4.73605
1472 5.04433
1473 5.33115
1474 5.59777
1475 5.88577
1476 6.17485
1477 6.42911
1478 6.70471
1479 7.00733
1480 7.28631
1481 7.5563
1482 7.8308
1483 8.12213
1484 8.39326
1485 8.69585
1486 8.97259
1487 9.24711
1488 9.52494
1489 9.82195
1490 10.1043
1491 10.3979
1492 10.6398
1493 10.9187
1494 11.2
1495 11.488
1496 11.8063
1497 12.0583
1498 12.3452
1499 12.6332
1500 12.9031
1501 13.1709
1502 13.4679
1503 13.7413
1504 14.009
1505 14.297
1506 14.585
1507 14.8651
1508 15.1497
1509 15.4523
1510 15.7042
1511 16.0114
1512 16.2769
1513 16.5705
1514 16.8539
1515 17.1431
1516 17.3928
1517 17.6842
1518 17.9587
1519 18.2343
1520 18.5211
1521 18.8192
1522 19.1207
1523 19.3873
1524 19.6629
1525 19.9476
1526 20.2333
1527 20.5111
1528 20.7901
1529 21.0882
1530 21.3605
1531 21.626
1532 21.905
1533 22.2031
1534 22.4708
1535 22.7419
1536 23.022
1537 23.319
1538 23.6115
1539 23.895
1540 24.1369
1541 24.4406
1542 24.7095
1543 25.0098
1544 25.2877
1545 25.5925
1546 25.849
1547 26.137
1548 26.4092
1549 26.7017
1550 26.9897
1551 27.2394
1552 27.5286
1553 27.83
1554 28.1124
1555 28.3846
1556 28.6738
1557 28.955
1558 29.1946
1559 29.4736
1560 29.7615
1561 29.937
1562 29.993
1563 30.0059
1564 30.0059
1565 30.0035
1566 30.0018
1567 30.0009
1568 30.0004
1569 30.0001
1570 30
1571 30
1572 30
1573 30
1574 30
1575 30
1576 30
1577 30
1578 30
1579 30
1580 30
1581 30
1582 30
1583 30
1584 30
1585 30
1586 30
1587 30
1588 30
1589 30
1590 30
1591 30
1592 30
1593 30
1594 30
1595 30
1596 30
1597 30
1598 30
1599 30
1600 30
1601 30
1602 30
1603 30
1604 30
1605 30
1606 30
1607 30
1608 30
1609 30
1610 30
1611 30
1612 30
1613 30
1614 29.9631
1615 29.7916
1616 29.5455
1617 29.2491
1618 28.9817
1619 28.6928
1620 28.4047
1621 28.106
1622 27.8706
1623 27.5747
1624 27.281
1625 26.993
1626 26.7319
1627 26.4485
1628 26.1695
1629 25.886
1630 25.6262
1631 25.3269
1632 25.0468
1633 24.7498
1634 24.4585
1635 24.1851
1636 23.9095
1637 23.6226
1638 23.3571
1639 23.0838
1640 22.7969
1641 22.4932
1642 22.2378
1643 21.9352
1644 21.6562
1645 21.4076
1646 21.1264
1647 20.8182
1648 20.5403
1649 20.2377
1650 20.0093
1651 19.7045
1652 19.4064
1653 19.1555
1654 18.8698
1655 18.5908
1656 18.3118
1657 18.0317
1658 17.7302
1659 17.4557
1660 17.1891
1661 16.8741
1662 16.6075
1663 16.3127
1664 16.0326
1665 15.7525
1666 15.4792
1667 15.19
1668 14.9122
1669 14.6298
1670 14.3531
1671 14.0685
1672 13.7726
1673 13.5117
1674 13.2349
1675 12.9649
1676 12.6871
1677 12.3923
1678 12.1167
1679 11.8197
1680 11.5576
1681 11.2674
1682 10.9726
1683 10.6982
1684 10.4203
1685 10.1098
1686 9.86794
1687 9.58784
1688 9.30663
1689 8.99613
1690 8.71826
1691 8.44149
1692 8.16141
1693 7.87341
1694 7.59666
1695 7.33122
1696 7.06457
1697 6.75187
1698 6.48186
1699 6.1905
1700 5.90476
1701 5.65499
1702 5.37717
1703 5.09255
1704 4.82368
1705 4.51995
1706 4.2106
1707 3.95976
1708 3.69875
1709 3.38491
1710 3.10703
1711 2.81678
1712 2.5333
1713 2.24195
1714 1.98773
1715 1.72783
1716 1.40724
1717 1.13048
1718 0.858225
1719 0.577041
1720 0.291286
1721 0.103583
1722 0.01192
1723 -0.00508415
1724 -0.0060989
1725 -0.00404975
1726 -0.0022843
1727 -0.00104577
1728 -0.000529515
1729 -0.000240129
1730 -0.000107987
1731 -5.06781e-05
1732 -1.04198e-05
1733 5.68352e-06
1734 1.25511e-05
1735 1.49193e-05
1736 1.58665e-05
1737 1.56297e-05
1738 1.53929e-05
1739 1.46824e-05
1740 1.34984e-05
1741 1.30247e-05
1742 1.18407e-05
1743 1.06566e-05
1744 9.70935e-06
1745 8.99891e-06
1746 8.05166e-06
1747 7.10441e-06
1748 6.63078e-06
1749 5.92034e-06
1750 5.2099e-06
1751 4.26264e-06
1752 3.31539e-06
1753 2.84176e-06
1754 2.36814e-06
1755 1.89451e-06
1756 1.18407e-06
1757 7.10441e-07
1758 4.73627e-07
1759 -2.36814e-07
1760 -2.36814e-07
1761 -4.73627e-07
1762 -1.42088e-06
1763 -1.42088e-06
1764 -1.89451e-06
1765 -1.89451e-06
1766 -1.65769e-06
1767 -2.13132e-06
1768 -2.36814e-06
1769 -2.36814e-06
1770 -2.36814e-06
1771 -2.36814e-06
1772 -2.60495e-06
1773 -2.84176e-06
1774 0.00895108
1775 0.152167
1776 0.362885
1777 0.656309
1778 0.91391
1779 1.21665
1780 1.5016
1781 1.78805
1782 2.06742
1783 2.34655
1784 2.63802
1785 2.92377
1786 3.17915
1787 3.44915
1788 3.76073
1789 4.01612
1790 4.29621
1791 4.58755
1792 4.8542
1793 5.16242
1794 5.44929
1795 5.72599
1796 6.01963
1797 6.26938
1798 6.56294
1799 6.8521
1800 7.11869
1801 7.43595
1802 7.66768
1803 7.96127
1804 8.23465
1805 8.54849
1806 8.82074
1807 9.08734
1808 9.3742
1809 9.65432
1810 9.94116
1811 10.2179
1812 10.5025
1813 10.7905
1814 11.0335
1815 11.3507
1816 11.614
1817 11.9121
1818 12.1787
1819 12.4734
1820 12.7535
1821 13.0562
1822 13.3284
1823 13.6153
1824 13.8886
1825 14.1822
1826 14.4365
1827 14.7188
1828 15.0079
1829 15.3094
1830 15.5456
1831 15.8314
1832 16.1385
1833 16.4366
1834 16.6807
1835 16.9901
1836 17.2409
1837 17.5289
1838 17.8034
1839 18.0745
1840 18.3794
1841 18.664
1842 18.9509
1843 19.2321
1844 19.4784
1845 19.7687
1846 20.0555
1847 20.3255
1848 20.645
1849 20.8846
1850 21.1726
1851 21.455
1852 21.743
1853 22.0489
1854 22.2841
1855 22.5631
1856 22.869
1857 23.1773
1858 23.4472
1859 23.7004
1860 23.9715
1861 24.2752
1862 24.5531
1863 24.8332
1864 25.1111
1865 25.417
1866 25.678
1867 25.9525
1868 26.2472
1869 26.5364
1870 26.8333
1871 27.1011
1872 27.3801
1873 27.6793
1874 27.92
1875 28.2519
1876 28.4983
1877 28.811
1878 29.1125
1879 29.3251
1880 29.6243
1881 29.8639
1882 29.9682
1883 30.0022
1884 30.0064
1885 30.0047
1886 30.0027
1887 30.0013
1888 30.0007
1889 30.0003
1890 30.0001
1891 30
1892 30
1893 30
1894 30
1895 30
1896 30
1897 30
1898 30
1899 30
1900 30
1901 30
1902 30
1903 30
1904 30
1905 30
1906 30
1907 30
1908 30
1909 30
1910 30
1911 30
1912 30
1913 30
1914 30
1915 30
1916 30
1917 30
1918 30
1919 30
1920 30
1921 30
1922 30
1923 30
1924 30
1925 30
1926 30
1927 30
1928 30
1929 30
1930 30
1931 30
1932 30
1933 30
1934 29.9993
1935 29.9071
1936 29.6977
1937 29.4196
1938 29.1676
1939 28.8842
1940 28.6035
1941 28.2953
1942 28.017
1943 27.7378
1944 27.4599
1945 27.155
1946 26.9153
1947 26.6071
1948 26.3247
1949 26.0289
1950 25.7567
1951 25.4698
1952 25.2358
1953 24.9006
1954 24.6373
1955 24.3842
1956 24.1052
1957 23.7914
1958 23.5315
1959 23.2334
1960 22.9724
1961 22.6676
1962 22.3874
1963 22.1152
1964 21.8362
1965 21.5482
1966 21.2771
1967 21.0015
1968 20.7124
1969 20.4154
1970 20.1634
1971 19.8845
1972 19.5874
1973 19.286
1974 18.9969
1975 18.7179
1976 18.4929
1977 18.179
1978 17.9046
1979 17.6211
1980 17.3263
1981 17.0316
1982 16.7593
1983 16.4984
1984 16.2092
1985 15.9033
1986 15.6355
1987 15.4015
1988 15.0697
1989 14.7772
1990 14.5387
1991 14.2181
1992 13.965
1993 13.6781
1994 13.398
1995 13.1044
1996 12.8277
1997 12.5386
1998 12.2573
1999 11.9873
2000 11.7005
2001 11.4001
2002 11.1605
2003 10.8466
2004 10.5677
2005 10.2954
2006 10.0164
2007 9.74647
2008 9.44496
2009 9.15026
2010 8.88136
2011 8.59786
2012 8.31103
2013 8.06801
2014 7.74857
2015 7.46955
2016 7.19284
2017 6.90485
2018 6.66074
2019 6.38401
2020 6.08925
2021 5.79453
2022 5.51328
2023 5.24552
2024 4.94969
2025 4.66843
2026 4.38046
2027 4.11609
2028 3.83374
2029 3.53115
2030 3.29601
2031 2.99004
2032 2.7144
2033 2.44329
2034 2.13733
2035 1.86397
2036 1.57599
2037 1.29023
2038 1.02251
2039 0.731137
2040 0.463406
2041 0.1761
2042 0.0482304
2043 0.00148032
2044 -0.00628811
2045 -0.00561627
2046 -0.00340206
2047 -0.00170648
2048 -0.00076917
2049 -0.000389795
2050 -0.00018353
2051 -8.19375e-05
2052 -3.10226e-05
2053 -3.31539e-06
2054 8.7621e-06
2055 1.34984e-05
2056 1.56297e-05
2057 1.61033e-05
2058 1.58665e-05
2059 1.51561e-05
2060 1.44456e-05
2061 1.34984e-05
2062 1.25511e-05
2063 1.18407e-05
2064 1.06566e-05
2065 9.94617e-06
2066 8.7621e-06
2067 8.05166e-06
2068 6.63078e-06
2069 6.15715e-06
2070 5.44671e-06
2071 4.73627e-06
2072 4.02583e-06
2073 3.5522e-06
2074 2.84176e-06
2075 2.13132e-06
2076 1.42088e-06
2077 1.18407e-06
2078 4.73627e-07
2079 2.36814e-07
2080 0
2081 -4.73627e-07
2082 -9.47254e-07
2083 -1.18407e-06
2084 -1.18407e-06
2085 -1.42088e-06
2086 -1.65769e-06
2087 -1.89451e-06
2088 -2.13132e-06
2089 -2.36814e-06
2090 -2.36814e-06
2091 -2.84176e-06
2092 -2.84176e-06
2093 -2.60495e-06
2094 -3.31539e-06
2095 0.0365242
2096 0.197117
2097 0.458937
2098 0.721534
2099 1.02281
2100 1.29362
2101 1.59186
2102 1.85795
2103 2.13159
2104 2.41294
2105 2.71451
2106 2.9969
2107 3.27592
2108 3.56389
2109 3.85414
2110 4.09148
2111 4.41545
2112 4.67534
2113 4.9813
2114 5.22318
2115 5.51789
2116 5.80814
2117 6.10512
2118 6.38071
2119 6.65636
2120 6.92744
2121 7.21996
2122 7.48206
2123 7.76103
2124 8.0243
2125 8.33025
2126 8.59237
2127 8.91521
2128 9.18521
2129 9.47882
2130 9.74765
2131 9.99068
2132 10.3146
2133 10.5678
2134 10.849
2135 11.1246
2136 11.4486
2137 11.7039
2138 11.9818
2139 12.2833
2140 12.5634
2141 12.8435
2142 13.1191
2143 13.4049
2144 13.6749
2145 13.9663
2146 14.2396
2147 14.5197
2148 14.8066
2149 15.0889
2150 15.3443
2151 15.6356
2152 15.8966
2153 16.2038
2154 16.4985
2155 16.791
2156 17.0238
2157 17.3219
2158 17.6144
2159 17.8911
2160 18.178
2161 18.466
2162 18.7495
2163 19.0285
2164 19.3075
2165 19.5954
2166 19.88
2167 20.1568
2168 20.4245
2169 20.7215
2170 21.0117
2171 21.2457
2172 21.5304
2173 21.8408
2174 22.1221
2175 22.3606
2176 22.7014
2177 22.9534
2178 23.2155
2179 23.5103
2180 23.787
2181 24.0806
2182 24.3742
2183 24.6735
2184 24.9153
2185 25.2134
2186 25.4936
2187 25.7647
2188 26.056
2189 26.3361
2190 26.6016
2191 26.8795
2192 27.1663
2193 27.4521
2194 27.7232
2195 27.9909
2196 28.3115
2197 28.595
2198 28.8436
2199 29.1553
2200 29.4252
2201 29.7233
2202 29.8959
2203 29.9879
2204 30.0052
2205 30.006
2206 30.0042
2207 30.0022
2208 30.0011
2209 30.0005
2210 30.0002
2211 30.0001
2212 30
2213 30
2214 30
2215 30
2216 30
2217 30
2218 30
2219 30
2220 30
2221 30
2222 30
2223 30
2224 30
2225 30
2226 30
2227 30
2228 30
2229 30
2230 30
2231 30
2232 30
2233 30
2234 30
2235 30
2236 30
2237 30
2238 30
2239 30
2240 30
2241 30
2242 30
2243 30
2244 30
2245 30
2246 30
2247 30
2248 30
2249 30
2250 30
2251 30
2252 30
2253 30
2254 30
2255 29.9846
2256 29.8455
2257 29.6413
2258 29.3269
2259 29.061
2260 28.7845
2261 28.4984
2262 28.2176
2263 27.9472
2264 27.6624
2265 27.3654
2266 27.083
2267 26.7972
2268 26.5092
2269 26.2258
2270 25.9546
2271 25.6689
2272 25.3832
2273 25.1345
2274 24.8398
2275 24.5822
2276 24.3021
2277 23.9961
2278 23.7115
2279 23.4382
2280 23.1636
2281 22.8723
2282 22.6102
2283 22.3222
2284 22.0342
2285 21.7181
2286 21.4549
2287 21.1793
2288 20.916
2289 20.6134
2290 20.3344
2291 20.0622
2292 19.7663
2293 19.5211
2294 19.1892
2295 18.9192
2296 18.6324
2297 18.3523
2298 18.0778
2299 17.8045
2300 17.5255
2301 17.2341
2302 16.963
2303 16.6784
2304 16.4083
2305 16.1204
2306 15.8392
2307 15.5455
2308 15.2744
2309 14.9729
2310 14.694
2311 14.4352
2312 14.1472
2313 13.839
2314 13.6129
2315 13.3137
2316 13.02
2317 12.7163
2318 12.4756
2319 12.1853
2320 11.9086
2321 11.606
2322 11.318
2323 11.0919
2324 10.7735
2325 10.4799
2326 10.2324
2327 9.9467
2328 9.67783
2329 9.39211
2330 9.10076
2331 8.82286
2332 8.5214
2333 8.24014
2334 7.96342
2335 7.67879
2336 7.39646
2337 7.11073
2338 6.83622
2339 6.528
2340 6.2985
2341 5.99814
2342 5.69663
2343 5.42777
2344 5.1443
2345 4.83829
2346 4.57283
2347 4.29045
2348 4.02497
2349 3.73926
2350 3.45913
2351 3.16216
2352 2.88201
2353 2.59743
2354 2.37131
2355 2.07095
2356 1.78747
2357 1.49498
2358 1.21487
2359 0.918989
2360 0.62991
2361 0.384688
2362 0.120917
2363 0.0226739
2364 -0.00299664
2365 -0.00628835
2366 -0.00489351
2367 -0.00258671
2368 -0.00125606
2369 -0.000668998
2370 -0.00032325
2371 -0.000153218
2372 -6.3466e-05
2373 -1.89451e-05
2374 1.42088e-06
2375 1.0183e-05
2376 1.46824e-05
2377 1.61033e-05
2378 1.63401e-05
2379 1.61033e-05
2380 1.53929e-05
2381 1.46824e-05
2382 1.32616e-05
2383 1.23143e-05
2384 1.11302e-05
2385 1.04198e-05
2386 9.47254e-06
2387 8.28847e-06
2388 7.81485e-06
2389 6.86759e-06
2390 5.92034e-06
2391 4.97308e-06
2392 4.49946e-06
2393 3.5522e-06
2394 2.84176e-06
2395 2.60495e-06
2396 1.89451e-06
2397 1.42088e-06
2398 9.47254e-07
2399 2.36814e-07
2400 0
2401 -2.36814e-07
2402 -7.10441e-07
2403 -9.47254e-07
2404 -1.18407e-06
2405 -1.42088e-06
2406 -1.89451e-06
2407 -1.89451e-06
2408 -2.13132e-06
2409 -2.13132e-06
2410 -2.60495e-06
2411 -2.36814e-06
2412 -2.84176e-06
2413 -2.84176e-06
2414 -2.84176e-06
2415 0.000827663
2416 0.110139
2417 0.355648
2418 0.57715
2419 0.864024
2420 1.15547
2421 1.44512
2422 1.7351
2423 2.01899
2424 2.30943
2425 2.60199
2426 2.84277
2427 3.1409
2428 3.42102
2429 3.71912
2430 3.96435
2431 4.24784
2432 4.53919
2433 4.82832
2434 5.1028
2435 5.3784
2436 5.6619
2437 5.97013
2438 6.24912
2439 6.49998
2440 6.7801
2441 7.07709
2442 7.35379
2443 7.64068
2444 7.91964
2445 8.21439
2446 8.45626
2447 8.75322
2448 9.04234
2449 9.33931
2450 9.60595
2451 9.88829
2452 10.1707
2453 10.4497
2454 10.723
2455 10.993
2456 11.29
2457 11.5825
2458 11.8536
2459 12.1415
2460 12.4104
2461 12.7074
2462 12.9887
2463 13.2598
2464 13.5523
2465 13.8301
2466 14.1091
2467 14.3723
2468 14.6592
2469 14.9562
2470 15.2464
2471 15.522
2472 15.8134
2473 16.0631
2474 16.3646
2475 16.6267
2476 16.9147
2477 17.1971
2478 17.476
2479 17.7708
2480 18.0453
2481 18.3288
2482 18.61
2483 18.9014
2484 19.1871
2485 19.4211
2486 19.7136
2487 20.0016
2488 20.2715
2489 20.5685
2490 20.8587
2491 21.1479
2492 21.4235
2493 21.7261
2494 21.9691
2495 22.2582
2496 22.5552
2497 22.8117
2498 23.0726
2499 23.3932
2500 23.6644
2501 23.9614
2502 24.2246
2503 24.5126
2504 24.7826
2505 25.0852
2506 25.372
2507 25.6522
2508 25.9233
2509 26.2247
2510 26.4846
2511 26.7534
2512 27.0347
2513 27.3295
2514 27.6141
2515 27.8885
2516 28.163
2517 28.4476
2518 28.7323
2519 29.0034
2520 29.3094
2521 29.5467
2522 29.8452
2523 29.9627
2524 30
2525 30.0064
2526 30.0051
2527 30.003
2528 30.0015
2529 30.0007
2530 30.0003
2531 30.0001
2532 30
2533 30
2534 30
2535 30
2536 30
2537 30
2538 30
2539 30
2540 30
2541 30
2542 30
2543 30
2544 30
2545 30
2546 30
2547 30
2548 30
2549 30
2550 30
2551 30
2552 30
2553 30
2554 30
2555 30
2556 30
2557 30
2558 30
2559 30
2560 30
2561 30
2562 30
2563 30
2564 30
2565 30
2566 30
2567 30
2568 30
2569 30
2570 30
2571 30
2572 30
2573 30
2574 30
2575 30
2576 29.9243
2577 29.7007
2578 29.4429
2579 29.1687
2580 28.8876
2581 28.6069
2582 28.3167
2583 28.0362
2584 27.7682
2585 27.461
2586 27.1977
2587 26.9108
2588 26.6465
2589 26.3461
2590 26.0694
2591 25.7904
2592 25.5148
2593 25.2122
2594 24.9422
2595 24.6745
2596 24.3899
2597 24.1019
2598 23.8319
2599 23.5562
2600 23.2829
2601 22.978
2602 22.6923
2603 22.4313
2604 22.1591
2605 21.8767
2606 21.5741
2607 21.2996
2608 21.0173
2609 20.7349
2610 20.4503
2611 20.1713
2612 19.8957
2613 19.6088
2614 19.3377
2615 19.0554
2616 18.7854
2617 18.4974
2618 18.2173
2619 17.9439
2620 17.6278
2621 17.3365
2622 17.0991
2623 16.7931
2624 16.5231
2625 16.234
2626 15.9471
2627 15.6772
2628 15.3858
2629 15.0956
2630 14.8166
2631 14.5477
2632 14.2721
2633 13.9807
2634 13.7096
2635 13.4239
2636 13.1415
2637 12.8659
2638 12.5656
2639 12.2832
2640 12.0245
2641 11.7185
2642 11.4485
2643 11.1706
2644 10.8961
2645 10.616
2646 10.3371
2647 10.0693
2648 9.74535
2649 9.45734
2650 9.22786
2651 8.95112
2652 8.65862
2653 8.3504
2654 8.06801
2655 7.79804
2656 7.52131
2657 7.22996
2658 6.95097
2659 6.66298
2660 6.38963
2661 6.087
2662 5.85975
2663 5.54703
2664 5.2624
2665 4.96094
2666 4.71795
2667 4.43781
2668 4.12284
2669 3.88998
2670 3.58066
2671 3.30953
2672 3.04741
2673 2.75605
2674 2.45566
2675 2.17109
2676 1.89546
2677 1.59174
2678 1.34874
2679 1.06522
2680 0.772763
2681 0.469025
2682 0.201466
2683 0.0536714
2684 0.00217797
2685 -0.00606219
2686 -0.00576759
2687 -0.00346955
2688 -0.00180878
2689 -0.000834768
2690 -0.000405898
2691 -0.000197029
2692 -8.62001e-05
2693 -3.31539e-05
2694 -4.97308e-06
2695 6.86759e-06
2696 1.32616e-05
2697 1.53929e-05
2698 1.61033e-05
2699 1.56297e-05
2700 1.49193e-05
2701 1.44456e-05
2702 1.34984e-05
2703 1.25511e-05
2704 1.16039e-05
2705 1.06566e-05
2706 9.94617e-06
2707 8.99891e-06
2708 7.81485e-06
2709 6.63078e-06
2710 6.15715e-06
2711 5.44671e-06
2712 4.49946e-06
2713 3.78902e-06
2714 3.5522e-06
2715 2.84176e-06
2716 1.89451e-06
2717 1.42088e-06
2718 9.47254e-07
2719 4.73627e-07
2720 2.36814e-07
2721 0
2722 -4.73627e-07
2723 -7.10441e-07
2724 -1.18407e-06
2725 -1.18407e-06
2726 -1.89451e-06
2727 -1.89451e-06
2728 -2.13132e-06
2729 -2.13132e-06
2730 -2.36814e-06
2731 -2.60495e-06
2732 -2.60495e-06
2733 -2.60495e-06
2734 -3.07858e-06
2735 -2.84176e-06
2736 0.0451892
2737 0.231902
2738 0.480471
2739 0.752007
2740 1.03301
2741 1.34225
2742 1.58735
2743 1.90525
2744 2.16311
2745 2.4332
2746 2.73702
2747 3.03517
2748 3.31416
2749 3.59877
2750 3.84288
2751 4.13533
2752 4.40531
2753 4.70457
2754 4.95654
2755 5.26482
2756 5.56176
2757 5.81601
2758 6.10512
2759 6.38409
2760 6.67435
2761 6.9747
2762 7.21884
2763 7.53042
2764 7.81392
2765 8.06029
2766 8.35836
2767 8.63851
2768 8.90284
2769 9.20097
2770 9.49232
2771 9.76567
2772 10.0492
2773 10.3079
2774 10.6297
2775 10.8782
2776 11.1629
2777 11.4587
2778 11.7264
2779 12.0054
2780 12.2979
2781 12.6039
2782 12.839
2783 13.1281
2784 13.3982
2785 13.703
2786 13.9798
2787 14.2587
2788 14.5355
2789 14.8235
2790 15.0945
2791 15.3915
2792 15.6705
2793 15.9698
2794 16.2319
2795 16.5187
2796 16.8
2797 17.0936
2798 17.3253
2799 17.6077
2800 17.9294
2801 18.2185
2802 18.4896
2803 18.7608
2804 19.0431
2805 19.3423
2806 19.6168
2807 19.8868
2808 20.1872
2809 20.4515
2810 20.7305
2811 21.0207
2812 21.2862
2813 21.599
2814 21.8813
2815 22.1378
2816 22.4123
2817 22.7172
2818 22.9826
2819 23.2695
2820 23.5552
2821 23.8095
2822 24.0952
2823 24.3866
2824 24.66
2825 24.9693
2826 25.2224
2827 25.5048
2828 25.7916
2829 26.0853
2830 26.3406
2831 26.6342
2832 26.9189
2833 27.2091
2834 27.4802
2835 27.7592
2836 28.0426
2837 28.3408
2838 28.6085
2839 28.8999
2840 29.1564
2841 29.468
2842 29.7166
2843 29.9191
2844 29.9889
2845 30.0055
2846 30.0059
2847 30.0039
2848 30.002
2849 30.001
2850 30.0004
2851 30.0002
2852 30
2853 30
2854 30
2855 30
2856 30
2857 30
2858 30
2859 30
2860 30
2861 30
2862 30
2863 30
2864 30
2865 30
2866 30
2867 30
2868 30
2869 30
2870 30
2871 30
2872 30
2873 30
2874 30
2875 30
2876 30
2877 30
2878 30
2879 30
2880 30
2881 30
2882 30
2883 30
2884 30
2885 30
2886 30
2887 30
2888 30
2889 30
2890 30
2891 30
2892 30
2893 30
2894 30
2895 30
2896 29.9829
2897 29.8099
2898 29.5818
2899 29.3067
2900 29.0248
2901 28.7233
2902 28.4691
2903 28.1984
2904 27.883
2905 27.5814
2906 27.3248
2907 27.0616
2908 26.7826
2909 26.4901
2910 26.2122
2911 25.9152
2912 25.6307
2913 25.3314
2914 25.0873
2915 24.8061
2916 24.535
2917 24.2301
2918 23.9489
2919 23.6834
2920 23.392
2921 23.0962
2922 22.8284
2923 22.5337
2924 22.2682
2925 21.9644
2926 21.6911
2927 21.4335
2928 21.1545
2929 20.8587
2930 20.5819
2931 20.3018
2932 20.0104
2933 19.7146
2934 19.4817
2935 19.1937
2936 18.9181
2937 18.6189
2938 18.3343
2939 18.0587
2940 17.7561
2941 17.4614
2942 17.215
2943 16.9517
2944 16.6345
2945 16.3386
2946 16.1102
2947 15.7851
2948 15.5118
2949 15.2553
2950 14.9347
2951 14.6861
2952 14.3958
2953 14.0989
2954 13.8345
2955 13.5499
2956 13.2788
2957 12.9807
2958 12.6904
2959 12.4114
2960 12.1415
2961 11.8523
2962 11.57
2963 11.3068
2964 11.0255
2965 10.7297
2966 10.4608
2967 10.1908
2968 9.8927
2969 9.60583
2970 9.33361
2971 9.06923
2972 8.78912
2973 8.48539
2974 8.18841
2975 7.91054
2976 7.64167
2977 7.36497
2978 7.0792
2979 6.8126
2980 6.52575
2981 6.22086
2982 5.95089
2983 5.68087
2984 5.38955
2985 5.09593
2986 4.86079
2987 4.53458
2988 4.26458
2989 4.00811
2990 3.73364
2991 3.40067
2992 3.14978
2993 2.85164
2994 2.57381
2995 2.30382
2996 2.01923
2997 1.71771
2998 1.45335
2999 1.16986
3000 0.895358
3001 0.599549
3002 0.303661
3003 0.107477
3004 0.0182505
3005 -0.00459252
3006 -0.00611168
3007 -0.00440663
3008 -0.00241502
3009 -0.00124185
3010 -0.000627082
3011 -0.000305963
3012 -0.000138299
3013 -5.04413e-05
3014 -1.65769e-05
3015 2.13132e-06
3016 1.06566e-05
3017 1.51561e-05
3018 1.65769e-05
3019 1.61033e-05
3020 1.58665e-05
3021 1.49193e-05
3022 1.42088e-05
3023 1.30247e-05
3024 1.20775e-05
3025 1.08934e-05
3026 9.94617e-06
3027 8.99891e-06
3028 8.28847e-06
3029 7.57803e-06
3030 6.39396e-06
3031 5.92034e-06
3032 4.97308e-06
3033 4.26264e-06
3034 3.5522e-06
3035 3.07858e-06
3036 2.60495e-06
3037 1.89451e-06
3038 1.42088e-06
3039 7.10441e-07
3040 2.36814e-07
3041 -2.36814e-07
3042 -4.73627e-07
3043 -7.10441e-07
3044 -1.42088e-06
3045 -1.42088e-06
3046 -1.65769e-06
3047 -1.65769e-06
3048 -1.89451e-06
3049 -2.13132e-06
3050 -2.36814e-06
3051 -2.36814e-06
3052 -2.60495e-06
3053 -2.60495e-06
3054 -2.84176e-06
3055 -2.60495e-06
3056 0.00472869
3057 0.137359
3058 0.360787
3059 0.609406
3060 0.901448
3061 1.19964
3062 1.47902
3063 1.76101
3064 2.04264
3065 2.34318
3066 2.57835
3067 2.86865
3068 3.15439
3069 3.44802
3070 3.71912
3071 3.99248
3072 4.28046
3073 4.58644
3074 4.83508
3075 5.1298
3076 5.40766
3077 5.71138
3078 5.97238
3079 6.248
3080 6.53934
3081 6.8341
3082 7.08721
3083 7.37743
3084 7.64631
3085 7.94663
3086 8.20764
3087 8.47086
3088 8.76673
3089 9.06483
3090 9.3607
3091 9.6037
3092 9.90067
3093 10.2146
3094 10.4395
3095 10.7613
3096 11.0369
3097 11.3395
3098 11.5859
3099 11.8648
3100 12.1438
3101 12.4374
3102 12.7153
3103 13.0022
3104 13.289
3105 13.5815
3106 13.8414
3107 14.126
3108 14.414
3109 14.6997
3110 14.9607
3111 15.2475
3112 15.522
3113 15.8246
3114 16.1047
3115 16.3635
3116 16.6447
3117 16.9361
3118 17.2061
3119 17.503
3120 17.7832
3121 18.0666
3122 18.3625
3123 18.6224
3124 18.9115
3125 19.1983
3126 19.4875
3127 19.7372
3128 20.0218
3129 20.3154
3130 20.5978
3131 20.87
3132 21.1479
3133 21.4561
3134 21.7227
3135 22.0073
3136 22.2953
3137 22.5507
3138 22.8274
3139 23.1233
3140 23.3831
3141 23.6914
3142 23.9692
3143 24.2482
3144 24.5194
3145 24.8264
3146 25.0964
3147 25.3777
3148 25.6713
3149 25.9312
3150 26.1921
3151 26.5161
3152 26.7996
3153 27.0842
3154 27.3654
3155 27.6062
3156 27.8942
3157 28.1967
3158 28.4578
3159 28.7514
3160 29.0281
3161 29.3161
3162 29.5771
3163 29.834
3164 29.9601
3165 30.0004
3166 30.0064
3167 30.0048
3168 30.003
3169 30.0014
3170 30.0006
3171 30.0003
3172 30.0001
3173 30
3174 30
3175 30
3176 30
3177 30
3178 29.9999
3179 30
3180 30
3181 30
3182 30
3183 30
3184 30
3185 30
3186 30
3187 30
3188 30
3189 30
3190 30
3191 30
3192 30
3193 30
3194 30
3195 30
3196 30
3197 30
3198 30
3199 30
3200 30
3201 30
3202 30
3203 30
3204 30
3205 30
3206 30
3207 30
3208 30
3209 30
3210 30
3211 30
3212 30
3213 30
3214 30
3215 30
3216 30
3217 29.9111
3218 29.7085
3219 29.4528
3220 29.1655
3221 28.8694
3222 28.5922
3223 28.3168
3224 28.0463
3225 27.7547
3226 27.4846
3227 27.1977
3228 26.9074
3229 26.615
3230 26.3438
3231 26.048
3232 25.7825
3233 25.4878
3234 25.2504
3235 24.9703
3236 24.6778
3237 24.3606
3238 24.1165
3239 23.7993
3240 23.5664
3241 23.2739
3242 22.978
3243 22.6889
3244 22.4088
3245 22.1073
3246 21.8711
3247 21.5899
3248 21.3199
3249 21.0161
3250 20.7349
3251 20.4503
3252 20.1646
3253 19.8709
3254 19.6032
3255 19.3085
3256 19.0284
3257 18.7381
3258 18.4906
3259 18.2207
3260 17.9136
3261 17.6154
3262 17.3522
3263 17.0507
3264 16.7751
3265 16.5242
3266 16.2497
3267 15.9651
3268 15.6794
3269 15.3824
3270 15.1012
3271 14.8166
3272 14.5522
3273 14.2564
3274 13.9706
3275 13.6928
3276 13.4137
3277 13.1179
3278 12.8412
3279 12.5577
3280 12.2933
3281 11.9873
3282 11.7522
3283 11.4676
3284 11.1819
3285 10.9018
3286 10.6059
3287 10.3269
3288 10.0479
3289 9.76672
3290 9.47984
3291 9.19749
3292 8.9275
3293 8.63724
3294 8.35603
3295 8.0849
3296 7.80704
3297 7.49205
3298 7.22097
3299 6.94535
3300 6.66861
3301 6.38063
3302 6.09939
3303 5.81926
3304 5.54815
3305 5.26803
3306 4.98232
3307 4.69882
3308 4.4367
3309 4.14648
3310 3.85848
3311 3.58965
3312 3.3174
3313 3.01479
3314 2.70427
3315 2.45117
3316 2.18122
3317 1.88759
3318 1.60974
3319 1.33974
3320 1.05174
3321 0.761514
3322 0.473528
3323 0.209705
3324 0.0598676
3325 0.00349158
3326 -0.00625164
3327 -0.0054936
3328 -0.00336465
3329 -0.00163022
3330 -0.000836662
3331 -0.000406135
3332 -0.000182346
3333 -8.21743e-05
3334 -3.59957e-05
3335 -6.39396e-06
3336 7.34122e-06
3337 1.30247e-05
3338 1.53929e-05
3339 1.61033e-05
3340 1.58665e-05
3341 1.51561e-05
3342 1.44456e-05
3343 1.34984e-05
3344 1.23143e-05
3345 1.16039e-05
3346 1.06566e-05
3347 9.70935e-06
3348 9.23573e-06
3349 7.57803e-06
3350 7.34122e-06
3351 6.15715e-06
3352 5.44671e-06
3353 4.73627e-06
3354 4.02583e-06
3355 3.78902e-06
3356 2.84176e-06
3357 2.13132e-06
3358 1.65769e-06
3359 1.18407e-06
3360 7.10441e-07
3361 2.36814e-07
3362 0
3363 -2.36814e-07
3364 -4.73627e-07
3365 -1.18407e-06
3366 -1.42088e-06
3367 -1.89451e-06
3368 -1.65769e-06
3369 -1.89451e-06
3370 -2.13132e-06
3371 -2.36814e-06
3372 -2.13132e-06
3373 -2.84176e-06
3374 -2.84176e-06
3375 -2.84176e-06
3376 -3.07858e-06
3377 0.0298556
3378 0.197117
3379 0.430048
3380 0.720376
3381 1.02849
3382 1.30494
3383 1.57606
3384 1.86472
3385 2.1631
3386 2.42983
3387 2.67965
3388 2.96202
3389 3.26243
3390 3.52789
3391 3.82376
3392 4.10498
3393 4.40532
3394 4.68433
3395 4.95542
3396 5.2153
3397 5.51677
3398 5.80138
3399 6.08376
3400 6.36609
3401 6.63612
3402 6.90608
3403 7.18621
3404 7.47531
3405 7.78466
3406 8.03666
3407 8.30549
3408 8.57886
3409 8.89722
3410 9.18409
3411 9.44284
3412 9.72292
3413 9.98055
3414 10.3124
3415 10.579
3416 10.8647
3417 11.1088
3418 11.4216
3419 11.6949
3420 11.9773
3421 12.2687
3422 12.5488
3423 12.8312
3424 13.1079
3425 13.4038
3426 13.6828
3427 13.9494
3428 14.2115
3429 14.5309
3430 14.8156
3431 15.0642
3432 15.3533
3433 15.6446
3434 15.918
3435 16.188
3436 16.4568
3437 16.7516
3438 17.0295
3439 17.3242
3440 17.5953
3441 17.9035
3442 18.169
3443 18.4604
3444 18.7394
3445 19.0364
3446 19.3176
3447 19.555
3448 19.8283
3449 20.1264
3450 20.4178
3451 20.6889
3452 20.9679
3453 21.2682
3454 21.5382
3455 21.8273
3456 22.0962
3457 22.3909
3458 22.6767
3459 22.9433
3460 23.229
3461 23.5294
3462 23.7949
3463 24.0862
3464 24.3641
3465 24.6408
3466 24.9311
3467 25.2055
3468 25.4755
3469 25.7793
3470 26.0661
3471 26.308
3472 26.6252
3473 26.8682
3474 27.1832
3475 27.4689
3476 27.7029
3477 28.0123
3478 28.2924
3479 28.5927
3480 28.8369
3481 29.126
3482 29.4038
3483 29.7199
3484 29.909
3485 29.9872
3486 30.005
3487 30.0062
3488 30.0041
3489 30.0021
3490 30.0011
3491 30.0005
3492 30.0002
3493 30.0001
3494 30
3495 30
3496 30
3497 30
3498 30
3499 30
3500 30
3501 30
3502 30
3503 30
3504 30
3505 30
3506 30
3507 30
3508 30
3509 30
3510 30
3511 30
3512 30
3513 30
3514 30
3515 30
3516 30
3517 30
3518 30
3519 30
3520 30
3521 30
3522 30
3523 30
3524 30
3525 30
3526 30
3527 30
3528 30
3529 30
3530 30
3531 30
3532 30
3533 30
3534 30
3535 30
3536 30
3537 29.9849
3538 29.8431
3539 29.6113
3540 29.3335
3541 29.0453
3542 28.7494
3543 28.4984
3544 28.2221
3545 27.9224
3546 27.6433
3547 27.3541
3548 27.0751
3549 26.7713
3550 26.5283
3551 26.2471
3552 25.9535
3553 25.6644
3554 25.3809
3555 25.0941
3556 24.8128
3557 24.5811
3558 24.2515
3559 23.977
3560 23.7182
3561 23.428
3562 23.1546
3563 22.8835
3564 22.5663
3565 22.2873
3566 22.0083
3567 21.7204
3568 21.4447
3569 21.1961
3570 20.8924
3571 20.6123
3572 20.3378
3573 20.0442
3574 19.7573
3575 19.493
3576 19.2151
3577 18.9147
3578 18.6436
3579 18.3748
3580 18.0913
3581 17.7819
3582 17.5198
3583 17.2375
3584 16.9686
3585 16.6817
3586 16.3926
3587 16.1372
3588 15.8572
3589 15.55
3590 15.2879
3591 14.9999
3592 14.694
3593 14.4318
3594 14.1506
3595 13.8716
3596 13.5915
3597 13.2968
3598 13.0155
3599 12.7433
3600 12.4621
3601 12.1831
3602 11.8962
3603 11.624
3604 11.3428
3605 11.0412
3606 10.7803
3607 10.5058
3608 10.1998
3609 9.90282
3610 9.6722
3611 9.34711
3612 9.06923
3613 8.78463
3614 8.49776
3615 8.25364
3616 7.97692
3617 7.68216
3618 7.40658
3619 7.1186
3620 6.84634
3621 6.53587
3622 6.26136
3623 5.98801
3624 5.709
3625 5.42103
3626 5.14092
3627 4.8473
3628 4.58295
3629 4.28708
3630 4.00024
3631 3.72351
3632 3.44227
3633 3.20266
3634 2.90677
3635 2.64241
3636 2.3207
3637 2.0732
3638 1.79085
3639 1.48486
3640 1.21487
3641 0.926859
3642 0.651276
3643 0.367801
3644 0.142841
3645 0.0250137
3646 -0.00248631
3647 -0.00628527
3648 -0.00474574
3649 -0.00264805
3650 -0.00130318
3651 -0.0006555
3652 -0.000312594
3653 -0.000128353
3654 -5.56512e-05
3655 -2.0366e-05
3656 4.73627e-07
3657 1.04198e-05
3658 1.44456e-05
3659 1.53929e-05
3660 1.56297e-05
3661 1.51561e-05
3662 1.44456e-05
3663 1.3972e-05
3664 1.30247e-05
3665 1.16039e-05
3666 1.06566e-05
3667 9.94617e-06
3668 9.23573e-06
3669 8.28847e-06
3670 7.34122e-06
3671 6.63078e-06
3672 5.92034e-06
3673 5.2099e-06
3674 4.26264e-06
3675 3.5522e-06
3676 2.84176e-06
3677 2.36814e-06
3678 1.89451e-06
3679 1.42088e-06
3680 9.47254e-07
3681 2.36814e-07
3682 0
3683 0
3684 -7.10441e-07
3685 -9.47254e-07
3686 -1.18407e-06
3687 -1.18407e-06
3688 -1.65769e-06
3689 -1.89451e-06
3690 -2.13132e-06
3691 -2.36814e-06
3692 -2.36814e-06
3693 -2.36814e-06
3694 -2.36814e-06
3695 -2.60495e-06
3696 -2.84176e-06
3697 0.00256895
3698 0.123846
3699 0.33227
3700 0.601538
3701 0.89352
3702 1.14414
3703 1.44286
3704 1.71708
3705 2.00998
3706 2.27681
3707 2.56372
3708 2.83152
3709 3.11954
3710 3.40976
3711 3.69214
3712 3.98347
3713 4.24334
3714 4.54256
3715 4.83395
3716 5.08819
3717 5.39303
3718 5.68215
3719 5.93411
3720 6.22887
3721 6.52134
3722 6.8026
3723 7.08947
3724 7.3403
3725 7.64182
3726 7.92638
3727 8.19863
3728 8.45962
3729 8.77009
3730 9.03109
3731 9.30556
3732 9.60145
3733 9.88942
3734 10.1639
3735 10.444
3736 10.7185
3737 11.0088
3738 11.2843
3739 11.5487
3740 11.8333
3741 12.1337
3742 12.4206
3743 12.677
3744 12.947
3745 13.2519
3746 13.5388
3747 13.8133
3748 14.0911
3749 14.3903
3750 14.6761
3751 14.9585
3752 15.2284
3753 15.5333
3754 15.7988
3755 16.0946
3756 16.3275
3757 16.6256
3758 16.9102
3759 17.1971
3760 17.4794
3761 17.7674
3762 18.025
3763 18.3006
3764 18.583
3765 18.889
3766 19.1545
3767 19.4289
3768 19.7169
3769 20.0094
3770 20.2569
3771 20.5505
3772 20.8351
3773 21.1411
3774 21.4201
3775 21.6935
3776 21.9893
3777 22.2346
3778 22.5586
3779 22.8353
3780 23.0861
3781 23.3809
3782 23.6779
3783 23.949
3784 24.2415
3785 24.489
3786 24.7927
3787 25.0661
3788 25.3473
3789 25.624
3790 25.9087
3791 26.1797
3792 26.4767
3793 26.767
3794 27.0324
3795 27.3362
3796 27.6152
3797 27.9099
3798 28.154
3799 28.4443
3800 28.739
3801 28.9989
3802 29.2959
3803 29.5759
3804 29.8279
3805 29.961
3806 30.0002
3807 30.0063
3808 30.0052
3809 30.0029
3810 30.0016
3811 30.0007
3812 30.0003
3813 30.0001
3814 30
3815 30
3816 30
3817 30
3818 30
3819 30
3820 30
3821 30
3822 30
3823 30
3824 30
3825 30
3826 30
3827 30
3828 30
3829 30
3830 30
3831 30
3832 30
3833 30
3834 30
3835 30
3836 30
3837 30
3838 30
3839 30
3840 30
3841 30
3842 30
3843 30
3844 30
3845 30
3846 30
3847 30
3848 30
3849 30
3850 30
3851 30
3852 30
3853 30
3854 30
3855 30
3856 30
3857 30
3858 29.9355
3859 29.7497
3860 29.4571
3861 29.1779
3862 28.8785
3863 28.6204
3864 28.3359
3865 28.0542
3866 27.7862
3867 27.4858
3868 27.1932
3869 26.9333
3870 26.6352
3871 26.3405
3872 26.1166
3873 25.8163
3874 25.5272
3875 25.2561
3876 24.9759
3877 24.6936
3878 24.4079
3879 24.1198
3880 23.8341
3881 23.5506
3882 23.2694
3883 23.0062
3884 22.7103
3885 22.4066
3886 22.1411
3887 21.8644
3888 21.5741
3889 21.2817
3890 21.0285
3891 20.7416
3892 20.4593
3893 20.1612
3894 19.8901
3895 19.6246
3896 19.3299
3897 19.043
3898 18.7842
3899 18.5109
3900 18.2218
3901 17.9181
3902 17.6368
3903 17.3522
3904 17.1103
3905 16.8055
3906 16.5141
3907 16.234
3908 15.9528
3909 15.6434
3910 15.4015
3911 15.1136
3912 14.8244
3913 14.5309
3914 14.2575
3915 13.9672
3916 13.6826
3917 13.4385
3918 13.155
3919 12.8783
3920 12.5948
3921 12.3012
3922 12.0312
3923 11.7466
3924 11.4676
3925 11.1706
3926 10.8894
3927 10.607
3928 10.3416
3929 10.049
3930 9.7611
3931 9.48321
3932 9.20762
3933 8.91174
3934 8.63949
3935 8.37628
3936 8.09052
3937 7.78793
3938 7.54155
3939 7.23334
3940 6.96336
3941 6.65737
3942 6.39639
3943 6.12751
3944 5.84738
3945 5.5459
3946 5.25453
3947 4.95869
3948 4.68981
3949 4.44682
3950 4.12621
3951 3.85398
3952 3.57503
3953 3.28364
3954 3.01255
3955 2.75154
3956 2.46354
3957 2.15871
3958 1.91796
3959 1.63449
3960 1.34424
3961 1.03038
3962 0.768256
3963 0.497145
3964 0.227201
3965 0.0561639
3966 0.00498303
3967 -0.00613347
3968 -0.00559685
3969 -0.00346079
3970 -0.00178486
3971 -0.000913863
3972 -0.000419397
3973 -0.00018874
3974 -8.85683e-05
3975 -3.78902e-05
3976 -8.28847e-06
3977 6.39396e-06
3978 1.27879e-05
3979 1.46824e-05
3980 1.53929e-05
3981 1.53929e-05
3982 1.44456e-05
3983 1.3972e-05
3984 1.30247e-05
3985 1.23143e-05
3986 1.11302e-05
3987 1.04198e-05
3988 8.99891e-06
3989 8.52529e-06
3990 7.81485e-06
3991 6.63078e-06
3992 6.15715e-06
3993 5.44671e-06
3994 4.49946e-06
3995 3.78902e-06
3996 3.07858e-06
3997 2.36814e-06
3998 2.13132e-06
3999 1.65769e-06
4000 9.47254e-07
4001 4.73627e-07
4002 2.36814e-07
4003 0
4004 -4.73627e-07
4005 -7.10441e-07
4006 -1.18407e-06
4007 -1.42088e-06
4008 -1.42088e-06
4009 -1.89451e-06
4010 -1.89451e-06
4011 -2.13132e-06
4012 -2.36814e-06
4013 -2.60495e-06
4014 -2.60495e-06
4015 -2.60495e-06
4016 -2.84176e-06
4017 -2.84176e-06
4018 0.0342371
4019 0.216534
4020 0.474088
4021 0.755323
4022 1.02282
4023 1.29249
4024 1.58961
4025 1.88725
4026 2.1586
4027 2.44897
4028 2.72689
4029 3.02505
4030 3.29616
4031 3.58302
4032 3.86202
4033 4.16795
4034 4.41883
4035 4.70569
4036 4.97905
4037 5.28393
4038 5.51676
4039 5.8239
4040 6.10174
4041 6.40436
4042 6.68447
4043 6.93082
4044 7.22335
4045 7.51805
4046 7.77454
4047 8.05016
4048 8.32574
4049 8.62613
4050 8.90957
4051 9.17058
4052 9.4507
4053 9.72517
4054 10.0143
4055 10.3124
4056 10.5801
4057 10.8884
4058 11.1764
4059 11.4239
4060 11.7332
4061 12.0189
4062 12.2979
4063 12.5814
4064 12.8604
4065 13.1518
4066 13.424
4067 13.6794
4068 13.9685
4069 14.2801
4070 14.5478
4071 14.81
4072 15.09
4073 15.3927
4074 15.6683
4075 15.9574
4076 16.2262
4077 16.521
4078 16.7651
4079 17.0362
4080 17.3264
4081 17.6144
4082 17.9148
4083 18.1837
4084 18.4716
4085 18.7619
4086 19.0408
4087 19.3187
4088 19.582
4089 19.8755
4090 20.1546
4091 20.4425
4092 20.7012
4093 21.0005
4094 21.2862
4095 21.5619
4096 21.8307
4097 22.13
4098 22.4224
4099 22.6541
4100 22.977
4101 23.2796
4102 23.5204
4103 23.8005
4104 24.0874
4105 24.3866
4106 24.66
4107 24.9344
4108 25.2123
4109 25.525
4110 25.768
4111 26.0537
4112 26.3406
4113 26.6308
4114 26.8975
4115 27.1765
4116 27.4825
4117 27.7457
4118 28.019
4119 28.298
4120 28.5972
4121 28.8481
4122 29.1541
4123 29.4432
4124 29.7166
4125 29.9158
4126 29.9902
4127 30.0054
4128 30.006
4129 30.0039
4130 30.0019
4131 30.001
4132 30.0004
4133 30.0002
4134 30.0001
4135 30
4136 30
4137 30
4138 30
4139 30
4140 30
4141 30
4142 30
4143 30
4144 30
4145 30
4146 30
4147 30
4148 30
4149 30
4150 30
4151 30
4152 30
4153 30
4154 30
4155 30
4156 30
4157 30
4158 30
4159 30
4160 30
4161 30
4162 30
4163 30
4164 30
4165 30
4166 30
4167 30
4168 30
4169 30
4170 30
4171 30
4172 30
4173 30
4174 30
4175 30
4176 30
4177 30
4178 29.9771
4179 29.8251
4180 29.5797
4181 29.3313
4182 29.043
4183 28.7697
4184 28.4894
4185 28.1826
4186 27.9078
4187 27.6208
4188 27.3485
4189 27.0537
4190 26.7916
4191 26.489
4192 26.219
4193 25.949
4194 25.6588
4195 25.3798
4196 25.0828
4197 24.7937
4198 24.5293
4199 24.2425
4200 23.9522
4201 23.689
4202 23.3965
4203 23.1119
4204 22.8397
4205 22.5438
4206 22.2648
4207 21.9813
4208 21.7024
4209 21.4504
4210 21.1432
4211 20.8755
4212 20.5875
4213 20.2984
4214 20.0116
4215 19.7596
4216 19.4637
4217 19.1757
4218 18.8968
4219 18.6178
4220 18.3399
4221 18.0317
4222 17.7909
4223 17.485
4224 17.2341
4225 16.927
4226 16.6558
4227 16.3768
4228 16.099
4229 15.7919
4230 15.5275
4231 15.2575
4232 14.9606
4233 14.6726
4234 14.3936
4235 14.1326
4236 13.866
4237 13.5611
4238 13.2821
4239 12.9942
4240 12.7051
4241 12.4092
4242 12.1651
4243 11.8703
4244 11.5914
4245 11.3113
4246 11.0154
4247 10.7544
4248 10.4574
4249 10.1649
4250 9.88481
4251 9.59797
4252 9.33812
4253 9.04898
4254 8.76888
4255 8.50002
4256 8.22215
4257 7.93305
4258 7.64504
4259 7.3571
4260 7.07695
4261 6.82497
4262 6.55276
4263 6.25574
4264 5.94976
4265 5.71238
4266 5.3783
4267 5.10043
4268 4.84954
4269 4.54358
4270 4.25558
4271 3.9935
4272 3.69988
4273 3.41979
4274 3.13964
4275 2.86288
4276 2.58393
4277 2.30382
4278 2.00799
4279 1.73796
4280 1.47585
4281 1.17324
4282 0.88523
4283 0.606299
4284 0.328426
4285 0.109153
4286 0.0201067
4287 -0.00337436
4288 -0.00628314
4289 -0.0046316
4290 -0.00259666
4291 -0.00131266
4292 -0.000563616
4293 -0.000261679
4294 -0.000135694
4295 -5.70721e-05
4296 -1.75242e-05
4297 1.65769e-06
4298 1.08934e-05
4299 1.44456e-05
4300 1.53929e-05
4301 1.56297e-05
4302 1.51561e-05
4303 1.44456e-05
4304 1.37352e-05
4305 1.27879e-05
4306 1.18407e-05
4307 1.06566e-05
4308 9.70935e-06
4309 8.7621e-06
4310 7.81485e-06
4311 7.10441e-06
4312 6.15715e-06
4313 5.44671e-06
4314 4.73627e-06
4315 4.02583e-06
4316 3.31539e-06
4317 2.36814e-06
4318 2.13132e-06
4319 1.89451e-06
4320 1.42088e-06
4321 7.10441e-07
4322 2.36814e-07
4323 2.36814e-07
4324 -7.10441e-07
4325 -7.10441e-07
4326 -9.47254e-07
4327 -1.42088e-06
4328 -1.65769e-06
4329 -1.89451e-06
4330 -1.65769e-06
4331 -2.36814e-06
4332 -2.60495e-06
4333 -2.60495e-06
4334 -2.60495e-06
4335 -2.60495e-06
4336 -2.84176e-06
4337 -2.84176e-06
4338 0.00653226
4339 0.129794
4340 0.36187
4341 0.640626
4342 0.892394
4343 1.19739
4344 1.46885
4345 1.74411
4346 2.02462
4347 2.30268
4348 2.60987
4349 2.88665
4350 3.18365
4351 3.44578
4352 3.72924
4353 4.02512
4354 4.30519
4355 4.57406
4356 4.8542
4357 5.14217
4358 5.41104
4359 5.69113
4360 5.98363
4361 6.27949
4362 6.52922
4363 6.82848
4364 7.09846
4365 7.4022
4366 7.67105
4367 7.94214
4368 8.21439
4369 8.50122
4370 8.80836
4371 9.07269
4372 9.35169
4373 9.64869
4374 9.92767
4375 10.1797
4376 10.4721
4377 10.7579
4378 11.0369
4379 11.3068
4380 11.623
4381 11.8693
4382 12.155
4383 12.4262
4384 12.7119
4385 12.9943
4386 13.2744
4387 13.5917
4388 13.8706
4389 14.1113
4390 14.3993
4391 14.6761
4392 15.0608
4393 15.3915
4394 15.6739
4395 15.9596
4396 16.2679
4397 16.5221
4398 16.8011
4399 17.0969
4400 17.3489
4401 17.6279
4402 17.917
4403 18.2208
4404 18.4862
4405 18.7832
4406 19.051
4407 19.3221
4408 19.5999
4409 19.9026
4410 20.1624
4411 20.4324
4412 20.7474
4413 21.0275
4414 21.2784
4415 21.5765
4416 21.842
4417 22.1378
4418 22.4371
4419 22.6913
4420 22.9703
4421 23.2481
4422 23.5474
4423 23.8354
4424 24.1144
4425 24.3866
4426 24.6926
4427 24.9536
4428 25.2202
4429 25.4969
4430 25.8119
4431 26.0684
4432 26.3687
4433 26.6545
4434 26.9481
4435 27.1978
4436 27.4678
4437 27.7648
4438 28.0798
4439 28.3205
4440 28.5927
4441 28.8954
4442 29.1912
4443 29.4432
4444 29.7244
4445 29.9201
4446 29.9927
4447 30.0052
4448 30.0059
4449 30.0037
4450 30.0021
4451 30.001
4452 30.0004
4453 30.0002
4454 30
4455 30
4456 30
4457 30
4458 30
4459 30
4460 30
4461 30
4462 30
4463 30
4464 30
4465 30
4466 30
4467 30
4468 30
4469 30
4470 30
4471 30
4472 30
4473 30
4474 30
4475 30
4476 30
4477 30
4478 30
4479 30
4480 30
4481 30
4482 30
4483 30
4484 30
4485 30
4486 30
4487 30
4488 30
4489 30
4490 30
4491 30
4492 30
4493 30
4494 30
4495 30
4496 30
4497 30
4498 29.9875
4499 29.8423
4500 29.6144
4501 29.2017
4502 28.8853
4503 28.6272
4504 28.3258
4505 28.0497
4506 27.7423
4507 27.4903
4508 27.1831
4509 26.9581
4510 26.6442
4511 26.3641
4512 26.057
4513 25.7971
4514 25.517
4515 25.2426
4516 24.95
4517 24.6801
4518 24.3831
4519 24.0884
4520 23.8454
4521 23.563
4522 23.2852
4523 23.0062
4524 22.6979
4525 22.4111
4526 22.1321
4527 21.8677
4528 21.5707
4529 21.2918
4530 21.0263
4531 20.7495
4532 20.4526
4533 20.1803
4534 19.9002
4535 19.6212
4536 19.3243
4537 19.0441
4538 18.7561
4539 18.4704
4540 18.2342
4541 17.9552
4542 17.6492
4543 17.3623
4544 17.0822
4545 16.8032
4546 16.5197
4547 16.2295
4548 15.9426
4549 15.6794
4550 15.3925
4551 15.0956
4552 14.8526
4553 14.5725
4554 14.2665
4555 13.9785
4556 13.6984
4557 13.4464
4558 13.1494
4559 12.8603
4560 12.5633
4561 12.3293
4562 12.0301
4563 11.7354
4564 11.4541
4565 11.1864
4566 10.904
4567 10.652
4568 10.3371
4569 10.0614
4570 9.79145
4571 9.50347
4572 9.20762
4573 8.93537
4574 8.6665
4575 8.3864
4576 8.09165
4577 7.82054
4578 7.54943
4579 7.22659
4580 6.93972
4581 6.63487
4582 6.39751
4583 6.11401
4584 5.81702
4585 5.55827
4586 5.29166
4587 4.98569
4588 4.69432
4589 4.4592
4590 4.16335
4591 3.88099
4592 3.59977
4593 3.32864
4594 3.04404
4595 2.77179
4596 2.48379
4597 2.17784
4598 1.88421
4599 1.62211
4600 1.34536
4601 1.0731
4602 0.802004
4603 0.497152
4604 0.204167
4605 0.0685911
4606 0.0033521
4607 -0.00611595
4608 -0.00546305
4609 -0.00359222
4610 -0.00187959
4611 -0.000881894
4612 -0.00041987
4613 -0.000186846
4614 -9.02259e-05
4615 -3.48116e-05
4616 -5.44671e-06
4617 6.63078e-06
4618 1.25511e-05
4619 1.49193e-05
4620 1.53929e-05
4621 1.53929e-05
4622 1.46824e-05
4623 1.3972e-05
4624 1.30247e-05
4625 1.23143e-05
4626 1.11302e-05
4627 1.0183e-05
4628 9.47254e-06
4629 8.05166e-06
4630 7.81485e-06
4631 6.86759e-06
4632 5.92034e-06
4633 5.2099e-06
4634 4.49946e-06
4635 4.02583e-06
4636 3.31539e-06
4637 3.07858e-06
4638 2.13132e-06
4639 1.89451e-06
4640 9.47254e-07
4641 4.73627e-07
4642 2.36814e-07
4643 0
4644 -4.73627e-07
4645 -9.47254e-07
4646 -9.47254e-07
4647 -1.42088e-06
4648 -1.65769e-06
4649 -2.13132e-06
4650 -2.36814e-06
4651 -2.36814e-06
4652 -2.36814e-06
4653 -2.60495e-06
4654 -2.60495e-06
4655 -2.84176e-06
4656 -2.84176e-06
4657 -2.60495e-06
4658 0.0451788
4659 0.222827
4660 0.490355
4661 0.767752
4662 1.02622
4663 1.31624
4664 1.61444
4665 1.89286
4666 2.18112
4667 2.45122
4668 2.73251
4669 3.01491
4670 3.28491
4671 3.56501
4672 3.85977
4673 4.13758
4674 4.42784
4675 4.71693
4676 4.9588
4677 5.26706
4678 5.52351
4679 5.81377
4680 6.09275
4681 6.35484
4682 6.68559
4683 6.95108
4684 7.24921
4685 7.5023
4686 7.77792
4687 8.30325
4688 8.49449
4689 8.7915
4690 9.03109
4691 9.32693
4692 9.59695
4693 9.90179
4694 10.2033
4695 10.4643
4696 10.7354
4697 11.0358
4698 11.3338
4699 11.587
4700 11.8434
4701 12.1494
4702 12.4363
4703 12.7276
4704 12.9651
4705 13.28
4706 13.5692
4707 13.8459
4708 14.1158
4709 14.3948
4710 14.6896
4711 14.9776
4712 15.2464
4713 15.5502
4714 15.8156
4715 16.1025
4716 16.5412
4717 16.7988
4718 17.0587
4719 17.4547
4720 17.8158
4721 18.0813
4722 18.3828
4723 18.6539
4724 18.9126
4725 19.2017
4726 19.4368
4727 19.735
4728 20.024
4729 20.3188
4730 20.5989
4731 20.8621
4732 21.1513
4733 21.4403
4734 21.7193
4735 21.9837
4736 22.2919
4737 22.5439
4738 22.8589
4739 23.1379
4740 23.373
4741 23.688
4742 23.967
4743 24.2448
4744 24.5205
4745 24.8185
4746 25.1055
4747 25.3417
4748 25.6477
4749 25.9581
4750 26.2056
4751 26.4891
4752 26.776
4753 27.0752
4754 27.298
4755 27.6253
4756 27.9279
4757 28.1698
4758 28.4398
4759 28.7098
4760 29.0022
4761 29.3071
4762 29.5692
4763 29.8371
4764 29.9682
4765 30.0003
4766 30.0063
4767 30.0051
4768 30.0028
4769 30.0015
4770 30.0006
4771 30.0003
4772 30.0001
4773 30
4774 30
4775 30
4776 30
4777 30
4778 30
4779 30
4780 30
4781 30
4782 30
4783 30
4784 30
4785 30
4786 30
4787 30
4788 30
4789 30
4790 30
4791 30
4792 30
4793 30
4794 30
4795 30
4796 30
4797 30
4798 30
4799 30
4800 30
4801 30
4802 30
4803 30
4804 30
4805 30
4806 30
4807 30
4808 30
4809 30
4810 30
4811 30
4812 30
4813 30
4814 30
4815 30
4816 30
4817 29.9338
4818 29.7393
4819 29.4813
4820 29.1779
4821 28.942
4822 28.6238
4823 28.372
4824 28.0801
4825 27.766
4826 27.4858
4827 27.2326
4828 26.9401
4829 26.6341
4830 26.3798
4831 26.1054
4832 25.7859
4833 25.5463
4834 25.2403
4835 24.9692
4836 24.7093
4837 24.4135
4838 24.1423
4839 23.8454
4840 23.5653
4841 23.2649
4842 22.9949
4843 22.7137
4844 22.4617
4845 22.1647
4846 21.8666
4847 21.5955
4848 21.2907
4849 21.0476
4850 20.7585
4851 20.4886
4852 20.1814
4853 19.9092
4854 19.6122
4855 19.3524
4856 19.0565
4857 18.8022
4858 18.4873
4859 18.2072
4860 17.9338
4861 17.6683
4862 17.3803
4863 17.1047
4864 16.7953
4865 16.5377
4866 16.2542
4867 15.9764
4868 15.6772
4869 15.388
4870 15.1259
4871 14.8481
4872 14.5466
4873 14.2575
4874 14.0145
4875 13.7276
4876 13.434
4877 13.1415
4878 12.867
4879 12.597
4880 12.3091
4881 12.002
4882 11.7387
4883 11.4789
4884 11.1706
4885 10.9085
4886 10.652
4887 10.3292
4888 10.049
4889 9.79595
4890 9.5091
4891 9.22112
4892 8.92637
4893 8.66875
4894 8.37966
4895 8.10965
4896 7.79356
4897 7.51567
4898 7.23221
4899 6.99936
4900 6.70235
4901 6.39414
4902 6.12076
4903 5.84176
4904 5.55265
4905 5.30178
4906 5.00482
4907 4.72581
4908 4.43446
4909 4.17236
4910 3.86636
4911 3.59302
4912 3.28701
4913 3.03504
4914 2.72902
4915 2.48604
4916 2.17897
4917 1.88984
4918 1.61312
4919 1.34311
4920 1.0911
4921 0.794131
4922 0.497146
4923 0.22024
4924 0.0606321
4925 0.00528757
4926 -0.00589808
4927 -0.00570744
4928 -0.00340419
4929 -0.00196508
4930 -0.000904154
4931 -0.000421291
4932 -0.000196792
4933 -9.28309e-05
4934 -3.48116e-05
4935 -6.86759e-06
4936 7.10441e-06
4937 1.34984e-05
4938 1.56297e-05
4939 1.61033e-05
4940 1.61033e-05
4941 1.53929e-05
4942 1.44456e-05
4943 1.37352e-05
4944 1.25511e-05
4945 1.16039e-05
4946 1.06566e-05
4947 9.47254e-06
4948 8.7621e-06
4949 7.81485e-06
4950 7.10441e-06
4951 6.15715e-06
4952 5.2099e-06
4953 4.26264e-06
4954 3.78902e-06
4955 3.31539e-06
4956 2.36814e-06
4957 2.13132e-06
4958 1.42088e-06
4959 9.47254e-07
4960 4.73627e-07
4961 0
4962 0
4963 -4.73627e-07
4964 -7.10441e-07
4965 -1.18407e-06
4966 -1.18407e-06
4967 -1.65769e-06
4968 -2.13132e-06
4969 -2.36814e-06
4970 -2.36814e-06
4971 -2.36814e-06
4972 -2.60495e-06
4973 -2.60495e-06
4974 -2.60495e-06
4975 -2.60495e-06
4976 -2.84176e-06
4977 0.0369775
4978 0.170007
4979 0.414124
4980 0.695603
4981 0.994431
4982 1.30154
4983 1.58283
4984 1.87937
4985 2.11359
4986 2.39381
4987 2.67403
4988 2.9834
4989 3.22642
4990 3.55037
4991 3.84064
4992 4.09261
4993 4.38394
4994 4.66409
4995 4.94079
4996 5.21081
4997 5.49877
4998 5.77776
4999 6.07476
5000 6.31772
5001 6.62262
5002 6.90607
5003 7.17833
5004 7.46519
5005 7.75315
5006 8.0333
5007 8.30436
5008 8.598
5009 8.90395
5010 9.17508
5011 9.44059
5012 9.72854
5013 10.0267
5014 10.255
5015 10.57
5016 10.8681
5017 11.1415
5018 11.4205
5019 11.6814
5020 11.9953
5021 12.2293
5022 12.5443
5023 12.8154
5024 13.1101
5025 13.3622
5026 13.6333
5027 13.9449
5028 14.2239
5029 14.4949
5030 14.7717
5031 15.0597
5032 15.3567
5033 15.6491
5034 15.9112
5035 16.1981
5036 16.4973
5037 16.7426
5038 17.0126
5039 17.3219
5040 17.5863
5041 17.8923
5042 18.1342
5043 18.421
5044 18.7259
5045 19.024
5046 19.2883
5047 19.5763
5048 19.8733
5049 20.1051
5050 20.4121
5051 20.6911
5052 20.9803
5053 21.2379
5054 21.5169
5055 21.8149
5056 22.0782
5057 22.3718
5058 22.6418
5059 22.9287
5060 23.2256
5061 23.5226
5062 23.7735
5063 24.0885
5064 24.3495
5065 24.6363
5066 24.9052
5067 25.1932
5068 25.4744
5069 25.768
5070 26.0459
5071 26.326
5072 26.5948
5073 26.8468
5074 27.1517
5075 27.4453
5076 27.7378
5077 27.9909
5078 28.2744
5079 28.5579
5080 28.8774
5081 29.1294
5082 29.4218
5083 29.6997
5084 29.8931
5085 29.9814
5086 30.0044
5087 30.0062
5088 30.0041
5089 30.0022
5090 30.0011
5091 30.0005
5092 30.0002
5093 30.0001
5094 30
5095 30
5096 30
5097 30
5098 30
5099 30
5100 30
5101 30
5102 30
5103 30
5104 30
5105 30
5106 30
5107 30
5108 30
5109 30
5110 30
5111 30
5112 30
5113 30
5114 30
5115 30
5116 30
5117 30
5118 30
5119 30
5120 30
5121 30
5122 30
5123 30
5124 30
5125 30
5126 30
5127 30
5128 30
5129 30
5130 30
5131 30
5132 30
5133 30
5134 30
5135 30
5136 30
5137 29.9986
5138 29.8814
5139 29.6454
5140 29.3995
5141 29.1019
5142 28.8037
5143 28.5323
5144 28.2525
5145 27.9472
5146 27.6669
5147 27.4239
5148 27.1257
5149 26.8253
5150 26.5531
5151 26.2876
5152 25.9839
5153 25.7072
5154 25.4349
5155 25.1469
5156 24.8499
5157 24.607
5158 24.3088
5159 24.0287
5160 23.7779
5161 23.4697
5162 23.2154
5163 22.9083
5164 22.6023
5165 22.3413
5166 22.059
5167 21.7608
5168 21.5111
5169 21.231
5170 20.9442
5171 20.655
5172 20.3637
5173 20.1128
5174 19.8327
5175 19.5144
5176 19.2354
5177 18.9822
5178 18.6965
5179 18.4085
5180 18.1262
5181 17.8157
5182 17.5851
5183 17.2971
5184 17.0102
5185 16.7132
5186 16.4421
5187 16.1384
5188 15.8954
5189 15.6119
5190 15.3228
5191 15.0134
5192 14.7266
5193 14.4903
5194 14.1675
5195 13.9065
5196 13.6106
5197 13.3294
5198 13.0864
5199 12.7714
5200 12.4722
5201 12.2202
5202 11.9412
5203 11.66
5204 11.3675
5205 11.0885
5206 10.8016
5207 10.5227
5208 10.2797
5209 9.99844
5210 9.68007
5211 9.4101
5212 9.11201
5213 8.86223
5214 8.54727
5215 8.26827
5216 7.97242
5217 7.72943
5218 7.41445
5219 7.14671
5220 6.89472
5221 6.60338
5222 6.31762
5223 6.02627
5224 5.73827
5225 5.48513
5226 5.17244
5227 4.89679
5228 4.64482
5229 4.34896
5230 4.06434
5231 3.78539
5232 3.49175
5233 3.24878
5234 2.93377
5235 2.63792
5236 2.40281
5237 2.09683
5238 1.81674
5239 1.55798
5240 1.25088
5241 0.952738
5242 0.680514
5243 0.392553
5244 0.138776
5245 0.0373296
5246 7.19913e-05
5247 -0.00630848
5248 -0.00477013
5249 -0.00289481
5250 -0.00144551
5251 -0.000736253
5252 -0.000343143
5253 -0.000143746
5254 -6.79655e-05
5255 -2.08396e-05
5256 4.73627e-07
5257 1.06566e-05
5258 1.42088e-05
5259 1.53929e-05
5260 1.51561e-05
5261 1.49193e-05
5262 1.44456e-05
5263 1.34984e-05
5264 1.25511e-05
5265 1.18407e-05
5266 1.08934e-05
5267 9.70935e-06
5268 8.7621e-06
5269 7.57803e-06
5270 7.10441e-06
5271 6.63078e-06
5272 5.68352e-06
5273 4.73627e-06
5274 4.02583e-06
5275 3.5522e-06
5276 2.84176e-06
5277 2.60495e-06
5278 1.89451e-06
5279 9.47254e-07
5280 9.47254e-07
5281 4.73627e-07
5282 0
5283 -4.73627e-07
5284 -9.47254e-07
5285 -9.47254e-07
5286 -1.18407e-06
5287 -1.42088e-06
5288 -1.65769e-06
5289 -1.65769e-06
5290 -1.89451e-06
5291 -2.13132e-06
5292 -2.60495e-06
5293 -2.60495e-06
5294 -2.84176e-06
5295 -2.60495e-06
5296 -2.60495e-06
5297 0.000250549
5298 0.0820637
5299 0.293496
5300 0.538477
5301 0.841356
5302 1.12375
5303 1.40443
5304 1.69227
5305 1.99533
5306 2.23628
5307 2.52434
5308 2.8304
5309 3.09479
5310 3.35689
5311 3.68089
5312 3.9216
5313 4.21522
5314 4.50094
5315 4.7788
5316 5.09493
5317 5.32778
5318 5.60115
5319 5.91499
5320 6.2165
5321 6.45949
5322 6.73733
5323 7.00735
5324 7.30431
5325 7.60357
5326 7.87466
5327 8.15364
5328 8.45401
5329 8.74423
5330 8.96697
5331 9.29319
5332 9.57894
5333 9.83094
5334 10.129
5335 10.4092
5336 10.6971
5337 10.9547
5338 11.2585
5339 11.5465
5340 11.8356
5341 12.0763
5342 12.3744
5343 12.6377
5344 12.9425
5345 13.217
5346 13.4814
5347 13.7626
5348 14.063
5349 14.3521
5350 14.6142
5351 14.9011
5352 15.1812
5353 15.486
5354 15.7301
5355 16.0496
5356 16.3117
5357 16.5964
5358 16.89
5359 17.1442
5360 17.494
5361 17.7055
5362 18.0138
5363 18.2916
5364 18.5414
5365 18.8575
5366 19.1399
5367 19.3907
5368 19.6719
5369 19.9633
5370 20.2243
5371 20.5213
5372 20.8283
5373 21.1108
5374 21.3987
5375 21.6721
5376 21.9578
5377 22.2087
5378 22.4967
5379 22.7678
5380 23.0625
5381 23.3674
5382 23.6013
5383 23.8882
5384 24.1942
5385 24.4822
5386 24.7612
5387 25.0334
5388 25.3293
5389 25.5891
5390 25.8772
5391 26.1471
5392 26.4486
5393 26.7377
5394 26.9976
5395 27.2687
5396 27.5556
5397 27.8075
5398 28.1214
5399 28.4015
5400 28.7109
5401 28.9685
5402 29.2295
5403 29.5444
5404 29.7827
5405 29.9424
5406 29.995
5407 30.006
5408 30.0055
5409 30.0034
5410 30.0016
5411 30.0008
5412 30.0003
5413 30.0001
5414 30
5415 30
5416 30
5417 30
5418 30
5419 30
5420 30
5421 30
5422 30
5423 30
5424 30
5425 30
5426 30
5427 30
5428 30
5429 30
5430 30
5431 30
5432 30
5433 30
5434 30
5435 30
5436 30
5437 30
5438 30
5439 30
5440 30
5441 30
5442 30
5443 30
5444 30
5445 30
5446 30
5447 30
5448 30
5449 30
5450 30
5451 30
5452 30
5453 30
5454 30
5455 30
5456 30
5457 30
5458 29.9554
5459 29.7608
5460 29.5358
5461 29.2424
5462 28.9692
5463 28.6837
5464 28.3765
5465 28.133
5466 27.8369
5467 27.5533
5468 27.2754
5469 26.9761
5470 26.687
5471 26.435
5472 26.138
5473 25.8557
5474 25.5677
5475 25.2887
5476 25.0018
5477 24.7498
5478 24.4619
5479 24.1862
5480 23.8713
5481 23.6091
5482 23.3121
5483 23.0793
5484 22.7834
5485 22.4842
5486 22.2108
5487 21.9509
5488 21.6607
5489 21.3491
5490 21.0882
5491 20.7911
5492 20.5437
5493 20.2366
5494 19.9744
5495 19.6977
5496 19.3985
5497 19.1184
5498 18.8146
5499 18.5615
5500 18.2567
5501 17.9732
5502 17.7055
5503 17.4163
5504 17.1272
5505 16.8752
5506 16.5962
5507 16.3172
5508 16.0225
5509 15.7705
5510 15.4465
5511 15.1653
5512 14.8773
5513 14.6253
5514 14.3542
5515 14.0415
5516 13.7895
5517 13.4937
5518 13.1978
5519 12.9559
5520 12.6679
5521 12.3665
5522 12.0875
5523 11.8085
5524 11.5104
5525 11.2786
5526 10.9636
5527 10.6858
5528 10.3798
5529 10.1368
5530 9.81956
5531 9.58786
5532 9.28299
5533 8.99388
5534 8.72951
5535 8.4415
5536 8.13891
5537 7.85203
5538 7.58206
5539 7.33122
5540 7.02523
5541 6.73724
5542 6.44924
5543 6.17926
5544 5.89912
5545 5.59315
5546 5.35916
5547 5.03631
5548 4.79334
5549 4.50419
5550 4.23085
5551 3.90686
5552 3.67287
5553 3.36802
5554 3.08902
5555 2.79204
5556 2.53329
5557 2.22396
5558 1.95847
5559 1.66822
5560 1.40837
5561 1.12035
5562 0.813254
5563 0.530894
5564 0.278941
5565 0.0818037
5566 0.0140532
5567 -0.00525063
5568 -0.00594733
5569 -0.00394958
5570 -0.00204749
5571 -0.00103345
5572 -0.000473627
5573 -0.000215737
5574 -0.000114618
5575 -4.09687e-05
5576 -9.47254e-06
5577 4.26264e-06
5578 1.1367e-05
5579 1.42088e-05
5580 1.51561e-05
5581 1.49193e-05
5582 1.44456e-05
5583 1.3972e-05
5584 1.27879e-05
5585 1.18407e-05
5586 1.06566e-05
5587 9.94617e-06
5588 9.47254e-06
5589 8.28847e-06
5590 7.57803e-06
5591 6.63078e-06
5592 6.39396e-06
5593 4.97308e-06
5594 4.26264e-06
5595 3.78902e-06
5596 3.07858e-06
5597 2.60495e-06
5598 2.13132e-06
5599 1.42088e-06
5600 9.47254e-07
5601 4.73627e-07
5602 2.36814e-07
5603 -4.73627e-07
5604 -4.73627e-07
5605 -7.10441e-07
5606 -7.10441e-07
5607 -1.42088e-06
5608 -1.89451e-06
5609 -1.89451e-06
5610 -1.89451e-06
5611 -2.13132e-06
5612 -2.36814e-06
5613 -2.36814e-06
5614 -2.36814e-06
5615 -2.60495e-06
5616 -2.84176e-06
5617 -2.84176e-06
5618 0.00472206
5619 0.148222
5620 0.399358
5621 0.656304
5622 0.928657
5623 1.20532
5624 1.51627
5625 1.81511
5626 2.07869
5627 2.35441
5628 2.62451
5629 2.94513
5630 3.19378
5631 3.46941
5632 3.76973
5633 4.06675
5634 4.31194
5635 4.59656
5636 4.89356
5637 5.18716
5638 5.43242
5639 5.69901
5640 6.01289
5641 6.30198
5642 6.56295
5643 6.84648
5644 7.13218
5645 7.4157
5646 7.71264
5647 7.95789
5648 8.26387
5649 8.55299
5650 8.82299
5651 9.09407
5652 9.39222
5653 9.68018
5654 9.92316
5655 10.2281
5656 10.5036
5657 10.8051
5658 11.0807
5659 11.3192
5660 11.6252
5661 11.9301
5662 12.2136
5663 12.4936
5664 12.7715
5665 13.028
5666 13.3205
5667 13.595
5668 13.8999
5669 14.1496
5670 14.4702
5671 14.7256
5672 15.0057
5673 15.3027
5674 15.5715
5675 15.8482
5676 16.1509
5677 16.395
5678 16.7021
5679 16.9699
5680 17.2567
5681 17.5514
5682 17.7798
5683 18.1049
5684 18.3918
5685 18.6358
5686 18.9239
5687 19.2445
5688 19.5358
5689 19.771
5690 20.0409
5691 20.3559
5692 20.6529
5693 20.9319
5694 21.1872
5695 21.4741
5696 21.7812
5697 22.0276
5698 22.3122
5699 22.6091
5700 22.8623
5701 23.1503
5702 23.4382
5703 23.7049
5704 24.0052
5705 24.3045
5706 24.5486
5707 24.8332
5708 25.1381
5709 25.4227
5710 25.7129
5711 25.9559
5712 26.2551
5713 26.5566
5714 26.8007
5715 27.1022
5716 27.4059
5717 27.65
5718 27.9122
5719 28.226
5720 28.5151
5721 28.8121
5722 29.0833
5723 29.3599
5724 29.6446
5725 29.8839
5726 29.9682
5727 30.0029
5728 30.0062
5729 30.0049
5730 30.0028
5731 30.0012
5732 30.0006
5733 30.0003
5734 30.0001
5735 30
5736 30
5737 30
5738 30
5739 30
5740 30
5741 30
5742 30
5743 30
5744 30
5745 30
5746 30
5747 30
5748 30
5749 30
5750 30
5751 30
5752 30
5753 30
5754 30
5755 30
5756 30
5757 30
5758 30
5759 30
5760 30
5761 30
5762 30
5763 30
5764 30
5765 30
5766 30
5767 30
5768 30
5769 30
5770 30
5771 30
5772 30
5773 30
5774 30
5775 30
5776 30
5777 30
5778 29.9998
5779 29.909
5780 29.7066
5781 29.4427
5782 29.1643
5783 28.8762
5784 28.5639
5785 28.31
5786 28.0272
5787 27.7547
5788 27.4667
5789 27.1842
5790 26.9063
5791 26.6296
5792 26.3225
5793 26.0559
5794 25.787
5795 25.4979
5796 25.1919
5797 24.9613
5798 24.6396
5799 24.3673
5800 24.0715
5801 23.8285
5802 23.5281
5803 23.2525
5804 22.9724
5805 22.6844
5806 22.3942
5807 22.1456
5808 21.8396
5809 21.5415
5810 21.2681
5811 20.9801
5812 20.7371
5813 20.4312
5814 20.1691
5815 19.8811
5816 19.5818
5817 19.3029
5818 19.0227
5819 18.7393
5820 18.4513
5821 18.1982
5822 17.8989
5823 17.6154
5824 17.3646
5825 17.0653
5826 16.7841
5827 16.5141
5828 16.2081
5829 15.9179
5830 15.6738
5831 15.3858
5832 15.0798
5833 14.7873
5834 14.5309
5835 14.2586
5836 13.9639
5837 13.677
5838 13.3935
5839 13.1089
5840 12.8209
5841 12.5881
5842 12.2911
5843 11.993
5844 11.7354
5845 11.4282
5846 11.1481
5847 10.8781
5848 10.5857
5849 10.2988
5850 10.0243
5851 9.7476
5852 9.47084
5853 9.202
5854 8.923
5855 8.63724
5856 8.32903
5857 8.03315
5858 7.80818
5859 7.52355
5860 7.21536
5861 6.93972
5862 6.64387
5863 6.36488
5864 6.11175
5865 5.80241
5866 5.5414
5867 5.24104
5868 4.95082
5869 4.69882
5870 4.40747
5871 4.10484
5872 3.86298
5873 3.56489
5874 3.29376
5875 2.99904
5876 2.69527
5877 2.43544
5878 2.15646
5879 1.87522
5880 1.57711
5881 1.33298
5882 1.01238
5883 0.722133
5884 0.485899
5885 0.188393
5886 0.0509016
5887 0.00412742
5888 -0.00617633
5889 -0.00559448
5890 -0.00342314
5891 -0.00175668
5892 -0.000862238
5893 -0.000368008
5894 -0.000185188
5895 -8.07534e-05
5896 -2.91281e-05
5897 -4.73627e-06
5898 7.81485e-06
5899 1.32616e-05
5900 1.51561e-05
5901 1.53929e-05
5902 1.51561e-05
5903 1.44456e-05
5904 1.3972e-05
5905 1.32616e-05
5906 1.18407e-05
5907 1.11302e-05
5908 9.94617e-06
5909 9.47254e-06
5910 8.28847e-06
5911 7.57803e-06
5912 6.39396e-06
5913 6.15715e-06
5914 5.2099e-06
5915 4.26264e-06
5916 3.5522e-06
5917 2.84176e-06
5918 2.36814e-06
5919 1.89451e-06
5920 1.42088e-06
5921 9.47254e-07
5922 2.36814e-07
5923 -2.36814e-07
5924 -4.73627e-07
5925 -7.10441e-07
5926 -9.47254e-07
5927 -1.18407e-06
5928 -1.65769e-06
5929 -1.65769e-06
5930 -2.13132e-06
5931 -2.36814e-06
5932 -2.36814e-06
5933 -2.60495e-06
5934 -2.84176e-06
5935 -2.60495e-06
5936 -2.60495e-06
5937 -3.07858e-06
5938 -3.31539e-06
5939 0.0388438
5940 0.231912
5941 0.457894
5942 0.739541
5943 1.02055
5944 1.31285
5945 1.60767
