0 0
1 0
2 0
3 0
4 0
5 0
6 0
7 0
8 0
9 0
10 0
11 0
12 0
13 0
14 0
15 0
16 0
17 0
18 0
19 0
20 0
21 0
22 0
23 0
24 0
25 0
26 0
27 0
28 0
29 0
30 0
31 0
32 0
33 0
34 0
35 0
36 0
37 0
38 0
39 0
40 0
41 0
42 0
43 0
44 0
45 0
46 0
47 0
48 0
49 0
50 0
51 0
52 0
53 0
54 0
55 0
56 0
57 0
58 0
59 0
60 0
61 0
62 0
63 0
64 0
65 0
66 0
67 0
68 0
69 0
70 0
71 0
72 0
73 0
74 0
75 0
76 0
77 0
78 0
79 0
80 0
81 0
82 0
83 0
84 0
85 0
86 0
87 0
88 0
89 0
90 0
91 0
92 0
93 0
94 0
95 0
96 0
97 0
98 0
99 0
100 0
101 0
102 0
103 0
104 0
105 0
106 0
107 0.00121
108 0.00121
109 0.00121
110 0.00121
111 0.00121
112 0.00121
113 0.00121
114 0.00121
115 0.00121
116 0.00121
117 0.00121
118 0.00121
119 0.00121
120 0.00121
121 0.00121
122 0.00121
123 0.00242
124 0.00121
125 0.00121
126 0.00242
127 0.00121
128 0.00121
129 0.00121
130 0.00121
131 0.00242
132 0.00242
133 0.00242
134 0.00121
135 0.00242
136 0.00242
137 0.00242
138 0.00242
139 0.00242
140 0.00242
141 0.00121
142 0.00242
143 0.00242
144 0.00242
145 0.00242
146 0.00242
147 0.00242
148 0.00121
149 0.00242
150 0.00242
151 0.00242
152 0.00242
153 0.00242
154 0.00242
155 0.00242
156 0.00242
157 0.00242
158 0.00242
159 0.00242
160 0.00242
161 0.00242
162 0.00242
163 0.00242
164 0.00242
165 0.00242
166 0.00242
167 0.00242
168 0.00242
169 0.00242
170 0.00242
171 0.00242
172 0.00242
173 0.00242
174 0.00242
175 0.00242
176 0.00242
177 0.00242
178 0.00242
179 0.00242
180 0.00242
181 0.00242
182 0.00242
183 0.00242
184 0.00242
185 0.00242
186 0.00242
187 0.00242
188 0.00242
189 0.00242
190 0.00242
191 0.00242
192 0.00242
193 0.00242
194 0.00242
195 0.00242
196 0.00242
197 0.43923
198 0.25168
199 0.11979
200 0.08712
201 0.07381
202 0.08228
203 0.07502
204 0.06655
205 0.08107
206 0.07502
207 0.07623
208 0.06776
209 0.07623
210 0.06897
211 0.07986
212 0.07865
213 0.0726
214 0.07502
215 0.06534
216 0.07744
217 0.06776
218 0.07018
219 0.07502
220 0.06897
221 0.07865
222 0.07502
223 0.07744
224 0.07018
225 0.07865
226 0.07623
227 0.07139
228 0.07139
229 0.07381
230 0.07865
231 0.07502
232 0.08228
233 0.0726
234 0.07502
235 0.07018
236 0.06776
237 0.07744
238 0.07623
239 0.08107
240 0.06897
241 0.07623
242 0.0726
243 0.07623
244 0.07139
245 0.07381
246 0.07744
247 0.07381
248 0.07865
249 0.07502
250 0.07502
251 0.07744
252 0.07139
253 0.07623
254 0.07018
255 0.07865
256 0.07018
257 0.07502
258 0.07623
259 0.07744
260 0.08107
261 0.07139
262 0.07744
263 0.06776
264 0.07623
265 0.07018
266 0.07986
267 0.06776
268 0.07139
269 0.07381
270 0.06776
271 0.07623
272 0.0726
273 0.0726
274 0.08228
275 0.07139
276 0.07381
277 0.07018
278 0.07502
279 0.07139
280 0.07623
281 0.07381
282 0.0726
283 0.06897
284 0.07381
285 0.07139
286 0.07623
287 0.07139
288 0.06413
289 0.07623
290 0.07623
291 0.07865
292 0.06534
293 0.06897
294 -0.19602
295 -0.11132
296 -0.0121
297 0.00605
298 -0.03025
299 -0.01815
300 -0.02178
301 -0.0242
302 -0.02178
303 -0.02057
304 -0.01936
305 -0.01936
306 -0.01815
307 -0.01694
308 -0.01573
309 -0.01573
310 -0.01452
311 -0.01331
312 -0.01331
313 -0.0121
314 -0.01089
315 -0.01089
316 -0.00968
317 -0.00968
318 -0.00968
319 -0.00847
320 -0.00847
321 -0.00847
322 -0.00726
323 -0.00726
324 -0.00726
325 -0.00726
326 -0.00726
327 -0.00605
328 -0.00605
329 -0.00605
330 -0.00605
331 -0.00605
332 -0.00605
333 -0.00605
334 -0.00605
335 -0.00605
336 -0.00605
337 -0.00605
338 -0.00605
339 -0.00605
340 -0.00605
341 -0.00484
342 -0.00484
343 -0.00484
344 -0.00484
345 -0.00484
346 -0.00484
347 -0.00484
348 -0.00484
349 -0.00484
350 -0.00484
351 -0.00484
352 -0.00484
353 -0.00484
354 -0.00484
355 -0.00484
356 -0.00484
357 -0.41866
358 -0.27588
359 -0.17908
360 -0.05203
361 -0.07139
362 -0.06655
363 -0.06897
364 -0.07381
365 -0.06776
366 -0.0726
367 -0.06897
368 -0.07018
369 -0.06897
370 -0.06776
371 -0.06897
372 -0.06897
373 -0.08228
374 -0.07381
375 -0.07018
376 -0.06534
377 -0.07623
378 -0.06776
379 -0.06776
380 -0.06655
381 -0.07018
382 -0.06776
383 -0.06776
384 -0.07139
385 -0.06413
386 -0.06897
387 -0.06897
388 -0.06776
389 -0.07139
390 -0.06413
391 -0.07744
392 -0.06292
393 -0.07865
394 -0.06655
395 -0.06292
396 -0.06776
397 -0.0605
398 -0.0726
399 -0.06413
400 -0.07018
401 -0.06413
402 -0.06897
403 -0.07018
404 -0.06655
405 -0.06776
406 -0.06171
407 -0.07623
408 -0.06292
409 -0.0726
410 -0.06776
411 -0.06776
412 -0.06897
413 -0.07018
414 -0.06413
415 -0.06171
416 -0.07502
417 -0.06413
418 -0.07139
419 -0.06413
420 -0.07018
421 -0.06655
422 -0.06413
423 -0.07381
424 -0.06897
425 -0.0726
426 -0.06534
427 -0.07018
428 -0.06292
429 -0.06655
430 -0.07381
431 -0.06534
432 -0.06776
433 -0.05929
434 -0.07018
435 -0.06776
436 -0.06534
437 -0.06655
438 -0.07018
439 -0.0726
440 -0.06171
441 -0.07139
442 -0.06655
443 -0.07018
444 -0.07381
445 -0.06292
446 -0.07502
447 -0.0605
448 -0.07623
449 -0.06171
450 -0.07139
451 -0.06413
452 -0.06534
453 -0.07018
454 0.25894
455 0.13431
456 0.03872
457 -0.00968
458 0.02178
459 0.02299
460 0.02299
461 0.02783
462 0.02783
463 0.02783
464 0.02783
465 0.02783
466 0.02662
467 0.02662
468 0.02541
469 0.0242
470 0.0242
471 0.02299
472 0.02299
473 0.02178
474 0.02178
475 0.02057
476 0.02057
477 0.01936
478 0.01936
479 0.01936
480 0.01815
481 0.01815
482 0.01815
483 0.01815
484 0.01694
485 0.01694
486 0.01694
487 0.01694
488 0.01694
489 0.01694
490 0.01573
491 0.01573
492 0.01573
493 0.01573
494 0.01573
495 0.01573
496 0.01573
497 0.01573
498 0.01573
499 0.01573
500 0.01573
501 0.01573
502 0.01573
503 0.01573
504 0.01452
505 0.01452
506 0.01452
507 0.01573
508 0.01452
509 0.01452
510 0.01573
511 0.01452
512 0.01452
513 0.01452
514 0.01452
515 0.01452
516 0.01452
517 0.32912
518 0.3146
519 0.19844
520 0.11132
521 0.07381
522 0.07139
523 0.07744
524 0.06897
525 0.07502
526 0.06655
527 0.07623
528 0.06897
529 0.07623
530 0.07381
531 0.07139
532 0.07381
533 0.06292
534 0.07381
535 0.0605
536 0.0726
537 0.06897
538 0.06897
539 0.07623
540 0.06897
541 0.07744
542 0.0605
543 0.07502
544 0.0726
545 0.07018
546 0.07139
547 0.06776
548 0.07623
549 0.06897
550 0.07986
551 0.06776
552 0.07623
553 0.06655
554 0.06534
555 0.07744
556 0.06655
557 0.07744
558 0.06897
559 0.07865
560 0.07381
561 0.06897
562 0.06897
563 0.0726
564 0.07502
565 0.06776
566 0.07865
567 0.06655
568 0.07623
569 0.06171
570 0.07018
571 0.06897
572 0.06776
573 0.07865
574 0.05929
575 0.07139
576 0.06292
577 0.07018
578 0.07623
579 0.0726
580 0.07865
581 0.06413
582 0.07623
583 0.06897
584 0.07139
585 0.06897
586 0.06897
587 0.07381
588 0.06776
589 0.07865
590 0.06534
591 0.07502
592 0.06776
593 0.06897
594 0.07986
595 0.06292
596 0.07623
597 0.06655
598 0.07502
599 0.06897
600 0.0726
601 0.06292
602 0.0726
603 0.07502
604 0.06534
605 0.07986
606 0.06171
607 0.07139
608 0.0605
609 0.08228
610 0.07018
611 0.06534
612 0.07623
613 0.06413
614 -0.38357
615 -0.14883
616 -0.06413
617 0.03872
618 -0.02541
619 -0.02783
620 -0.02299
621 -0.02541
622 -0.02299
623 -0.02178
624 -0.02057
625 -0.01936
626 -0.01815
627 -0.01694
628 -0.01573
629 -0.01573
630 -0.01452
631 -0.01331
632 -0.0121
633 -0.0121
634 -0.01089
635 -0.01089
636 -0.00968
637 -0.00968
638 -0.00847
639 -0.00847
640 -0.00726
641 -0.00726
642 -0.00726
643 -0.00726
644 -0.00605
645 -0.00605
646 -0.00605
647 -0.00605
648 -0.00605
649 -0.00605
650 -0.00605
651 -0.00484
652 -0.00484
653 -0.00484
654 -0.00484
655 -0.00484
656 -0.00484
657 -0.00484
658 -0.00484
659 -0.00484
660 -0.00484
661 -0.00484
662 -0.00484
663 -0.00484
664 -0.00484
665 -0.00484
666 -0.00484
667 -0.00484
668 -0.00484
669 -0.00484
670 -0.00484
671 -0.00484
672 -0.00484
673 -0.00484
674 -0.00484
675 -0.00484
676 -0.00484
677 -0.00484
678 -0.3751
679 -0.25289
680 -0.1331
681 -0.09075
682 -0.06413
683 -0.07502
684 -0.06897
685 -0.06655
686 -0.07986
687 -0.06655
688 -0.07865
689 -0.06897
690 -0.06776
691 -0.06413
692 -0.07018
693 -0.07502
694 -0.06171
695 -0.07018
696 -0.06534
697 -0.07744
698 -0.0726
699 -0.07381
700 -0.06897
701 -0.06897
702 -0.07623
703 -0.06776
704 -0.07502
705 -0.06897
706 -0.06534
707 -0.06897
708 -0.06534
709 -0.07502
710 -0.06776
711 -0.07502
712 -0.06655
713 -0.07865
714 -0.07018
715 -0.06897
716 -0.06655
717 -0.06776
718 -0.07381
719 -0.06776
720 -0.06534
721 -0.06171
722 -0.06897
723 -0.06534
724 -0.06776
725 -0.06655
726 -0.06171
727 -0.07139
728 -0.06534
729 -0.07139
730 -0.06413
731 -0.06655
732 -0.06655
733 -0.0605
734 -0.0726
735 -0.06413
736 -0.07139
737 -0.0605
738 -0.06171
739 -0.06534
740 -0.06897
741 -0.0726
742 -0.06292
743 -0.0726
744 -0.06292
745 -0.07502
746 -0.07381
747 -0.06776
748 -0.06171
749 -0.06534
750 -0.06655
751 -0.05808
752 -0.0726
753 -0.06413
754 -0.06655
755 -0.06776
756 -0.06655
757 -0.06655
758 -0.06534
759 -0.06897
760 -0.06171
761 -0.07139
762 -0.06534
763 -0.06776
764 -0.06897
765 -0.06534
766 -0.06776
767 -0.06655
768 -0.06655
769 -0.05566
770 -0.06655
771 -0.06413
772 -0.06534
773 -0.06534
774 -0.0605
775 0.20086
776 0.10043
777 0.00242
778 0.00242
779 0.02541
780 0.0242
781 0.02541
782 0.02783
783 0.02783
784 0.02783
785 0.02783
786 0.02662
787 0.02541
788 0.02541
789 0.0242
790 0.0242
791 0.02299
792 0.02178
793 0.02178
794 0.02057
795 0.02057
796 0.02057
797 0.01936
798 0.01936
799 0.01815
800 0.01815
801 0.01694
802 0.01694
803 0.01694
804 0.01694
805 0.01694
806 0.01573
807 0.01573
808 0.01573
809 0.01573
810 0.01573
811 0.01573
812 0.01573
813 0.01452
814 0.01452
815 0.01452
816 0.01452
817 0.01452
818 0.01452
819 0.01452
820 0.01452
821 0.01452
822 0.01452
823 0.01452
824 0.01452
825 0.01452
826 0.01452
827 0.01452
828 0.01452
829 0.01452
830 0.01452
831 0.01452
832 0.01452
833 0.01452
834 0.01452
835 0.01452
836 0.01452
837 0.01452
838 0.53361
839 0.28435
840 0.1694
841 0.09317
842 0.07623
843 0.0726
844 0.06776
845 0.07139
846 0.07018
847 0.07986
848 0.06655
849 0.06897
850 0.06655
851 0.0726
852 0.07381
853 0.06897
854 0.08228
855 0.06534
856 0.07986
857 0.0726
858 0.0726
859 0.07623
860 0.07018
861 0.07865
862 0.06413
863 0.07744
864 0.07139
865 0.0726
866 0.07502
867 0.07502
868 0.08228
869 0.06655
870 0.08107
871 0.07018
872 0.07744
873 0.06655
874 0.06776
875 0.06776
876 0.06776
877 0.07744
878 0.07018
879 0.07986
880 0.06655
881 0.07623
882 0.0726
883 0.06776
884 0.06534
885 0.0726
886 0.07502
887 0.06534
888 0.07623
889 0.06655
890 0.07139
891 0.07986
892 0.06897
893 0.08228
894 0.06655
895 0.07744
896 0.06776
897 0.08107
898 0.06776
899 0.06171
900 0.06897
901 0.06534
902 0.07502
903 0.06534
904 0.07502
905 0.06897
906 0.0726
907 0.07381
908 0.06534
909 0.08591
910 0.06534
911 0.07744
912 0.06655
913 0.0726
914 0.06655
915 0.0605
916 0.07018
917 0.0726
918 0.07623
919 0.06171
920 0.07502
921 0.06413
922 0.0726
923 0.07744
924 0.06534
925 0.07139
926 0.06413
927 0.0726
928 0.06413
929 0.07381
930 0.06171
931 0.07381
932 0.07744
933 0.06897
934 0.07381
935 -0.25894
936 -0.13068
937 -0.02662
938 0.00968
939 -0.02541
940 -0.02057
941 -0.02662
942 -0.02541
943 -0.02299
944 -0.02178
945 -0.02057
946 -0.01936
947 -0.01815
948 -0.01694
949 -0.01694
950 -0.01573
951 -0.01452
952 -0.01331
953 -0.0121
954 -0.0121
955 -0.01089
956 -0.01089
957 -0.00968
958 -0.00968
959 -0.00847
960 -0.00847
961 -0.00847
962 -0.00726
963 -0.00726
964 -0.00726
965 -0.00726
966 -0.00605
967 -0.00605
968 -0.00605
969 -0.00605
970 -0.00605
971 -0.00605
972 -0.00605
973 -0.00484
974 -0.00484
975 -0.00484
976 -0.00484
977 -0.00484
978 -0.00484
979 -0.00484
980 -0.00484
981 -0.00484
982 -0.00484
983 -0.00484
984 -0.00484
985 -0.00484
986 -0.00484
987 -0.00484
988 -0.00484
989 -0.00484
990 -0.00484
991 -0.00484
992 -0.00484
993 -0.00484
994 -0.00484
995 -0.00484
996 -0.00484
997 -0.00484
998 -0.01573
999 -0.28919
1000 -0.18876
1001 -0.11495
1002 -0.08107
1003 -0.07139
1004 -0.07139
1005 -0.06655
1006 -0.07018
1007 -0.06897
1008 -0.06776
1009 -0.06534
1010 -0.07139
1011 -0.06897
1012 -0.06897
1013 -0.07502
1014 -0.06776
1015 -0.07139
1016 -0.06655
1017 -0.06776
1018 -0.07018
1019 -0.06413
1020 -0.07018
1021 -0.06413
1022 -0.07381
1023 -0.06897
1024 -0.06534
1025 -0.0605
1026 -0.06655
1027 -0.06897
1028 -0.06292
1029 -0.07381
1030 -0.06171
1031 -0.07744
1032 -0.06413
1033 -0.06655
1034 -0.06655
1035 -0.06292
1036 -0.06534
1037 -0.06171
1038 -0.06897
1039 -0.06534
1040 -0.06776
1041 -0.05929
1042 -0.06534
1043 -0.06897
1044 -0.06776
1045 -0.0726
1046 -0.06292
1047 -0.07381
1048 -0.06655
1049 -0.06292
1050 -0.06534
1051 -0.06534
1052 -0.07018
1053 -0.06292
