0 0
1 0
2 0.00378902
3 0
4 0
5 0
6 0
7 -0.00378902
8 0
9 0
10 -0.00378902
11 0.00378902
12 0
13 0.00378902
14 0
15 0
16 0
17 -0.00378902
18 0
19 0
20 -0.00378902
21 0.00757803
22 0
23 0
24 0
25 -0.00378902
26 -0.00378902
27 -0.00378902
28 0
29 -0.00378902
30 0
31 0
32 0
33 0
34 0
35 0
36 -0.00378902
37 0.00378902
38 0
39 0
40 0
41 0
42 0
43 0.00378902
44 -0.00378902
45 0
46 0.00757803
47 0
48 0.00378902
49 0.00378902
50 0.00378902
51 0.00378902
52 -0.00378902
53 -0.00378902
54 0
55 0.00378902
56 0.00757803
57 0
58 0
59 -0.00757803
60 0
61 0.00378902
62 0
63 0.00378902
64 0.00378902
65 0
66 0
67 -0.00378902
68 0.00378902
69 0
70 -0.00378902
71 0.00378902
72 0
73 -0.00757803
74 0
75 0.00378902
76 -0.00757803
77 0
78 0
79 0
80 0
81 -0.00378902
82 0.00378902
83 0.00378902
84 0
85 0
86 -0.00378902
87 0.00757803
88 0
89 0
90 0.00378902
91 0.00757803
92 0
93 0
94 0
95 0
96 0
97 -0.00378902
98 0
99 -0.00378902
100 -0.011367
101 -0.00378902
102 -0.00378902
103 -0.00378902
104 0.00378902
105 -0.00378902
106 0.00757803
107 -0.00378902
108 0
109 0.00378902
110 -0.00378902
111 0.00378902
112 0
113 0.00757803
114 -0.00378902
115 -0.00378902
116 0.00378902
117 -0.00378902
118 0
119 0
120 0
121 0.00378902
122 0
123 0
124 0.00757803
125 0
126 0
127 0.00378902
128 0.00757803
129 0.00378902
130 0.00378902
131 0
132 0.00378902
133 0
134 -0.00378902
135 0
136 -0.00378902
137 0
138 0.00757803
139 0
140 0
141 0
142 0
143 0.00378902
144 0.00378902
145 0.00378902
146 0
147 -0.00378902
148 0.00378902
149 0
150 -0.00378902
151 0.00378902
152 0
153 0
154 0
155 0
156 0
157 0
158 0.00378902
159 0.00378902
160 0
161 -0.00757803
162 0.00757803
163 0
164 0.00378902
165 0.00378902
166 0
167 0
168 -0.00378902
169 -0.00378902
170 -0.00378902
171 0
172 0.00378902
173 0.00378902
174 0
175 0.00757803
176 0.00378902
177 0
178 0
179 -0.00378902
180 -0.00378902
181 0.00378902
182 0
183 0
184 0.00757803
185 -0.00378902
186 -0.00378902
187 -0.00378902
188 0.00378902
189 0
190 0.00378902
191 0
192 0
193 -0.00757803
194 0
195 0
196 0.00378902
197 -0.00378902
198 0
199 0
200 0.00378902
201 0
202 0
203 0.00378902
204 0.00378902
205 0.00378902
206 0
207 -0.00378902
208 0.00378902
209 0.00757803
210 0.00378902
211 0.00378902
212 0.00378902
213 -0.00378902
214 0.00757803
215 -0.00378902
216 -0.00378902
217 0.00378902
218 0
219 -0.00378902
220 -0.00757803
221 0
222 0
223 0
224 0
225 -0.00378902
226 0.011367
227 -0.00378902
228 0
229 -0.00378902
230 -0.00378902
231 0
232 0.00378902
233 0.00378902
234 -0.00378902
235 0
236 -0.00378902
237 -0.00378902
238 0
239 0
240 -0.00378902
241 0
242 0.00757803
243 0.00378902
244 0
245 0
246 0
247 0
248 -0.00757803
249 -0.00378902
250 -0.00378902
251 -0.00378902
252 0.00378902
253 -0.00378902
254 0
255 0.00378902
256 0
257 0
258 -0.00378902
259 0
260 0
261 -0.00378902
262 0
263 0.00378902
264 0.00378902
265 -0.00378902
266 0
267 0.00378902
268 0
269 0.00378902
270 0.00378902
271 -0.00378902
272 0.00757803
273 0.00378902
274 0
275 0
276 0.00378902
277 0
278 0
279 -0.00378902
280 0
281 0.00378902
282 0
283 -0.00378902
284 0
285 0.00378902
286 0
287 -0.00757803
288 0.00378902
289 0
290 0.00757803
291 0
292 -0.00378902
293 0
294 0.00378902
295 0
296 0.00378902
297 0.00757803
298 0.00378902
299 0.00378902
300 0
301 -0.00378902
302 0
303 -0.00757803
304 0.00378902
305 -0.00378902
306 0
307 0.00378902
308 0.00378902
309 0
310 0.00378902
311 0.00378902
312 6.08516
313 12.1211
314 15.4024
315 16.02
316 15.9821
317 15.9783
318 16.198
319 15.9555
320 16.1715
321 16.0275
322 15.9783
323 16.2208
324 15.8836
325 15.804
326 16.073
327 16.0124
328 15.8532
329 16.0427
330 16.0313
331 15.857
332 15.7926
333 16.1185
334 15.6221
335 15.9669
336 15.8836
337 16.0351
338 15.8798
339 16.0124
340 15.9366
341 15.9555
342 15.9328
343 15.8873
344 15.8154
345 16.0578
346 16.1488
347 16.1829
348 16.092
349 16.092
350 15.7358
351 16.2397
352 16.1867
353 16.0389
354 15.8495
355 15.9707
356 15.804
357 15.785
358 15.804
359 15.9783
360 16.2852
361 16.092
362 15.8987
363 16.1109
364 16.27
365 16.1298
366 16.001
367 15.9783
368 16.0124
369 15.8798
370 15.9404
371 15.7737
372 16.0275
373 15.8381
374 16.0313
375 16.0086
376 15.876
377 15.9177
378 16.073
379 15.9518
380 15.9366
381 16.0578
382 16.0465
383 15.9101
384 16.0162
385 15.7509
386 16.0086
387 16.0882
388 15.9025
389 16.0427
390 16.001
391 16.0389
392 15.8873
393 15.785
394 15.8381
395 16.2928
396 15.8457
397 15.929
398 16.1412
399 16.0124
400 15.66
401 15.9328
402 15.8722
403 16.0048
404 15.9783
405 16.0427
406 15.8836
407 16.0844
408 15.9518
409 15.876
410 16.0654
411 15.9139
412 15.732
413 15.857
414 16.0389
415 15.9821
416 15.9821
417 15.9859
418 16.1753
419 15.713
420 15.8532
421 15.9821
422 15.8419
423 16.2435
424 15.8419
425 16.001
426 15.9896
427 15.9859
428 16.0654
429 15.8987
430 16.02
431 15.929
432 16.0389
433 16.0086
434 16.0541
435 15.9555
436 16.27
437 16.1677
438 16.2018
439 16.092
440 16.145
441 16.092
442 16.2852
443 15.9139
444 16.2018
445 16.0616
446 16.0162
447 16.02
448 16.1564
449 15.8873
450 16.1639
451 15.8381
452 15.8191
453 16.1715
454 16.1147
455 16.1791
456 16.0048
457 15.948
458 16.1412
459 15.8305
460 15.8154
461 15.9328
462 15.9934
463 16.1791
464 16.1071
465 16.0616
466 15.9821
467 15.8078
468 15.8078
469 16.1223
470 16.1564
471 16.0692
472 15.9328
473 16.0465
474 15.9745
475 15.7623
476 15.7661
477 15.9821
478 16.1602
479 15.9404
480 15.9783
481 16.0465
482 15.9745
483 15.785
484 16.0313
485 15.9783
486 16.0086
487 15.9934
488 16.0124
489 15.9593
490 16.1109
491 15.8949
492 15.7964
493 15.8343
494 15.7472
495 15.9593
496 15.9328
497 15.9593
498 16.1261
499 15.7434
500 16.02
501 16.02
502 15.948
503 16.02
504 16.0844
505 15.8949
506 15.9518
507 16.0389
508 16.1602
509 16.02
510 15.8229
511 16.289
512 15.8154
513 16.0692
514 15.9177
515 15.9972
516 15.8646
517 15.9972
518 16.0616
519 16.0389
520 15.8267
521 15.9669
522 15.9328
523 15.7926
524 15.8646
525 16.0048
526 16.1564
527 16.073
528 16.2284
529 16.0503
530 16.0162
531 16.2852
532 16.001
533 15.8873
534 16.0541
535 16.1109
536 15.929
537 15.7926
538 16.1867
539 16.1033
540 15.8267
541 15.9404
542 15.9707
543 16.1715
544 16.02
545 15.9101
546 15.9669
547 15.8646
548 16.0238
549 15.3493
550 -0.443315
551 -11.3178
552 -14.9287
553 -16.02
554 -16.3041
555 -16.0275
556 -16.0957
557 -15.8798
558 -16.1526
559 -16.1223
560 -15.7547
561 -16.0048
562 -15.9821
563 -16.1639
564 -16.0275
565 -15.8457
566 -16.0806
567 -15.9442
568 -16.0313
569 -15.7282
570 -16.1033
571 -15.732
572 -16.0806
573 -16.1412
574 -15.8419
575 -15.9555
576 -16.0957
577 -16.1147
578 -15.9745
579 -15.9934
580 -15.9366
581 -16.02
582 -15.9631
583 -16.0768
584 -16.1943
585 -15.804
586 -15.9669
587 -15.9669
588 -16.001
589 -16.1223
590 -15.9783
591 -16.1298
592 -16.2435
593 -16.092
594 -15.785
595 -16.0086
596 -15.9328
597 -16.342
598 -16.1033
599 -16.0692
600 -15.6941
601 -16.0768
602 -15.8267
603 -16.0048
604 -15.9859
605 -16.1147
606 -15.9896
607 -16.1185
608 -16.2321
609 -16.1298
610 -10.2341
611 -3.99741
612 -0.647922
613 0.011367
614 0.0303121
615 0.0985144
616 0.0795693
617 0.0492572
618 0.0378902
619 0.011367
620 0.0189451
621 0.00757803
622 0.00757803
623 0
624 0
625 0
626 -0.00378902
627 -0.00378902
628 -0.00378902
629 0
630 0
631 0
632 0.0227341
633 8.50634
634 13.5912
635 15.7168
636 16.0882
637 16.1488
638 15.929
639 15.7585
640 15.8191
641 16.0541
642 16.1261
643 15.8798
644 15.9518
645 15.9328
646 16.1488
647 16.0124
648 15.9821
649 15.8949
650 15.9101
651 15.9555
652 16.0427
653 15.8798
654 16.0578
655 16.0427
656 15.948
657 16.1791
658 16.0541
659 15.8911
660 16.0654
661 16.0313
662 15.9404
663 16.1753
664 15.9631
665 16.0313
666 15.876
667 15.9366
668 16.1033
669 16.0389
670 16.0124
671 15.804
672 15.9631
673 16.0086
674 15.929
675 15.9783
676 15.9555
677 16.0313
678 16.1071
679 16.1564
680 15.948
681 16.2511
682 15.9101
683 15.9745
684 16.0541
685 16.0465
686 16.0768
687 16.1829
688 16.3079
689 15.9859
690 16.0427
691 15.9404
692 15.7623
693 7.92283
694 2.38708
695 0.348589
696 -0.0265231
697 -0.0719913
698 -0.0947254
699 -0.0833584
700 -0.0530462
701 -0.0303121
702 -0.0151561
703 -0.00378902
704 -0.011367
705 -0.00757803
706 -0.00378902
707 -0.00378902
708 0.00378902
709 -0.00757803
710 0.00378902
711 0.00378902
712 0
713 0
714 -0.00378902
715 0
716 -0.00378902
717 -0.00378902
718 -0.011367
719 0
720 -0.00757803
721 -0.00757803
722 0.00378902
723 0.00378902
724 -0.00378902
725 0
726 0.00378902
727 0
728 -0.00378902
729 -0.00378902
730 0
731 0
732 -0.00378902
733 -0.00378902
734 -0.00378902
735 0
736 -0.00378902
737 -0.00378902
738 -0.00378902
739 0.00378902
740 0
741 0
742 0
743 0.00378902
744 0.00378902
745 0.00378902
746 0
747 -0.00378902
748 0.00378902
749 0.00378902
750 -0.00378902
751 -0.00378902
752 0
753 0.00378902
754 0
755 0
756 0.00378902
757 0.00378902
758 0
759 -0.00378902
760 -0.00378902
761 -0.00378902
762 0.00378902
763 -0.00757803
764 0.00378902
765 -0.00378902
766 0.00378902
767 0.00378902
768 0
769 0.00378902
770 -0.00378902
771 -0.00757803
772 -0.00757803
773 -0.00378902
774 0
775 -0.00757803
776 -0.00378902
777 0
778 0
779 0.00378902
780 0
781 0.00757803
782 -0.00378902
783 -0.00757803
784 0
785 0.00378902
786 0.00757803
787 -0.00378902
788 0.00378902
789 0.00378902
790 -0.00378902
791 0.00757803
792 -0.00378902
793 -6.26324
794 -12.2764
795 -14.9969
796 -16.0313
797 -16.1905
798 -16.2776
799 -16.0389
800 -15.8987
801 -16.1298
802 -16.0882
803 -16.1564
804 -15.8229
805 -16.0465
806 -16.0313
807 -16.0692
808 -16.0048
809 -15.8949
810 -16.2246
811 -15.9669
812 -15.9442
813 -15.8949
814 -16.0541
815 -16.1715
816 -15.9859
817 -16.02
818 -15.9404
819 -16.0616
820 -15.7813
821 -16.2246
822 -16.092
823 -16.2018
824 -16.092
825 -16.0427
826 -16.0351
827 -16.0616
828 -16.1564
829 -15.8381
830 -16.0654
831 -16.0844
832 -15.8457
833 -15.8381
834 -15.9934
835 -15.7813
836 -16.0578
837 -15.9101
838 -15.9555
839 -15.8343
840 -15.9555
841 -15.9063
842 -15.9859
843 -15.8457
844 -15.9631
845 -15.876
846 -16.0465
847 -16.0465
848 -15.9555
849 -15.8078
850 -16.1109
851 -16.0654
852 -16.0427
853 -10.2455
854 -3.76628
855 -0.829795
856 0.011367
857 0.0530462
858 0.102303
859 0.0871474
860 0.0568352
861 0.0227341
862 0.011367
863 0.00757803
864 -0.00378902
865 0.00378902
866 0.00757803
867 0.00378902
868 0
869 0
870 0
871 0
872 -0.00378902
873 0.00378902
874 0
875 -0.00757803
876 -0.00378902
877 0
878 0.00378902
879 0.00378902
880 0.00378902
881 0.00378902
882 -0.00378902
883 -0.00757803
884 -0.00378902
885 0
886 0
887 0.00378902
888 0.00378902
889 -0.00378902
890 0.00378902
891 -0.00378902
892 0
893 0
894 0
895 0
896 -0.00757803
897 0
898 0.00378902
899 -0.00378902
900 -0.00757803
901 0
902 0
903 0
904 0
905 0
906 0
907 0
908 0
909 -0.00378902
910 -0.00378902
911 0.00757803
912 -0.00757803
913 0
914 -0.00378902
915 0.00378902
916 0
917 0
918 0
919 0
920 0
921 0
922 0
923 0
924 0
925 -0.00378902
926 0.00378902
927 -0.00378902
928 0.00378902
929 0
930 0
931 0.00378902
932 0.00757803
933 0
934 0
935 -0.00378902
936 0
937 0
938 0.00378902
939 0
940 0
941 0.00757803
942 0
943 0.00757803
944 0
945 0
946 0.00757803
947 -0.00378902
948 0
949 0.00757803
950 0.00378902
951 0.00378902
952 -0.00757803
953 2.1029
954 10.9654
955 14.7317
956 16.0124
957 16.3648
958 16.3307
959 16.1791
960 16.1336
961 16.2094
962 15.9518
963 16.1526
964 15.9934
965 16.0692
966 16.0844
967 16.1867
968 15.9177
969 16.0654
970 15.9934
971 16.1905
972 15.9404
973 15.7244
974 15.9669
975 16.0768
976 15.9139
977 16.0086
978 16.1033
979 15.7699
980 16.0541
981 16.0351
982 15.9745
983 16.0162
984 16.1867
985 15.7358
986 16.2056
987 15.929
988 16.0616
989 16.0124
990 15.8078
991 15.8002
992 15.9593
993 15.6448
994 16.0616
995 15.9214
996 15.8798
997 15.7547
998 15.9934
999 15.9631
1000 16.198
1001 16.073
1002 16.1943
1003 16.0654
1004 15.8532
1005 16.0124
1006 15.9555
1007 16.001
1008 15.948
1009 15.9366
1010 15.9859
1011 16.1526
1012 16.092
1013 14.0269
1014 4.98635
1015 1.40194
1016 0.0568352
1017 -0.0454682
1018 -0.0985144
1019 -0.102303
1020 -0.0682023
1021 -0.0454682
1022 -0.0265231
1023 -0.0151561
1024 0
1025 0
1026 0.00378902
1027 -0.00757803
1028 0.00378902
1029 0.00378902
1030 0.00378902
1031 0
1032 -0.00378902
1033 0.00378902
1034 -0.00378902
1035 -0.00378902
1036 -0.00378902
1037 0
1038 0.00378902
1039 0.00378902
1040 0
1041 0.00378902
1042 0
1043 0.00378902
1044 0
1045 0
1046 -0.00378902
1047 0
1048 -0.00378902
1049 0.00757803
1050 0.00378902
1051 -0.00378902
1052 0
1053 0
1054 -0.00378902
1055 0.00378902
1056 0.00757803
1057 0.011367
1058 0
1059 0
1060 -0.00378902
1061 0.00378902
1062 -0.00757803
1063 -0.00378902
1064 0.00378902
1065 0.00378902
1066 0
1067 0
1068 -0.00378902
1069 0
1070 -0.00378902
1071 -0.00378902
1072 0
1073 -0.00378902
1074 0
1075 0
1076 0.00378902
1077 0
1078 0.00378902
1079 0
1080 -0.00378902
1081 0
1082 -0.00378902
1083 0
1084 -0.00378902
1085 -0.00378902
1086 0
1087 0.00378902
1088 0.00378902
1089 -0.00378902
1090 0
1091 -0.00378902
1092 0
1093 0
1094 0
1095 -0.00378902
1096 0
1097 0.00378902
1098 -0.011367
1099 0
1100 -0.00378902
1101 -0.00378902
1102 0
1103 0.00378902
1104 0.00378902
1105 -0.00757803
1106 -0.00757803
1107 -0.00757803
1108 0
1109 -0.00378902
1110 -0.00378902
1111 0
1112 -0.00378902
1113 -0.170506
1114 -9.39676
1115 -13.9095
1116 -15.8229
1117 -16.1374
1118 -16.289
1119 -16.0995
1120 -16.0995
1121 -16.0048
1122 -16.0654
1123 -15.8836
1124 -16.1943
1125 -15.9101
1126 -16.0238
1127 -15.8002
1128 -16.0238
1129 -16.073
1130 -15.9896
1131 -16.0768
1132 -16.0503
1133 -15.9252
1134 -16.1185
1135 -16.0957
1136 -16.1223
1137 -16.0124
1138 -16.0124
1139 -15.7661
1140 -16.1412
1141 -15.8987
1142 -15.9896
1143 -15.9669
1144 -15.9177
1145 -16.1071
1146 -15.9821
1147 -16.0844
1148 -15.9783
1149 -15.9555
1150 -15.9821
1151 -15.8646
1152 -15.9631
1153 -16.2852
1154 -16.0654
1155 -15.929
1156 -15.8457
1157 -16.2587
1158 -15.9177
1159 -16.0238
1160 -15.9252
1161 -15.9934
1162 -15.9328
1163 -16.1412
1164 -15.9139
1165 -15.948
1166 -15.8911
1167 -15.9442
1168 -16.2246
1169 -16.2587
1170 -16.1412
1171 -15.785
1172 -16.2018
1173 -15.8646
1174 -6.69898
1175 -2.01197
1176 -0.250075
1177 0.0303121
1178 0.0947254
1179 0.0985144
1180 0.0795693
1181 0.0416792
1182 0.0227341
1183 0.011367
1184 0.011367
1185 0.00378902
1186 0.00378902
1187 -0.00378902
1188 0.00378902
1189 -0.00378902
1190 0.00378902
1191 -0.00378902
1192 -0.00378902
1193 0.00378902
1194 0
1195 -0.00378902
1196 -0.00378902
1197 -0.00757803
1198 -0.00378902
1199 -0.00757803
1200 0
1201 0
1202 0.00757803
1203 0.00378902
1204 0.00378902
1205 0.00378902
1206 0.00757803
1207 0.00378902
1208 0.00378902
1209 0
1210 0
1211 0
1212 -0.00757803
1213 0
1214 0
1215 -0.00757803
1216 0.00378902
1217 0
1218 0.00378902
1219 0
1220 0.00757803
1221 -0.00378902
1222 0
1223 0
1224 0
1225 0
1226 0.00378902
1227 0
1228 0.00757803
1229 0.00378902
1230 0
1231 0
1232 -0.00378902
1233 0.00378902
1234 -0.00757803
1235 -0.00378902
1236 0.00757803
1237 -0.00378902
1238 0
1239 0.00757803
1240 -0.00378902
1241 0
1242 -0.00378902
1243 -0.00378902
1244 -0.00378902
1245 0.00757803
1246 0
1247 0.00378902
1248 0.00757803
1249 -0.00378902
1250 0.011367
1251 0
1252 0
1253 0
1254 -0.00378902
1255 0
1256 0.00378902
1257 -0.00757803
1258 0
1259 0
1260 0
1261 -0.00378902
1262 0
1263 0.00378902
1264 0
1265 0.00378902
1266 -0.00378902
1267 0
1268 -0.00378902
1269 0
1270 -0.00378902
1271 0.00378902
1272 -0.00378902
1273 0.00378902
1274 6.98316
1275 12.7463
1276 15.5009
1277 16.0768
1278 16.2435
1279 16.2132
1280 16.27
1281 15.8419
1282 15.7396
1283 16.1564
1284 16.0465
1285 15.8495
1286 15.9518
1287 16.1639
1288 16.0465
1289 16.0048
1290 16.1336
1291 15.7168
1292 15.929
1293 16.0768
1294 16.0957
1295 16.0162
1296 16.092
1297 16.0692
1298 15.9821
1299 16.0048
1300 15.7737
1301 15.9972
1302 16.0957
1303 16.0957
1304 15.8836
1305 16.1223
1306 16.1109
1307 16.0806
1308 15.8419
1309 15.9555
1310 15.9707
1311 16.0086
1312 15.7244
1313 15.8229
1314 15.7093
1315 15.948
1316 16.0124
1317 16.0503
1318 16.1639
1319 15.8722
1320 16.2587
1321 16.0048
1322 15.9972
1323 15.7623
1324 16.1564
1325 16.2397
1326 15.9442
1327 15.7017
1328 15.8229
1329 15.9859
1330 16.02
1331 15.9404
1332 15.9631
1333 16.0389
1334 9.74914
1335 3.42527
1336 0.689601
1337 -0.011367
1338 -0.0568352
1339 -0.11367
1340 -0.0947254
1341 -0.0530462
1342 -0.0341011
1343 -0.0189451
1344 -0.00757803
1345 0
1346 -0.00378902
1347 0
1348 0.00378902
1349 0
1350 0.00757803
1351 0
1352 0
1353 0
1354 0.00378902
1355 -0.00378902
1356 -0.00378902
1357 -0.00378902
1358 0.00378902
1359 0.00378902
1360 0
1361 0
1362 0
1363 0
1364 0.00378902
1365 0
1366 0
1367 0.00378902
1368 -0.00757803
1369 -0.00378902
1370 0.00378902
1371 0
1372 -0.00757803
1373 0.00378902
1374 -0.00378902
1375 -0.00378902
1376 0
1377 0.00378902
1378 0
1379 0
1380 0.00757803
1381 0.00378902
