0 1.15853
1 1.15853
2 1.15853
3 1.15853
4 1.15853
5 1.15853
6 1.15853
7 1.15853
8 1.15853
9 1.15853
10 1.15853
11 1.15853
12 1.15853
13 1.15853
14 1.15853
15 1.15853
16 1.15853
17 1.15853
18 1.15853
19 1.15853
20 1.15853
21 1.15853
22 1.15853
23 1.15853
24 1.15853
25 1.15853
26 1.15853
27 1.15853
28 1.15853
29 1.15853
30 1.15853
31 1.15853
32 1.15853
33 1.15853
34 1.15853
35 1.15853
36 1.15853
37 1.15853
38 1.15853
39 1.15853
40 1.15853
41 1.15853
42 1.15853
43 1.15853
44 1.15853
45 1.15853
46 1.15853
47 1.15853
48 1.15853
49 1.15853
50 1.15853
51 1.15853
52 1.15853
53 1.15853
54 1.15853
55 1.15853
56 1.15853
57 1.15853
58 1.15853
59 1.15853
60 1.15853
61 1.15853
62 1.15853
63 1.15853
64 1.15853
65 1.15853
66 1.15853
67 1.15853
68 1.15853
69 1.15853
70 1.15853
71 1.15853
72 1.15853
73 1.15853
74 1.15853
75 1.15853
76 1.15853
77 1.15853
78 1.15853
79 1.15853
80 1.15853
81 1.15853
82 1.15853
83 1.15853
84 1.15853
85 1.15853
86 1.15853
87 1.15853
88 1.15853
89 1.15853
90 1.15853
91 1.15853
92 1.15853
93 1.15853
94 1.15853
95 1.15853
96 1.15853
97 1.15853
98 1.15853
99 1.15853
100 1.15853
101 1.15853
102 1.15853
103 1.15853
104 1.15853
105 1.15853
106 1.15853
107 1.15853
108 1.15853
109 1.15853
110 1.15853
111 1.15853
112 1.15853
113 1.15853
114 1.15853
115 1.15853
116 1.15853
117 1.15853
118 1.15853
119 1.15853
120 1.15853
121 1.15853
122 1.15853
123 1.15853
124 1.15853
125 1.15853
126 1.15853
127 1.15853
128 1.15853
129 1.15853
130 1.15853
131 1.15853
132 1.15853
133 1.15853
134 1.15853
135 1.15853
136 1.15853
137 1.15853
138 1.15853
139 1.15853
140 1.15853
141 1.15853
142 1.15853
143 1.15853
144 1.15853
145 1.15853
146 1.15853
147 1.15853
148 1.15853
149 1.15853
150 1.15853
151 1.15853
152 1.15853
153 1.15853
154 1.15853
155 1.15853
156 1.15853
157 1.15853
158 1.15853
159 1.15853
160 1.15853
161 1.15853
162 1.15853
163 1.15853
164 1.15853
165 1.15853
166 1.15853
167 1.15853
168 1.15853
169 1.15853
170 1.15853
171 1.15853
172 1.15853
173 1.15853
174 1.15853
175 1.15853
176 1.15853
177 1.15853
178 1.15853
179 1.15853
180 1.15853
181 1.15853
182 1.15853
183 1.15853
184 1.15853
185 1.15853
186 1.15853
187 1.15853
188 1.15853
189 1.15853
190 1.15853
191 1.15853
192 1.15853
193 1.15853
194 1.15853
195 1.15853
196 1.15853
197 1.15853
198 1.15853
199 1.15853
200 1.15853
201 1.15853
202 1.15853
203 1.15853
204 1.15853
205 1.15853
206 1.15853
207 1.15853
208 1.15853
209 1.15853
210 1.15853
211 1.15853
212 1.15853
213 1.15853
214 1.15853
215 1.15853
216 1.15853
217 1.15853
218 1.15853
219 1.15853
220 1.15853
221 1.15853
222 1.15853
223 1.15853
224 1.15853
225 1.15853
226 1.15853
227 1.15853
228 1.15853
229 1.15853
230 1.15853
231 1.15853
232 1.15853
233 1.15853
234 1.15853
235 1.15853
236 1.15853
237 1.15853
238 1.15853
239 1.15853
240 1.15853
241 1.15853
242 1.15853
243 1.15853
244 1.15853
245 1.15853
246 1.15853
247 1.15853
248 1.15853
249 1.15853
250 1.15853
251 1.15853
252 1.15853
253 1.15853
254 1.15853
255 1.15853
256 1.15853
257 1.15853
258 1.15853
259 1.15853
260 1.15853
261 1.15853
262 1.15853
263 1.15853
264 1.15853
265 1.15853
266 1.15853
267 1.15853
268 1.15853
269 1.15853
270 1.15853
271 1.15853
272 1.15853
273 1.15853
274 1.15853
275 1.15853
276 1.15853
277 1.15853
278 1.15853
279 1.15853
280 1.15853
281 1.15853
282 1.15853
283 1.15853
284 1.15853
285 1.15853
286 1.15853
287 1.15853
288 1.15853
289 1.15853
290 1.15853
291 1.15853
292 1.15853
293 1.15853
294 1.15853
295 1.15853
296 1.15853
297 1.15853
298 1.15853
299 1.15853
300 1.15853
301 1.15853
302 1.15853
303 1.15853
304 1.15853
305 1.15853
306 1.15853
307 1.15853
308 1.15853
309 1.15853
310 1.15853
311 1.15853
312 1.15853
313 1.15853
314 1.15853
315 1.15853
316 1.15853
317 1.15853
318 1.15853
319 1.15853
320 1.15853
321 1.15853
322 1.15853
323 1.15853
324 1.16628
325 1.22067
326 1.29483
327 1.39775
328 1.48433
329 1.59278
330 1.68614
331 1.77667
332 1.87244
333 1.95951
334 2.05257
335 2.14966
336 2.24226
337 2.33228
338 2.42944
339 2.5228
340 2.60866
341 2.70615
342 2.79915
343 2.88917
344 2.98891
345 3.08266
346 3.17865
347 3.27203
348 3.36727
349 3.45767
350 3.55328
351 3.64816
352 3.73853
353 3.82815
354 3.92415
355 4.02017
356 4.12215
357 4.21553
358 4.30814
359 4.40115
360 4.48891
361 4.57964
362 4.67565
363 4.77164
364 4.87104
365 4.953
366 4.9897
367 5.0007
368 5.00221
369 5.0019
370 5.00122
371 5.00071
372 5.00038
373 5.00016
374 5.00003
375 4.99998
376 4.99997
377 4.99998
378 4.99997
379 4.99997
380 4.99997
381 4.99998
382 4.99998
383 4.99998
384 4.99998
385 4.99998
386 4.99998
387 4.99998
388 4.99998
389 4.99999
390 4.99999
391 4.99999
392 4.99999
393 4.99999
394 4.99999
395 4.99999
396 4.99999
397 4.99999
398 4.99999
399 4.99999
400 4.99999
401 4.99999
402 4.99999
403 5
404 5
405 4.99999
406 4.99999
407 5
408 5
409 5
410 5
411 5
412 5
413 5
414 5
415 5
416 5
417 5
418 5
419 5
420 5
421 5
422 5
423 5
424 5
425 5
426 5
427 5
428 5
429 5
430 5
431 5
432 5
433 5
434 5
435 5
436 5
437 5
438 5
439 5
440 5
441 5
442 5
443 5
444 5
445 5
446 5
447 5
448 5
449 5
450 5
451 5
452 5
453 5
454 5
455 5
456 5
457 5
458 5
459 5
460 5
461 5
462 5
463 5
464 5
465 5
466 5
467 5
468 5
469 5
470 5
471 5
472 5
473 5
474 5
475 5
476 5
477 5
478 5
479 5
480 5
481 5
482 5
483 5
484 4.99818
485 4.95014
486 4.88445
487 4.78924
488 4.68666
489 4.60046
490 4.50396
491 4.41378
492 4.31804
493 4.22194
494 4.12887
495 4.03552
496 3.94442
497 3.84843
498 3.75503
499 3.65978
500 3.56342
501 3.47381
502 3.38082
503 3.28481
504 3.18544
505 3.09431
506 3.00433
507 2.90721
508 2.82358
509 2.71783
510 2.62785
511 2.53709
512 2.44335
513 2.35037
514 2.25998
515 2.16173
516 2.06874
517 1.97576
518 1.88726
519 1.79126
520 1.69225
521 1.59964
522 1.50665
523 1.41367
524 1.31315
525 1.22015
526 1.13016
527 1.03381
528 0.93819
529 0.848172
530 0.757806
531 0.668184
532 0.566211
533 0.469827
534 0.377199
535 0.290196
536 0.191217
537 0.0997234
538 0.0343605
539 0.00371442
540 -0.00169795
541 -0.00210598
542 -0.00158878
543 -0.000980645
544 -0.000553907
545 -0.000326092
546 -0.000163165
547 -5.11517e-05
548 2.36814e-07
549 3.31539e-06
550 2.60495e-06
551 5.92034e-06
552 1.42088e-05
553 1.44456e-05
554 1.18407e-05
555 1.0183e-05
556 1.1367e-05
557 1.16039e-05
558 1.0183e-05
559 8.05166e-06
560 7.34122e-06
561 7.57803e-06
562 7.34122e-06
563 6.15715e-06
564 4.49946e-06
565 4.26264e-06
566 3.78902e-06
567 3.07858e-06
568 2.84176e-06
569 2.36814e-06
570 1.89451e-06
571 7.10441e-07
572 7.10441e-07
573 9.47254e-07
574 4.73627e-07
575 -4.73627e-07
576 -1.18407e-06
577 -1.18407e-06
578 -4.73627e-07
579 -9.47254e-07
580 -2.13132e-06
581 -3.07858e-06
582 -2.13132e-06
583 -1.89451e-06
584 -2.60495e-06
585 -3.31539e-06
586 -3.5522e-06
587 -2.84176e-06
588 -2.60495e-06
589 -3.31539e-06
590 -4.02583e-06
591 -3.5522e-06
592 -2.84176e-06
593 -2.84176e-06
594 -3.5522e-06
595 -3.78902e-06
596 -3.5522e-06
597 -3.07858e-06
598 -3.07858e-06
599 -3.31539e-06
600 -3.5522e-06
601 -3.5522e-06
602 -3.07858e-06
603 -3.31539e-06
604 -3.78902e-06
605 -3.78902e-06
606 -3.5522e-06
607 -3.5522e-06
608 -3.5522e-06
609 -3.78902e-06
610 -4.02583e-06
611 -3.5522e-06
612 -3.5522e-06
613 -3.5522e-06
614 -3.5522e-06
615 -3.78902e-06
616 -3.5522e-06
617 -3.5522e-06
618 -3.5522e-06
619 -3.78902e-06
620 -3.5522e-06
621 -3.5522e-06
622 -3.5522e-06
623 -3.5522e-06
624 -3.78902e-06
625 -3.78902e-06
626 -3.5522e-06
627 -3.5522e-06
628 -3.5522e-06
629 -3.78902e-06
630 -3.78902e-06
631 -3.78902e-06
632 -3.5522e-06
633 -3.5522e-06
634 -3.78902e-06
635 -3.78902e-06
636 -3.5522e-06
637 -3.5522e-06
638 -3.5522e-06
639 -3.78902e-06
640 -3.78902e-06
641 -3.5522e-06
642 -3.5522e-06
643 -3.5522e-06
644 0.000200581
645 0.0234486
646 0.0891653
647 0.178154
648 0.276997
649 0.368546
650 0.467406
651 0.560672
652 0.663202
653 0.743523
654 0.833222
655 0.935606
656 1.03082
657 1.12681
658 1.21983
659 1.3091
660 1.40508
661 1.49207
662 1.59256
663 1.67993
664 1.77855
665 1.88317
666 1.96416
667 2.05417
668 2.15653
669 2.24466
670 2.33764
671 2.43065
672 2.53077
673 2.62377
674 2.71675
675 2.80263
676 2.90463
677 2.99762
678 3.09398
679 3.18698
680 3.28262
681 3.37636
682 3.4641
683 3.56308
684 3.65685
685 3.74908
686 3.84209
687 3.93769
688 4.02956
689 4.12256
690 4.21257
691 4.3108
692 4.41242
693 4.50241
694 4.59505
695 4.68504
696 4.78403
697 4.8714
698 4.95498
699 4.99035
700 5.00097
701 5.00221
702 5.00184
703 5.00118
704 5.00066
705 5.00036
706 5.00017
707 5.00004
708 4.99997
709 4.99996
710 4.99997
711 4.99997
712 4.99996
713 4.99997
714 4.99997
715 4.99997
716 4.99997
717 4.99997
718 4.99998
719 4.99998
720 4.99998
721 4.99998
722 4.99998
723 4.99999
724 4.99999
725 4.99999
726 4.99999
727 4.99999
728 4.99999
729 4.99999
730 4.99999
731 4.99999
732 4.99999
733 4.99999
734 4.99999
735 4.99999
736 5
737 5
738 4.99999
739 4.99999
740 5
741 5
742 5
743 5
744 5
745 5
746 5
747 5
748 5
749 5
750 5
751 5
752 5
753 5
754 5
755 5
756 5
757 5
758 5
759 5
760 5
761 5
762 5
763 5
764 5
765 5
766 5
767 5
768 5
769 5
770 5
771 5
772 5
773 5
774 5
775 5
776 5
777 5
778 5
779 5
780 5
781 5
782 5
783 5
784 5
785 5
786 5
787 5
788 5
789 5
790 5
791 5
792 5
793 5
794 5
795 5
796 5
797 5
798 5
799 5
800 5
801 5
802 5
803 5
804 5
805 4.98912
806 4.92304
807 4.84224
808 4.74453
809 4.65337
810 4.55821
811 4.46485
812 4.36533
813 4.27561
814 4.18553
815 4.0895
816 4.00403
817 3.91405
818 3.80604
819 3.71866
820 3.62041
821 3.53042
822 3.43706
823 3.34294
824 3.24093
825 3.16294
826 3.06732
827 2.96833
828 2.87233
829 2.78084
830 2.68784
831 2.59784
832 2.50747
833 2.40924
834 2.30724
835 2.21386
836 2.11561
837 2.02263
838 1.92927
839 1.84713
840 1.75113
841 1.66112
842 1.56252
843 1.47554
844 1.37354
845 1.2809
846 1.18791
847 1.09493
848 0.996323
849 0.909302
850 0.813298
851 0.722931
852 0.622832
853 0.532831
854 0.442456
855 0.338572
856 0.254201
857 0.161604
858 0.0678078
859 0.0165357
860 0.000866264
861 -0.00219479
862 -0.00197147
863 -0.00130105
864 -0.000813691
865 -0.000460839
866 -0.0002586
867 -0.000108461
868 -2.01291e-05
869 1.42088e-06
870 1.42088e-06
871 1.89451e-06
872 9.47254e-06
873 1.49193e-05
874 1.37352e-05
875 1.08934e-05
876 1.08934e-05
877 1.18407e-05
878 1.16039e-05
879 9.70935e-06
880 8.05166e-06
881 8.05166e-06
882 7.81485e-06
883 7.10441e-06
884 5.92034e-06
885 4.73627e-06
886 4.26264e-06
887 3.5522e-06
888 3.07858e-06
889 2.84176e-06
890 2.13132e-06
891 9.47254e-07
892 4.73627e-07
893 4.73627e-07
894 7.10441e-07
895 4.73627e-07
896 -9.47254e-07
897 -1.42088e-06
898 -7.10441e-07
899 -4.73627e-07
900 -1.42088e-06
901 -2.36814e-06
902 -2.60495e-06
903 -1.65769e-06
904 -1.65769e-06
905 -2.60495e-06
906 -3.5522e-06
907 -3.07858e-06
908 -2.84176e-06
909 -2.84176e-06
910 -3.5522e-06
911 -3.78902e-06
912 -3.31539e-06
913 -2.84176e-06
914 -3.07858e-06
915 -3.5522e-06
916 -3.78902e-06
917 -3.07858e-06
918 -2.84176e-06
919 -3.31539e-06
920 -3.78902e-06
921 -3.5522e-06
922 -3.31539e-06
923 -3.07858e-06
924 -3.5522e-06
925 -3.5522e-06
926 -3.78902e-06
927 -3.5522e-06
928 -3.5522e-06
929 -3.78902e-06
930 -3.5522e-06
931 -4.02583e-06
932 -3.78902e-06
933 -3.5522e-06
934 -3.5522e-06
935 -3.78902e-06
936 -3.78902e-06
937 -3.5522e-06
938 -3.31539e-06
939 -3.5522e-06
940 -4.02583e-06
941 -3.78902e-06
942 -3.31539e-06
943 -3.31539e-06
944 -3.5522e-06
945 -4.02583e-06
946 -4.02583e-06
947 -3.78902e-06
948 -3.78902e-06
949 -3.78902e-06
950 -4.02583e-06
951 -3.78902e-06
952 -3.78902e-06
953 -3.5522e-06
954 -3.78902e-06
955 -3.78902e-06
956 -3.78902e-06
957 -3.78902e-06
958 -3.5522e-06
959 -3.78902e-06
960 -3.5522e-06
961 -3.31539e-06
962 -3.5522e-06
963 -3.5522e-06
964 -3.5522e-06
965 0.00668217
966 0.0561004
967 0.123453
968 0.231355
969 0.319007
970 0.409335
971 0.508806
972 0.607995
973 0.695863
974 0.786679
975 0.879739
976 0.973093
977 1.07057
978 1.16656
979 1.25997
980 1.35821
981 1.4452
982 1.53519
983 1.62969
984 1.72568
985 1.81868
986 1.9083
987 1.99828
988 2.09729
989 2.18766
990 2.2799
991 2.37552
992 2.47489
993 2.56451
994 2.66314
995 2.75312
996 2.85364
997 2.94363
998 3.03962
999 3.12923
1000 3.22524
1001 3.31486
1002 3.41273
1003 3.51133
1004 3.61033
1005 3.68609
1006 3.79109
1007 3.87809
1008 3.98043
1009 4.06406
1010 4.16606
1011 4.26206
1012 4.34454
1013 4.43754
1014 4.53953
1015 4.62917
1016 4.73116
1017 4.81815
1018 4.90852
1019 4.9726
1020 4.99704
1021 5.00201
1022 5.00212
1023 5.0016
1024 5.00095
1025 5.00055
1026 5.00029
1027 5.00011
1028 5
1029 4.99996
1030 4.99997
1031 4.99997
1032 4.99997
1033 4.99997
1034 4.99997
1035 4.99997
1036 4.99998
1037 4.99998
1038 4.99998
1039 4.99998
1040 4.99998
1041 4.99998
1042 4.99998
1043 4.99998
1044 4.99999
1045 4.99999
1046 4.99999
1047 4.99999
1048 4.99999
1049 4.99999
1050 4.99999
1051 4.99999
1052 4.99999
1053 4.99999
1054 4.99999
1055 4.99999
1056 5
1057 5
1058 5
1059 4.99999
1060 5
1061 5
1062 5
1063 5
1064 5
1065 5
1066 5
1067 5
1068 5
1069 5
1070 5
1071 5
1072 5
1073 5
1074 5
1075 5
1076 5
1077 5
1078 5
1079 5
1080 5
1081 5
1082 5
1083 5
1084 5
1085 5
1086 5
1087 5
1088 5
1089 5
1090 5
1091 5
1092 5
1093 5
1094 5
1095 5
1096 5
1097 5
1098 5
1099 5
1100 5
1101 5
1102 5
1103 5
1104 5
1105 5
1106 5
1107 5
1108 5
1109 5
1110 5
1111 5
1112 5
1113 5
1114 5
1115 5
1116 5
1117 5
1118 5
1119 5
1120 5
1121 5
1122 5
1123 5
1124 5
1125 4.99882
1126 4.9588
1127 4.89223
1128 4.79558
1129 4.70521
1130 4.61104
1131 4.5164
1132 4.41114
1133 4.33004
1134 4.23733
1135 4.14726
1136 4.04826
1137 3.95079
1138 3.85517
1139 3.76553
1140 3.66989
1141 3.57692
1142 3.48394
1143 3.38456
1144 3.2863
1145 3.20831
1146 3.11157
1147 3.01296
1148 2.91733
1149 2.82696
1150 2.73434
1151 2.64435
1152 2.53934
1153 2.46135
1154 2.36574
1155 2.25661
1156 2.16624
1157 2.07624
1158 1.98625
1159 1.89289
1160 1.79726
1161 1.70612
1162 1.60939
1163 1.51528
1164 1.41929
1165 1.32965
1166 1.23102
1167 1.13767
1168 1.04057
1169 0.945686
1170 0.855678
1171 0.765674
1172 0.662194
1173 0.584586
1174 0.482586
1175 0.392196
1176 0.293942
1177 0.203972
1178 0.104606
1179 0.0354635
1180 0.00479571
1181 -0.00138536
1182 -0.00214553
1183 -0.00167711
1184 -0.00100267
1185 -0.00059156
1186 -0.000351431
1187 -0.00018282
1188 -5.75457e-05
1189 -3.78902e-06
1190 2.60495e-06
1191 1.65769e-06
1192 3.78902e-06
1193 1.16039e-05
1194 1.3972e-05
1195 1.1367e-05
1196 1.0183e-05
1197 1.11302e-05
1198 1.18407e-05
1199 1.08934e-05
1200 8.05166e-06
1201 7.34122e-06
1202 7.57803e-06
1203 7.34122e-06
1204 6.15715e-06
1205 4.97308e-06
1206 4.26264e-06
1207 3.78902e-06
1208 3.07858e-06
1209 2.84176e-06
1210 2.60495e-06
1211 1.89451e-06
1212 2.36814e-07
1213 4.73627e-07
1214 9.47254e-07
1215 7.10441e-07
1216 -2.36814e-07
1217 -1.18407e-06
1218 -1.18407e-06
1219 -4.73627e-07
1220 -4.73627e-07
1221 -1.89451e-06
1222 -2.36814e-06
1223 -2.13132e-06
1224 -1.42088e-06
1225 -2.36814e-06
1226 -3.31539e-06
1227 -3.5522e-06
1228 -3.07858e-06
1229 -2.60495e-06
1230 -3.31539e-06
1231 -4.02583e-06
1232 -3.78902e-06
1233 -3.31539e-06
1234 -3.07858e-06
1235 -3.5522e-06
1236 -4.02583e-06
1237 -3.5522e-06
1238 -3.07858e-06
1239 -3.07858e-06
1240 -3.5522e-06
1241 -3.78902e-06
1242 -3.31539e-06
1243 -3.31539e-06
1244 -3.31539e-06
1245 -3.5522e-06
1246 -3.78902e-06
1247 -3.78902e-06
1248 -3.5522e-06
1249 -3.5522e-06
1250 -3.78902e-06
1251 -3.78902e-06
1252 -3.78902e-06
1253 -3.5522e-06
1254 -3.5522e-06
1255 -3.78902e-06
1256 -3.5522e-06
1257 -3.78902e-06
1258 -3.5522e-06
1259 -3.5522e-06
1260 -3.78902e-06
1261 -3.5522e-06
1262 -3.5522e-06
1263 -3.5522e-06
1264 -3.5522e-06
1265 -3.78902e-06
1266 -3.78902e-06
1267 -3.78902e-06
1268 -3.5522e-06
1269 -3.78902e-06
1270 -3.78902e-06
1271 -3.5522e-06
1272 -3.5522e-06
1273 -3.5522e-06
1274 -3.78902e-06
1275 -3.78902e-06
1276 -4.02583e-06
1277 -3.78902e-06
1278 -3.5522e-06
1279 -3.5522e-06
1280 -3.5522e-06
1281 -3.5522e-06
1282 -3.5522e-06
1283 -3.5522e-06
1284 -3.5522e-06
1285 2.13132e-06
1286 0.0236491
1287 0.0869506
1288 0.181467
1289 0.271322
1290 0.368168
1291 0.461387
1292 0.548649
1293 0.645171
1294 0.740901
1295 0.836979
1296 0.9416
1297 1.02033
1298 1.11744
1299 1.21308
1300 1.30684
1301 1.39571
1302 1.48869
1303 1.58467
1304 1.68218
1305 1.77219
1306 1.86218
1307 1.95029
1308 2.0523
1309 2.14528
1310 2.23565
1311 2.34177
1312 2.42278
1313 2.51314
1314 2.61139
1315 2.71037
1316 2.80713
1317 2.90276
1318 2.99274
1319 3.08275
1320 3.16935
1321 3.27473
1322 3.36473
1323 3.45886
1324 3.55821
1325 3.64784
1326 3.73859
1327 3.83121
1328 3.92119
1329 4.02056
1330 4.11281
1331 4.21482
1332 4.30217
1333 4.38841
1334 4.48141
1335 4.58079
1336 4.67755
1337 4.77353
1338 4.86352
1339 4.94709
1340 4.98904
1341 5.00065
1342 5.00223
1343 5.00194
1344 5.00124
1345 5.00071
1346 5.00038
1347 5.00019
1348 5.00005
1349 4.99997
1350 4.99996
1351 4.99997
1352 4.99997
1353 4.99997
1354 4.99997
1355 4.99997
1356 4.99997
1357 4.99997
1358 4.99997
1359 4.99998
1360 4.99998
1361 4.99998
1362 4.99998
1363 4.99998
1364 4.99999
1365 4.99999
1366 4.99999
1367 4.99999
1368 4.99999
1369 4.99999
1370 4.99999
1371 4.99999
1372 4.99999
1373 4.99999
1374 4.99999
1375 4.99999
1376 4.99999
1377 5
1378 5
1379 4.99999
1380 4.99999
1381 5
1382 5
1383 5
1384 5
1385 5
1386 5
1387 5
1388 5
1389 5
1390 5
1391 5
1392 5
1393 5
1394 5
1395 5
1396 5
1397 5
1398 5
1399 5
1400 5
1401 5
1402 5
1403 5
1404 5
1405 5
1406 5
1407 5
1408 5
1409 5
1410 5
1411 5
1412 5
1413 5
1414 5
1415 5
1416 5
1417 5
1418 5
1419 5
1420 5
1421 5
1422 5
1423 5
1424 5
1425 5
1426 5
1427 5
1428 5
1429 5
1430 5
1431 5
1432 5
1433 5
1434 5
1435 5
1436 5
1437 5
1438 5
1439 5
1440 5
1441 5
1442 5
1443 5
1444 5
1445 5
1446 4.99014
1447 4.93261
1448 4.84836
1449 4.76525
1450 4.6598
1451 4.57141
1452 4.46975
1453 4.37997
1454 4.29212
1455 4.19416
1456 4.10113
1457 4.00815
1458 3.90955
1459 3.81655
1460 3.71752
1461 3.63953
1462 3.53455
1463 3.44158
1464 3.34407
1465 3.25405
1466 3.16407
1467 3.0677
1468 2.96608
1469 2.88208
1470 2.78871
1471 2.68859
1472 2.5896
1473 2.5086
1474 2.40998
1475 2.31398
1476 2.22698
1477 2.12348
1478 2.03612
1479 1.94351
1480 1.84376
1481 1.747
1482 1.663
1483 1.57265
1484 1.47104
1485 1.37541
1486 1.28203
1487 1.18791
1488 1.10056
1489 1.00457
1490 0.911177
1491 0.818177
1492 0.719182
1493 0.629574
1494 0.533207
1495 0.443584
1496 0.346825
1497 0.255701
1498 0.168725
1499 0.0757687
1500 0.0209028
1501 0.00146161
1502 -0.00217324
1503 -0.00203281
1504 -0.00136334
1505 -0.000814875
1506 -0.000475522
1507 -0.00026381
1508 -0.000117696
1509 -2.93649e-05
1510 0
1511 1.42088e-06
1512 1.65769e-06
1513 7.34122e-06
1514 1.32616e-05
1515 1.30247e-05
1516 1.0183e-05
1517 1.0183e-05
1518 1.11302e-05
1519 1.11302e-05
1520 9.47254e-06
1521 7.57803e-06
1522 7.57803e-06
1523 7.57803e-06
1524 6.86759e-06
1525 5.92034e-06
1526 4.49946e-06
1527 4.02583e-06
1528 3.31539e-06
1529 2.84176e-06
1530 2.84176e-06
1531 2.36814e-06
1532 1.42088e-06
1533 7.10441e-07
1534 4.73627e-07
1535 7.10441e-07
1536 2.36814e-07
1537 -9.47254e-07
1538 -1.18407e-06
1539 -7.10441e-07
1540 -2.36814e-07
1541 -1.18407e-06
1542 -2.60495e-06
1543 -2.36814e-06
1544 -1.65769e-06
1545 -1.65769e-06
1546 -2.60495e-06
1547 -3.5522e-06
1548 -3.31539e-06
1549 -2.60495e-06
1550 -2.84176e-06
1551 -3.31539e-06
1552 -4.02583e-06
1553 -3.07858e-06
1554 -2.84176e-06
1555 -3.07858e-06
1556 -3.5522e-06
1557 -3.78902e-06
1558 -3.07858e-06
1559 -3.07858e-06
1560 -3.31539e-06
1561 -3.5522e-06
1562 -3.5522e-06
1563 -3.31539e-06
1564 -2.84176e-06
1565 -3.31539e-06
1566 -3.5522e-06
1567 -4.02583e-06
1568 -3.5522e-06
1569 -3.5522e-06
1570 -3.78902e-06
1571 -3.78902e-06
1572 -3.5522e-06
1573 -3.78902e-06
1574 -3.78902e-06
1575 -3.78902e-06
1576 -4.02583e-06
1577 -3.78902e-06
1578 -3.5522e-06
1579 -3.5522e-06
1580 -3.5522e-06
1581 -3.78902e-06
1582 -4.02583e-06
1583 -3.78902e-06
1584 -3.5522e-06
1585 -3.78902e-06
1586 -3.78902e-06
1587 -4.02583e-06
1588 -3.5522e-06
1589 -3.31539e-06
1590 -3.5522e-06
1591 -3.78902e-06
1592 -4.02583e-06
1593 -3.78902e-06
1594 -3.78902e-06
1595 -3.5522e-06
1596 -4.02583e-06
1597 -3.78902e-06
1598 -3.5522e-06
1599 -3.5522e-06
1600 -4.02583e-06
1601 -3.78902e-06
1602 -3.78902e-06
1603 -3.78902e-06
1604 -3.5522e-06
1605 -3.78902e-06
1606 0.00584906
1607 0.0478214
1608 0.133541
1609 0.223112
1610 0.310677
1611 0.416516
1612 0.515956
1613 0.597113
1614 0.693231
1615 0.784431
1616 0.883482
1617 0.973468
1618 1.07845
1619 1.17107
1620 1.25847
1621 1.34583
1622 1.44557
1623 1.54455
1624 1.63831
1625 1.71856
1626 1.82056
1627 1.91654
1628 2.01366
1629 2.10066
1630 2.19365
1631 2.28966
1632 2.38565
1633 2.47565
1634 2.56902
1635 2.66201
1636 2.749
1637 2.85138
1638 2.94663
1639 3.04563
1640 3.13297
1641 3.22486
1642 3.31486
1643 3.40523
1644 3.50234
1645 3.60734
1646 3.69734
1647 3.78958
1648 3.87358
1649 3.98756
1650 4.06931
1651 4.15857
1652 4.26056
1653 4.35354
1654 4.44879
1655 4.53878
1656 4.63855
1657 4.72929
1658 4.81927
1659 4.91818
1660 4.97473
1661 4.9973
1662 5.00211
1663 5.00214
1664 5.00155
1665 5.00094
1666 5.00052
1667 5.00027
1668 5.0001
1669 5
1670 4.99996
1671 4.99997
1672 4.99997
1673 4.99997
1674 4.99997
1675 4.99997
1676 4.99997
1677 4.99998
1678 4.99998
1679 4.99998
1680 4.99998
1681 4.99998
1682 4.99998
1683 4.99998
1684 4.99998
1685 4.99999
1686 4.99999
1687 4.99999
1688 4.99999
1689 4.99999
1690 4.99999
1691 4.99999
1692 4.99999
1693 4.99999
1694 4.99999
1695 4.99999
1696 4.99999
1697 5
1698 5
1699 5
1700 4.99999
1701 5
1702 5
1703 5
1704 5
1705 5
1706 5
1707 5
1708 5
1709 5
1710 5
1711 5
1712 5
1713 5
1714 5
1715 5
1716 5
1717 5
1718 5
1719 5
1720 5
1721 5
1722 5
1723 5
1724 5
1725 5
1726 5
1727 5
1728 5
1729 5
1730 5
1731 5
1732 5
1733 5
1734 5
1735 5
1736 5
1737 5
1738 5
1739 5
1740 5
1741 5
1742 5
1743 5
1744 5
1745 5
1746 5
1747 5
1748 5
1749 5
1750 5
1751 5
1752 5
1753 5
1754 5
1755 5
1756 5
1757 5
1758 5
1759 5
1760 5
1761 5
1762 5
1763 5
1764 5
1765 5
1766 5
1767 4.9605
1768 4.88104
1769 4.80783
1770 4.70862
1771 4.61746
1772 4.51564
1773 4.41641
1774 4.3383
1775 4.24183
1776 4.14801
1777 4.05464
1778 3.96129
1779 3.85367
1780 3.76965
1781 3.67964
1782 3.57917
1783 3.49518
1784 3.39619
1785 3.30768
1786 3.20569
1787 3.1187
1788 3.02046
1789 2.92409
1790 2.83708
1791 2.74371
1792 2.63721
1793 2.54722
1794 2.45685
1795 2.36761
1796 2.26562
1797 2.17562
1798 2.08712
1799 1.97913
1800 1.89513
1801 1.8025
1802 1.7125
1803 1.61951
1804 1.51716
1805 1.42303
1806 1.3304
1807 1.24565
1808 1.15041
1809 1.04543
1810 0.961445
1811 0.858308
1812 0.780305
1813 0.672319
1814 0.576342
1815 0.495333
1816 0.393321
1817 0.301447
1818 0.208836
1819 0.118843
1820 0.0350932
1821 0.00566292
1822 -0.00164159
1823 -0.002155
1824 -0.00169322
1825 -0.00105193
1826 -0.000601743
1827 -0.000345037
1828 -0.000167901
1829 -6.93864e-05
1830 -8.52529e-06
1831 1.89451e-06
1832 7.10441e-07
1833 3.78902e-06
1834 1.08934e-05
1835 1.3972e-05
1836 1.1367e-05
1837 9.94617e-06
1838 1.06566e-05
1839 1.1367e-05
1840 1.04198e-05
1841 8.52529e-06
1842 7.34122e-06
1843 7.34122e-06
1844 7.10441e-06
1845 6.15715e-06
1846 4.97308e-06
1847 4.26264e-06
1848 3.5522e-06
1849 3.07858e-06
1850 2.84176e-06
1851 2.60495e-06
1852 1.65769e-06
1853 7.10441e-07
1854 4.73627e-07
1855 1.18407e-06
1856 7.10441e-07
1857 0
1858 -1.18407e-06
1859 -9.47254e-07
1860 -2.36814e-07
1861 -7.10441e-07
1862 -1.89451e-06
1863 -2.84176e-06
1864 -2.13132e-06
1865 -1.65769e-06
1866 -2.13132e-06
1867 -3.07858e-06
1868 -3.5522e-06
1869 -2.84176e-06
1870 -2.60495e-06
1871 -3.07858e-06
1872 -3.78902e-06
1873 -3.78902e-06
1874 -3.07858e-06
1875 -2.60495e-06
1876 -3.5522e-06
1877 -4.02583e-06
1878 -3.78902e-06
1879 -3.07858e-06
1880 -2.84176e-06
1881 -3.31539e-06
1882 -3.78902e-06
1883 -3.5522e-06
1884 -3.31539e-06
1885 -3.5522e-06
1886 -3.5522e-06
1887 -3.78902e-06
1888 -3.78902e-06
1889 -3.31539e-06
1890 -3.5522e-06
1891 -3.5522e-06
1892 -4.02583e-06
1893 -4.02583e-06
1894 -3.78902e-06
1895 -3.5522e-06
1896 -3.78902e-06
1897 -3.78902e-06
1898 -3.78902e-06
1899 -3.5522e-06
1900 -3.5522e-06
1901 -3.5522e-06
1902 -3.78902e-06
1903 -3.78902e-06
1904 -3.5522e-06
1905 -3.07858e-06
1906 -3.31539e-06
1907 -3.78902e-06
1908 -3.78902e-06
1909 -3.5522e-06
1910 -3.5522e-06
1911 -4.02583e-06
1912 -3.78902e-06
1913 -3.78902e-06
1914 -3.5522e-06
1915 -3.78902e-06
1916 -4.02583e-06
1917 -4.26264e-06
1918 -3.78902e-06
1919 -3.5522e-06
1920 -3.5522e-06
1921 -3.78902e-06
1922 -3.78902e-06
1923 -3.5522e-06
1924 -3.5522e-06
1925 -3.5522e-06
1926 -2.84176e-06
1927 0.0236529
1928 0.0794775
1929 0.176685
1930 0.269058
1931 0.356835
1932 0.456864
1933 0.551279
1934 0.64442
1935 0.731511
1936 0.830217
1937 0.920605
1938 1.01359
1939 1.11669
1940 1.21608
1941 1.3001
1942 1.39233
1943 1.49432
1944 1.57867
1945 1.66907
1946 1.76731
1947 1.86331
1948 1.96604
1949 2.0493
1950 2.14228
1951 2.23527
1952 2.33726
1953 2.43327
1954 2.51426
1955 2.60427
1956 2.70626
1957 2.79888
1958 2.89188
1959 2.98487
1960 3.08087
1961 3.17423
1962 3.26686
1963 3.36286
1964 3.45323
1965 3.55033
1966 3.64634
1967 3.73634
1968 3.83159
1969 3.92456
1970 4.01494
1971 4.10906
1972 4.20806
1973 4.30105
1974 4.39366
1975 4.48666
1976 4.57666
1977 4.67605
1978 4.77653
1979 4.85453
1980 4.9466
1981 4.98712
1982 5.00022
1983 5.00223
1984 5.0019
1985 5.00126
1986 5.00071
1987 5.00039
1988 5.00018
1989 5.00005
1990 4.99998
1991 4.99996
1992 4.99997
1993 4.99997
1994 4.99997
1995 4.99997
1996 4.99997
1997 4.99998
1998 4.99998
1999 4.99998
2000 4.99998
2001 4.99998
2002 4.99998
2003 4.99998
2004 4.99998
2005 4.99999
2006 4.99999
2007 4.99999
2008 4.99999
2009 4.99999
2010 4.99999
2011 4.99999
2012 4.99999
2013 4.99999
2014 4.99999
2015 4.99999
2016 4.99999
2017 4.99999
2018 5
2019 5
2020 4.99999
2021 4.99999
2022 5
2023 5
2024 5
2025 5
2026 5
2027 5
2028 5
2029 5
2030 5
2031 5
2032 5
2033 5
2034 5
2035 5
2036 5
2037 5
2038 5
2039 5
2040 5
2041 5
2042 5
2043 5
2044 5
2045 5
2046 5
2047 5
2048 5
2049 5
2050 5
2051 5
2052 5
2053 5
2054 5
2055 5
2056 5
2057 5
2058 5
2059 5
2060 5
2061 5
2062 5
2063 5
2064 5
2065 5
2066 5
2067 5
2068 5
2069 5
2070 5
2071 5
2072 5
2073 5
2074 5
2075 5
2076 5
2077 5
2078 5
2079 5
2080 5
2081 5
2082 5
2083 5
2084 5
2085 5
2086 5
2087 4.99528
2088 4.94422
2089 4.86436
2090 4.77089
2091 4.67417
2092 4.59254
2093 4.48516
2094 4.39237
2095 4.29926
2096 4.20355
2097 4.11351
2098 4.02053
2099 3.92717
2100 3.83004
2101 3.73703
2102 3.64365
2103 3.55142
2104 3.45544
2105 3.36206
2106 3.27093
2107 3.17194
2108 3.08495
2109 2.98033
2110 2.89332
2111 2.79733
2112 2.70284
2113 2.61284
2114 2.51684
2115 2.42648
2116 2.32862
2117 2.23262
2118 2.14186
2119 2.04662
2120 1.95364
2121 1.86663
2122 1.77138
2123 1.67838
2124 1.5764
2125 1.48978
2126 1.39379
2127 1.30377
2128 1.19916
2129 1.12154
2130 1.03156
2131 0.925814
2132 0.824549
2133 0.734549
2134 0.641201
2135 0.550078
2136 0.454074
2137 0.364082
2138 0.27145
2139 0.169479
2140 0.0825499
2141 0.0236596
2142 0.00289078
2143 -0.00204512
2144 -0.0020688
2145 -0.00150353
2146 -0.000884972
2147 -0.000517438
2148 -0.00029507
2149 -0.000139483
2150 -3.50484e-05
2151 -2.36814e-07
2152 2.36814e-06
2153 1.89451e-06
2154 6.15715e-06
2155 1.30247e-05
2156 1.34984e-05
2157 1.06566e-05
2158 9.94617e-06
2159 1.06566e-05
2160 1.11302e-05
2161 9.70935e-06
2162 7.34122e-06
2163 6.86759e-06
2164 7.10441e-06
2165 6.86759e-06
2166 5.92034e-06
2167 4.49946e-06
2168 4.02583e-06
2169 3.31539e-06
2170 2.84176e-06
2171 2.84176e-06
2172 2.36814e-06
2173 1.42088e-06
2174 2.36814e-07
2175 4.73627e-07
2176 7.10441e-07
2177 4.73627e-07
2178 -7.10441e-07
2179 -1.18407e-06
2180 -9.47254e-07
2181 -2.36814e-07
2182 -7.10441e-07
2183 -2.60495e-06
2184 -2.60495e-06
2185 -1.89451e-06
2186 -1.65769e-06
2187 -2.36814e-06
2188 -3.5522e-06
2189 -3.5522e-06
2190 -2.60495e-06
2191 -2.60495e-06
2192 -3.5522e-06
2193 -4.02583e-06
2194 -3.78902e-06
2195 -3.07858e-06
2196 -3.07858e-06
2197 -3.5522e-06
2198 -3.78902e-06
2199 -3.5522e-06
2200 -3.07858e-06
2201 -3.07858e-06
2202 -3.5522e-06
2203 -3.78902e-06
2204 -3.5522e-06
2205 -3.31539e-06
2206 -3.5522e-06
2207 -3.78902e-06
2208 -3.78902e-06
2209 -3.5522e-06
2210 -3.5522e-06
2211 -3.5522e-06
2212 -3.78902e-06
2213 -3.78902e-06
2214 -3.5522e-06
2215 -3.5522e-06
2216 -3.5522e-06
2217 -3.5522e-06
2218 -3.78902e-06
2219 -3.5522e-06
2220 -3.31539e-06
2221 -3.5522e-06
2222 -3.5522e-06
2223 -3.5522e-06
2224 -3.5522e-06
2225 -3.31539e-06
2226 -3.5522e-06
2227 -3.78902e-06
2228 -3.78902e-06
2229 -3.5522e-06
2230 -3.5522e-06
2231 -3.78902e-06
2232 -4.26264e-06
2233 -4.02583e-06
2234 -3.5522e-06
2235 -3.78902e-06
2236 -3.78902e-06
2237 -3.78902e-06
2238 -3.78902e-06
2239 -3.31539e-06
2240 -3.78902e-06
2241 -3.78902e-06
2242 -3.78902e-06
2243 -3.5522e-06
2244 -3.5522e-06
2245 -3.5522e-06
2246 -3.78902e-06
2247 0.00075875
2248 0.0432516
2249 0.121045
2250 0.212251
2251 0.302742
2252 0.402554
2253 0.490745
2254 0.582842
2255 0.672963
2256 0.772421
2257 0.866978
2258 0.965957
2259 1.04395
2260 1.13957
2261 1.23297
2262 1.33797
2263 1.41858
2264 1.51793
2265 1.61056
2266 1.70882
2267 1.79543
2268 1.8978
2269 1.99978
2270 2.07816
2271 2.17154
2272 2.26829
2273 2.35752
2274 2.45353
2275 2.54951
2276 2.64627
2277 2.73587
2278 2.83713
2279 2.92413
2280 3.02312
2281 3.11911
2282 3.20761
2283 3.30062
2284 3.39961
2285 3.49297
2286 3.5837
2287 3.67672
2288 3.77346
2289 3.8687
2290 3.96168
2291 4.05169
2292 4.14881
2293 4.25082
2294 4.3348
2295 4.4338
2296 4.51479
2297 4.6168
2298 4.71129
2299 4.8069
2300 4.89089
2301 4.96883
2302 4.99472
2303 5.00174
2304 5.00216
2305 5.00162
2306 5.00103
2307 5.00058
2308 5.0003
2309 5.00013
2310 5.00002
2311 4.99997
2312 4.99996
2313 4.99997
2314 4.99997
2315 4.99997
2316 4.99997
2317 4.99997
2318 4.99998
2319 4.99998
2320 4.99998
2321 4.99998
2322 4.99998
2323 4.99998
2324 4.99998
2325 4.99998
2326 4.99999
2327 4.99999
2328 4.99999
2329 4.99999
2330 4.99999
2331 4.99999
2332 4.99999
2333 4.99999
2334 4.99999
2335 4.99999
2336 4.99999
2337 4.99999
2338 4.99999
2339 5
2340 5
2341 4.99999
2342 4.99999
2343 5
2344 5
2345 5
2346 5
2347 5
2348 5
2349 5
2350 5
2351 5
2352 5
2353 5
2354 5
2355 5
2356 5
2357 5
2358 5
2359 5
2360 5
2361 5
2362 5
2363 5
2364 5
2365 5
2366 5
2367 5
2368 5
2369 5
2370 5
2371 5
2372 5
2373 5
2374 5
2375 5
2376 5
2377 5
2378 5
2379 5
2380 5
2381 5
2382 5
2383 5
2384 5
2385 5
2386 5
2387 5
2388 5
2389 5
2390 5
2391 5
2392 5
2393 5
2394 5
2395 5
2396 5
2397 5
2398 5
2399 5
2400 5
2401 5
2402 5
2403 5
2404 5
2405 5
2406 5
2407 5
2408 4.97232
2409 4.91655
2410 4.81927
2411 4.72413
2412 4.62728
2413 4.53636
2414 4.44495
2415 4.34881
2416 4.25272
2417 4.16339
2418 4.06475
2419 3.98678
2420 3.8848
2421 3.78878
2422 3.69878
2423 3.60241
2424 3.50531
2425 3.4093
2426 3.32193
2427 3.23005
2428 3.13106
2429 3.03807
2430 2.94546
2431 2.84946
2432 2.76847
2433 2.67134
2434 2.57534
2435 2.47335
2436 2.38862
2437 2.29074
2438 2.19474
2439 2.10135
2440 2.0005
2441 1.91989
2442 1.82914
2443 1.73388
2444 1.63152
2445 1.53591
2446 1.44479
2447 1.35179
2448 1.2524
2449 1.16466
2450 1.07506
2451 0.97869
2452 0.882676
2453 0.788165
2454 0.69818
2455 0.607826
2456 0.509578
2457 0.410949
2458 0.317194
2459 0.230957
2460 0.131973
2461 0.0488542
2462 0.0110106
2463 -0.000161507
2464 -0.00219195
2465 -0.00186633
2466 -0.00118857
2467 -0.000682497
2468 -0.000388848
2469 -0.00021479
2470 -8.47792e-05
2471 -1.53929e-05
2472 2.13132e-06
2473 1.89451e-06
2474 3.07858e-06
2475 9.94617e-06
2476 1.34984e-05
2477 1.23143e-05
2478 9.70935e-06
2479 9.94617e-06
2480 1.11302e-05
2481 1.06566e-05
2482 8.99891e-06
2483 7.10441e-06
2484 7.10441e-06
2485 6.63078e-06
2486 6.15715e-06
2487 4.97308e-06
2488 4.26264e-06
2489 3.31539e-06
2490 2.84176e-06
2491 2.84176e-06
2492 2.60495e-06
2493 2.13132e-06
2494 7.10441e-07
2495 2.36814e-07
2496 4.73627e-07
2497 7.10441e-07
2498 0
2499 -1.18407e-06
2500 -1.42088e-06
2501 -9.47254e-07
2502 -4.73627e-07
2503 -1.42088e-06
2504 -2.60495e-06
2505 -2.36814e-06
2506 -1.65769e-06
2507 -1.65769e-06
2508 -3.07858e-06
2509 -3.78902e-06
2510 -3.07858e-06
2511 -2.60495e-06
2512 -2.60495e-06
2513 -3.5522e-06
2514 -3.78902e-06
2515 -3.31539e-06
2516 -2.60495e-06
2517 -3.31539e-06
2518 -3.78902e-06
2519 -3.78902e-06
2520 -3.07858e-06
2521 -2.84176e-06
2522 -3.31539e-06
2523 -3.78902e-06
2524 -3.5522e-06
2525 -3.31539e-06
2526 -3.31539e-06
2527 -3.5522e-06
2528 -3.5522e-06
2529 -3.5522e-06
2530 -3.31539e-06
2531 -3.5522e-06
2532 -3.5522e-06
2533 -3.78902e-06
2534 -4.02583e-06
2535 -3.5522e-06
2536 -3.5522e-06
2537 -3.78902e-06
2538 -3.78902e-06
2539 -3.78902e-06
2540 -3.5522e-06
2541 -3.5522e-06
2542 -3.5522e-06
2543 -3.78902e-06
2544 -3.5522e-06
2545 -3.5522e-06
2546 -3.31539e-06
2547 -3.31539e-06
2548 -3.5522e-06
2549 -3.78902e-06
2550 -3.78902e-06
2551 -3.5522e-06
2552 -3.78902e-06
2553 -3.78902e-06
2554 -3.78902e-06
2555 -3.5522e-06
2556 -3.78902e-06
2557 -3.78902e-06
2558 -4.02583e-06
2559 -3.78902e-06
2560 -3.5522e-06
2561 -3.5522e-06
2562 -3.5522e-06
2563 -3.78902e-06
2564 -3.78902e-06
2565 -3.5522e-06
2566 -3.78902e-06
2567 -3.78902e-06
2568 0.0116571
2569 0.0686269
2570 0.148066
2571 0.242275
2572 0.342091
2573 0.435755
2574 0.524599
2575 0.614761
2576 0.713874
2577 0.813331
2578 0.904859
2579 0.994465
2580 1.08781
2581 1.18194
2582 1.27498
2583 1.36796
2584 1.46395
2585 1.55693
2586 1.64994
2587 1.74143
2588 1.84043
2589 1.93342
2590 2.02116
2591 2.12203
2592 2.22103
2593 2.30578
2594 2.41002
2595 2.48803
2596 2.58739
2597 2.68602
2598 2.779
2599 2.872
2600 2.97249
2601 3.05311
2602 3.14648
2603 3.25111
2604 3.3351
2605 3.4311
2606 3.52446
2607 3.61558
2608 3.71459
2609 3.81396
2610 3.90619
2611 3.99919
2612 4.09594
2613 4.17769
2614 4.27969
2615 4.37266
2616 4.47017
2617 4.56017
2618 4.65917
2619 4.74879
2620 4.84177
2621 4.93736
2622 4.98198
2623 4.99905
2624 5.00222
2625 5.00206
2626 5.00139
2627 5.00079
2628 5.00047
2629 5.00023
2630 5.00008
2631 4.99998
2632 4.99996
2633 4.99997
2634 4.99997
2635 4.99997
2636 4.99996
2637 4.99997
2638 4.99997
2639 4.99997
2640 4.99997
2641 4.99998
2642 4.99998
2643 4.99998
2644 4.99998
2645 4.99998
2646 4.99998
2647 4.99999
2648 4.99999
2649 4.99999
2650 4.99999
2651 4.99999
2652 4.99999
2653 4.99999
2654 4.99999
2655 4.99999
2656 4.99999
2657 4.99999
2658 4.99999
2659 5
2660 5
2661 5
2662 4.99999
2663 5
2664 5
2665 5
2666 5
2667 5
2668 5
2669 5
2670 5
2671 5
2672 5
2673 5
2674 5
2675 5
2676 5
2677 5
2678 5
2679 5
2680 5
2681 5
2682 5
2683 5
2684 5
2685 5
2686 5
2687 5
2688 5
2689 5
2690 5
2691 5
2692 5
2693 5
2694 5
2695 5
2696 5
2697 5
2698 5
2699 5
2700 5
2701 5
2702 5
2703 5
2704 5
2705 5
2706 5
2707 5
2708 5
2709 5
2710 5
2711 5
2712 5
2713 5
2714 5
2715 5
2716 5
2717 5
2718 5
2719 5
2720 5
2721 5
2722 5
2723 5
2724 5
2725 5
2726 5
2727 5
2728 4.99862
2729 4.9434
2730 4.87519
2731 4.77652
2732 4.695
2733 4.59518
2734 4.49833
2735 4.404
2736 4.30488
2737 4.21744
2738 4.12213
2739 4.02914
2740 3.93317
2741 3.84392
2742 3.7479
2743 3.6489
2744 3.55405
2745 3.46444
2746 3.37143
2747 3.28068
2748 3.18282
2749 3.08982
2750 2.99908
2751 2.90421
2752 2.80821
2753 2.71821
2754 2.62297
2755 2.51797
2756 2.43698
2757 2.34737
2758 2.25136
2759 2.15836
2760 2.05974
2761 1.96676
2762 1.87077
2763 1.78337
2764 1.68549
2765 1.59252
2766 1.50215
2767 1.40391
2768 1.30789
2769 1.2179
2770 1.12004
2771 1.02706
2772 0.943065
2773 0.844057
2774 0.754048
2775 0.664064
2776 0.557964
2777 0.470954
2778 0.380955
2779 0.275572
2780 0.18185
2781 0.0888567
2782 0.0254146
2783 0.00426501
2784 -0.00198734
2785 -0.0020823
2786 -0.00152342
2787 -0.00089847
2788 -0.000507965
2789 -0.000292465
2790 -0.000143509
2791 -4.31001e-05
2792 -2.36814e-07
2793 2.36814e-06
2794 1.89451e-06
2795 5.2099e-06
2796 1.23143e-05
2797 1.34984e-05
2798 1.06566e-05
2799 9.70935e-06
2800 1.04198e-05
2801 1.11302e-05
2802 9.94617e-06
2803 7.81485e-06
2804 6.86759e-06
2805 6.86759e-06
2806 6.39396e-06
2807 5.68352e-06
2808 4.26264e-06
2809 3.78902e-06
2810 3.5522e-06
2811 2.60495e-06
2812 2.60495e-06
2813 2.36814e-06
2814 1.18407e-06
2815 4.73627e-07
2816 2.36814e-07
2817 9.47254e-07
2818 4.73627e-07
2819 -2.36814e-07
2820 -1.42088e-06
2821 -7.10441e-07
2822 -4.73627e-07
2823 -9.47254e-07
2824 -1.89451e-06
2825 -2.36814e-06
2826 -2.13132e-06
2827 -1.65769e-06
2828 -2.13132e-06
2829 -3.5522e-06
2830 -3.5522e-06
2831 -2.84176e-06
2832 -2.36814e-06
2833 -3.07858e-06
2834 -3.78902e-06
2835 -3.5522e-06
2836 -3.31539e-06
2837 -3.07858e-06
2838 -3.78902e-06
2839 -3.78902e-06
2840 -3.31539e-06
2841 -3.07858e-06
2842 -3.31539e-06
2843 -3.78902e-06
2844 -3.78902e-06
2845 -3.5522e-06
2846 -3.07858e-06
2847 -3.31539e-06
2848 -3.5522e-06
2849 -3.78902e-06
2850 -3.5522e-06
2851 -3.5522e-06
2852 -3.5522e-06
2853 -3.78902e-06
2854 -3.5522e-06
2855 -3.5522e-06
2856 -3.5522e-06
2857 -3.31539e-06
2858 -3.78902e-06
2859 -3.78902e-06
2860 -3.5522e-06
2861 -3.5522e-06
2862 -3.5522e-06
2863 -3.78902e-06
2864 -3.5522e-06
2865 -3.5522e-06
2866 -3.5522e-06
2867 -3.5522e-06
2868 -3.78902e-06
2869 -3.78902e-06
2870 -3.5522e-06
2871 -3.5522e-06
2872 -3.5522e-06
2873 -3.5522e-06
2874 -3.78902e-06
2875 -3.78902e-06
2876 -3.78902e-06
2877 -3.5522e-06
2878 -4.02583e-06
2879 -4.02583e-06
2880 -3.78902e-06
2881 -3.5522e-06
2882 -3.78902e-06
2883 -3.78902e-06
2884 -3.78902e-06
2885 -3.78902e-06
2886 -3.5522e-06
2887 -3.5522e-06
2888 0.00024747
2889 0.0371676
2890 0.109816
2891 0.205166
2892 0.300846
2893 0.394619
2894 0.479089
2895 0.57194
2896 0.674089
2897 0.76716
2898 0.858363
2899 0.954346
2900 1.05333
2901 1.14369
2902 1.23934
2903 1.32934
2904 1.4317
2905 1.5228
2906 1.6038
2907 1.69681
2908 1.79506
2909 1.88205
2910 1.98704
2911 2.07854
2912 2.1779
2913 2.27054
2914 2.36315
2915 2.45615
2916 2.55251
2917 2.64552
2918 2.725
2919 2.82701
2920 2.92937
2921 3.01525
2922 3.10823
2923 3.20761
2924 3.29048
2925 3.39285
2926 3.49184
2927 3.56946
2928 3.66546
2929 3.75847
2930 3.85521
2931 3.95269
2932 4.04569
2933 4.13644
2934 4.22832
2935 4.32129
2936 4.42366
2937 4.51779
2938 4.6138
2939 4.70678
2940 4.8024
2941 4.89801
2942 4.96762
2943 4.99402
2944 5.00154
2945 5.00219
2946 5.00178
2947 5.00104
2948 5.00056
2949 5.00033
2950 5.00016
2951 5.00003
2952 4.99997
2953 4.99996
2954 4.99997
2955 4.99997
2956 4.99997
2957 4.99997
2958 4.99997
2959 4.99998
2960 4.99998
2961 4.99998
2962 4.99998
2963 4.99998
2964 4.99998
2965 4.99998
2966 4.99998
2967 4.99999
2968 4.99999
2969 4.99999
2970 4.99999
2971 4.99999
2972 4.99999
2973 4.99999
2974 4.99999
2975 4.99999
2976 4.99999
2977 4.99999
2978 4.99999
2979 4.99999
2980 5
2981 5
2982 4.99999
2983 5
2984 5
2985 5
2986 5
2987 5
2988 5
2989 5
2990 5
2991 5
2992 5
2993 5
2994 5
2995 5
2996 5
2997 5
2998 5
2999 5
3000 5
3001 5
3002 5
3003 5
3004 5
3005 5
3006 5
3007 5
3008 5
3009 5
3010 5
3011 5
3012 5
3013 5
3014 5
3015 5
3016 5
3017 5
3018 5
3019 5
3020 5
3021 5
3022 5
3023 5
3024 5
3025 5
3026 5
3027 5
3028 5
3029 5
3030 5
3031 5
3032 5
3033 5
3034 5
3035 5
3036 5
3037 5
3038 5
3039 5
3040 5
3041 5
3042 5
3043 5
3044 5
3045 5
3046 5
3047 5
3048 5
3049 4.97682
3050 4.90863
3051 4.82221
3052 4.72488
3053 4.63409
3054 4.53749
3055 4.44682
3056 4.34843
3057 4.25271
3058 4.16489
3059 4.07376
3060 3.9778
3061 3.88143
3062 3.77867
3063 3.69915
3064 3.59754
3065 3.50456
3066 3.40557
3067 3.31856
3068 3.22406
3069 3.12807
3070 3.03507
3071 2.94771
3072 2.84646
3073 2.75946
3074 2.66609
3075 2.57159
3076 2.46586
3077 2.37923
3078 2.28999
3079 2.19961
3080 2.10098
3081 2.0095
3082 1.92251
3083 1.81151
3084 1.72788
3085 1.63189
3086 1.5389
3087 1.44553
3088 1.3484
3089 1.2584
3090 1.17103
3091 1.06118
3092 0.968186
3093 0.88081
3094 0.786671
3095 0.690675
3096 0.606704
3097 0.502089
3098 0.409077
3099 0.3187
3100 0.229082
3101 0.126727
3102 0.0439242
3103 0.011094
3104 -0.000880236
3105 -0.00219763
3106 -0.00180807
3107 -0.0011862
3108 -0.000646264
3109 -0.000390032
3110 -0.000216211
3111 -8.24111e-05
3112 -1.08934e-05
3113 2.13132e-06
3114 1.65769e-06
3115 2.36814e-06
3116 9.94617e-06
3117 1.34984e-05
3118 1.23143e-05
3119 1.0183e-05
3120 1.0183e-05
3121 1.11302e-05
3122 1.06566e-05
3123 8.7621e-06
3124 7.10441e-06
3125 7.10441e-06
3126 7.10441e-06
3127 6.39396e-06
3128 4.97308e-06
3129 4.26264e-06
3130 3.5522e-06
3131 3.31539e-06
3132 3.07858e-06
3133 2.84176e-06
3134 2.13132e-06
3135 9.47254e-07
3136 4.73627e-07
3137 7.10441e-07
3138 9.47254e-07
3139 2.36814e-07
3140 -9.47254e-07
3141 -1.18407e-06
3142 -7.10441e-07
3143 -4.73627e-07
3144 -1.42088e-06
3145 -2.60495e-06
3146 -2.13132e-06
3147 -1.65769e-06
3148 -1.89451e-06
3149 -2.84176e-06
3150 -3.5522e-06
3151 -3.31539e-06
3152 -2.60495e-06
3153 -3.07858e-06
3154 -3.78902e-06
3155 -4.02583e-06
3156 -3.31539e-06
3157 -3.31539e-06
3158 -3.31539e-06
3159 -3.78902e-06
3160 -3.31539e-06
3161 -3.31539e-06
3162 -3.07858e-06
3163 -3.31539e-06
3164 -3.5522e-06
3165 -3.5522e-06
3166 -3.31539e-06
3167 -3.31539e-06
3168 -3.5522e-06
3169 -3.5522e-06
3170 -3.5522e-06
3171 -3.31539e-06
3172 -3.31539e-06
3173 -3.78902e-06
3174 -3.5522e-06
3175 -3.78902e-06
3176 -3.78902e-06
3177 -3.5522e-06
3178 -3.78902e-06
3179 -3.78902e-06
3180 -3.78902e-06
3181 -3.5522e-06
3182 -3.5522e-06
3183 -3.31539e-06
3184 -3.78902e-06
3185 -3.78902e-06
3186 -3.5522e-06
3187 -3.31539e-06
3188 -3.5522e-06
3189 -3.78902e-06
3190 -3.5522e-06
3191 -3.5522e-06
3192 -3.5522e-06
3193 -3.78902e-06
3194 -4.02583e-06
3195 -3.5522e-06
3196 -3.5522e-06
3197 -3.78902e-06
3198 -3.5522e-06
3199 -3.78902e-06
3200 -3.78902e-06
3201 -3.31539e-06
3202 -3.31539e-06
3203 -3.78902e-06
3204 -3.5522e-06
3205 -3.5522e-06
3206 -3.5522e-06
3207 -3.5522e-06
3208 -3.5522e-06
3209 0.0163894
3210 0.0773262
3211 0.158489
3212 0.244906
3213 0.346625
3214 0.440283
3215 0.534375
3216 0.63429
3217 0.72438
3218 0.814459
3219 0.907105
3220 1.00308
3221 1.09907
3222 1.18456
3223 1.28359
3224 1.37059
3225 1.48007
3226 1.55505
3227 1.66306
3228 1.76243
3229 1.84268
3230 1.94767
3231 2.03504
3232 2.13478
3233 2.21578
3234 2.31177
3235 2.40027
3236 2.50265
3237 2.59863
3238 2.68676
3239 2.78275
3240 2.87876
3241 2.97549
3242 3.06437
3243 3.15773
3244 3.26012
3245 3.34785
3246 3.44161
3247 3.53758
3248 3.63622
3249 3.71422
3250 3.81059
3251 3.90507
3252 4.00406
3253 4.10006
3254 4.19006
3255 4.28306
3256 4.37903
3257 4.47241
3258 4.56353
3259 4.65356
3260 4.75291
3261 4.84816
3262 4.93764
3263 4.98563
3264 4.99884
3265 5.00223
3266 5.00202
3267 5.00134
3268 5.00076
3269 5.00043
3270 5.00022
3271 5.00007
3272 4.99998
3273 4.99996
3274 4.99997
3275 4.99997
3276 4.99997
3277 4.99997
3278 4.99997
3279 4.99997
3280 4.99998
3281 4.99998
3282 4.99998
3283 4.99998
3284 4.99998
3285 4.99998
3286 4.99998
3287 4.99998
3288 4.99999
3289 4.99999
3290 4.99999
3291 4.99999
3292 4.99999
3293 4.99999
3294 4.99999
3295 4.99999
3296 4.99999
3297 4.99999
3298 4.99999
3299 4.99999
3300 5
3301 5
3302 5
3303 4.99999
3304 5
3305 5
3306 5
3307 5
3308 5
3309 5
3310 5
3311 5
3312 5
3313 5
3314 5
3315 5
3316 5
3317 5
3318 5
3319 5
3320 5
3321 5
3322 5
3323 5
3324 5
3325 5
3326 5
3327 5
3328 5
3329 5
3330 5
3331 5
3332 5
3333 5
3334 5
3335 5
3336 5
3337 5
3338 5
3339 5
3340 5
3341 5
3342 5
3343 5
3344 5
3345 5
3346 5
3347 5
3348 5
3349 5
3350 5
3351 5
3352 5
3353 5
3354 5
3355 5
3356 5
3357 5
3358 5
3359 5
3360 5
3361 5
3362 5
3363 5
3364 5
3365 5
3366 5
3367 5
3368 5
3369 4.99219
3370 4.94007
3371 4.86541
3372 4.76864
3373 4.67304
3374 4.58234
3375 4.48591
3376 4.39274
3377 4.29964
3378 4.20955
3379 4.11013
3380 4.01227
3381 3.9223
3382 3.83192
3383 3.73966
3384 3.63766
3385 3.55367
3386 3.45731
3387 3.35831
3388 3.26493
3389 3.17681
3390 3.08082
3391 2.98483
3392 2.8862
3393 2.79321
3394 2.70622
3395 2.61284
3396 2.51497
3397 2.42161
3398 2.32824
3399 2.23936
3400 2.14035
3401 2.04399
3402 1.95589
3403 1.86589
3404 1.76988
3405 1.68175
3406 1.58876
3407 1.48078
3408 1.39717
3409 1.29778
3410 1.20215
3411 1.10879
3412 1.00868
3413 0.927682
3414 0.837308
3415 0.745054
3416 0.643077
3417 0.55008
3418 0.455202
3419 0.359204
3420 0.260208
3421 0.172845
3422 0.0803475
3423 0.0245284
3424 0.0027217
3425 -0.00209485
3426 -0.00207567
3427 -0.0014564
3428 -0.000830031
3429 -0.0005217
3430 -0.000292702
3431 -0.000135457
3432 -2.84176e-05
3433 7.10441e-07
3434 2.13132e-06
3435 1.89451e-06
3436 6.63078e-06
3437 1.32616e-05
3438 1.34984e-05
3439 1.06566e-05
3440 9.70935e-06
3441 1.08934e-05
3442 1.11302e-05
3443 9.47254e-06
3444 7.34122e-06
3445 7.10441e-06
3446 7.10441e-06
3447 6.86759e-06
3448 5.44671e-06
3449 4.02583e-06
3450 3.78902e-06
3451 3.07858e-06
3452 2.60495e-06
3453 2.60495e-06
3454 2.13132e-06
3455 1.18407e-06
3456 4.73627e-07
3457 4.73627e-07
3458 7.10441e-07
3459 4.73627e-07
3460 -7.10441e-07
3461 -1.42088e-06
3462 -9.47254e-07
3463 -4.73627e-07
3464 -9.47254e-07
3465 -2.13132e-06
3466 -2.60495e-06
3467 -2.13132e-06
3468 -1.42088e-06
3469 -2.36814e-06
3470 -3.5522e-06
3471 -3.31539e-06
3472 -2.60495e-06
3473 -2.60495e-06
3474 -3.31539e-06
3475 -4.26264e-06
3476 -3.5522e-06
3477 -2.84176e-06
3478 -3.07858e-06
3479 -3.5522e-06
3480 -3.78902e-06
3481 -3.5522e-06
3482 -3.07858e-06
3483 -3.07858e-06
3484 -3.5522e-06
3485 -3.78902e-06
3486 -3.5522e-06
3487 -3.31539e-06
3488 -3.5522e-06
3489 -3.5522e-06
3490 -3.78902e-06
3491 -3.5522e-06
3492 -3.5522e-06
3493 -3.78902e-06
3494 -3.78902e-06
3495 -3.78902e-06
3496 -3.78902e-06
3497 -3.78902e-06
3498 -3.78902e-06
3499 -3.78902e-06
3500 -3.5522e-06
3501 -3.78902e-06
3502 -3.31539e-06
3503 -3.5522e-06
3504 -3.78902e-06
3505 -3.5522e-06
3506 -3.5522e-06
3507 -3.5522e-06
3508 -3.5522e-06
3509 -3.5522e-06
3510 -3.78902e-06
3511 -3.31539e-06
3512 -3.78902e-06
3513 -3.5522e-06
3514 -3.78902e-06
3515 -3.78902e-06
3516 -4.02583e-06
3517 -3.78902e-06
3518 -3.78902e-06
3519 -4.02583e-06
3520 -4.02583e-06
3521 -3.5522e-06
3522 -3.78902e-06
3523 -3.78902e-06
3524 -4.02583e-06
3525 -3.5522e-06
3526 -3.5522e-06
3527 -3.5522e-06
3528 -3.78902e-06
3529 0.00249554
3530 0.0478207
3531 0.126914
3532 0.220488
3533 0.299327
3534 0.393861
3535 0.502422
3536 0.598997
3537 0.687221
3538 0.780307
3539 0.871105
3540 0.972344
3541 1.06233
3542 1.15794
3543 1.24946
3544 1.34283
3545 1.42645
3546 1.52806
3547 1.62143
3548 1.71706
3549 1.79842
3550 1.90605
3551 1.99903
3552 2.09542
3553 2.18954
3554 2.28066
3555 2.37065
3556 2.4719
3557 2.55288
3558 2.65788
3559 2.74975
3560 2.84576
3561 2.92974
3562 3.01974
3563 3.11535
3564 3.21436
3565 3.30474
3566 3.40186
3567 3.49485
3568 3.59121
3569 3.68684
3570 3.77984
3571 3.87321
3572 3.97031
3573 4.06031
3574 4.15332
3575 4.24481
3576 4.34378
3577 4.43679
3578 4.52003
3579 4.62805
3580 4.72103
3581 4.81478
3582 4.90289
3583 4.971
3584 4.99545
3585 5.00173
3586 5.00218
3587 5.00162
3588 5.00095
3589 5.00057
3590 5.00028
3591 5.00013
3592 5.00001
3593 4.99996
3594 4.99996
3595 4.99997
3596 4.99997
3597 4.99997
3598 4.99997
3599 4.99997
3600 4.99998
3601 4.99998
3602 4.99998
3603 4.99998
3604 4.99998
3605 4.99998
3606 4.99998
3607 4.99998
3608 4.99999
3609 4.99999
3610 4.99999
3611 4.99999
3612 4.99999
3613 4.99999
3614 4.99999
3615 4.99999
3616 4.99999
3617 4.99999
3618 4.99999
3619 4.99999
3620 4.99999
3621 5
3622 5
3623 4.99999
3624 5
3625 5
3626 5
3627 5
3628 5
3629 5
3630 5
3631 5
3632 5
3633 5
3634 5
3635 5
3636 5
3637 5
3638 5
3639 5
3640 5
3641 5
3642 5
3643 5
3644 5
3645 5
3646 5
3647 5
3648 5
3649 5
3650 5
3651 5
3652 5
3653 5
3654 5
3655 5
3656 5
3657 5
3658 5
3659 5
3660 5
3661 5
3662 5
3663 5
3664 5
3665 5
3666 5
3667 5
3668 5
3669 5
3670 5
3671 5
3672 5
3673 5
3674 5
3675 5
3676 5
3677 5
3678 5
3679 5
3680 5
3681 5
3682 5
3683 5
3684 5
3685 5
3686 5
3687 5
3688 5
3689 4.99997
3690 4.96406
3691 4.88988
3692 4.81005
3693 4.71354
3694 4.61821
3695 4.52128
3696 4.43443
3697 4.33868
3698 4.24858
3699 4.14651
3700 4.05426
3701 3.96092
3702 3.86792
3703 3.77454
3704 3.67965
3705 3.58929
3706 3.49931
3707 3.40032
3708 3.30169
3709 3.20793
3710 3.11419
3711 3.02421
3712 2.92521
3713 2.84309
3714 2.7471
3715 2.64209
3716 2.56147
3717 2.46247
3718 2.37249
3719 2.27911
3720 2.18198
3721 2.08599
3722 1.99526
3723 1.89963
3724 1.80363
3725 1.71063
3726 1.62213
3727 1.52915
3728 1.42716
3729 1.33454
3730 1.24153
3731 1.15454
3732 1.05443
3733 0.964441
3734 0.871428
3735 0.781053
3736 0.676813
3737 0.586829
3738 0.502461
3739 0.396325
3740 0.312318
3741 0.213339
3742 0.120354
3743 0.0420017
3744 0.00685362
3745 -0.00134889
3746 -0.00216779
3747 -0.00174058
3748 -0.00103937
3749 -0.000651948
3750 -0.000345748
3751 -0.00018874
3752 -6.46501e-05
3753 -5.44671e-06
3754 3.31539e-06
3755 2.36814e-06
3756 4.26264e-06
3757 1.11302e-05
3758 1.34984e-05
3759 1.16039e-05
3760 9.70935e-06
3761 9.94617e-06
3762 1.08934e-05
3763 1.04198e-05
3764 8.28847e-06
3765 6.86759e-06
3766 6.86759e-06
3767 6.86759e-06
3768 5.92034e-06
3769 4.97308e-06
3770 3.78902e-06
3771 3.31539e-06
3772 2.84176e-06
3773 2.60495e-06
3774 2.36814e-06
3775 1.65769e-06
3776 2.36814e-07
3777 0
3778 7.10441e-07
3779 7.10441e-07
3780 0
3781 -1.18407e-06
3782 -1.18407e-06
3783 -4.73627e-07
3784 -7.10441e-07
3785 -1.65769e-06
3786 -2.84176e-06
3787 -2.36814e-06
3788 -1.65769e-06
3789 -2.36814e-06
3790 -3.5522e-06
3791 -3.78902e-06
3792 -3.07858e-06
3793 -2.36814e-06
3794 -2.84176e-06
3795 -3.78902e-06
3796 -3.78902e-06
3797 -3.07858e-06
3798 -2.84176e-06
3799 -3.31539e-06
3800 -3.78902e-06
3801 -3.5522e-06
3802 -3.07858e-06
3803 -3.07858e-06
3804 -3.31539e-06
3805 -3.5522e-06
3806 -3.5522e-06
3807 -3.31539e-06
3808 -3.07858e-06
3809 -3.31539e-06
3810 -3.5522e-06
3811 -3.5522e-06
3812 -3.78902e-06
3813 -3.31539e-06
3814 -3.5522e-06
3815 -3.78902e-06
3816 -4.02583e-06
3817 -3.78902e-06
3818 -3.5522e-06
3819 -3.78902e-06
3820 -3.78902e-06
3821 -3.78902e-06
3822 -3.78902e-06
3823 -3.5522e-06
3824 -3.5522e-06
3825 -3.78902e-06
3826 -3.78902e-06
3827 -3.5522e-06
3828 -3.5522e-06
3829 -3.5522e-06
3830 -4.02583e-06
3831 -3.78902e-06
3832 -3.5522e-06
3833 -3.31539e-06
3834 -4.02583e-06
3835 -3.78902e-06
3836 -4.02583e-06
3837 -3.5522e-06
3838 -3.78902e-06
3839 -3.78902e-06
3840 -3.78902e-06
3841 -3.78902e-06
3842 -3.78902e-06
3843 -3.5522e-06
3844 -3.78902e-06
3845 -3.78902e-06
3846 -3.78902e-06
3847 -3.78902e-06
3848 -3.78902e-06
3849 -3.5522e-06
3850 0.020743
3851 0.074591
3852 0.166826
3853 0.259239
3854 0.353048
3855 0.453092
3856 0.540393
3857 0.636541
3858 0.724749
3859 0.817834
3860 0.920234
3861 1.01246
3862 1.10544
3863 1.19545
3864 1.2911
3865 1.38108
3866 1.47707
3867 1.57269
3868 1.65969
3869 1.75568
3870 1.86067
3871 1.94729
3872 2.0313
3873 2.13704
3874 2.22629
3875 2.3159
3876 2.41565
3877 2.5079
3878 2.59751
3879 2.6935
3880 2.797
3881 2.88701
3882 2.97999
3883 3.07449
3884 3.17048
3885 3.2635
3886 3.35648
3887 3.4461
3888 3.54208
3889 3.63584
3890 3.72359
3891 3.8196
3892 3.91895
3893 4.01006
3894 4.10006
3895 4.19907
3896 4.2973
3897 4.38428
3898 4.47766
3899 4.56541
3900 4.6678
3901 4.76078
3902 4.8564
3903 4.94144
3904 4.98693
3905 5.0002
3906 5.00223
3907 5.00198
3908 5.0013
3909 5.00073
3910 5.00041
3911 5.00021
3912 5.00006
3913 4.99998
3914 4.99996
3915 4.99997
3916 4.99997
3917 4.99997
3918 4.99997
3919 4.99997
3920 4.99997
3921 4.99998
3922 4.99997
3923 4.99998
3924 4.99998
3925 4.99998
3926 4.99998
3927 4.99998
3928 4.99999
3929 4.99999
3930 4.99999
3931 4.99999
3932 4.99999
3933 4.99999
3934 4.99999
3935 4.99999
3936 4.99999
3937 4.99999
3938 4.99999
3939 4.99999
3940 4.99999
3941 5
3942 5
3943 4.99999
3944 4.99999
3945 5
3946 5
3947 5
3948 5
3949 5
3950 5
3951 5
3952 5
3953 5
3954 5
3955 5
3956 5
3957 5
3958 5
3959 5
3960 5
3961 5
3962 5
3963 5
3964 5
3965 5
3966 5
3967 5
3968 5
3969 5
3970 5
3971 5
3972 5
3973 5
3974 5
3975 5
3976 5
3977 5
3978 5
3979 5
3980 5
3981 5
3982 5
3983 5
3984 5
3985 5
3986 5
3987 5
3988 5
3989 5
3990 5
3991 5
3992 5
3993 5
3994 5
3995 5
3996 5
3997 5
3998 5
3999 5
4000 5
4001 5
4002 5
4003 5
4004 5
4005 5
4006 5
4007 5
4008 5
4009 5
4010 4.99321
4011 4.93837
4012 4.85481
4013 4.77839
4014 4.67228
4015 4.5782
4016 4.4829
4017 4.39237
4018 4.30001
4019 4.20392
4020 4.10788
4021 4.02427
4022 3.9313
4023 3.8353
4024 3.73365
4025 3.64665
4026 3.55029
4027 3.46294
4028 3.36207
4029 3.26905
4030 3.16669
4031 3.08645
4032 2.98446
4033 2.89108
4034 2.80334
4035 2.70434
4036 2.60835
4037 2.51272
4038 2.42573
4039 2.33574
4040 2.23711
4041 2.14411
4042 2.05112
4043 1.95776
4044 1.86101
4045 1.768
4046 1.67763
4047 1.58351
4048 1.48153
4049 1.38815
4050 1.29815
4051 1.20253
4052 1.10954
4053 1.01394
4054 0.920937
4055 0.830919
4056 0.735302
4057 0.642329
4058 0.552331
4059 0.455954
4060 0.361457
4061 0.265462
4062 0.171727
4063 0.0825442
4064 0.0267876
4065 0.00276101
4066 -0.00204157
4067 -0.00207709
4068 -0.00147914
4069 -0.000884972
4070 -0.000491862
4071 -0.00028536
4072 -0.000130484
4073 -3.41011e-05
4074 7.10441e-07
4075 2.84176e-06
4076 2.13132e-06
4077 6.63078e-06
4078 1.34984e-05
4079 1.3972e-05
4080 1.11302e-05
4081 1.0183e-05
4082 1.08934e-05
4083 1.1367e-05
4084 9.94617e-06
4085 7.81485e-06
4086 7.10441e-06
4087 7.34122e-06
4088 6.86759e-06
4089 5.92034e-06
4090 4.49946e-06
4091 3.78902e-06
4092 3.07858e-06
4093 3.07858e-06
4094 2.60495e-06
4095 2.13132e-06
4096 1.42088e-06
4097 7.10441e-07
4098 7.10441e-07
4099 4.73627e-07
4100 4.73627e-07
4101 -7.10441e-07
4102 -1.18407e-06
4103 -1.18407e-06
4104 -4.73627e-07
4105 -9.47254e-07
4106 -2.13132e-06
4107 -2.60495e-06
4108 -1.89451e-06
4109 -1.89451e-06
4110 -2.36814e-06
4111 -3.5522e-06
4112 -3.5522e-06
4113 -2.60495e-06
4114 -2.60495e-06
4115 -3.31539e-06
4116 -4.02583e-06
4117 -3.78902e-06
4118 -3.07858e-06
4119 -3.07858e-06
4120 -3.5522e-06
4121 -3.78902e-06
4122 -3.31539e-06
4123 -3.07858e-06
4124 -3.31539e-06
4125 -3.5522e-06
4126 -3.5522e-06
4127 -3.31539e-06
4128 -3.07858e-06
4129 -3.5522e-06
4130 -3.78902e-06
4131 -3.78902e-06
4132 -3.5522e-06
4133 -3.5522e-06
4134 -3.5522e-06
4135 -3.78902e-06
4136 -3.78902e-06
4137 -3.78902e-06
4138 -3.5522e-06
4139 -3.5522e-06
4140 -3.78902e-06
4141 -3.78902e-06
4142 -3.78902e-06
4143 -3.31539e-06
4144 -3.5522e-06
4145 -3.5522e-06
4146 -3.78902e-06
4147 -3.5522e-06
4148 -3.5522e-06
4149 -3.5522e-06
4150 -3.5522e-06
4151 -3.78902e-06
4152 -3.78902e-06
4153 -3.31539e-06
4154 -3.31539e-06
4155 -4.02583e-06
4156 -4.02583e-06
4157 -3.78902e-06
4158 -3.78902e-06
4159 -3.5522e-06
4160 -3.78902e-06
4161 -3.78902e-06
4162 -3.5522e-06
4163 -3.5522e-06
4164 -3.5522e-06
4165 -3.78902e-06
4166 -3.78902e-06
4167 -3.5522e-06
4168 -3.5522e-06
4169 -3.78902e-06
4170 9.99353e-05
4171 0.0362247
4172 0.116251
4173 0.20814
4174 0.298948
4175 0.393859
4176 0.490747
4177 0.580968
4178 0.673336
4179 0.766783
4180 0.865852
4181 0.953595
4182 1.05296
4183 1.14294
4184 1.24271
4185 1.33197
4186 1.42796
4187 1.51532
4188 1.61806
4189 1.69906
4190 1.79805
4191 1.89068
4192 1.98967
4193 2.08267
4194 2.16816
4195 2.26116
4196 2.35714
4197 2.45091
4198 2.55139
4199 2.64139
4200 2.73812
4201 2.82888
4202 2.93423
4203 3.01561
4204 3.10785
4205 3.20086
4206 3.29687
4207 3.39585
4208 3.47985
4209 3.58483
4210 3.67146
4211 3.77046
4212 3.86345
4213 3.95943
4214 4.05244
4215 4.14844
4216 4.23283
4217 4.32993
4218 4.42291
4219 4.51629
4220 4.61679
4221 4.70116
4222 4.80015
4223 4.88677
4224 4.9634
4225 4.99282
4226 5.00156
4227 5.00217
4228 5.00167
4229 5.00104
4230 5.00059
4231 5.00032
4232 5.00014
4233 5.00001
4234 4.99997
4235 4.99996
4236 4.99997
4237 4.99997
4238 4.99997
4239 4.99997
4240 4.99997
4241 4.99997
4242 4.99998
4243 4.99997
4244 4.99998
4245 4.99998
4246 4.99998
4247 4.99998
4248 4.99998
4249 4.99999
4250 4.99999
4251 4.99999
4252 4.99999
4253 4.99999
4254 4.99999
4255 4.99999
4256 4.99999
4257 4.99999
4258 4.99999
4259 4.99999
4260 4.99999
4261 4.99999
4262 5
4263 5
4264 4.99999
4265 4.99999
4266 5
4267 5
4268 5
4269 5
4270 5
4271 5
4272 5
4273 5
4274 5
4275 5
4276 5
4277 5
4278 5
4279 5
4280 5
4281 5
4282 5
4283 5
4284 5
4285 5
4286 5
4287 5
4288 5
4289 5
4290 5
4291 5
4292 5
4293 5
4294 5
4295 5
4296 5
4297 5
4298 5
4299 5
4300 5
4301 5
4302 5
4303 5
4304 5
4305 5
4306 5
4307 5
4308 5
4309 5
4310 5
4311 5
4312 5
4313 5
4314 5
4315 5
4316 5
4317 5
4318 5
4319 5
4320 5
4321 5
4322 5
4323 5
4324 5
4325 5
4326 5
4327 5
4328 5
4329 5
4330 5
4331 4.97643
4332 4.90928
4333 4.82001
4334 4.73321
4335 4.63673
4336 4.53711
4337 4.43781
4338 4.34431
4339 4.25647
4340 4.1574
4341 4.07
4342 3.97517
4343 3.88218
4344 3.79517
4345 3.69953
4346 3.60915
4347 3.50418
4348 3.40669
4349 3.31405
4350 3.22669
4351 3.13144
4352 3.03545
4353 2.94246
4354 2.85208
4355 2.76021
4356 2.65821
4357 2.56785
4358 2.47859
4359 2.38261
4360 2.28661
4361 2.19362
4362 2.10061
4363 2.00725
4364 1.90676
4365 1.81376
4366 1.72375
4367 1.62814
4368 1.54415
4369 1.44216
4370 1.34878
4371 1.25728
4372 1.15829
4373 1.07392
4374 0.981313
4375 0.888302
4376 0.786678
4377 0.70119
4378 0.602212
4379 0.509205
4380 0.414696
4381 0.321699
4382 0.225714
4383 0.130099
4384 0.0441401
4385 0.00929043
4386 -0.000895155
4387 -0.00218603
4388 -0.00190185
4389 -0.0012454
4390 -0.000652421
4391 -0.000381033
4392 -0.000218342
4393 -9.28309e-05
4394 -1.27879e-05
4395 3.78902e-06
4396 2.84176e-06
4397 3.78902e-06
4398 1.0183e-05
4399 1.46824e-05
4400 1.27879e-05
4401 1.04198e-05
4402 1.04198e-05
4403 1.16039e-05
4404 1.08934e-05
4405 8.52529e-06
4406 7.10441e-06
4407 7.10441e-06
4408 6.86759e-06
4409 6.15715e-06
4410 5.2099e-06
4411 4.26264e-06
4412 3.5522e-06
4413 2.84176e-06
4414 2.36814e-06
4415 2.60495e-06
4416 1.89451e-06
4417 7.10441e-07
4418 2.36814e-07
4419 4.73627e-07
4420 4.73627e-07
4421 0
4422 -1.18407e-06
4423 -1.42088e-06
4424 -7.10441e-07
4425 -7.10441e-07
4426 -1.65769e-06
4427 -2.60495e-06
4428 -2.36814e-06
4429 -1.65769e-06
4430 -1.89451e-06
4431 -2.84176e-06
4432 -3.78902e-06
4433 -3.07858e-06
4434 -2.60495e-06
4435 -2.84176e-06
4436 -4.26264e-06
4437 -3.78902e-06
4438 -3.31539e-06
4439 -2.60495e-06
4440 -3.31539e-06
4441 -3.78902e-06
4442 -3.78902e-06
4443 -3.07858e-06
4444 -2.84176e-06
4445 -3.31539e-06
4446 -3.5522e-06
4447 -3.78902e-06
4448 -2.84176e-06
4449 -3.31539e-06
4450 -3.5522e-06
4451 -3.78902e-06
4452 -3.5522e-06
4453 -3.5522e-06
4454 -3.5522e-06
4455 -3.78902e-06
4456 -4.02583e-06
4457 -3.78902e-06
4458 -3.78902e-06
4459 -3.5522e-06
4460 -3.5522e-06
4461 -3.78902e-06
4462 -3.78902e-06
4463 -3.78902e-06
4464 -3.31539e-06
4465 -3.5522e-06
4466 -3.5522e-06
4467 -3.5522e-06
4468 -3.5522e-06
4469 -3.5522e-06
4470 -3.78902e-06
4471 -3.78902e-06
4472 -3.78902e-06
4473 -3.78902e-06
4474 -3.5522e-06
4475 -3.78902e-06
4476 -4.02583e-06
4477 -3.78902e-06
4478 -3.78902e-06
4479 -3.5522e-06
4480 -3.5522e-06
4481 -3.78902e-06
4482 -3.78902e-06
4483 -3.5522e-06
4484 -3.78902e-06
4485 -3.78902e-06
4486 -4.02583e-06
4487 -3.78902e-06
4488 -3.5522e-06
4489 -3.5522e-06
4490 -3.78902e-06
4491 0.0135419
4492 0.0773296
4493 0.160662
4494 0.255837
4495 0.343976
4496 0.432733
4497 0.5261
4498 0.631656
4499 0.721003
4500 0.817085
4501 0.913111
4502 0.999339
4503 1.09533
4504 1.19732
4505 1.27309
4506 1.38258
4507 1.47894
4508 1.5603
4509 1.65257
4510 1.75119
4511 1.84756
4512 1.93117
4513 2.03317
4514 2.12917
4515 2.22366
4516 2.32265
4517 2.40365
4518 2.49927
4519 2.60126
4520 2.70026
4521 2.77863
4522 2.8765
4523 2.96949
4524 3.06923
4525 3.15547
4526 3.25149
4527 3.35085
4528 3.43711
4529 3.53308
4530 3.62909
4531 3.72059
4532 3.81959
4533 3.90957
4534 4.00106
4535 4.09107
4536 4.18669
4537 4.27707
4538 4.37417
4539 4.47017
4540 4.56654
4541 4.65842
4542 4.75179
4543 4.84553
4544 4.94037
4545 4.98403
4546 4.99951
4547 5.00222
4548 5.00198
4549 5.00137
4550 5.00078
4551 5.00043
4552 5.00021
4553 5.00008
4554 4.99999
4555 4.99996
4556 4.99997
4557 4.99997
4558 4.99997
4559 4.99997
4560 4.99997
4561 4.99997
4562 4.99998
4563 4.99997
4564 4.99998
4565 4.99998
4566 4.99998
4567 4.99998
4568 4.99998
4569 4.99999
4570 4.99999
4571 4.99999
4572 4.99999
4573 4.99999
4574 4.99999
4575 4.99999
4576 4.99999
4577 4.99999
4578 4.99999
4579 4.99999
4580 4.99999
4581 4.99999
4582 5
4583 5
4584 5
4585 4.99999
4586 5
4587 5
4588 5
4589 5
4590 5
4591 5
4592 5
4593 5
4594 5
4595 5
4596 5
4597 5
4598 5
4599 5
4600 5
4601 5
4602 5
4603 5
4604 5
4605 5
4606 5
4607 5
4608 5
4609 5
4610 5
4611 5
4612 5
4613 5
4614 5
4615 5
4616 5
4617 5
4618 5
4619 5
4620 5
4621 5
4622 5
4623 5
4624 5
4625 5
4626 5
4627 5
4628 5
4629 5
4630 5
4631 5
4632 5
4633 5
4634 5
4635 5
4636 5
4637 5
4638 5
4639 5
4640 5
4641 5
4642 5
4643 5
4644 5
4645 5
4646 5
4647 5
4648 5
4649 5
4650 5
4651 4.99428
4652 4.94146
4653 4.86682
4654 4.76675
4655 4.67304
4656 4.59179
4657 4.48328
4658 4.38711
4659 4.30151
4660 4.19942
4661 4.10938
4662 4.01903
4663 3.92417
4664 3.82218
4665 3.73177
4666 3.64366
4667 3.54767
4668 3.45093
4669 3.35868
4670 3.26568
4671 3.17568
4672 3.0812
4673 2.9912
4674 2.8982
4675 2.80259
4676 2.70659
4677 2.62259
4678 2.52322
4679 2.42949
4680 2.3305
4681 2.24611
4682 2.13998
4683 2.05
4684 1.96001
4685 1.86701
4686 1.76538
4687 1.67201
4688 1.5779
4689 1.49691
4690 1.38891
4691 1.29065
4692 1.20965
4693 1.11329
4694 1.02331
4695 0.928053
4696 0.82904
4697 0.74468
4698 0.640082
4699 0.550084
4700 0.454074
4701 0.362578
4702 0.266579
4703 0.173594
4704 0.075431
4705 0.0214385
4706 0.00222913
4707 -0.00208301
4708 -0.00206122
4709 -0.00144267
4710 -0.000869816
4711 -0.000524068
4712 -0.000296727
4713 -0.00014493
4714 -3.71797e-05
4715 1.42088e-06
4716 3.31539e-06
4717 3.07858e-06
4718 7.34122e-06
4719 1.34984e-05
4720 1.37352e-05
4721 1.08934e-05
4722 9.70935e-06
4723 1.06566e-05
4724 1.1367e-05
4725 9.94617e-06
4726 7.81485e-06
4727 6.86759e-06
4728 7.34122e-06
4729 6.63078e-06
4730 5.68352e-06
4731 4.26264e-06
4732 3.78902e-06
4733 3.5522e-06
4734 2.84176e-06
4735 2.60495e-06
4736 2.13132e-06
4737 1.18407e-06
4738 2.36814e-07
4739 4.73627e-07
4740 7.10441e-07
4741 2.36814e-07
4742 -7.10441e-07
4743 -1.42088e-06
4744 -1.18407e-06
4745 -7.10441e-07
4746 -1.18407e-06
4747 -2.36814e-06
4748 -2.60495e-06
4749 -2.13132e-06
4750 -1.65769e-06
4751 -2.60495e-06
4752 -3.5522e-06
4753 -3.5522e-06
4754 -2.60495e-06
4755 -2.36814e-06
4756 -3.31539e-06
4757 -3.78902e-06
4758 -3.5522e-06
4759 -3.07858e-06
4760 -3.31539e-06
4761 -3.5522e-06
4762 -3.78902e-06
4763 -3.31539e-06
4764 -2.60495e-06
4765 -2.84176e-06
4766 -3.5522e-06
4767 -3.5522e-06
4768 -3.31539e-06
4769 -3.07858e-06
4770 -3.31539e-06
4771 -3.5522e-06
4772 -3.78902e-06
4773 -3.5522e-06
4774 -3.5522e-06
4775 -3.78902e-06
4776 -3.78902e-06
4777 -3.78902e-06
4778 -3.78902e-06
4779 -3.5522e-06
4780 -3.5522e-06
4781 -3.78902e-06
4782 -3.78902e-06
4783 -3.78902e-06
4784 -3.31539e-06
4785 -3.31539e-06
4786 -3.78902e-06
4787 -3.78902e-06
4788 -3.78902e-06
4789 -3.31539e-06
4790 -3.31539e-06
4791 -3.78902e-06
4792 -4.02583e-06
4793 -3.78902e-06
4794 -3.5522e-06
4795 -3.5522e-06
4796 -4.02583e-06
4797 -3.78902e-06
4798 -3.5522e-06
4799 -3.5522e-06
4800 -3.78902e-06
4801 -4.02583e-06
4802 -4.02583e-06
4803 -3.5522e-06
4804 -3.5522e-06
4805 -3.78902e-06
4806 -4.02583e-06
4807 -3.78902e-06
4808 -3.78902e-06
4809 -3.5522e-06
4810 -3.5522e-06
4811 0.00041987
4812 0.0412721
4813 0.115231
4814 0.204424
4815 0.306517
4816 0.388577
4817 0.481348
4818 0.577582
4819 0.674086
4820 0.77129
4821 0.861359
4822 0.951341
4823 1.05183
4824 1.14181
4825 1.23183
4826 1.32446
4827 1.41783
4828 1.51344
4829 1.60869
4830 1.70731
4831 1.8003
4832 1.89667
4833 1.98892
4834 2.08192
4835 2.17229
4836 2.27241
4837 2.3624
4838 2.4584
4839 2.54839
4840 2.64439
4841 2.73737
4842 2.82888
4843 2.9215
4844 3.01487
4845 3.11197
4846 3.20499
4847 3.29199
4848 3.38872
4849 3.48396
4850 3.57395
4851 3.66734
4852 3.76409
4853 3.86009
4854 3.95907
4855 4.04944
4856 4.13944
4857 4.23845
4858 4.33255
4859 4.42253
4860 4.52152
4861 4.61117
4862 4.70416
4863 4.79715
4864 4.89689
4865 4.96601
4866 4.99467
4867 5.00175
4868 5.00216
4869 5.00171
4870 5.00106
4871 5.0006
4872 5.00031
4873 5.00014
4874 5.00002
4875 4.99997
4876 4.99996
4877 4.99997
4878 4.99997
4879 4.99997
4880 4.99997
4881 4.99997
4882 4.99997
4883 4.99997
4884 4.99997
4885 4.99998
4886 4.99998
4887 4.99998
4888 4.99998
4889 4.99998
4890 4.99999
4891 4.99999
4892 4.99999
4893 4.99999
4894 4.99999
4895 4.99999
4896 4.99999
4897 4.99999
4898 4.99999
4899 4.99999
4900 4.99999
4901 4.99999
4902 4.99999
4903 5
4904 5
4905 4.99999
4906 4.99999
4907 5
4908 5
4909 5
4910 5
4911 5
4912 5
4913 5
4914 5
4915 5
4916 5
4917 5
4918 5
4919 5
4920 5
4921 5
4922 5
4923 5
4924 5
4925 5
4926 5
4927 5
4928 5
4929 5
4930 5
4931 5
4932 5
4933 5
4934 5
4935 5
4936 5
4937 5
4938 5
4939 5
4940 5
4941 5
4942 5
4943 5
4944 5
4945 5
4946 5
4947 5
4948 5
4949 5
4950 5
4951 5
4952 5
4953 5
4954 5
4955 5
4956 5
4957 5
4958 5
4959 5
4960 5
4961 5
4962 5
4963 5
4964 5
4965 5
4966 5
4967 5
4968 5
4969 5
4970 5
4971 5
4972 4.97482
4973 4.90767
4974 4.82001
4975 4.72715
4976 4.6303
4977 4.53107
4978 4.44382
4979 4.35069
4980 4.25347
4981 4.1604
4982 4.07338
4983 3.96878
4984 3.8728
4985 3.7798
4986 3.68902
4987 3.59829
4988 3.49931
4989 3.40594
4990 3.3178
4991 3.22219
4992 3.12919
4993 3.03357
4994 2.9372
4995 2.84758
4996 2.74897
4997 2.65596
4998 2.56297
4999 2.47335
5000 2.37736
5001 2.28135
5002 2.19061
5003 2.10285
5004 2.00988
5005 1.90789
5006 1.80964
5007 1.72525
5008 1.62926
5009 1.53403
5010 1.44104
5011 1.34803
5012 1.25315
5013 1.16016
5014 1.06417
5015 0.971559
5016 0.878189
5017 0.785175
5018 0.691802
5019 0.602206
5020 0.500211
5021 0.403835
5022 0.314196
5023 0.221215
5024 0.134219
5025 0.0441397
5026 0.00929517
5027 -0.00100172
5028 -0.00217418
5029 -0.00185164
5030 -0.00119496
5031 -0.000687233
5032 -0.000385296
5033 -0.000204133
5034 -8.35952e-05
5035 -1.25511e-05
5036 3.07858e-06
5037 2.36814e-06
5038 4.02583e-06
5039 1.06566e-05
5040 1.44456e-05
5041 1.25511e-05
5042 9.94617e-06
5043 1.06566e-05
5044 1.1367e-05
5045 1.08934e-05
5046 8.7621e-06
5047 7.10441e-06
5048 7.10441e-06
5049 7.10441e-06
5050 6.39396e-06
5051 5.2099e-06
5052 4.02583e-06
5053 3.5522e-06
5054 3.07858e-06
5055 2.60495e-06
5056 2.60495e-06
5057 1.89451e-06
5058 9.47254e-07
5059 0
5060 4.73627e-07
5061 7.10441e-07
5062 -2.36814e-07
5063 -1.18407e-06
5064 -1.18407e-06
5065 -4.73627e-07
5066 -4.73627e-07
5067 -1.42088e-06
5068 -2.84176e-06
5069 -2.60495e-06
5070 -1.42088e-06
5071 -1.89451e-06
5072 -3.31539e-06
5073 -3.5522e-06
5074 -3.31539e-06
5075 -2.60495e-06
5076 -3.07858e-06
5077 -3.78902e-06
5078 -3.78902e-06
5079 -3.31539e-06
5080 -2.84176e-06
5081 -3.31539e-06
5082 -3.78902e-06
5083 -3.5522e-06
5084 -3.07858e-06
5085 -2.84176e-06
5086 -3.5522e-06
5087 -3.78902e-06
5088 -3.5522e-06
5089 -3.31539e-06
5090 -3.31539e-06
5091 -3.5522e-06
5092 -3.78902e-06
5093 -3.5522e-06
5094 -3.5522e-06
5095 -3.5522e-06
5096 -4.02583e-06
5097 -3.78902e-06
5098 -3.78902e-06
5099 -3.5522e-06
5100 -3.5522e-06
5101 -3.78902e-06
5102 -3.78902e-06
5103 -4.02583e-06
5104 -3.31539e-06
5105 -3.5522e-06
5106 -3.31539e-06
5107 -3.5522e-06
5108 -3.5522e-06
5109 -3.31539e-06
5110 -3.5522e-06
5111 -3.5522e-06
5112 -3.78902e-06
5113 -3.78902e-06
5114 -3.31539e-06
5115 -3.5522e-06
5116 -4.02583e-06
5117 -4.02583e-06
5118 -3.78902e-06
5119 -3.78902e-06
5120 -3.5522e-06
5121 -3.78902e-06
5122 -3.78902e-06
5123 -3.78902e-06
5124 -3.5522e-06
5125 -3.5522e-06
5126 -3.78902e-06
5127 -3.78902e-06
5128 -3.78902e-06
5129 -3.31539e-06
5130 -3.5522e-06
5131 -3.78902e-06
5132 0.0162189
5133 0.072185
5134 0.15093
5135 0.251685
5136 0.34851
5137 0.438395
5138 0.531738
5139 0.624898
5140 0.724752
5141 0.812576
5142 0.908605
5143 1.00196
5144 1.09982
5145 1.19282
5146 1.28321
5147 1.37546
5148 1.46845
5149 1.56142
5150 1.65894
5151 1.75493
5152 1.84869
5153 1.93529
5154 2.0313
5155 2.12729
5156 2.22066
5157 2.31777
5158 2.41077
5159 2.50715
5160 2.58589
5161 2.69089
5162 2.79062
5163 2.88288
5164 2.9635
5165 3.0655
5166 3.15661
5167 3.24999
5168 3.34859
5169 3.43635
5170 3.52708
5171 3.62309
5172 3.71947
5173 3.8166
5174 3.90657
5175 3.99394
5176 4.09819
5177 4.19157
5178 4.28419
5179 4.37866
5180 4.47767
5181 4.56166
5182 4.6543
5183 4.74728
5184 4.84328
5185 4.93424
5186 4.98186
5187 4.99937
5188 5.00222
5189 5.002
5190 5.00137
5191 5.0008
5192 5.00043
5193 5.00022
5194 5.00008
5195 4.99998
5196 4.99996
5197 4.99997
5198 4.99997
5199 4.99997
5200 4.99997
5201 4.99997
5202 4.99997
5203 4.99998
5204 4.99997
5205 4.99998
5206 4.99998
5207 4.99998
5208 4.99998
5209 4.99998
5210 4.99998
5211 4.99999
5212 4.99999
5213 4.99999
5214 4.99999
5215 4.99999
5216 4.99999
5217 4.99999
5218 4.99999
5219 4.99999
5220 4.99999
5221 4.99999
5222 4.99999
5223 5
5224 5
5225 5
5226 4.99999
5227 5
5228 5
5229 5
5230 5
5231 5
5232 5
5233 5
5234 5
5235 5
5236 5
5237 5
5238 5
5239 5
5240 5
5241 5
5242 5
5243 5
5244 5
5245 5
5246 5
5247 5
5248 5
5249 5
5250 5
5251 5
5252 5
5253 5
5254 5
5255 5
5256 5
5257 5
5258 5
5259 5
5260 5
5261 5
5262 5
5263 5
5264 5
5265 5
5266 5
5267 5
5268 5
5269 5
5270 5
5271 5
5272 5
5273 5
5274 5
5275 5
5276 5
5277 5
5278 5
5279 5
5280 5
5281 5
5282 5
5283 5
5284 5
5285 5
5286 5
5287 5
5288 5
5289 5
5290 5
5291 5
5292 4.99876
5293 4.95041
5294 4.87829
5295 4.78138
5296 4.67872
5297 4.58763
5298 4.49532
5299 4.39913
5300 4.31803
5301 4.22007
5302 4.12701
5303 4.03702
5304 3.93543
5305 3.84242
5306 3.75541
5307 3.65528
5308 3.57429
5309 3.46631
5310 3.37255
5311 3.28668
5312 3.18769
5313 3.09432
5314 3.0002
5315 2.91021
5316 2.81121
5317 2.71709
5318 2.6241
5319 2.5311
5320 2.43698
5321 2.33462
5322 2.25099
5323 2.15761
5324 2.05562
5325 1.97763
5326 1.87226
5327 1.78113
5328 1.68212
5329 1.59139
5330 1.49653
5331 1.40954
5332 1.30715
5333 1.21903
5334 1.12004
5335 1.02705
5336 0.943439
5337 0.850422
5338 0.751423
5339 0.656951
5340 0.554966
5341 0.464967
5342 0.374573
5343 0.286822
5344 0.190461
5345 0.094091
5346 0.029335
5347 0.00386361
5348 -0.00171358
5349 -0.00209177
5350 -0.00155847
5351 -0.000941334
5352 -0.000525489
5353 -0.000303121
5354 -0.000152745
5355 -4.9494e-05
5356 -7.10441e-07
5357 3.07858e-06
5358 2.36814e-06
5359 5.44671e-06
5360 1.23143e-05
5361 1.34984e-05
5362 1.08934e-05
5363 9.70935e-06
5364 1.06566e-05
5365 1.1367e-05
5366 9.94617e-06
5367 7.57803e-06
5368 6.86759e-06
5369 6.86759e-06
5370 6.63078e-06
5371 5.44671e-06
5372 4.49946e-06
5373 3.78902e-06
5374 3.78902e-06
5375 2.84176e-06
5376 2.36814e-06
5377 2.36814e-06
5378 1.42088e-06
5379 4.73627e-07
5380 4.73627e-07
5381 9.47254e-07
5382 7.10441e-07
5383 -2.36814e-07
5384 -1.18407e-06
5385 -7.10441e-07
5386 -4.73627e-07
5387 -7.10441e-07
5388 -2.13132e-06
5389 -2.60495e-06
5390 -1.89451e-06
5391 -1.42088e-06
5392 -2.36814e-06
5393 -3.5522e-06
5394 -3.78902e-06
5395 -2.84176e-06
5396 -2.60495e-06
5397 -3.31539e-06
5398 -3.78902e-06
5399 -3.78902e-06
5400 -3.07858e-06
5401 -3.07858e-06
5402 -3.5522e-06
5403 -3.78902e-06
5404 -3.5522e-06
5405 -2.84176e-06
5406 -3.07858e-06
5407 -3.5522e-06
5408 -3.5522e-06
5409 -3.5522e-06
5410 -3.31539e-06
5411 -3.07858e-06
5412 -3.78902e-06
5413 -3.78902e-06
5414 -3.31539e-06
5415 -3.5522e-06
5416 -3.5522e-06
5417 -3.78902e-06
5418 -4.02583e-06
5419 -3.78902e-06
5420 -3.5522e-06
5421 -3.5522e-06
5422 -3.5522e-06
5423 -3.5522e-06
5424 -3.78902e-06
5425 -3.5522e-06
5426 -3.78902e-06
5427 -3.78902e-06
5428 -3.5522e-06
5429 -3.5522e-06
5430 -3.5522e-06
5431 -3.5522e-06
5432 -3.78902e-06
5433 -3.78902e-06
5434 -3.78902e-06
5435 -3.5522e-06
5436 -3.5522e-06
5437 -3.78902e-06
5438 -3.78902e-06
5439 -3.78902e-06
5440 -3.5522e-06
5441 -3.78902e-06
5442 -4.02583e-06
5443 -3.78902e-06
5444 -3.78902e-06
5445 -3.5522e-06
5446 -3.78902e-06
5447 -3.78902e-06
5448 -3.78902e-06
5449 -3.5522e-06
5450 -3.78902e-06
5451 -3.5522e-06
5452 0.000493756
5453 0.0320953
5454 0.102831
5455 0.198106
5456 0.297435
5457 0.37876
5458 0.475317
5459 0.574572
5460 0.673339
5461 0.754034
5462 0.847095
5463 0.943098
5464 1.04282
5465 1.13769
5466 1.23371
5467 1.32408
5468 1.4212
5469 1.51419
5470 1.59817
5471 1.69419
5472 1.79618
5473 1.88918
5474 1.97766
5475 2.07367
5476 2.17565
5477 2.25328
5478 2.35526
5479 2.44528
5480 2.54464
5481 2.63539
5482 2.73137
5483 2.82213
5484 2.923
5485 3.004
5486 3.09698
5487 3.18997
5488 3.29499
5489 3.38498
5490 3.4791
5491 3.57208
5492 3.66846
5493 3.75509
5494 3.85109
5495 3.94368
5496 4.04644
5497 4.14019
5498 4.2182
5499 4.32392
5500 4.41617
5501 4.50616
5502 4.59917
5503 4.70078
5504 4.78478
5505 4.88677
5506 4.96321
5507 4.99281
5508 5.00151
5509 5.00219
5510 5.00176
5511 5.0011
5512 5.00059
5513 5.00032
5514 5.00015
5515 5.00003
5516 4.99997
5517 4.99996
5518 4.99997
5519 4.99997
5520 4.99997
5521 4.99997
5522 4.99997
5523 4.99997
5524 4.99997
5525 4.99997
5526 4.99998
5527 4.99998
5528 4.99998
5529 4.99998
5530 4.99998
5531 4.99999
5532 4.99999
5533 4.99999
5534 4.99999
5535 4.99999
5536 4.99999
5537 4.99999
5538 4.99999
5539 4.99999
5540 4.99999
5541 4.99999
5542 4.99999
5543 4.99999
5544 5
5545 5
5546 4.99999
5547 4.99999
5548 5
5549 5
5550 5
5551 5
5552 5
5553 5
5554 5
5555 5
5556 5
5557 5
5558 5
5559 5
5560 5
5561 5
5562 5
5563 5
5564 5
5565 5
5566 5
5567 5
5568 5
5569 5
5570 5
5571 5
5572 5
5573 5
5574 5
5575 5
5576 5
5577 5
5578 5
5579 5
5580 5
5581 5
5582 5
5583 5
5584 5
5585 5
5586 5
5587 5
5588 5
5589 5
5590 5
5591 5
5592 5
5593 5
5594 5
5595 5
5596 5
5597 5
5598 5
5599 5
5600 5
5601 5
5602 5
5603 5
5604 5
5605 5
5606 5
5607 5
5608 5
5609 5
5610 5
5611 5
5612 5
5613 4.98118
5614 4.91842
5615 4.83209
5616 4.74566
5617 4.65186
5618 4.55896
5619 4.46035
5620 4.3796
5621 4.26772
5622 4.17654
5623 4.0835
5624 3.99016
5625 3.89492
5626 3.80192
5627 3.7059
5628 3.62341
5629 3.52742
5630 3.42245
5631 3.33243
5632 3.24843
5633 3.15844
5634 3.06545
5635 2.9552
5636 2.87121
5637 2.78047
5638 2.6871
5639 2.5941
5640 2.49473
5641 2.40361
5642 2.31361
5643 2.21461
5644 2.11636
5645 2.02037
5646 1.92738
5647 1.82913
5648 1.74512
5649 1.64913
5650 1.55578
5651 1.46053
5652 1.36453
5653 1.27116
5654 1.17742
5655 1.08743
5656 0.994439
5657 0.896932
5658 0.803926
5659 0.713924
5660 0.616829
5661 0.526837
5662 0.433824
5663 0.332196
5664 0.247835
5665 0.149222
5666 0.0598792
5667 0.0153398
5668 -0.000254811
5669 -0.0021891
5670 -0.00198426
5671 -0.00133421
5672 -0.000764434
5673 -0.000446867
5674 -0.00022592
5675 -9.54358e-05
5676 -1.53929e-05
5677 3.07858e-06
5678 2.84176e-06
5679 2.84176e-06
5680 9.23573e-06
5681 1.34984e-05
5682 1.27879e-05
5683 1.04198e-05
5684 9.94617e-06
5685 1.11302e-05
5686 1.08934e-05
5687 9.23573e-06
5688 7.34122e-06
5689 6.63078e-06
5690 7.10441e-06
5691 6.63078e-06
5692 5.44671e-06
5693 4.02583e-06
5694 3.5522e-06
5695 3.31539e-06
5696 3.07858e-06
5697 2.36814e-06
5698 1.89451e-06
5699 1.18407e-06
5700 7.10441e-07
5701 7.10441e-07
5702 7.10441e-07
5703 0
5704 -9.47254e-07
5705 -1.18407e-06
5706 -4.73627e-07
5707 -4.73627e-07
5708 -1.42088e-06
5709 -2.13132e-06
5710 -2.13132e-06
5711 -1.89451e-06
5712 -1.89451e-06
5713 -2.60495e-06
5714 -3.31539e-06
5715 -3.31539e-06
5716 -2.60495e-06
5717 -2.60495e-06
5718 -3.31539e-06
5719 -4.02583e-06
5720 -3.5522e-06
5721 -3.07858e-06
5722 -3.07858e-06
5723 -3.5522e-06
5724 -3.5522e-06
5725 -3.31539e-06
5726 -3.07858e-06
5727 -3.31539e-06
5728 -3.5522e-06
5729 -3.78902e-06
5730 -3.5522e-06
5731 -3.07858e-06
5732 -3.31539e-06
5733 -3.5522e-06
5734 -3.78902e-06
5735 -3.78902e-06
5736 -3.5522e-06
5737 -3.78902e-06
5738 -3.78902e-06
5739 -3.78902e-06
5740 -4.02583e-06
5741 -3.5522e-06
5742 -3.5522e-06
5743 -4.02583e-06
5744 -4.02583e-06
5745 -3.78902e-06
5746 -3.5522e-06
5747 -3.5522e-06
5748 -3.78902e-06
5749 -3.78902e-06
5750 -3.5522e-06
5751 -3.5522e-06
5752 -3.5522e-06
5753 -3.78902e-06
5754 -3.78902e-06
5755 -3.31539e-06
5756 -3.5522e-06
5757 -3.5522e-06
5758 -3.5522e-06
5759 -3.78902e-06
5760 -3.5522e-06
5761 -3.78902e-06
5762 -3.78902e-06
5763 -3.78902e-06
5764 -3.78902e-06
5765 -3.5522e-06
5766 -3.5522e-06
5767 -3.5522e-06
5768 -4.02583e-06
5769 -3.5522e-06
5770 -3.5522e-06
5771 -3.5522e-06
5772 -3.5522e-06
5773 0.0055007
5774 0.0536447
5775 0.142726
5776 0.222363
5777 0.322036
5778 0.410094
5779 0.510314
5780 0.606499
5781 0.699994
5782 0.791183
5783 0.88423
5784 0.983214
5785 1.07583
5786 1.16581
5787 1.26484
5788 1.36196
5789 1.43995
5790 1.53294
5791 1.63231
5792 1.73169
5793 1.82168
5794 1.92104
5795 2.01292
5796 2.09691
5797 2.1959
5798 2.29154
5799 2.38452
5800 2.48653
5801 2.57838
5802 2.65938
5803 2.76137
5804 2.85363
5805 2.94662
5806 3.03661
5807 3.12698
5808 3.22711
5809 3.32011
5810 3.41047
5811 3.5087
5812 3.59871
5813 3.68871
5814 3.78583
5815 3.87884
5816 3.97781
5817 4.07682
5818 4.16982
5819 4.26581
5820 4.35054
5821 4.44129
5822 4.53766
5823 4.62805
5824 4.72291
5825 4.8189
5826 4.91264
5827 4.9776
5828 4.99712
5829 5.00209
5830 5.00211
5831 5.00151
5832 5.00095
5833 5.00052
5834 5.00027
5835 5.00012
5836 5
5837 4.99996
5838 4.99996
5839 4.99997
5840 4.99997
5841 4.99997
5842 4.99997
5843 4.99997
5844 4.99998
5845 4.99998
5846 4.99998
5847 4.99998
5848 4.99998
5849 4.99998
5850 4.99998
5851 4.99998
5852 4.99999
5853 4.99999
5854 4.99999
5855 4.99999
5856 4.99999
5857 4.99999
5858 4.99999
5859 4.99999
5860 4.99999
5861 4.99999
5862 4.99999
5863 4.99999
5864 5
5865 5
5866 5
5867 4.99999
5868 5
5869 5
5870 5
5871 5
5872 5
5873 5
5874 5
5875 5
5876 5
5877 5
5878 5
5879 5
5880 5
5881 5
5882 5
5883 5
5884 5
5885 5
5886 5
5887 5
5888 5
5889 5
5890 5
5891 5
5892 5
5893 5
5894 5
5895 5
5896 5
5897 5
5898 5
5899 5
5900 5
5901 5
5902 5
5903 5
5904 5
5905 5
5906 5
5907 5
5908 5
5909 5
5910 5
5911 5
5912 5
5913 5
5914 5
5915 5
5916 5
5917 5
5918 5
5919 5
5920 5
5921 5
5922 5
5923 5
5924 5
5925 5
5926 5
5927 5
5928 5
5929 5
5930 5
5931 5
5932 5
5933 4.99997
5934 4.96637
5935 4.89523
5936 4.79521
5937 4.71392
5938 4.60763
5939 4.51903
5940 4.41979
5941 4.32967
5942 4.23696
5943 4.14089
5944 4.05989
