0 0
1 0
2 0
3 0
4 0
5 0
6 0
7 0
8 0
9 0
10 0
11 0
12 0
13 0
14 0
15 0
16 0
17 0
18 0
19 0
20 0
21 0
22 0
23 0
24 0
25 0
26 0
27 0
28 0
29 0
30 0
31 0
32 0
33 0
34 0
35 0
36 0
37 0
38 0
39 0
40 0
41 0
42 0
43 0
44 0
45 0
46 0
47 0
48 0
49 0
50 0
51 0
52 0
53 0
54 0
55 0
56 0
57 0
58 0
59 0
60 0
61 0
62 0
63 0
64 0
65 0
66 0
67 0
68 0
69 0
70 0
71 0
72 0
73 0
74 0
75 0
76 0
77 0
78 0
79 0
80 0
81 0
82 0
83 0
84 0
85 0
86 0
87 0
88 0
89 0
90 0
91 0
92 0
93 0
94 0
95 0
96 0
97 0
98 0
99 0
100 0
101 0
102 0
103 0
104 0
105 0
106 0.00121
107 0.00121
108 0.00242
109 0.00242
110 0.00242
111 0.00242
112 0.00242
113 0.34364
114 0.23716
115 0.13673
116 0.08712
117 0.07986
118 0.06534
119 0.07623
120 0.06655
121 0.06534
122 0.07502
123 0.06292
124 0.07502
125 0.0605
126 0.07018
127 0.06897
128 0.06413
129 0.06897
130 0.06413
131 0.07381
132 0.06292
133 0.0726
134 0.0726
135 0.05929
136 0.07381
137 0.05808
138 0.07139
139 0.06655
140 0.06413
141 0.0726
142 0.06897
143 0.07139
144 0.06413
145 0.07381
146 0.07623
147 0.06171
148 0.07018
149 0.06534
150 0.07018
151 0.0726
152 0.06534
153 0.07381
154 0.07139
155 0.07381
156 0.05808
157 0.07018
158 0.06655
159 0.06534
160 0.07018
161 0.06292
162 0.06534
163 0.06171
164 0.0605
165 0.07502
166 0.06534
167 0.0726
168 0.06534
169 0.06413
170 0.05929
171 0.06171
172 0.06897
173 0.06655
174 0.06776
175 0.06776
176 0.0605
177 0.0726
178 0.0605
179 0.06897
180 0.06534
181 0.05929
182 0.07744
183 0.0605
184 0.06897
185 0.06171
186 0.06171
187 0.0726
188 0.05808
189 0.07018
190 0.06171
191 0.06413
192 0.06655
193 0.05687
194 0.06897
195 0.05929
196 0.06292
197 0.05445
198 0.06655
199 0.06171
200 0.06171
201 0.07018
202 0.06171
203 0.06897
204 0.06534
205 0.06776
206 0.06897
207 0.06171
208 0.06776
209 0.06413
210 0.06655
211 -0.38236
212 -0.14278
213 -0.05445
214 0.02662
215 -0.02299
216 -0.02178
217 -0.02178
218 -0.02299
219 -0.02057
220 -0.02178
221 -0.02057
222 -0.01936
223 -0.01936
224 -0.01815
225 -0.01694
226 -0.01573
227 -0.01573
228 -0.01452
229 -0.01452
230 -0.01331
231 -0.01331
232 -0.0121
233 -0.0121
234 -0.0121
235 -0.01089
236 -0.01089
237 -0.01089
238 -0.00968
239 -0.00968
240 -0.00968
241 -0.00968
242 -0.00847
243 -0.00847
244 -0.00847
245 -0.00847
246 -0.00847
247 -0.00847
248 -0.00847
249 -0.00847
250 -0.00726
251 -0.00726
252 -0.00726
253 -0.00726
254 -0.00726
255 -0.00726
256 -0.00726
257 -0.00726
258 -0.00726
259 -0.00726
260 -0.00726
261 -0.00726
262 -0.00726
263 -0.00726
264 -0.00726
265 -0.00726
266 -0.00726
267 -0.00726
268 -0.00726
269 -0.00726
270 -0.00726
271 -0.00726
272 -0.00726
273 -0.49126
274 -0.24079
275 -0.1452
276 -0.08107
277 -0.06776
278 -0.07139
279 -0.0605
280 -0.07381
281 -0.06655
282 -0.06897
283 -0.07018
284 -0.07018
285 -0.07744
286 -0.06413
287 -0.06897
288 -0.06776
289 -0.06897
290 -0.07018
291 -0.06171
292 -0.07381
293 -0.06413
294 -0.06776
295 -0.06292
296 -0.06534
297 -0.06897
298 -0.06655
299 -0.06897
300 -0.05929
301 -0.06413
302 -0.07018
303 -0.06413
304 -0.07139
305 -0.06292
306 -0.06776
307 -0.06534
308 -0.06171
309 -0.07139
310 -0.06292
311 -0.07139
312 -0.06171
313 -0.06413
314 -0.07018
315 -0.05687
316 -0.0726
317 -0.06413
318 -0.06897
319 -0.06655
320 -0.0605
321 -0.06776
322 -0.0605
323 -0.07018
324 -0.06655
325 -0.06655
326 -0.07018
327 -0.06292
328 -0.07139
329 -0.05808
330 -0.06534
331 -0.06292
332 -0.0605
333 -0.0726
334 -0.06171
335 -0.06413
336 -0.06534
337 -0.06655
338 -0.06534
339 -0.05808
340 -0.07139
341 -0.06292
342 -0.06776
343 -0.07139
344 -0.06413
345 -0.06897
346 -0.05929
347 -0.06534
348 -0.06655
349 -0.05929
350 -0.07381
351 -0.06292
352 -0.07139
353 -0.05929
354 -0.06897
355 -0.06171
356 -0.06534
357 -0.06897
358 -0.06292
359 -0.06413
360 -0.06413
361 -0.06413
362 -0.06776
363 -0.06171
364 -0.07018
365 -0.06413
366 -0.06171
367 -0.07018
368 -0.06292
369 -0.06655
370 -0.05687
371 -0.06897
372 -0.06655
373 -0.06655
374 -0.07139
375 -0.05566
376 -0.07139
377 -0.0605
378 -0.06776
379 -0.06413
380 0.22869
381 0.1089
382 0.00605
383 -0.01694
384 0.0242
385 0.02541
386 0.02299
387 0.02783
388 0.02783
389 0.02783
390 0.02783
391 0.02783
392 0.02662
393 0.02541
394 0.0242
395 0.0242
396 0.0242
397 0.02299
398 0.02299
399 0.02178
400 0.02178
401 0.02057
402 0.02057
403 0.01936
404 0.01936
405 0.01936
406 0.01936
407 0.01815
408 0.01815
409 0.01815
410 0.01815
411 0.01815
412 0.01694
413 0.01694
414 0.01694
415 0.01694
416 0.01694
417 0.01694
418 0.01573
419 0.01694
420 0.01573
421 0.01573
422 0.01573
423 0.01573
424 0.01573
425 0.01573
426 0.01573
427 0.01573
428 0.01573
429 0.01573
430 0.01573
431 0.01573
432 0.01573
433 0.06292
434 0.28193
435 0.1815
436 0.11132
437 0.06655
438 0.06171
439 0.07139
440 0.07018
441 0.07139
442 0.07139
443 0.07018
444 0.06776
445 0.07502
446 0.0726
447 0.06655
448 0.07502
449 0.0726
450 0.07381
451 0.07139
452 0.06776
453 0.07139
454 0.06292
455 0.06292
456 0.06292
457 0.06897
458 0.07018
459 0.06776
460 0.06534
461 0.06534
462 0.06534
463 0.06776
464 0.06897
465 0.07139
466 0.06776
467 0.06171
468 0.06534
469 0.07139
470 0.06534
471 0.06413
472 0.06897
473 0.06413
474 0.07018
475 0.06534
476 0.06534
477 0.06413
478 0.06897
479 0.0605
480 0.07139
481 0.06171
482 0.06534
483 0.06292
484 0.07502
485 0.07018
486 0.06171
487 0.06776
488 0.06776
489 0.07381
490 0.06292
491 0.07018
492 0.05687
493 0.06534
494 0.06776
495 0.06897
496 0.06413
497 0.06897
498 0.06171
499 0.06655
500 0.06292
501 0.07018
502 0.06776
503 0.06292
504 0.06655
505 0.06534
506 0.06776
507 0.06413
508 0.06897
509 0.05929
510 0.07018
511 0.06292
512 0.06776
513 0.06655
514 0.06171
515 0.06655
516 0.0605
517 0.06171
518 0.07381
519 0.06292
520 0.06413
521 0.06534
522 0.06292
523 0.07139
524 0.0605
525 0.06776
526 0.06171
527 0.06413
528 0.07018
529 0.06776
530 0.0726
531 0.06655
532 0.06655
533 0.06655
534 0.06171
535 0.06534
536 0.06776
537 0.06292
538 0.06292
539 0.06171
540 -0.35695
541 -0.14399
542 -0.03872
543 0.0121
544 -0.02299
545 -0.02541
546 -0.02299
547 -0.02299
548 -0.02299
549 -0.02178
550 -0.02057
551 -0.01936
552 -0.01815
553 -0.01815
554 -0.01694
555 -0.01573
556 -0.01573
557 -0.01452
558 -0.01331
559 -0.01331
560 -0.0121
561 -0.01089
562 -0.01089
563 -0.00968
564 -0.00968
565 -0.00847
566 -0.00847
567 -0.00847
568 -0.00847
569 -0.00726
570 -0.00726
571 -0.00726
572 -0.00726
573 -0.00605
574 -0.00605
575 -0.00605
576 -0.00605
577 -0.00605
578 -0.00605
579 -0.00605
580 -0.00605
581 -0.00605
582 -0.00605
583 -0.00605
584 -0.00605
585 -0.00605
586 -0.00605
587 -0.00605
588 -0.00605
589 -0.00484
590 -0.00484
591 -0.00484
592 -0.00484
593 -0.00605
594 -0.32186
595 -0.2178
596 -0.12947
597 -0.08349
598 -0.07381
599 -0.06534
600 -0.06655
601 -0.0605
602 -0.06413
603 -0.06655
604 -0.06776
605 -0.06897
606 -0.06534
607 -0.06897
608 -0.05929
609 -0.06171
610 -0.06413
611 -0.06534
612 -0.06776
613 -0.06776
614 -0.06413
615 -0.06413
616 -0.06171
617 -0.06776
618 -0.06171
619 -0.06292
620 -0.06655
621 -0.06897
622 -0.07018
623 -0.05929
624 -0.06534
625 -0.06655
626 -0.07018
627 -0.06292
628 -0.06776
629 -0.05808
630 -0.06534
631 -0.06897
632 -0.06413
633 -0.06292
634 -0.06655
635 -0.05808
636 -0.06776
637 -0.06655
638 -0.06413
639 -0.06413
640 -0.06171
641 -0.06534
642 -0.06171
643 -0.06292
644 -0.06292
645 -0.06413
646 -0.06534
647 -0.06292
648 -0.06534
649 -0.06534
650 -0.0605
651 -0.06534
652 -0.06292
653 -0.05929
654 -0.06292
655 -0.06171
656 -0.06171
657 -0.06413
658 -0.0605
659 -0.06534
660 -0.06776
661 -0.06413
662 -0.06413
663 -0.06534
664 -0.05929
665 -0.06534
666 -0.05929
667 -0.06897
668 -0.0605
669 -0.05929
670 -0.06171
671 -0.0605
672 -0.06655
673 -0.05929
674 -0.06897
675 -0.06534
676 -0.06171
677 -0.06655
678 -0.05687
679 -0.06413
680 -0.07139
681 -0.05929
682 -0.06534
683 -0.06776
684 -0.0605
685 -0.06776
686 -0.05929
687 -0.06534
688 -0.06292
689 -0.06292
690 -0.06413
691 -0.05324
692 -0.06776
693 -0.0605
694 -0.06776
695 -0.06413
696 -0.06171
697 -0.06534
698 -0.0605
699 -0.06292
700 -0.05445
701 0.1815
702 0.10406
703 0.00363
704 0.00363
705 0.02541
706 0.01452
707 0.0242
708 0.02662
709 0.03388
710 0.02783
711 0.02783
712 0.02662
713 0.02541
714 0.02541
715 0.0242
716 0.0242
717 0.0242
718 0.02299
719 0.02299
720 0.02178
721 0.02178
722 0.02178
723 0.02057
724 0.02057
725 0.02057
726 0.01936
727 0.01936
728 0.01936
729 0.01936
730 0.01815
731 0.01815
732 0.01815
733 0.01815
734 0.01815
735 0.01815
736 0.01815
737 0.01694
738 0.01815
739 0.01694
740 0.01815
741 0.01694
742 0.01694
743 0.01694
744 0.01694
745 0.01694
746 0.01815
747 0.01694
748 0.01694
749 0.01694
750 0.01694
751 0.01694
752 0.01694
753 0.01694
754 0.50941
755 0.242
756 0.13068
757 0.08228
758 0.07502
759 0.06292
760 0.06292
761 0.06897
762 0.06413
763 0.0726
764 0.06171
765 0.0726
766 0.07018
767 0.06776
768 0.07744
769 0.06534
770 0.06776
771 0.06655
772 0.06897
773 0.07018
774 0.06292
775 0.07139
776 0.06534
777 0.06776
778 0.07139
779 0.06292
780 0.06776
781 0.06534
782 0.07139
783 0.06292
784 0.06776
785 0.06534
786 0.0605
787 0.06655
788 0.06413
789 0.06292
790 0.06413
791 0.06171
792 0.0726
793 0.06413
794 0.06655
795 0.06776
796 0.05808
797 0.0605
798 0.06413
799 0.06897
800 0.07018
801 0.06897
802 0.06655
803 0.05687
804 0.06776
805 0.0605
806 0.06897
807 0.06292
808 0.05687
809 0.06897
810 0.05808
811 0.06776
812 0.0605
813 0.06534
814 0.05808
815 0.06413
816 0.06776
817 0.05929
818 0.06413
819 0.0605
820 0.05687
821 0.06413
822 0.05929
823 0.06534
824 0.0605
825 0.06776
826 0.06534
827 0.05929
828 0.07018
829 0.06171
830 0.06776
831 0.06292
832 0.05929
833 0.06776
834 0.05445
835 0.06776
836 0.06292
837 0.06534
838 0.06776
839 0.05445
840 0.07139
841 0.05929
842 0.06776
843 0.06655
844 0.0605
845 0.06171
846 0.06171
847 0.06292
848 0.05929
849 0.06655
850 0.06534
851 0.05324
852 0.06534
853 0.0605
854 0.06413
855 0.0605
856 0.05929
857 0.06292
858 0.0605
859 0.06655
860 0.06413
861 -0.22264
862 -0.10527
863 -0.01573
864 0.00847
865 -0.02783
866 -0.01936
867 -0.02299
868 -0.02178
869 -0.02057
870 -0.01936
871 -0.01936
872 -0.01694
873 -0.01694
874 -0.01573
875 -0.01452
876 -0.01452
877 -0.01331
878 -0.0121
879 -0.0121
880 -0.0121
881 -0.01089
882 -0.00968
883 -0.00968
884 -0.00968
885 -0.00847
886 -0.00847
887 -0.00847
888 -0.00726
889 -0.00726
890 -0.00726
891 -0.00726
892 -0.00726
893 -0.00726
894 -0.00605
895 -0.00605
896 -0.00605
897 -0.00605
898 -0.00605
899 -0.00605
900 -0.00605
901 -0.00605
902 -0.00605
903 -0.00605
904 -0.00484
905 -0.00484
906 -0.00605
907 -0.00484
908 -0.00605
909 -0.00484
910 -0.00484
911 -0.00484
912 -0.00484
913 -0.00605
914 -0.42592
915 -0.26741
916 -0.1573
917 -0.06413
918 -0.06292
919 -0.06776
920 -0.06534
921 -0.06776
922 -0.0726
923 -0.06292
924 -0.07018
925 -0.06655
926 -0.06534
927 -0.06776
928 -0.06655
929 -0.07139
930 -0.06413
931 -0.0726
932 -0.06292
933 -0.07502
934 -0.07018
935 -0.06292
936 -0.07139
937 -0.06534
938 -0.06413
939 -0.0605
940 -0.06655
941 -0.0726
942 -0.06171
943 -0.07018
944 -0.06292
945 -0.05808
946 -0.06292
947 -0.06413
948 -0.06897
949 -0.05808
950 -0.06776
951 -0.0605
952 -0.06413
953 -0.06897
954 -0.06171
955 -0.06413
956 -0.05929
957 -0.0605
958 -0.06897
959 -0.05445
960 -0.06897
961 -0.05445
962 -0.06534
963 -0.06292
964 -0.0605
965 -0.06534
966 -0.06292
967 -0.06776
968 -0.05203
969 -0.05687
970 -0.05929
971 -0.05566
972 -0.07018
973 -0.06171
974 -0.07018
975 -0.06655
976 -0.0605
977 -0.06413
978 -0.05929
979 -0.07018
980 -0.06171
981 -0.06655
982 -0.05929
983 -0.05808
984 -0.07018
985 -0.05929
986 -0.06534
987 -0.06292
988 -0.05687
989 -0.06534
990 -0.0605
991 -0.06776
992 -0.05808
993 -0.06413
994 -0.06534
995 -0.05929
996 -0.0605
997 -0.06171
998 -0.06413
999 -0.06292
1000 -0.05808
1001 -0.06776
1002 -0.06171
1003 -0.07018
1004 -0.06292
1005 -0.05445
1006 -0.06413
1007 -0.05808
1008 -0.06776
1009 -0.06171
1010 -0.06655
1011 -0.06292
1012 -0.06534
1013 -0.06655
1014 -0.06292
1015 -0.0605
1016 -0.06292
1017 -0.06292
1018 -0.06655
1019 -0.05808
1020 -0.0605
1021 0.35695
1022 0.12705
1023 0.03872
1024 -0.01452
1025 0.02057
1026 0.02299
1027 0.02178
1028 0.02541
1029 0.02783
1030 0.02783
1031 0.02662
1032 0.02662
1033 0.02541
1034 0.02541
1035 0.02541
1036 0.0242
1037 0.02299
1038 0.02299
1039 0.02178
1040 0.02178
1041 0.02057
1042 0.02057
1043 0.02057
1044 0.01936
1045 0.01936
1046 0.01936
1047 0.01815
1048 0.01815
1049 0.01815
1050 0.01815
1051 0.01815
1052 0.01694
1053 0.01694
1054 0.01694
1055 0.01694
1056 0.01694
1057 0.01694
1058 0.01694
1059 0.01573
1060 0.01573
1061 0.01573
1062 0.01573
1063 0.01573
1064 0.01573
1065 0.01573
1066 0.01573
1067 0.01573
1068 0.01573
1069 0.01573
1070 0.01573
1071 0.01573
1072 0.01573
1073 0.01573
1074 0.01815
1075 0.27467
1076 0.18997
1077 0.10164
1078 0.06897
1079 0.06171
1080 0.07018
1081 0.06413
1082 0.0726
1083 0.06776
1084 0.06534
1085 0.07018
1086 0.0605
1087 0.07139
1088 0.06413
1089 0.07018
1090 0.06897
1091 0.06534
1092 0.0726
1093 0.06292
1094 0.06897
1095 0.05808
1096 0.0605
1097 0.07018
1098 0.05687
1099 0.07018
1100 0.06413
1101 0.06897
1102 0.06413
1103 0.06292
1104 0.06897
1105 0.0605
1106 0.07381
1107 0.0605
1108 0.0605
1109 0.06413
1110 0.05929
1111 0.06655
1112 0.05929
1113 0.06534
1114 0.06534
1115 0.05808
1116 0.07139
1117 0.05929
1118 0.06413
1119 0.05929
1120 0.05445
1121 0.06897
1122 0.06534
1123 0.06655
1124 0.06171
1125 0.06655
1126 0.06292
1127 0.05808
1128 0.06897
1129 0.05808
1130 0.07018
1131 0.06897
1132 0.06171
1133 0.06534
1134 0.05929
1135 0.06776
1136 0.05687
1137 0.06776
1138 0.06776
1139 0.05687
1140 0.06776
1141 0.0605
1142 0.07139
1143 0.0605
1144 0.0605
1145 0.06897
1146 0.05808
1147 0.07139
1148 0.06534
1149 0.06292
1150 0.06534
1151 0.06171
1152 0.06776
1153 0.0605
1154 0.06171
1155 0.06171
1156 0.05808
1157 0.0726
1158 0.0605
1159 0.06534
1160 0.06534
1161 0.06413
1162 0.06655
1163 0.05687
1164 0.07139
1165 0.05687
1166 0.06171
1167 0.06655
1168 0.06292
1169 0.06897
1170 0.05808
1171 0.06655
1172 0.06534
1173 0.05929
1174 0.06655
1175 0.05929
1176 0.06776
1177 0.06292
1178 0.05929
1179 0.06776
1180 0.05929
1181 -0.40051
1182 -0.15488
1183 -0.06897
1184 0.0242
1185 -0.02662
1186 -0.02178
1187 -0.02178
1188 -0.0242
1189 -0.02057
1190 -0.01936
1191 -0.01936
1192 -0.01815
1193 -0.01694
1194 -0.01573
1195 -0.01573
1196 -0.01452
1197 -0.01331
1198 -0.01331
1199 -0.0121
1200 -0.0121
1201 -0.01089
1202 -0.01089
1203 -0.00968
1204 -0.00968
1205 -0.00847
1206 -0.00847
1207 -0.00847
1208 -0.00726
1209 -0.00726
1210 -0.00726
1211 -0.00726
1212 -0.00605
1213 -0.00605
1214 -0.00605
1215 -0.00605
1216 -0.00605
1217 -0.00605
1218 -0.00605
1219 -0.00605
1220 -0.00605
1221 -0.00605
1222 -0.00484
1223 -0.00484
1224 -0.00484
1225 -0.00484
1226 -0.00484
1227 -0.00484
1228 -0.00484
1229 -0.00484
1230 -0.00484
1231 -0.00484
1232 -0.00484
1233 -0.00484
1234 -0.00484
1235 -0.32428
1236 -0.21417
1237 -0.121
1238 -0.07744
1239 -0.06292
1240 -0.06534
1241 -0.06413
1242 -0.06292
1243 -0.06534
1244 -0.06171
1245 -0.06776
1246 -0.06776
1247 -0.0605
1248 -0.07018
1249 -0.06413
1250 -0.07018
1251 -0.06655
1252 -0.05929
1253 -0.06897
1254 -0.05929
1255 -0.06776
1256 -0.05929
1257 -0.06292
1258 -0.06292
1259 -0.06413
1260 -0.06655
1261 -0.05929
1262 -0.06413
1263 -0.06534
1264 -0.05929
1265 -0.0605
1266 -0.05808
1267 -0.06897
1268 -0.0605
1269 -0.06897
1270 -0.06534
1271 -0.06171
1272 -0.06776
1273 -0.05445
1274 -0.06413
1275 -0.06292
1276 -0.06292
1277 -0.05566
1278 -0.05808
1279 -0.0605
1280 -0.0605
1281 -0.06776
1282 -0.05808
1283 -0.05687
1284 -0.06534
1285 -0.05929
1286 -0.06171
1287 -0.06292
1288 -0.05687
1289 -0.06413
1290 -0.05566
1291 -0.06655
1292 -0.05808
1293 -0.06171
1294 -0.06171
1295 -0.05808
1296 -0.06534
1297 -0.05566
1298 -0.06171
1299 -0.05929
1300 -0.06292
1301 -0.06655
1302 -0.05808
1303 -0.06534
1304 -0.0605
1305 -0.05929
1306 -0.06292
1307 -0.05808
1308 -0.06413
1309 -0.06171
1310 -0.05808
1311 -0.05929
1312 -0.05687
1313 -0.0605
1314 -0.0605
1315 -0.06776
1316 -0.06534
1317 -0.05808
1318 -0.06897
1319 -0.05566
1320 -0.06655
1321 -0.05808
1322 -0.05929
1323 -0.05808
1324 -0.05566
1325 -0.06776
1326 -0.05687
1327 -0.05929
1328 -0.05929
1329 -0.0605
1330 -0.05929
1331 -0.06292
1332 -0.06171
1333 -0.05929
1334 -0.06897
1335 -0.05929
1336 -0.0605
1337 -0.06534
1338 -0.05324
1339 -0.0605
1340 -0.0605
1341 0.02057
1342 0.1815
1343 0.0726
1344 0
1345 0.01936
1346 0.02662
1347 0.0242
1348 0.02662
1349 0.02783
1350 0.02783
1351 0.02783
1352 0.02662
1353 0.02662
1354 0.02541
1355 0.0242
1356 0.0242
1357 0.0242
1358 0.02299
1359 0.02299
1360 0.02178
1361 0.02057
1362 0.02057
1363 0.02057
1364 0.01936
1365 0.01936
1366 0.01936
1367 0.01815
1368 0.01815
1369 0.01815
1370 0.01815
1371 0.01694
1372 0.01694
1373 0.01694
1374 0.01694
1375 0.01694
1376 0.01694
1377 0.01694
1378 0.01573
1379 0.01573
1380 0.01573
1381 0.01573
1382 0.01573
1383 0.01573
1384 0.01573
1385 0.01573
1386 0.01573
1387 0.01573
1388 0.01573
1389 0.01573
1390 0.01573
1391 0.01573
1392 0.01573
1393 0.01573
1394 0.01573
1395 0.49247
1396 0.23595
1397 0.12463
1398 0.07986
1399 0.06776
1400 0.05808
1401 0.06776
1402 0.06655
1403 0.06413
1404 0.07139
1405 0.05929
1406 0.06776
1407 0.0605
1408 0.0605
1409 0.06292
1410 0.0605
1411 0.07018
1412 0.06413
1413 0.06776
1414 0.07018
1415 0.06292
1416 0.07139
1417 0.05929
1418 0.07139
1419 0.06897
1420 0.0605
1421 0.06897
1422 0.05808
1423 0.06897
1424 0.06171
1425 0.06413
1426 0.05687
1427 0.05687
1428 0.06897
1429 0.05566
1430 0.06897
1431 0.06292
1432 0.0605
1433 0.06171
1434 0.05929
1435 0.06534
1436 0.05808
1437 0.05687
1438 0.06776
1439 0.06171
1440 0.06534
1441 0.05324
1442 0.06897
1443 0.05808
1444 0.06171
1445 0.06655
1446 0.0605
1447 0.06655
1448 0.05687
1449 0.06776
1450 0.05929
1451 0.05808
1452 0.0726
1453 0.05929
1454 0.06897
1455 0.05687
1456 0.06292
1457 0.0605
1458 0.05566
1459 0.06292
1460 0.0605
1461 0.06776
1462 0.0605
1463 0.05808
1464 0.06655
1465 0.05808
1466 0.06171
1467 0.06292
1468 0.05566
1469 0.07018
1470 0.05687
1471 0.07018
1472 0.06171
1473 0.06171
1474 0.06292
1475 0.06171
1476 0.06655
1477 0.05687
1478 0.06171
1479 0.05929
1480 0.05808
1481 0.06776
1482 0.05445
1483 0.06655
1484 0.05445
1485 0.0605
1486 0.05808
1487 0.05808
1488 0.06897
1489 0.05566
1490 0.05808
1491 0.06534
1492 0.0605
1493 0.06413
1494 0.0605
1495 0.06655
1496 0.05808
1497 0.06292
1498 0.06534
1499 0.05687
1500 0.06776
1501 0.06413
1502 -0.21417
1503 -0.10648
1504 -0.0121
1505 0.00484
1506 -0.0242
1507 -0.01815
1508 -0.02178
1509 -0.02178
1510 -0.02057
1511 -0.01936
1512 -0.01936
1513 -0.01815
1514 -0.01694
1515 -0.01573
1516 -0.01573
1517 -0.01452
1518 -0.01331
1519 -0.0121
1520 -0.0121
1521 -0.01089
1522 -0.01089
1523 -0.00968
1524 -0.00968
1525 -0.00847
1526 -0.00847
1527 -0.00847
1528 -0.00726
1529 -0.00726
1530 -0.00726
1531 -0.00726
1532 -0.00726
1533 -0.00605
1534 -0.00605
1535 -0.00605
1536 -0.00605
1537 -0.00605
1538 -0.00605
1539 -0.00484
1540 -0.00605
1541 -0.00605
1542 -0.00484
1543 -0.00484
1544 -0.00484
1545 -0.00484
1546 -0.00484
1547 -0.00484
1548 -0.00484
1549 -0.00484
1550 -0.00484
1551 -0.00484
1552 -0.00484
1553 -0.00484
1554 -0.00484
1555 -0.23353
1556 -0.2662
1557 -0.1573
1558 -0.0847
1559 -0.06534
1560 -0.06776
1561 -0.06171
1562 -0.06413
1563 -0.06292
1564 -0.06292
1565 -0.06655
1566 -0.06655
1567 -0.06413
1568 -0.06292
1569 -0.06655
1570 -0.06171
1571 -0.06292
1572 -0.06776
1573 -0.05808
1574 -0.06413
1575 -0.06171
1576 -0.06534
1577 -0.06292
1578 -0.06171
1579 -0.07018
1580 -0.05808
1581 -0.06655
1582 -0.06413
1583 -0.05929
1584 -0.07018
1585 -0.05808
1586 -0.06776
1587 -0.05929
1588 -0.06292
1589 -0.06534
1590 -0.06413
1591 -0.06534
1592 -0.05929
1593 -0.06292
1594 -0.06897
1595 -0.06171
1596 -0.06292
1597 -0.05929
1598 -0.06776
1599 -0.0605
1600 -0.05687
1601 -0.06292
1602 -0.05808
1603 -0.06413
1604 -0.06413
1605 -0.05808
1606 -0.0605
1607 -0.05687
1608 -0.06292
1609 -0.05445
1610 -0.06534
1611 -0.05687
1612 -0.0605
1613 -0.07018
1614 -0.05687
1615 -0.05929
1616 -0.05808
1617 -0.0605
1618 -0.06413
1619 -0.05808
1620 -0.0726
1621 -0.05808
1622 -0.05808
1623 -0.06413
1624 -0.05929
1625 -0.06897
1626 -0.05687
1627 -0.06413
1628 -0.05929
1629 -0.0605
1630 -0.06655
1631 -0.0605
1632 -0.05808
1633 -0.05687
1634 -0.0605
1635 -0.06171
1636 -0.05445
1637 -0.05445
1638 -0.05929
1639 -0.06655
1640 -0.06171
1641 -0.05808
1642 -0.06413
1643 -0.06534
1644 -0.06171
1645 -0.06171
1646 -0.05687
1647 -0.06534
1648 -0.06171
1649 -0.06897
1650 -0.05566
1651 -0.06897
1652 -0.0605
1653 -0.06534
1654 -0.06292
1655 -0.05324
1656 -0.06413
1657 -0.05324
1658 -0.05929
1659 -0.05808
1660 -0.05566
1661 -0.06776
1662 0.24926
1663 0.13794
1664 0.03388
1665 -0.01331
1666 0.02057
1667 0.02299
1668 0.02057
1669 0.02783
1670 0.02783
1671 0.02783
1672 0.02783
1673 0.02662
1674 0.02541
1675 0.02541
1676 0.0242
1677 0.0242
1678 0.02299
1679 0.02299
1680 0.02178
1681 0.02178
1682 0.02057
1683 0.02057
1684 0.02057
1685 0.01936
1686 0.01936
1687 0.01936
1688 0.01815
1689 0.01815
1690 0.01815
1691 0.01815
1692 0.01694
1693 0.01694
1694 0.01694
1695 0.01694
1696 0.01694
1697 0.01694
1698 0.01694
1699 0.01573
1700 0.01573
1701 0.01573
1702 0.01573
1703 0.01573
1704 0.01573
1705 0.01573
1706 0.01573
1707 0.01573
1708 0.01573
1709 0.01573
1710 0.01573
1711 0.01573
1712 0.01573
1713 0.01573
1714 0.01573
1715 0.01573
1716 0.2904
1717 0.18997
1718 0.10043
1719 0.08349
1720 0.06292
1721 0.06897
1722 0.05687
1723 0.06897
1724 0.06413
1725 0.0605
1726 0.07139
1727 0.0605
1728 0.07139
1729 0.06413
1730 0.05808
1731 0.07381
1732 0.05808
1733 0.07502
1734 0.05929
1735 0.05566
1736 0.06655
1737 0.05566
1738 0.06897
1739 0.05929
1740 0.0726
1741 0.05929
1742 0.06171
1743 0.06413
1744 0.0605
1745 0.0726
1746 0.05929
1747 0.06292
1748 0.0605
1749 0.0605
1750 0.06171
1751 0.05566
1752 0.06655
1753 0.0605
1754 0.0605
1755 0.06776
1756 0.05445
1757 0.0726
1758 0.06413
1759 0.05566
1760 0.06534
1761 0.05929
1762 0.06413
1763 0.05808
1764 0.07018
1765 0.06171
1766 0.0605
1767 0.07018
1768 0.06171
1769 0.06776
1770 0.06171
1771 0.05808
1772 0.06655
1773 0.0605
1774 0.07139
1775 0.06413
1776 0.06171
1777 0.0605
1778 0.0605
1779 0.06655
1780 0.05808
1781 0.06413
1782 0.06413
1783 0.06171
1784 0.05929
1785 0.05566
1786 0.06776
1787 0.05808
1788 0.06534
1789 0.0605
1790 0.06171
1791 0.06655
1792 0.05808
1793 0.06776
1794 0.05808
1795 0.05929
1796 0.06292
1797 0.05687
1798 0.07381
1799 0.05687
1800 0.06171
1801 0.05929
1802 0.05566
1803 0.06413
1804 0.05808
1805 0.06292
1806 0.05808
1807 0.05929
1808 0.06292
1809 0.05566
1810 0.06292
1811 0.06171
1812 0.0605
1813 0.06171
1814 0.05929
1815 0.05929
1816 0.05566
1817 0.06534
1818 0.05687
1819 0.06413
1820 0.06292
1821 0.05808
1822 -0.34969
1823 -0.15367
1824 -0.06897
1825 0.01936
1826 -0.0242
1827 -0.02662
1828 -0.02299
1829 -0.0242
1830 -0.02178
1831 -0.02057
1832 -0.01936
1833 -0.01815
1834 -0.01694
1835 -0.01573
1836 -0.01573
1837 -0.01452
1838 -0.01331
1839 -0.01331
1840 -0.0121
1841 -0.01089
1842 -0.01089
1843 -0.01089
1844 -0.00968
1845 -0.00968
1846 -0.00847
1847 -0.00847
1848 -0.00847
1849 -0.00847
1850 -0.00726
1851 -0.00726
1852 -0.00726
1853 -0.00726
1854 -0.00605
1855 -0.00605
1856 -0.00605
1857 -0.00605
1858 -0.00605
1859 -0.00605
1860 -0.00605
1861 -0.00605
1862 -0.00605
1863 -0.00484
1864 -0.00605
1865 -0.00484
1866 -0.00484
1867 -0.00484
1868 -0.00484
1869 -0.00484
1870 -0.00484
1871 -0.00484
1872 -0.00484
1873 -0.00484
1874 -0.00484
1875 -0.00484
1876 -0.41382
1877 -0.22748
1878 -0.13189
1879 -0.07381
1880 -0.06655
1881 -0.05929
1882 -0.06534
1883 -0.06292
1884 -0.0605
1885 -0.06413
1886 -0.06413
1887 -0.06413
1888 -0.06292
1889 -0.06413
1890 -0.05808
1891 -0.05929
1892 -0.0726
1893 -0.0605
1894 -0.06897
1895 -0.0605
1896 -0.0605
1897 -0.06534
1898 -0.05808
1899 -0.06776
1900 -0.06776
1901 -0.06292
1902 -0.06292
1903 -0.06171
1904 -0.06776
1905 -0.06171
1906 -0.07018
1907 -0.05687
1908 -0.05808
1909 -0.06292
1910 -0.06171
1911 -0.06171
1912 -0.06171
1913 -0.06534
1914 -0.05687
1915 -0.05929
1916 -0.06534
1917 -0.0605
1918 -0.06897
1919 -0.05929
1920 -0.06171
1921 -0.06655
1922 -0.05445
1923 -0.06534
1924 -0.05808
1925 -0.06413
1926 -0.06413
1927 -0.0605
1928 -0.06413
1929 -0.05566
1930 -0.06534
1931 -0.05929
1932 -0.0605
1933 -0.05929
1934 -0.05808
1935 -0.06655
1936 -0.05808
1937 -0.0605
1938 -0.06655
1939 -0.05929
1940 -0.05929
1941 -0.05929
1942 -0.06171
1943 -0.0605
1944 -0.05808
1945 -0.05929
1946 -0.05929
1947 -0.06655
1948 -0.06171
1949 -0.06413
1950 -0.05687
1951 -0.05566
1952 -0.06655
1953 -0.05687
1954 -0.06776
1955 -0.0605
1956 -0.06171
1957 -0.06292
1958 -0.05324
1959 -0.06292
1960 -0.05808
1961 -0.0605
1962 -0.05566
1963 -0.05566
1964 -0.06776
1965 -0.06292
1966 -0.05929
1967 -0.05929
1968 -0.0605
1969 -0.06413
1970 -0.06171
1971 -0.0605
1972 -0.05687
1973 -0.06171
1974 -0.06171
1975 -0.05808
1976 -0.07139
1977 -0.0605
1978 -0.06534
1979 -0.06292
1980 -0.06534
1981 -0.06413
1982 -0.05566
1983 0.20328
1984 0.09801
1985 0.00121
1986 0.01452
1987 0.02178
1988 0.02178
1989 0.02783
1990 0.02662
1991 0.02783
1992 0.02783
1993 0.02662
1994 0.02662
1995 0.02541
1996 0.02541
1997 0.0242
1998 0.02299
1999 0.02299
2000 0.02178
2001 0.02178
2002 0.02057
2003 0.02057
2004 0.02057
2005 0.01936
2006 0.01936
2007 0.01815
2008 0.01815
2009 0.01815
2010 0.01815
2011 0.01815
2012 0.01694
2013 0.01694
2014 0.01694
2015 0.01694
2016 0.01694
2017 0.01694
2018 0.01573
2019 0.01573
2020 0.01573
2021 0.01573
2022 0.01573
2023 0.01573
2024 0.01573
2025 0.01573
2026 0.01573
2027 0.01573
2028 0.01573
2029 0.01573
2030 0.01573
2031 0.01573
2032 0.01452
2033 0.01573
2034 0.01452
2035 0.01452
2036 0.49489
2037 0.24079
2038 0.15609
2039 0.08228
2040 0.06292
2041 0.06776
2042 0.06292
2043 0.06776
2044 0.05808
2045 0.06534
2046 0.06655
2047 0.05808
2048 0.06776
2049 0.05929
2050 0.06897
2051 0.06292
2052 0.05808
2053 0.06413
2054 0.05929
2055 0.07018
2056 0.05808
2057 0.06655
2058 0.07018
2059 0.05808
2060 0.06534
2061 0.0605
2062 0.06413
2063 0.06776
2064 0.05808
2065 0.06534
2066 0.0605
2067 0.06897
2068 0.05808
2069 0.05929
2070 0.06292
2071 0.05808
2072 0.06776
2073 0.05808
2074 0.06655
2075 0.05808
2076 0.0605
2077 0.06534
2078 0.05566
2079 0.06292
2080 0.05808
2081 0.06413
2082 0.0605
2083 0.05324
2084 0.06776
2085 0.05445
2086 0.07139
2087 0.06171
2088 0.05929
2089 0.06534
2090 0.06292
2091 0.06776
2092 0.05808
2093 0.05324
2094 0.05929
2095 0.05445
2096 0.07139
2097 0.06171
2098 0.06171
2099 0.05929
2100 0.0605
2101 0.06655
2102 0.05929
2103 0.06655
2104 0.05687
2105 0.06413
2106 0.0605
2107 0.05929
2108 0.06655
2109 0.05929
2110 0.06897
2111 0.06413
2112 0.05687
2113 0.06171
2114 0.05687
2115 0.06171
2116 0.05687
2117 0.05929
2118 0.05687
2119 0.05687
2120 0.06171
2121 0.05324
2122 0.06534
2123 0.06292
2124 0.04961
2125 0.06655
2126 0.05566
2127 0.06897
2128 0.05687
2129 0.05445
2130 0.06413
2131 0.05566
2132 0.07139
2133 0.05929
2134 0.06171
2135 0.05324
2136 0.06171
2137 0.06776
2138 0.05687
2139 0.06534
2140 0.05566
2141 0.05687
2142 0.06776
2143 -0.24442
2144 -0.11737
2145 -0.03388
2146 0.00484
2147 -0.02904
2148 -0.01936
2149 -0.02299
2150 -0.02178
2151 -0.02057
2152 -0.01936
2153 -0.01815
2154 -0.01815
2155 -0.01694
2156 -0.01573
2157 -0.01452
2158 -0.01452
2159 -0.01331
2160 -0.0121
2161 -0.0121
2162 -0.01089
2163 -0.01089
2164 -0.00968
2165 -0.00968
2166 -0.00847
2167 -0.00847
2168 -0.00847
2169 -0.00847
2170 -0.00726
2171 -0.00726
2172 -0.00726
2173 -0.00605
2174 -0.00605
2175 -0.00605
2176 -0.00605
2177 -0.00605
2178 -0.00605
2179 -0.00605
2180 -0.00484
2181 -0.00605
2182 -0.00605
2183 -0.00484
2184 -0.00484
2185 -0.00605
2186 -0.00484
2187 -0.00484
2188 -0.00484
2189 -0.00484
2190 -0.00484
2191 -0.00484
2192 -0.00484
2193 -0.00484
2194 -0.00484
2195 -0.00484
2196 -0.07381
2197 -0.26257
2198 -0.16577
2199 -0.09559
2200 -0.07139
2201 -0.05929
2202 -0.06655
2203 -0.06655
2204 -0.06292
2205 -0.05687
2206 -0.06655
2207 -0.06534
2208 -0.0605
2209 -0.06534
2210 -0.06413
2211 -0.06413
2212 -0.0605
2213 -0.07018
2214 -0.06776
2215 -0.06534
2216 -0.06776
2217 -0.05687
2218 -0.06776
2219 -0.06534
2220 -0.06413
2221 -0.06534
2222 -0.06292
2223 -0.06534
2224 -0.06413
2225 -0.06292
2226 -0.05929
2227 -0.05929
2228 -0.06897
2229 -0.0605
2230 -0.05808
2231 -0.06171
2232 -0.05687
2233 -0.06655
2234 -0.06171
2235 -0.06897
2236 -0.05808
2237 -0.05808
2238 -0.06292
2239 -0.05566
2240 -0.06413
2241 -0.06413
2242 -0.06292
2243 -0.06776
2244 -0.0605
2245 -0.06534
2246 -0.0605
2247 -0.06655
2248 -0.06292
2249 -0.06413
2250 -0.06534
2251 -0.05445
2252 -0.05929
2253 -0.06655
2254 -0.06534
2255 -0.06776
2256 -0.05808
2257 -0.06292
2258 -0.06776
2259 -0.0605
2260 -0.06655
2261 -0.05929
2262 -0.06897
2263 -0.07381
2264 -0.06292
2265 -0.06534
2266 -0.0605
2267 -0.06413
2268 -0.05929
2269 -0.06897
2270 -0.05687
2271 -0.06413
2272 -0.05929
2273 -0.06171
2274 -0.06534
2275 -0.05687
2276 -0.06292
2277 -0.05929
2278 -0.07139
2279 -0.06897
2280 -0.05687
2281 -0.06292
2282 -0.0605
2283 -0.0605
2284 -0.05929
2285 -0.05929
2286 -0.06413
2287 -0.05808
2288 -0.06171
2289 -0.05929
2290 -0.05808
2291 -0.06171
2292 -0.05324
2293 -0.06534
2294 -0.05687
2295 -0.06292
2296 -0.06171
2297 -0.05808
2298 -0.06897
2299 -0.05445
2300 -0.06292
2301 -0.06171
2302 -0.06534
2303 0.39204
2304 0.13189
2305 0.05687
2306 -0.01815
2307 0.03509
2308 0.0242
2309 0.02178
2310 0.02662
2311 0.02662
2312 0.02904
2313 0.02783
2314 0.02783
2315 0.02662
2316 0.02541
2317 0.02541
2318 0.0242
2319 0.02299
2320 0.02299
2321 0.02178
2322 0.02178
2323 0.02178
2324 0.01815
2325 0.01815
2326 0.01815
2327 0.01815
2328 0.01573
2329 0.01573
2330 0.01694
2331 0.01694
2332 0.01452
2333 0.01694
2334 0.01573
2335 0.01573
2336 0.01573
2337 0.01573
2338 0.01452
2339 0.01573
2340 0.01452
2341 0.01452
2342 0.01452
2343 0.01452
2344 0.01452
2345 0.01452
2346 0.01331
2347 0.01331
2348 0.01331
2349 0.01331
2350 0.01331
2351 0.01331
2352 0.01331
2353 0.01331
2354 0.01331
2355 0.01331
2356 0.01331
2357 0.31823
2358 0.18755
2359 0.10648
2360 0.07623
2361 0.08107
2362 0.06413
2363 0.06776
2364 0.06171
2365 0.06292
2366 0.06292
2367 0.06776
2368 0.0605
2369 0.06413
2370 0.06171
2371 0.05929
2372 0.06776
2373 0.05566
2374 0.06171
2375 0.06413
2376 0.06534
2377 0.06413
2378 0.05808
2379 0.06776
2380 0.06171
2381 0.06534
2382 0.0605
2383 0.05808
2384 0.06655
2385 0.05929
2386 0.06897
2387 0.0605
2388 0.06171
2389 0.0605
2390 0.05687
2391 0.06655
2392 0.06292
2393 0.05566
2394 0.0605
2395 0.05566
2396 0.06655
2397 0.05929
2398 0.06171
2399 0.06292
2400 0.05566
2401 0.06897
2402 0.05808
2403 0.06776
2404 0.05929
2405 0.06655
2406 0.05929
2407 0.05929
2408 0.06171
2409 0.06171
2410 0.06534
2411 0.06534
2412 0.0605
2413 0.0605
2414 0.06292
2415 0.05929
2416 0.06534
2417 0.06776
2418 0.05687
2419 0.05808
2420 0.06534
2421 0.05929
2422 0.06655
2423 0.05929
2424 0.05808
2425 0.06171
2426 0.05687
2427 0.06292
2428 0.06413
2429 0.05929
2430 0.05808
2431 0.05808
2432 0.06292
2433 0.05687
2434 0.06292
2435 0.05687
2436 0.05445
2437 0.05929
2438 0.05445
2439 0.06413
2440 0.05808
2441 0.06171
2442 0.06413
2443 0.05687
2444 0.06292
2445 0.06171
2446 0.05929
2447 0.05929
2448 0.0605
2449 0.06413
2450 0.05687
2451 0.06171
2452 0.05687
2453 0.06655
2454 0.0605
2455 0.05808
2456 0.06413
2457 0.05445
2458 0.06897
2459 0.05808
2460 0.05203
2461 0.05808
2462 0.05203
2463 -0.04114
2464 -0.1694
2465 -0.06776
2466 0
2467 -0.02662
2468 -0.02904
2469 -0.01815
2470 -0.02178
2471 -0.02178
2472 -0.02057
2473 -0.01815
2474 -0.01815
2475 -0.01694
2476 -0.01573
2477 -0.01573
2478 -0.01452
2479 -0.01331
2480 -0.01331
2481 -0.0121
2482 -0.0121
2483 -0.01089
2484 -0.01089
2485 -0.00968
2486 -0.00847
2487 -0.00847
2488 -0.00847
2489 -0.00847
2490 -0.00726
2491 -0.00726
2492 -0.00726
2493 -0.00726
2494 -0.00726
2495 -0.00605
2496 -0.00605
2497 -0.00605
2498 -0.00605
2499 -0.00605
2500 -0.00605
2501 -0.00605
2502 -0.00605
2503 -0.00605
2504 -0.00484
2505 -0.00605
2506 -0.00484
2507 -0.00484
2508 -0.00484
2509 -0.00484
2510 -0.00484
2511 -0.00484
2512 -0.00484
2513 -0.00484
2514 -0.00484
2515 -0.00484
2516 -0.00484
2517 -0.32791
2518 -0.22264
2519 -0.12342
2520 -0.07865
2521 -0.0726
2522 -0.06534
2523 -0.0605
2524 -0.0726
2525 -0.06776
2526 -0.06655
2527 -0.0605
2528 -0.06534
2529 -0.06413
2530 -0.06776
2531 -0.05808
2532 -0.05445
2533 -0.06171
2534 -0.06171
2535 -0.06171
2536 -0.06655
2537 -0.05929
2538 -0.06292
2539 -0.05929
2540 -0.06534
2541 -0.05445
2542 -0.05808
2543 -0.06171
2544 -0.05445
2545 -0.06897
2546 -0.05929
2547 -0.06413
2548 -0.06292
2549 -0.05566
2550 -0.06655
2551 -0.05687
2552 -0.06413
2553 -0.06413
2554 -0.0605
2555 -0.06534
2556 -0.05808
2557 -0.06292
2558 -0.05687
2559 -0.06655
2560 -0.06171
2561 -0.06292
2562 -0.0605
2563 -0.06413
2564 -0.05687
2565 -0.05929
2566 -0.06171
2567 -0.05687
2568 -0.05808
2569 -0.0605
2570 -0.06171
2571 -0.06171
2572 -0.05929
2573 -0.0605
2574 -0.06776
2575 -0.05808
2576 -0.06655
2577 -0.05808
2578 -0.06534
2579 -0.06171
2580 -0.05687
2581 -0.06897
2582 -0.05929
2583 -0.06171
2584 -0.05929
2585 -0.0605
2586 -0.05929
2587 -0.05687
2588 -0.06413
2589 -0.05929
2590 -0.06534
2591 -0.05808
2592 -0.05445
2593 -0.06413
2594 -0.0605
2595 -0.06292
2596 -0.0605
2597 -0.05808
2598 -0.06776
2599 -0.0484
2600 -0.06171
2601 -0.0605
2602 -0.05687
2603 -0.05687
2604 -0.0605
2605 -0.06171
2606 -0.05445
2607 -0.05687
2608 -0.05929
2609 -0.05687
2610 -0.06534
2611 -0.05687
2612 -0.06292
2613 -0.05687
2614 -0.05566
2615 -0.06534
2616 -0.05687
2617 -0.06655
2618 -0.05566
2619 -0.06171
2620 -0.06292
2621 -0.05929
2622 -0.06534
2623 -0.05687
2624 0.20207
2625 0.10285
2626 0.0121
2627 0.01452
2628 0.02541
2629 0.0242
2630 0.02057
2631 0.0242
2632 0.02904
2633 0.02783
2634 0.02662
2635 0.02662
2636 0.02541
2637 0.02541
2638 0.0242
2639 0.02299
2640 0.02299
2641 0.02299
2642 0.02178
2643 0.02057
2644 0.02057
2645 0.01936
2646 0.01936
2647 0.01936
2648 0.01815
2649 0.01815
2650 0.01815
2651 0.01815
2652 0.01694
2653 0.01694
2654 0.01694
2655 0.01694
2656 0.01694
2657 0.01694
2658 0.01573
2659 0.01573
2660 0.01573
2661 0.01573
2662 0.01573
2663 0.01573
2664 0.01573
2665 0.01573
2666 0.01573
2667 0.01573
2668 0.01573
2669 0.01573
2670 0.01573
2671 0.01573
2672 0.01573
2673 0.01573
2674 0.01573
2675 0.01573
2676 0.01573
2677 0.31097
2678 0.25168
2679 0.15488
2680 0.09317
2681 0.05324
2682 0.06413
2683 0.06292
2684 0.06413
2685 0.0605
2686 0.06413
2687 0.06413
2688 0.05929
2689 0.06897
2690 0.0605
2691 0.06534
2692 0.06292
2693 0.06171
2694 0.06292
2695 0.05808
2696 0.06413
2697 0.06171
2698 0.06171
2699 0.0605
2700 0.06413
2701 0.06534
2702 0.0605
2703 0.06413
2704 0.06534
2705 0.06171
2706 0.06413
2707 0.06292
2708 0.06655
2709 0.05929
2710 0.06897
2711 0.06776
2712 0.06171
2713 0.07018
2714 0.05929
2715 0.05808
2716 0.05203
2717 0.05929
2718 0.06413
2719 0.06655
2720 0.06292
2721 0.05687
2722 0.05929
2723 0.05808
2724 0.0605
2725 0.06292
2726 0.05808
2727 0.06292
2728 0.06171
2729 0.05929
2730 0.06413
2731 0.06776
2732 0.06534
2733 0.06413
2734 0.05445
2735 0.06897
2736 0.06171
2737 0.06776
2738 0.06534
2739 0.06292
2740 0.06413
2741 0.06413
2742 0.06776
2743 0.05929
2744 0.06292
2745 0.05929
2746 0.0605
2747 0.06171
2748 0.06776
2749 0.06413
2750 0.05808
2751 0.05808
2752 0.06292
2753 0.05566
2754 0.06776
2755 0.05445
2756 0.0605
2757 0.05929
2758 0.05566
2759 0.05929
2760 0.05566
2761 0.06292
2762 0.05566
2763 0.05687
2764 0.06171
2765 0.05445
2766 0.06534
2767 0.0605
2768 0.06171
2769 0.05808
2770 0.0605
2771 0.06292
2772 0.05929
2773 0.06292
2774 0.05445
2775 0.06413
2776 0.06171
2777 0.06292
2778 0.06534
2779 0.05082
2780 0.05929
2781 0.05929
2782 0.06171
2783 0.06534
2784 -0.26015
2785 -0.121
2786 -0.01815
2787 0.01331
2788 -0.02178
2789 -0.02057
2790 -0.02299
2791 -0.01936
2792 -0.02178
2793 -0.01936
2794 -0.01936
2795 -0.01815
2796 -0.01694
2797 -0.01573
2798 -0.01452
2799 -0.01452
2800 -0.01331
2801 -0.01331
2802 -0.0121
2803 -0.01089
2804 -0.01089
2805 -0.00968
2806 -0.00968
2807 -0.00847
2808 -0.00847
2809 -0.00726
2810 -0.00726
2811 -0.00726
2812 -0.00726
2813 -0.00726
2814 -0.00605
2815 -0.00605
2816 -0.00605
2817 -0.00605
2818 -0.00605
2819 -0.00605
2820 -0.00605
2821 -0.00484
2822 -0.00605
2823 -0.00605
2824 -0.00484
2825 -0.00484
2826 -0.00605
2827 -0.00484
2828 -0.00484
2829 -0.00605
2830 -0.00484
2831 -0.00484
2832 -0.00726
2833 -0.00605
2834 -0.00605
2835 -0.00605
2836 -0.00605
2837 -0.04477
2838 -0.29161
2839 -0.17908
2840 -0.09922
2841 -0.06776
2842 -0.05808
2843 -0.06776
2844 -0.0605
2845 -0.06534
2846 -0.0726
2847 -0.05687
2848 -0.06534
2849 -0.06171
2850 -0.06292
2851 -0.06413
2852 -0.06171
2853 -0.0605
2854 -0.05687
2855 -0.07018
2856 -0.06171
2857 -0.06292
2858 -0.06292
2859 -0.05687
2860 -0.06534
2861 -0.05687
2862 -0.06413
2863 -0.0605
2864 -0.06171
2865 -0.06413
2866 -0.05929
2867 -0.06534
2868 -0.06171
2869 -0.05929
2870 -0.0605
2871 -0.05808
2872 -0.0605
2873 -0.05687
2874 -0.06171
2875 -0.06171
2876 -0.06413
2877 -0.06534
2878 -0.05808
2879 -0.06292
2880 -0.05808
2881 -0.0605
2882 -0.06534
2883 -0.0605
2884 -0.06171
2885 -0.06292
2886 -0.05929
2887 -0.05808
2888 -0.05929
2889 -0.05929
2890 -0.05566
2891 -0.06171
2892 -0.0605
2893 -0.06655
2894 -0.05929
2895 -0.05082
2896 -0.05566
2897 -0.06171
2898 -0.06292
2899 -0.06655
2900 -0.05929
2901 -0.06413
2902 -0.05929
2903 -0.06413
2904 -0.05808
2905 -0.06413
2906 -0.06413
2907 -0.05929
2908 -0.06292
2909 -0.05808
2910 -0.06897
2911 -0.06413
2912 -0.05929
2913 -0.05808
2914 -0.05687
2915 -0.06171
2916 -0.06534
2917 -0.05445
2918 -0.06534
2919 -0.05324
2920 -0.06534
2921 -0.05929
2922 -0.06292
2923 -0.0605
2924 -0.05808
2925 -0.05808
2926 -0.05687
2927 -0.05929
2928 -0.06413
2929 -0.05929
2930 -0.06171
2931 -0.05687
2932 -0.06292
2933 -0.05445
2934 -0.06171
2935 -0.05929
2936 -0.05929
2937 -0.06292
2938 -0.0605
2939 -0.05929
2940 -0.06413
2941 -0.05929
2942 -0.05929
2943 -0.05203
2944 0.3751
2945 0.14399
2946 0.05445
2947 -0.00968
2948 0.02178
2949 0.02783
2950 0.02057
2951 0.02541
2952 0.02662
2953 0.02783
2954 0.02783
2955 0.02662
2956 0.02662
2957 0.02541
2958 0.0242
2959 0.02299
2960 0.02299
2961 0.02178
2962 0.02057
2963 0.02057
2964 0.01936
2965 0.01936
2966 0.01815
2967 0.01815
2968 0.01694
2969 0.01694
2970 0.01694
2971 0.01694
2972 0.01573
2973 0.01573
2974 0.01573
2975 0.01573
2976 0.01573
2977 0.01452
2978 0.01452
2979 0.01452
2980 0.01452
2981 0.01452
2982 0.01452
2983 0.01452
2984 0.01452
2985 0.01452
2986 0.01452
2987 0.01331
2988 0.01331
2989 0.01331
2990 0.01331
2991 0.01331
2992 0.01331
2993 0.01331
2994 0.01331
2995 0.01331
2996 0.01331
2997 0.01331
2998 0.32307
2999 0.20933
3000 0.10406
3001 0.0847
3002 0.06655
3003 0.06413
3004 0.06171
3005 0.0605
3006 0.0726
3007 0.06534
3008 0.06171
3009 0.05929
3010 0.06413
3011 0.07139
3012 0.06413
3013 0.07018
3014 0.06776
3015 0.06171
3016 0.06534
3017 0.05687
3018 0.06534
3019 0.05929
3020 0.06292
3021 0.06171
3022 0.05687
3023 0.06897
3024 0.05566
3025 0.06413
3026 0.06413
3027 0.05808
3028 0.05808
3029 0.0605
3030 0.07018
3031 0.05808
3032 0.06655
3033 0.06655
3034 0.05687
3035 0.06776
3036 0.05929
3037 0.06534
3038 0.05808
3039 0.05808
3040 0.05445
3041 0.05566
3042 0.06292
3043 0.0605
3044 0.05566
3045 0.06171
3046 0.05566
3047 0.06534
3048 0.05808
3049 0.05929
3050 0.06171
3051 0.0605
3052 0.06413
3053 0.05808
3054 0.05929
3055 0.05929
3056 0.06171
3057 0.06292
3058 0.05929
3059 0.0605
3060 0.05687
3061 0.06292
3062 0.05808
3063 0.0605
3064 0.06413
3065 0.05687
3066 0.06292
3067 0.06292
3068 0.05808
3069 0.06171
3070 0.0605
3071 0.06292
3072 0.0605
3073 0.05929
3074 0.06171
3075 0.05808
3076 0.06897
3077 0.05929
3078 0.06171
3079 0.06534
3080 0.05808
3081 0.05929
3082 0.05687
3083 0.06655
3084 0.06171
3085 0.0605
3086 0.05929
3087 0.05445
3088 0.06413
3089 0.05445
3090 0.06292
3091 0.06292
3092 0.05929
3093 0.06171
3094 0.05566
3095 0.06776
3096 0.05929
3097 0.06655
3098 0.05929
3099 0.05929
3100 0.06413
3101 0.05566
3102 0.06171
3103 0.05929
3104 0.05082
3105 -0.17303
3106 -0.06776
3107 -0.00363
3108 -0.02783
3109 -0.0242
3110 -0.02057
3111 -0.02541
3112 -0.02299
3113 -0.00121
3114 -0.01573
3115 -0.01573
3116 -0.01694
3117 -0.01573
3118 -0.01573
3119 -0.01452
3120 -0.01452
3121 -0.01452
3122 -0.01452
3123 -0.01331
3124 -0.01331
3125 -0.01331
3126 -0.01331
3127 -0.0121
3128 -0.0121
3129 -0.0121
3130 -0.0121
3131 -0.0121
3132 -0.01089
3133 -0.01089
3134 -0.01089
3135 -0.01089
3136 -0.01089
3137 -0.01089
3138 -0.00968
3139 -0.00968
3140 -0.00968
3141 -0.00968
3142 -0.00968
3143 -0.00968
3144 -0.00968
3145 -0.00968
3146 -0.00968
3147 -0.00968
3148 -0.00968
3149 -0.00968
3150 -0.00968
3151 -0.00847
3152 -0.00847
3153 -0.00968
3154 -0.00847
3155 -0.00847
3156 -0.00847
3157 -0.00847
3158 -0.37752
3159 -0.22506
3160 -0.1331
3161 -0.07623
3162 -0.07018
3163 -0.06292
3164 -0.06776
3165 -0.06776
3166 -0.03751
3167 -0.06776
3168 -0.05808
3169 -0.06655
3170 -0.06534
3171 -0.05687
3172 -0.06897
3173 -0.06292
3174 -0.07139
3175 -0.06171
3176 -0.06171
3177 -0.07139
3178 -0.05929
3179 -0.06655
3180 -0.05808
3181 -0.06534
3182 -0.05687
3183 -0.05929
3184 -0.06655
3185 -0.05808
3186 -0.06534
3187 -0.05808
3188 -0.06171
3189 -0.05808
3190 -0.06534
3191 -0.06292
3192 -0.05324
3193 -0.05687
3194 -0.0605
3195 -0.05808
3196 -0.06292
3197 -0.05808
3198 -0.06413
3199 -0.05808
3200 -0.0605
3201 -0.0605
3202 -0.05808
3203 -0.0605
3204 -0.05445
3205 -0.06292
3206 -0.05687
3207 -0.06171
3208 -0.06655
3209 -0.0605
3210 -0.06413
3211 -0.05566
3212 -0.06292
3213 -0.05929
3214 -0.0605
3215 -0.06413
3216 -0.05929
3217 -0.06292
3218 -0.0605
3219 -0.05445
3220 -0.0605
3221 -0.05687
3222 -0.06655
3223 -0.05808
3224 -0.05929
3225 -0.05566
3226 -0.05566
3227 -0.06292
3228 -0.05566
3229 -0.0605
3230 -0.06171
3231 -0.05324
3232 -0.06171
3233 -0.05324
3234 -0.06413
3235 -0.06171
3236 -0.05687
3237 -0.05929
3238 -0.05082
3239 -0.06292
3240 -0.05445
3241 -0.06413
3242 -0.05808
3243 -0.05687
3244 -0.0605
3245 -0.05324
3246 -0.06413
3247 -0.05445
3248 -0.05687
3249 -0.05808
3250 -0.05687
3251 -0.06413
3252 -0.05929
3253 -0.06171
3254 -0.06534
3255 -0.05566
3256 -0.06534
3257 -0.0605
3258 -0.05687
3259 -0.05566
3260 -0.05808
3261 -0.05929
3262 -0.05929
3263 -0.0605
3264 -0.06171
3265 0.22748
3266 0.09801
3267 0.00968
3268 0.00968
3269 0.02541
3270 0.01573
3271 0.0242
3272 0.03025
3273 0.02783
3274 0.02662
3275 0.02541
3276 0.02662
3277 0.02541
3278 0.02541
3279 0.0242
3280 0.0242
3281 0.02299
3282 0.02299
3283 0.02178
3284 0.02057
3285 0.02057
3286 0.02057
3287 0.01936
3288 0.01936
3289 0.01936
3290 0.01815
3291 0.01936
3292 0.01815
3293 0.01815
3294 0.01815
3295 0.01815
3296 0.01694
3297 0.01694
3298 0.01694
3299 0.01694
3300 0.01694
3301 0.01694
3302 0.01694
3303 0.01573
3304 0.01573
3305 0.01573
3306 0.01573
3307 0.01573
3308 0.01573
3309 0.01573
3310 0.01573
3311 0.01573
3312 0.01573
3313 0.01573
3314 0.01573
3315 0.01573
3316 0.01573
3317 0.01573
3318 0.45012
3319 0.24684
3320 0.15488
3321 0.09075
3322 0.04598
3323 0.06292
3324 0.06534
3325 0.07139
3326 0.06292
3327 0.06171
3328 0.06776
3329 0.0605
3330 0.07018
3331 0.06171
3332 0.06292
3333 0.06413
3334 0.06171
3335 0.0605
3336 0.05808
3337 0.07381
3338 0.05929
3339 0.05929
3340 0.06897
3341 0.06292
3342 0.06413
3343 0.05687
3344 0.05687
3345 0.06413
3346 0.05929
3347 0.06292
3348 0.06171
3349 0.06413
3350 0.05808
3351 0.05808
3352 0.06534
3353 0.06171
3354 0.06655
3355 0.0605
3356 0.0605
3357 0.05687
3358 0.0605
3359 0.06413
3360 0.06534
3361 0.06413
3362 0.0605
3363 0.0605
3364 0.06171
3365 0.05687
3366 0.05929
3367 0.05929
3368 0.0605
3369 0.06171
3370 0.06292
3371 0.06292
3372 0.0605
3373 0.06534
3374 0.06413
3375 0.0605
3376 0.05929
3377 0.05687
3378 0.05929
3379 0.06292
3380 0.06171
3381 0.05929
3382 0.05687
3383 0.06534
3384 0.05687
3385 0.05929
3386 0.05566
3387 0.05566
3388 0.05929
3389 0.05808
3390 0.06655
3391 0.06292
3392 0.05687
3393 0.06292
3394 0.06171
3395 0.05687
3396 0.05687
3397 0.06655
3398 0.06292
3399 0.05445
3400 0.0605
3401 0.05808
3402 0.06655
3403 0.0605
3404 0.05687
3405 0.06413
3406 0.06534
3407 0.06776
3408 0.06292
3409 0.06776
3410 0.06292
3411 0.06171
3412 0.06413
3413 0.0605
3414 0.06171
3415 0.05808
3416 0.06292
3417 0.06171
3418 0.05687
3419 0.06534
3420 0.06655
3421 0.06897
3422 0.05808
3423 0.05929
3424 0.06413
3425 -0.22869
3426 -0.12342
3427 -0.03025
3428 0.00847
3429 -0.03025
3430 -0.02178
3431 -0.01815
3432 -0.02662
3433 -0.02299
3434 -0.01694
3435 -0.01815
3436 -0.01694
3437 -0.01573
3438 -0.01452
3439 -0.01452
3440 -0.01331
3441 -0.01331
3442 -0.0121
3443 -0.01089
3444 -0.01089
3445 -0.00968
3446 -0.00968
3447 -0.00847
3448 -0.00847
3449 -0.00847
3450 -0.00726
3451 -0.00726
3452 -0.00726
3453 -0.00605
3454 -0.00605
3455 -0.00605
3456 -0.00605
3457 -0.00605
3458 -0.00605
3459 -0.00484
3460 -0.00484
3461 -0.00484
3462 -0.00484
3463 -0.00484
3464 -0.00484
3465 -0.00484
3466 -0.00484
3467 -0.00484
3468 -0.00484
3469 -0.00484
3470 -0.00484
3471 -0.00484
3472 -0.00484
3473 -0.00484
3474 -0.00484
3475 -0.00484
3476 -0.00484
3477 -0.00484
3478 -0.03751
3479 -0.27225
3480 -0.16698
3481 -0.10043
3482 -0.06776
3483 -0.06171
3484 -0.05929
3485 -0.05929
3486 -0.06534
3487 -0.0726
3488 -0.06534
3489 -0.06292
3490 -0.05687
3491 -0.06655
3492 -0.06171
3493 -0.06897
3494 -0.06655
3495 -0.06292
3496 -0.07018
3497 -0.05687
3498 -0.06655
3499 -0.05687
3500 -0.05808
3501 -0.06413
3502 -0.05808
3503 -0.06776
3504 -0.06171
3505 -0.06413
3506 -0.06171
3507 -0.0605
3508 -0.06534
3509 -0.06171
3510 -0.06897
3511 -0.06655
3512 -0.05566
3513 -0.06534
3514 -0.05566
3515 -0.06534
3516 -0.05808
3517 -0.06776
3518 -0.06413
3519 -0.05445
3520 -0.06776
3521 -0.05929
3522 -0.06413
3523 -0.06171
3524 -0.06534
3525 -0.06292
3526 -0.05566
3527 -0.06292
3528 -0.06171
3529 -0.06534
3530 -0.06534
3531 -0.05929
3532 -0.06655
3533 -0.06413
3534 -0.06776
3535 -0.0605
3536 -0.06171
3537 -0.06413
3538 -0.05929
3539 -0.06292
3540 -0.06534
3541 -0.05929
3542 -0.06897
3543 -0.05929
3544 -0.06534
3545 -0.06655
3546 -0.0605
3547 -0.06534
3548 -0.05929
3549 -0.06655
3550 -0.06292
3551 -0.05687
3552 -0.06292
3553 -0.05687
3554 -0.06655
3555 -0.06292
3556 -0.06171
3557 -0.06413
3558 -0.06171
3559 -0.06413
3560 -0.06534
3561 -0.06413
3562 -0.05929
3563 -0.0605
3564 -0.0726
3565 -0.06292
3566 -0.06655
3567 -0.05324
3568 -0.05808
3569 -0.06292
3570 -0.05566
3571 -0.06655
3572 -0.05808
3573 -0.06534
3574 -0.06292
3575 -0.05929
3576 -0.06171
3577 -0.06292
3578 -0.07018
3579 -0.0605
3580 -0.06413
3581 -0.06534
3582 -0.05445
3583 -0.06897
3584 -0.0605
3585 0.20328
3586 0.09317
3587 0.0121
3588 0.00121
3589 0.0242
3590 0.01573
3591 0.0242
3592 0.03025
3593 0.02783
3594 0.02662
3595 0.02662
3596 0.02662
3597 0.02541
3598 0.0242
3599 0.0242
3600 0.02299
3601 0.02299
3602 0.02178
3603 0.02178
3604 0.02057
3605 0.02057
3606 0.02057
3607 0.01936
3608 0.01936
3609 0.01815
3610 0.01815
3611 0.01815
3612 0.01815
3613 0.01815
3614 0.01694
3615 0.01694
3616 0.01694
3617 0.01694
3618 0.01694
3619 0.01573
3620 0.01573
3621 0.01573
3622 0.01573
3623 0.01573
3624 0.01573
3625 0.01573
3626 0.01573
3627 0.01573
3628 0.01573
3629 0.01573
3630 0.01573
3631 0.01452
3632 0.01573
3633 0.01452
3634 0.01452
3635 0.01452
3636 0.01452
3637 0.01452
3638 0.45859
3639 0.23958
3640 0.15125
3641 0.08833
3642 0.05929
3643 0.06292
3644 0.0605
3645 0.0726
3646 0.06171
3647 0.06292
3648 0.06776
3649 0.06534
3650 0.06655
3651 0.06171
3652 0.06413
3653 0.06655
3654 0.06413
3655 0.06413
3656 0.0605
3657 0.06171
3658 0.06171
3659 0.06292
3660 0.05687
3661 0.06534
3662 0.06292
3663 0.05808
3664 0.06413
3665 0.06655
3666 0.0605
3667 0.06292
3668 0.06292
3669 0.06776
3670 0.05929
3671 0.0605
3672 0.06655
3673 0.06171
3674 0.06776
3675 0.0605
3676 0.05929
3677 0.05324
3678 0.0605
3679 0.06534
3680 0.06776
3681 0.06655
3682 0.05929
3683 0.0605
3684 0.06292
3685 0.05566
3686 0.05808
3687 0.05808
3688 0.06292
3689 0.06171
3690 0.05687
3691 0.06171
3692 0.04961
3693 0.06292
3694 0.05929
3695 0.05687
3696 0.05808
3697 0.05445
3698 0.06534
3699 0.06413
3700 0.06171
3701 0.05929
3702 0.0605
3703 0.0605
3704 0.05687
3705 0.06413
3706 0.05808
3707 0.05687
3708 0.06292
3709 0.05687
3710 0.06292
3711 0.05929
3712 0.05566
3713 0.06171
3714 0.05566
3715 0.0605
3716 0.05687
3717 0.0605
3718 0.05929
3719 0.0605
3720 0.05808
3721 0.05808
3722 0.0605
3723 0.05808
3724 0.05687
3725 0.06171
3726 0.05566
3727 0.06292
3728 0.05566
3729 0.06655
3730 0.0605
3731 0.06171
3732 0.06171
3733 0.05687
3734 0.07139
3735 0.06776
3736 0.05808
3737 0.05445
3738 0.05203
3739 0.06534
3740 0.05082
3741 0.05808
3742 0.0605
3743 0.05808
3744 0.05566
3745 -0.26499
3746 -0.11495
3747 -0.02783
3748 0.00968
3749 -0.03146
3750 -0.01694
3751 -0.01815
3752 -0.01815
3753 -0.02299
3754 -0.01936
3755 -0.01694
3756 -0.01694
3757 -0.01694
3758 -0.01573
3759 -0.01452
3760 -0.01331
3761 -0.01331
3762 -0.0121
3763 -0.01089
3764 -0.01089
3765 -0.00968
3766 -0.00968
3767 -0.00847
3768 -0.00847
3769 -0.00847
3770 -0.00726
3771 -0.00726
3772 -0.00726
3773 -0.00726
3774 -0.00605
3775 -0.00605
3776 -0.00605
3777 -0.00605
3778 -0.00605
3779 -0.00605
3780 -0.00605
3781 -0.00605
3782 -0.00484
3783 -0.00605
3784 -0.00484
3785 -0.00484
3786 -0.00484
3787 -0.00484
3788 -0.00484
3789 -0.00484
3790 -0.00484
3791 -0.00484
3792 -0.00484
3793 -0.00484
3794 -0.00484
3795 -0.00484
3796 -0.00484
3797 -0.00484
3798 -0.01573
3799 -0.27346
3800 -0.18029
3801 -0.09922
3802 -0.07139
3803 -0.06292
3804 -0.06292
3805 -0.05929
3806 -0.06171
3807 -0.05203
3808 -0.05808
3809 -0.06292
3810 -0.05687
3811 -0.06292
3812 -0.05687
3813 -0.06776
3814 -0.05687
3815 -0.0605
3816 -0.06292
3817 -0.05929
3818 -0.06655
3819 -0.05566
3820 -0.06292
3821 -0.06413
3822 -0.06413
3823 -0.06655
3824 -0.05929
3825 -0.06413
3826 -0.06171
3827 -0.06413
3828 -0.06171
3829 -0.0605
3830 -0.0605
3831 -0.05687
3832 -0.06897
3833 -0.06292
3834 -0.05445
3835 -0.06776
3836 -0.05566
3837 -0.06413
3838 -0.06292
3839 -0.05566
3840 -0.06413
3841 -0.05929
3842 -0.06534
3843 -0.05929
3844 -0.06413
3845 -0.06292
3846 -0.05687
3847 -0.0605
3848 -0.05808
3849 -0.07018
3850 -0.05687
3851 -0.06655
3852 -0.06413
3853 -0.05929
3854 -0.06413
3855 -0.05808
3856 -0.05808
3857 -0.06292
3858 -0.05445
3859 -0.05808
3860 -0.0605
3861 -0.06171
3862 -0.06292
3863 -0.05687
3864 -0.06413
3865 -0.05566
3866 -0.06534
3867 -0.05687
3868 -0.05566
3869 -0.06534
3870 -0.05445
3871 -0.06292
3872 -0.05808
3873 -0.05929
3874 -0.05566
3875 -0.0605
3876 -0.06413
3877 -0.05808
3878 -0.06292
3879 -0.05929
3880 -0.06413
3881 -0.05929
3882 -0.05445
3883 -0.05929
3884 -0.0605
3885 -0.0605
3886 -0.05929
3887 -0.05324
3888 -0.06292
3889 -0.05687
3890 -0.0605
3891 -0.05687
3892 -0.05566
3893 -0.06413
3894 -0.05808
3895 -0.06534
3896 -0.0484
3897 -0.0605
3898 -0.0605
3899 -0.05445
3900 -0.05929
3901 -0.05566
3902 -0.0605
3903 -0.05808
3904 -0.05929
3905 0.39204
3906 0.15367
3907 0.04961
3908 -0.01089
3909 0.02057
3910 0.0242
3911 0.0242
3912 0.02783
3913 0.02662
3914 0.02783
3915 0.02783
3916 0.02662
3917 0.02541
3918 0.02541
3919 0.0242
3920 0.02299
3921 0.02299
3922 0.02178
3923 0.02178
3924 0.02057
3925 0.02057
3926 0.01936
3927 0.01936
3928 0.01936
3929 0.01815
3930 0.01815
3931 0.01815
3932 0.01694
3933 0.01694
3934 0.01694
3935 0.01694
3936 0.01694
3937 0.01694
3938 0.01573
3939 0.01573
3940 0.01573
3941 0.01573
3942 0.01573
3943 0.01573
3944 0.01573
3945 0.01573
3946 0.01573
3947 0.01452
3948 0.01452
3949 0.01452
3950 0.01452
3951 0.01452
3952 0.01452
3953 0.01452
3954 0.01452
3955 0.01452
3956 0.01452
3957 0.01452
3958 0.01452
3959 0.30129
3960 0.19723
3961 0.11132
3962 0.07381
3963 0.05566
3964 0.06292
3965 0.06655
3966 0.05445
3967 0.06655
3968 0.0605
3969 0.06534
3970 0.0605
3971 0.06534
3972 0.07139
3973 0.05687
3974 0.06776
3975 0.06534
3976 0.06171
3977 0.06655
3978 0.05445
3979 0.06413
3980 0.0605
3981 0.0605
3982 0.06292
3983 0.06292
3984 0.06292
3985 0.05687
3986 0.06655
3987 0.05566
3988 0.05808
3989 0.06171
3990 0.05929
3991 0.06171
3992 0.06171
3993 0.06413
3994 0.06292
3995 0.06413
3996 0.06897
3997 0.05445
3998 0.06534
3999 0.06171
4000 0.05808
4001 0.06655
4002 0.05445
4003 0.06171
4004 0.0605
4005 0.06897
4006 0.05929
4007 0.05929
4008 0.06655
4009 0.05808
4010 0.06292
4011 0.06413
4012 0.06171
4013 0.06655
4014 0.05687
4015 0.06534
4016 0.06413
4017 0.06292
4018 0.06776
4019 0.05687
4020 0.06655
4021 0.05808
4022 0.06413
4023 0.0605
4024 0.06171
4025 0.0605
4026 0.05566
4027 0.06171
4028 0.0605
4029 0.0605
4030 0.06413
4031 0.0605
4032 0.06171
4033 0.0605
4034 0.06655
4035 0.06413
4036 0.05566
4037 0.06655
4038 0.0605
4039 0.07018
4040 0.0605
4041 0.06413
4042 0.05808
4043 0.06171
4044 0.05687
4045 0.05324
4046 0.0605
4047 0.0605
4048 0.05566
4049 0.06171
4050 0.05566
4051 0.06534
4052 0.0605
4053 0.06292
4054 0.0605
4055 0.05808
4056 0.05929
4057 0.05929
4058 0.06897
4059 0.06171
4060 0.05687
4061 0.06413
4062 0.05687
4063 0.05929
4064 0.06413
4065 0.04114
4066 -0.17061
4067 -0.07502
4068 -0.00605
4069 -0.02783
4070 -0.03025
4071 -0.01694
4072 -0.0242
4073 -0.02299
4074 -0.02057
4075 -0.01936
4076 -0.01815
4077 -0.01694
4078 -0.01694
4079 -0.01573
4080 -0.01452
4081 -0.01331
4082 -0.01331
4083 -0.0121
4084 -0.0121
4085 -0.01089
4086 -0.01089
4087 -0.00968
4088 -0.00968
4089 -0.00847
4090 -0.00847
4091 -0.00726
4092 -0.00726
4093 -0.00726
4094 -0.00726
4095 -0.00605
4096 -0.00605
4097 -0.00605
4098 -0.00605
4099 -0.00605
4100 -0.00605
4101 -0.00605
4102 -0.00605
4103 -0.00484
4104 -0.00484
4105 -0.00605
4106 -0.00484
4107 -0.00484
4108 -0.00484
4109 -0.00484
4110 -0.00484
4111 -0.00484
4112 -0.00484
4113 -0.00484
4114 -0.00484
4115 -0.00484
4116 -0.00484
4117 -0.00484
4118 -0.00484
4119 -0.40051
4120 -0.23837
4121 -0.1331
4122 -0.08349
4123 -0.0605
4124 -0.05929
4125 -0.0605
4126 -0.06534
4127 -0.05687
4128 -0.06534
4129 -0.05808
4130 -0.05687
4131 -0.0605
4132 -0.06171
4133 -0.06534
4134 -0.06171
4135 -0.06776
4136 -0.06171
4137 -0.06413
4138 -0.0605
4139 -0.05687
4140 -0.06776
4141 -0.05929
4142 -0.06292
4143 -0.06534
4144 -0.0605
4145 -0.06534
4146 -0.05808
4147 -0.07018
4148 -0.05808
4149 -0.06292
4150 -0.06292
4151 -0.05929
4152 -0.06292
4153 -0.05324
4154 -0.06655
4155 -0.06413
4156 -0.0605
4157 -0.06292
4158 -0.05566
4159 -0.06534
4160 -0.06413
4161 -0.05687
4162 -0.05929
4163 -0.05687
4164 -0.0605
4165 -0.06534
4166 -0.06413
4167 -0.06413
4168 -0.06292
4169 -0.06413
4170 -0.05808
4171 -0.06413
4172 -0.05929
4173 -0.05203
4174 -0.06292
4175 -0.05687
4176 -0.06413
4177 -0.05808
4178 -0.06292
4179 -0.05808
4180 -0.06413
4181 -0.06776
4182 -0.0605
4183 -0.07139
4184 -0.05808
4185 -0.06171
4186 -0.06534
4187 -0.05808
4188 -0.06292
4189 -0.05929
4190 -0.05808
4191 -0.05929
4192 -0.05687
4193 -0.06171
4194 -0.05566
4195 -0.06655
4196 -0.05929
4197 -0.05566
4198 -0.06171
4199 -0.05808
4200 -0.06292
4201 -0.05687
4202 -0.06171
4203 -0.05687
4204 -0.05566
4205 -0.05929
4206 -0.05566
4207 -0.06413
4208 -0.06292
4209 -0.05687
4210 -0.05808
4211 -0.05445
4212 -0.0605
4213 -0.05445
4214 -0.05687
4215 -0.05203
4216 -0.05445
4217 -0.05808
4218 -0.05687
4219 -0.05687
4220 -0.05808
4221 -0.05566
4222 -0.0605
4223 -0.05324
4224 -0.05808
4225 -0.05687
4226 0.21054
4227 0.09922
4228 0.01694
4229 -0.01694
4230 0.03509
4231 0.0242
4232 0.0242
4233 0.02783
4234 0.02662
4235 0.02662
4236 0.02662
4237 0.02541
4238 0.02541
4239 0.0242
4240 0.02299
4241 0.02299
4242 0.02299
4243 0.02178
4244 0.02057
4245 0.02057
4246 0.01936
4247 0.01936
4248 0.01936
4249 0.01815
4250 0.01815
4251 0.01815
4252 0.01815
4253 0.01694
4254 0.01694
4255 0.01694
4256 0.01694
4257 0.01694
4258 0.01573
4259 0.01573
4260 0.01573
4261 0.01573
4262 0.01573
4263 0.01573
4264 0.01573
4265 0.01573
4266 0.01573
4267 0.01573
4268 0.01452
4269 0.01452
4270 0.01452
4271 0.01452
4272 0.01452
4273 0.01452
4274 0.01452
4275 0.01452
4276 0.01452
4277 0.01452
4278 0.01452
4279 0.41987
4280 0.25652
4281 0.15246
4282 0.07623
4283 0.05808
4284 0.06655
4285 0.0605
4286 0.06171
4287 0.06171
4288 0.06171
4289 0.06776
4290 0.05929
4291 0.06534
4292 0.06171
4293 0.06292
4294 0.06655
4295 0.05808
4296 0.06534
4297 0.05687
4298 0.06897
4299 0.05929
4300 0.05929
4301 0.05566
4302 0.05566
4303 0.06292
4304 0.05687
4305 0.06413
4306 0.06776
4307 0.05808
4308 0.06897
4309 0.05566
4310 0.06171
4311 0.0605
4312 0.06413
4313 0.06897
4314 0.05929
4315 0.06534
4316 0.05687
4317 0.0605
4318 0.06897
4319 0.05929
4320 0.06292
4321 0.0605
4322 0.06413
4323 0.05566
4324 0.05808
4325 0.06292
4326 0.05203
4327 0.06171
4328 0.05808
4329 0.06776
4330 0.0605
4331 0.05566
4332 0.06292
4333 0.05203
4334 0.06413
4335 0.0605
4336 0.05445
4337 0.06897
4338 0.05687
4339 0.06534
4340 0.05203
4341 0.05808
4342 0.0605
4343 0.05445
4344 0.06292
4345 0.05929
4346 0.05929
4347 0.06292
4348 0.05566
4349 0.0605
4350 0.05566
4351 0.06897
4352 0.05929
4353 0.05566
4354 0.06171
4355 0.05566
4356 0.06776
4357 0.05324
4358 0.0605
4359 0.06413
4360 0.05445
4361 0.06897
4362 0.05566
4363 0.06292
4364 0.05808
4365 0.05203
4366 0.06171
4367 0.05566
4368 0.06897
4369 0.05929
4370 0.0605
4371 0.05929
4372 0.05687
4373 0.06776
4374 0.05566
4375 0.07139
4376 0.05687
4377 0.06171
4378 0.06655
4379 0.05324
4380 0.0605
4381 0.04961
4382 0.05687
4383 0.05929
4384 0.05687
4385 0.06655
4386 -0.30734
4387 -0.12463
4388 -0.03388
4389 0.00484
4390 -0.01936
4391 -0.01815
4392 -0.02299
4393 -0.02299
4394 -0.02178
4395 -0.02057
4396 -0.01815
4397 -0.01694
4398 -0.01573
4399 -0.01573
4400 -0.01452
4401 -0.01331
4402 -0.0121
4403 -0.00363
4404 -0.01089
4405 -0.01089
4406 -0.01331
4407 -0.0121
4408 -0.00726
4409 0.01573
4410 0.01452
4411 0.01331
4412 0.02299
4413 0
4414 0
4415 0
4416 0
4417 0
4418 0
4419 0
4420 0
4421 0
4422 0
4423 0
4424 0
4425 0
4426 0
4427 0
4428 0
4429 0
4430 0
4431 0
4432 0
4433 0
4434 0
4435 0
4436 0
4437 0
4438 0
4439 0
4440 0
4441 0
4442 0
4443 0
4444 0
4445 0
4446 0
4447 0
4448 0
4449 0
4450 0
4451 0
4452 0
4453 0
4454 0
4455 0
4456 0
4457 0
4458 0
4459 0
4460 0
4461 0
4462 0
4463 0
4464 0
4465 0
4466 0
4467 0
4468 0
4469 0
4470 0
4471 0
4472 0
4473 0
4474 0
4475 0
4476 0
4477 0
4478 0
4479 0
4480 0
4481 0
4482 0
4483 0
4484 0
4485 0
4486 0
4487 0
4488 0
4489 0
4490 0
4491 0
4492 0
4493 0
4494 0
4495 0
4496 0
4497 0
4498 0
4499 0
4500 0
4501 0
4502 0
4503 0
4504 0
4505 0
4506 0
4507 0
4508 0
4509 0
4510 0
4511 0
4512 0
4513 0
4514 0
4515 0
4516 0
4517 0
4518 0
4519 0
4520 0
4521 0
4522 0
4523 0
4524 0
4525 0
4526 0
4527 0
4528 0
4529 0
4530 0
4531 0
4532 0
4533 0
4534 0
4535 0
4536 0
4537 0
4538 0
4539 0
4540 0
4541 0
4542 0
4543 0
4544 0
4545 0
4546 0
4547 0
4548 0
4549 0
4550 0
4551 0
4552 0
4553 0
4554 0
4555 0
4556 0
4557 0
4558 0
4559 0
4560 0
4561 0
4562 0
4563 0
4564 0
4565 0
4566 0
4567 0
4568 0
4569 0
4570 0
4571 0
4572 0
4573 0
4574 0
4575 0
4576 0
4577 0
4578 0
4579 0
4580 0
4581 0
4582 0
4583 0
4584 0
4585 0
4586 0
4587 0
4588 0
4589 0
4590 0
4591 0
4592 0
4593 0
4594 0
4595 0
4596 0
4597 0
4598 0
4599 0
4600 0
4601 0
4602 0
4603 0
4604 0
4605 0
4606 0
4607 0
4608 0
4609 0
4610 0
4611 0
4612 0
4613 0
4614 0
4615 0
4616 0
4617 0
4618 0
4619 0
4620 0
4621 0
4622 0
4623 0
4624 0
4625 0
4626 0
4627 0
4628 0
4629 0
4630 0
4631 0
4632 0
4633 0
4634 0
4635 0
4636 0
4637 0
4638 0
4639 0
4640 0
4641 0
4642 0
4643 0
4644 0
4645 0
4646 0
4647 0
4648 0
4649 0
4650 0
4651 0
4652 0
4653 0
4654 0
4655 0
4656 0
4657 0
4658 0
4659 0
4660 0
4661 0
4662 0
4663 0
4664 0
4665 0
4666 0
4667 0
4668 0
4669 0
4670 0
4671 0
4672 0
4673 0
4674 0
4675 0
4676 0
4677 0
4678 0
4679 0
4680 0
4681 0
4682 0
4683 0
4684 0
4685 0
4686 0
4687 0
4688 0
4689 0
4690 0
4691 0
4692 0
4693 0
4694 0
4695 0
4696 0
4697 0
4698 0
4699 0
4700 0
4701 0
4702 0
4703 0
4704 0
4705 0
4706 0
4707 0
4708 0
4709 0
4710 0
4711 0
4712 0
4713 0
4714 0
4715 0
4716 0
4717 0
4718 0
4719 0
4720 0
4721 0
4722 0
4723 0
4724 0
4725 0
4726 0
4727 0
4728 0
4729 0
4730 0
4731 0
4732 0
4733 0
4734 0
4735 0
4736 0
4737 0
4738 0
4739 0
4740 0
4741 0
4742 0
4743 0
4744 0
4745 0
4746 0
4747 0
4748 0
4749 0
4750 0
4751 0
4752 0
4753 0
4754 0
4755 0
4756 0
4757 0
4758 0
4759 0
4760 0
4761 0
4762 0
4763 0
4764 0
4765 0
4766 0
4767 0
4768 0
4769 0
4770 0
4771 0
4772 0
4773 0
4774 0
4775 0
4776 0
4777 0
4778 0
4779 0
4780 0
4781 0
4782 0
4783 0
4784 0
4785 0
4786 0
4787 0
4788 0
4789 0
4790 0
4791 0
4792 0
4793 0
4794 0
4795 0
4796 0
4797 0
4798 0
4799 0
4800 0
4801 0
4802 0
4803 0
4804 0
4805 0
4806 0
4807 0
4808 0
4809 0
4810 0
4811 0
4812 0
4813 0
4814 0
4815 0
4816 0
4817 0
4818 0
4819 0
4820 0
4821 0
4822 0
4823 0
4824 0
4825 0
4826 0
4827 0
4828 0
4829 0
4830 0
4831 0
4832 0
4833 0
4834 0
4835 0
4836 0
4837 0
4838 0
4839 0
4840 0
4841 0
4842 0
4843 0
4844 0
4845 0
4846 0
4847 0
4848 0
4849 0
4850 0
4851 0
4852 0
4853 0
4854 0
4855 0
4856 0
4857 0
4858 0
4859 0
4860 0
4861 0
4862 0
4863 0
4864 0
4865 0
4866 0
4867 0
4868 0
4869 0
4870 0
4871 0
4872 0
4873 0
4874 0
4875 0
4876 0
4877 0
4878 0
4879 0
4880 0
4881 0
4882 0
4883 0
4884 0
4885 0
4886 0
4887 0
4888 0
4889 0
4890 0
4891 0
4892 0
4893 0
4894 0
4895 0
4896 0
4897 0
4898 0
4899 0
4900 0
4901 0
4902 0
4903 0
4904 0
4905 0
4906 0
4907 0
4908 0
4909 0
4910 0
4911 0
4912 0
4913 0
4914 0
4915 0
4916 0
4917 0
4918 0
4919 0
4920 0
4921 0
4922 0
4923 0
4924 0
4925 0
4926 0
4927 0
4928 0
4929 0
4930 0
4931 0
4932 0
4933 0
4934 0
4935 0
4936 0
4937 0
4938 0
4939 0
4940 0
4941 0
4942 0
4943 0
4944 0
4945 0
4946 0
4947 0
4948 0
4949 0
4950 0
4951 0
4952 0
4953 0
4954 0
4955 0
4956 0
4957 0
4958 0
4959 0
4960 0
4961 0
4962 0
4963 0
4964 0
4965 0
4966 0
4967 0
4968 0
4969 0
4970 0
4971 0
4972 0
4973 0
4974 0
4975 0
4976 0
4977 0
4978 0
4979 0
4980 0
4981 0
4982 0
