0 -89.9992
1 -89.9992
2 -89.9992
3 -89.9992
4 -89.9992
5 -89.9992
6 -89.9992
7 -89.9992
8 -89.9992
9 -89.9992
10 -89.9992
11 -89.9992
12 -89.9992
13 -89.9992
14 -89.9992
15 -89.9992
16 -89.9992
17 -89.9992
18 -89.9992
19 -89.9992
20 -89.9992
21 -89.9992
22 -89.9992
23 -89.9992
24 -89.9992
25 -89.9992
26 -89.9992
27 -89.9992
28 -89.9992
29 -89.9992
30 -89.9992
31 -89.9992
32 -89.9992
33 -89.9992
34 -89.9992
35 -89.9992
36 -89.9992
37 -89.9992
38 -89.9992
39 -89.9992
40 -89.9992
41 -89.9992
42 -89.9992
43 -89.9992
44 -89.9992
45 -89.9992
46 -89.9992
47 -89.9992
48 -89.9992
49 -89.9992
50 -89.9992
51 -89.9992
52 -89.9992
53 -89.9992
54 -89.9992
55 -89.9992
56 -89.9992
57 -89.9992
58 -89.9992
59 -89.9992
60 -89.9992
61 -89.9992
62 -89.9992
63 -89.9992
64 -89.9992
65 -89.9992
66 -89.9992
67 -89.9992
68 -89.9992
69 -89.9992
70 -89.9992
71 -89.9992
72 -89.9992
73 -89.9992
74 -89.9992
75 -89.9992
76 -89.9992
77 -89.9992
78 -89.9992
79 -89.9992
80 -89.9992
81 -89.9992
82 -89.9992
83 -89.9992
84 -89.9992
85 -89.9992
86 -89.9992
87 -89.9992
88 -89.9992
89 -89.9992
90 -89.9992
91 -89.9992
92 -89.9992
93 -89.9992
94 -89.9992
95 -89.9992
96 -89.9992
97 -89.9992
98 -89.9992
99 -89.9992
100 -89.9992
101 -89.9992
102 -89.9992
103 -89.9992
104 -89.9992
105 -89.9992
106 -89.9992
107 -89.9992
108 -89.9992
109 -89.9992
110 -89.9992
111 -89.9992
112 -89.9992
113 -89.9992
114 -89.9992
115 -89.9992
116 -89.9992
117 -89.9992
118 -89.9992
119 -89.9992
120 -89.9992
121 -89.9992
122 -89.9992
123 -89.9992
124 -89.9992
125 -89.9992
126 -89.9992
127 -89.9992
128 -89.9992
129 -89.9992
130 -89.9992
131 -89.9992
132 -89.9992
133 -89.9992
134 -89.9992
135 -89.9992
136 -89.9992
137 -89.9992
138 -89.9992
139 -89.9992
140 -89.9992
141 -89.9992
142 -89.9992
143 -89.9992
144 -89.9992
145 -89.9992
146 -89.9992
147 -89.9992
148 -89.9992
149 -89.9992
150 -89.9992
151 -89.9992
152 -89.9992
153 -89.9992
154 -89.9992
155 -89.9992
156 -89.9992
157 -89.9992
158 -89.9992
159 -89.9992
160 -89.9992
161 -89.9992
162 -89.9992
163 -89.9992
164 -89.9992
165 -89.9992
166 -89.9992
167 -89.9992
168 -89.9992
169 -89.9992
170 -89.9992
171 -89.9992
172 -89.9992
173 -89.9992
174 -89.9992
175 -89.9992
176 -89.9992
177 -89.9992
178 -89.9992
179 -89.9992
180 -89.9992
181 -89.9992
182 -89.9992
183 -89.9992
184 -89.9992
185 -89.9992
186 -89.9992
187 -89.9992
188 -89.9992
189 -89.9992
190 -89.9992
191 -89.9992
192 -89.9992
193 -89.9992
194 -89.9992
195 -89.9992
196 -89.9992
197 -89.9992
198 -89.9992
199 -89.9992
200 -89.9992
201 -89.9992
202 -89.9992
203 -89.9992
204 -89.9992
205 -89.9992
206 -89.9992
207 -89.9992
208 -89.9992
209 -89.9992
210 -89.9992
211 -89.9992
212 -89.9992
213 -89.9992
214 -89.9992
215 -89.9992
216 -89.9992
217 -89.9992
218 -89.9992
219 -89.9992
220 -89.9992
221 -89.9992
222 -89.9992
223 -89.9992
224 -89.9992
225 -89.9992
226 -89.9992
227 -89.9992
228 -89.9992
229 -89.9992
230 -89.9992
231 -89.9992
232 -89.9992
233 -89.9992
234 -89.9992
235 -89.9992
236 -89.9992
237 -89.9992
238 -89.9992
239 -89.9992
240 -89.9992
241 -89.9992
242 -89.9992
243 -89.9992
244 -89.9992
245 -89.9992
246 -89.9992
247 -89.9992
248 -89.9992
249 -89.9992
250 -89.9992
251 -89.9992
252 -89.9992
253 -89.9992
254 -89.9992
255 -89.9992
256 -89.9992
257 -89.9992
258 -89.9992
259 -89.9992
260 -89.9992
261 -89.9992
262 -89.9992
263 -89.9992
264 -89.9992
265 -89.9992
266 -89.9992
267 -89.9992
268 -89.9992
269 -89.9992
270 -89.9992
271 -89.9992
272 -89.9992
273 -89.9992
274 -89.9992
275 -89.9992
276 -89.9992
277 -89.9992
278 -89.9992
279 -89.9992
280 -89.9992
281 -89.9992
282 -89.9992
283 -89.9992
284 -89.9992
285 -89.9992
286 -89.9992
287 -89.9992
288 -89.9992
289 -89.9992
290 -89.9992
291 -89.9858
292 -89.8392
293 -89.5913
294 -89.3349
295 -89.0527
296 -88.7726
297 -88.4715
298 -88.1649
299 -87.9033
300 -87.6055
301 -87.3183
302 -87.0562
303 -86.7568
304 -86.5138
305 -86.2261
306 -85.9355
307 -85.6265
308 -85.3833
309 -85.0939
310 -84.7938
311 -84.5146
312 -84.2382
313 -83.9622
314 -83.7012
315 -83.3965
316 -83.1117
317 -82.85
318 -82.5527
319 -82.2984
320 -81.9924
321 -81.7235
322 -81.4516
323 -81.1508
324 -80.8745
325 -80.5907
326 -80.3116
327 -80.0249
328 -79.7445
329 -79.4592
330 -79.19
331 -78.8843
332 -78.6571
333 -78.3138
334 -78.0597
335 -77.7747
336 -77.4915
337 -77.2112
338 -76.9412
339 -76.6465
340 -76.3662
341 -76.0877
342 -75.8128
343 -75.507
344 -75.2549
345 -74.9455
346 -74.6666
347 -74.4156
348 -74.1143
349 -73.8339
350 -73.5561
351 -73.2852
352 -72.9968
353 -72.7193
354 -72.4367
355 -72.1321
356 -71.8528
357 -71.5816
358 -71.3041
359 -71.0349
360 -70.7472
361 -70.4815
362 -70.1654
363 -69.8864
364 -69.6128
365 -69.3511
366 -69.0549
367 -68.7671
368 -68.488
369 -68.2167
370 -67.9561
371 -67.6554
372 -67.3677
373 -67.0794
374 -66.7994
375 -66.5125
376 -66.2333
377 -65.9671
378 -65.6877
379 -65.4
380 -65.113
381 -64.8451
382 -64.5677
383 -64.2748
384 -64.0049
385 -63.7168
386 -63.4344
387 -63.1342
388 -62.8752
389 -62.5977
390 -62.3084
391 -62.0572
392 -61.7334
393 -61.4577
394 -61.161
395 -60.9088
396 -60.6378
397 -60.3555
398 -60.0672
399 -59.7784
400 -59.4913
401 -59.2216
402 -58.9603
403 -58.6499
404 -58.3801
405 -58.1006
406 -57.8188
407 -57.5316
408 -57.2527
409 -56.9702
410 -56.6911
411 -56.3854
412 -56.1139
413 -55.8589
414 -55.5527
415 -55.2548
416 -54.997
417 -54.719
418 -54.4493
419 -54.1339
420 -53.9012
421 -53.6202
422 -53.2915
423 -53.0114
424 -52.7322
425 -52.4614
426 -52.1742
427 -51.9222
428 -51.6232
429 -51.3327
430 -51.053
431 -50.7749
432 -50.5149
433 -50.2361
434 -49.9199
435 -49.6285
436 -49.3855
437 -49.0887
438 -48.8173
439 -48.5461
440 -48.2357
441 -47.9499
442 -47.6993
443 -47.384
444 -47.1266
445 -46.8635
446 -46.5325
447 -46.2796
448 -45.9969
449 -45.736
450 -45.421
451 -45.1789
452 -44.8823
453 -44.6031
454 -44.3198
455 -44.0248
456 -43.7459
457 -43.476
458 -43.2023
459 -42.9147
460 -42.6253
461 -42.3309
462 -42.0527
463 -41.7703
464 -41.4791
465 -41.2371
466 -40.9582
467 -40.6622
468 -40.3809
469 -40.0942
470 -39.8161
471 -39.4991
472 -39.2661
473 -38.9536
474 -38.6901
475 -38.3752
476 -38.1301
477 -37.8406
478 -37.5777
479 -37.2692
480 -37.0138
481 -36.7169
482 -36.4321
483 -36.1591
484 -35.8708
485 -35.601
486 -35.3072
487 -35.0292
488 -34.7336
489 -34.4702
490 -34.2037
491 -33.8976
492 -33.6254
493 -33.316
494 -33.0291
495 -32.7751
496 -32.4879
497 -32.2013
498 -31.9299
499 -31.6375
500 -31.3757
501 -31.0872
502 -30.8165
503 -30.5283
504 -30.2491
505 -29.9783
506 -29.69
507 -29.3844
508 -29.1219
509 -28.8319
510 -28.5528
511 -28.2646
512 -28.0051
513 -27.7213
514 -27.4615
515 -27.1701
516 -26.9
517 -26.5864
518 -26.298
519 -26.0308
520 -25.7537
521 -25.4736
522 -25.1607
523 -24.9088
524 -24.62
525 -24.3552
526 -24.0765
527 -23.7704
528 -23.5014
529 -23.2136
530 -22.9254
531 -22.64
532 -22.3606
533 -22.0808
534 -21.7948
535 -21.5158
536 -21.2461
537 -20.9589
538 -20.6735
539 -20.3772
540 -20.1041
541 -19.8556
542 -19.5571
543 -19.2514
544 -18.9925
545 -18.7102
546 -18.4379
547 -18.1509
548 -17.9148
549 -17.6166
550 -17.285
551 -17.0305
552 -16.7514
553 -16.4716
554 -16.1866
555 -15.89
556 -15.6377
557 -15.3453
558 -15.0754
559 -14.7691
560 -14.4837
561 -14.2303
562 -13.9514
563 -13.6431
564 -13.3831
565 -13.1124
566 -12.7857
567 -12.542
568 -12.2717
569 -11.9646
570 -11.6823
571 -11.3941
572 -11.1245
573 -10.8362
574 -10.5764
575 -10.2658
576 -9.97793
577 -9.72616
578 -9.43665
579 -9.15126
580 -8.85508
581 -8.5841
582 -8.29936
583 -8.00343
584 -7.73717
585 -7.45103
586 -7.17904
587 -6.89987
588 -6.61073
589 -6.33868
590 -6.06733
591 -5.77065
592 -5.48463
593 -5.22358
594 -4.95386
595 -4.64079
596 -4.35307
597 -4.07379
598 -3.82087
599 -3.5181
600 -3.23796
601 -2.95807
602 -2.68553
603 -2.38891
604 -2.11854
605 -1.84634
606 -1.5767
607 -1.27022
608 -0.998456
609 -0.719164
610 -0.451295
611 -0.161163
612 0.130325
613 0.416882
614 0.697372
615 0.982692
616 1.271
617 1.51529
618 1.81197
619 2.08215
620 2.39569
621 2.63685
622 2.92807
623 3.23407
624 3.50318
625 3.79075
626 4.06097
627 4.36893
628 4.64156
629 4.92042
630 5.18238
631 5.47644
632 5.77302
633 6.0072
634 6.32771
635 6.60582
636 6.84086
637 7.16237
638 7.44289
639 7.73831
640 7.9951
641 8.27425
642 8.55284
643 8.83328
644 9.12548
645 9.38453
646 9.68368
647 9.97957
648 10.2621
649 10.5419
650 10.811
651 11.1145
652 11.3724
653 11.6436
654 11.9132
655 12.2196
656 12.4792
657 12.791
658 13.052
659 13.3592
660 13.6482
661 13.918
662 14.1838
663 14.4973
664 14.7541
665 15.0332
666 15.2983
667 15.5969
668 15.8879
669 16.1536
670 16.4237
671 16.7296
672 17.0121
673 17.2998
674 17.543
675 17.8589
676 18.1325
677 18.4205
678 18.6925
679 18.9707
680 19.2684
681 19.5388
682 19.8166
683 20.1057
684 20.3849
685 20.65
686 20.9191
687 21.225
688 21.5052
689 21.7866
690 22.0686
691 22.3649
692 22.6177
693 22.9059
694 23.1882
695 23.4931
696 23.7632
697 24.0429
698 24.3088
699 24.6123
700 24.8881
701 25.1493
702 25.4256
703 25.7139
704 25.9937
705 26.291
706 26.5811
707 26.8171
708 27.136
709 27.4146
710 27.6759
711 27.9884
712 28.2721
713 28.5511
714 28.8209
715 29.1261
716 29.3521
717 29.631
718 29.8678
719 29.7871
720 29.6037
721 29.3245
722 29.0039
723 28.7636
724 28.4421
725 28.1697
726 27.8822
727 27.5929
728 27.354
729 27.0663
730 26.7679
731 26.4789
732 26.1921
733 25.9263
734 25.6387
735 25.3503
736 25.0706
737 24.7994
738 24.5201
739 24.2213
740 23.943
741 23.6835
742 23.3818
743 23.1254
744 22.8196
745 22.5458
746 22.2998
747 21.9822
748 21.7114
749 21.4415
750 21.1465
751 20.8498
752 20.5873
753 20.3008
754 20.0217
755 19.7404
756 19.4661
757 19.1868
758 18.8968
759 18.6007
760 18.3208
761 18.0396
762 17.7705
763 17.4862
764 17.2137
765 16.9293
766 16.657
767 16.3578
768 16.0902
769 15.7939
770 15.5119
771 15.2225
772 14.937
773 14.6636
774 14.3867
775 14.0821
776 13.8467
777 13.5511
778 13.2631
779 12.975
780 12.7007
781 12.409
782 12.1259
783 11.8319
784 11.5667
785 11.2855
786 11.0096
787 10.7646
788 10.4504
789 10.173
790 9.90858
791 9.5991
792 9.32603
793 9.05095
794 8.77119
795 8.46602
796 8.21426
797 7.94329
798 7.65275
799 7.34946
800 7.07561
801 6.80138
802 6.51679
803 6.24105
804 5.9802
805 5.67401
806 5.38863
807 5.10025
808 4.84616
809 4.57187
810 4.29022
811 3.98456
812 3.711
813 3.43003
814 3.15216
815 2.84042
816 2.59421
817 2.31824
818 2.02153
819 1.73914
820 1.45455
821 1.1869
822 0.887387
823 0.599689
824 0.315825
825 0.102791
826 0.0199676
827 -0.00456055
828 -0.00626727
829 -0.00568755
830 -0.00488002
831 -0.00347003
832 -0.00216495
833 -0.00137849
834 -0.000681549
835 -0.000375586
836 -0.000137115
837 -1.44456e-05
838 5.09149e-05
839 9.25941e-05
840 0.000105619
841 0.00011296
842 0.000116039
843 0.000110829
844 0.00010775
845 0.000104672
846 0.000100409
847 9.56727e-05
848 8.85683e-05
849 8.19375e-05
850 7.90957e-05
851 7.3649e-05
852 7.05704e-05
853 6.51237e-05
854 6.10979e-05
855 5.49407e-05
856 5.09149e-05
857 4.68891e-05
858 4.40473e-05
859 4.12056e-05
860 3.78902e-05
861 3.57588e-05
862 3.05489e-05
863 2.93649e-05
864 2.65231e-05
865 2.39182e-05
866 2.17868e-05
867 1.7761e-05
868 1.87083e-05
869 1.58665e-05
870 1.46824e-05
871 1.34984e-05
872 1.27879e-05
873 1.18407e-05
874 8.99891e-06
875 8.99891e-06
876 5.2099e-06
877 6.63078e-06
878 5.92034e-06
879 5.44671e-06
880 3.31539e-06
881 3.31539e-06
882 3.07858e-06
883 1.18407e-06
884 2.36814e-06
885 0
886 -2.36814e-07
887 0
888 4.73627e-07
889 1.18407e-06
890 7.10441e-07
891 -1.18407e-06
892 0
893 9.47254e-07
894 -1.65769e-06
895 -1.65769e-06
896 -1.89451e-06
897 -1.18407e-06
898 -2.84176e-06
899 -1.65769e-06
900 -1.42088e-06
901 -3.78902e-06
902 -9.47254e-07
903 -3.31539e-06
904 -2.36814e-06
905 -3.31539e-06
906 -3.5522e-06
907 -3.31539e-06
908 -3.78902e-06
909 -3.5522e-06
910 -4.49946e-06
911 -1.42088e-06
912 -4.02583e-06
913 -3.78902e-06
914 -2.60495e-06
915 -3.5522e-06
916 -3.07858e-06
917 -2.13132e-06
918 -3.07858e-06
919 -3.5522e-06
920 -3.5522e-06
921 -4.73627e-06
922 -4.49946e-06
923 -2.60495e-06
924 -3.5522e-06
925 -3.78902e-06
926 -2.60495e-06
927 -4.26264e-06
928 -4.49946e-06
929 -2.84176e-06
930 -4.73627e-06
931 -4.02583e-06
932 0.0230088
933 0.183651
934 0.422139
935 0.703966
936 0.983608
937 1.2652
938 1.55226
939 1.84567
940 2.13048
941 2.40714
942 2.69675
943 2.95619
944 3.22752
945 3.51795
946 3.80117
947 4.08152
948 4.35454
949 4.6282
950 4.92502
951 5.21644
952 5.50679
953 5.77649
954 6.03651
955 6.33446
956 6.61938
957 6.90268
958 7.18613
959 7.42934
960 7.7181
961 8.00969
962 8.27981
963 8.57208
964 8.85465
965 9.15576
966 9.44423
967 9.70031
968 9.95907
969 10.2631
970 10.544
971 10.848
972 11.1255
973 11.3936
974 11.6914
975 11.9774
976 12.2295
977 12.5035
978 12.7907
979 13.0786
980 13.3498
981 13.6435
982 13.9199
983 14.2173
984 14.479
985 14.7583
986 15.0552
987 15.3523
988 15.5851
989 15.855
990 16.1644
991 16.478
992 16.7562
993 17.0407
994 17.3152
995 17.6123
996 17.8517
997 18.124
998 18.4132
999 18.6942
1000 18.9825
1001 19.2622
1002 19.5607
1003 19.8517
1004 20.1231
1005 20.3977
1006 20.6741
1007 20.9681
1008 21.2243
1009 21.5316
1010 21.8116
1011 22.0543
1012 22.3798
1013 22.6495
1014 22.9377
1015 23.1908
1016 23.4799
1017 23.759
1018 24.0196
1019 24.3282
1020 24.5946
1021 24.8737
1022 25.1585
1023 25.4529
1024 25.7412
1025 26.0051
1026 26.3216
1027 26.5701
1028 26.8331
1029 27.1485
1030 27.4362
1031 27.7278
1032 27.9572
1033 28.2779
1034 28.5657
1035 28.8028
1036 29.1261
1037 29.3957
1038 29.6706
1039 29.8949
1040 29.9823
1041 30.0047
1042 30.0066
1043 30.006
1044 30.0052
1045 30.0036
1046 30.0023
1047 30.0012
1048 30.0006
1049 30.0003
1050 30.0001
1051 30
1052 29.9999
1053 29.9999
1054 29.9999
1055 29.9999
1056 29.9999
1057 29.9999
1058 29.9999
1059 29.9999
1060 29.9999
1061 29.9999
1062 29.9999
1063 29.9999
1064 29.9999
1065 29.9999
1066 29.9999
1067 29.9999
1068 29.9999
1069 29.9999
1070 29.9999
1071 29.9999
1072 29.9999
1073 29.9999
1074 29.9999
1075 30
1076 30
1077 30
1078 30
1079 30
1080 30
1081 30
1082 30
1083 30
1084 30
1085 30
1086 30
1087 30
1088 30
1089 30
1090 30
1091 30
1092 29.9943
1093 29.8902
1094 29.6283
1095 29.3996
1096 29.0819
1097 28.8188
1098 28.5231
1099 28.2312
1100 27.9561
1101 27.6771
1102 27.4128
1103 27.0931
1104 26.8502
1105 26.5699
1106 26.2472
1107 26.0031
1108 25.6847
1109 25.4115
1110 25.1176
1111 24.8681
1112 24.5832
1113 24.2999
1114 24.0402
1115 23.7394
1116 23.445
1117 23.1624
1118 22.9095
1119 22.6102
1120 22.3166
1121 22.0692
1122 21.7461
1123 21.4853
1124 21.2062
1125 20.9295
1126 20.6506
1127 20.3411
1128 20.0916
1129 19.8089
1130 19.5312
1131 19.2253
1132 18.954
1133 18.6786
1134 18.4061
1135 18.1049
1136 17.8291
1137 17.5367
1138 17.2557
1139 17.001
1140 16.7256
1141 16.4307
1142 16.1519
1143 15.8424
1144 15.5568
1145 15.3151
1146 15.0335
1147 14.7278
1148 14.4486
1149 14.1909
1150 13.8695
1151 13.6295
1152 13.3128
1153 13.0288
1154 12.7759
1155 12.4836
1156 12.211
1157 11.9088
1158 11.6701
1159 11.3564
1160 11.0715
1161 10.8061
1162 10.5262
1163 10.2266
1164 9.96703
1165 9.67096
1166 9.37767
1167 9.10301
1168 8.81943
1169 8.55416
1170 8.26238
1171 7.96801
1172 7.7364
1173 7.45808
1174 7.15472
1175 6.85743
1176 6.57199
1177 6.29042
1178 6.01285
1179 5.75087
1180 5.46471
1181 5.18941
1182 4.90907
1183 4.61454
1184 4.34574
1185 4.04858
1186 3.76082
1187 3.51637
1188 3.22305
1189 2.9383
1190 2.65581
1191 2.35798
1192 2.08985
1193 1.82249
1194 1.51052
1195 1.224
1196 0.952816
1197 0.673637
1198 0.417394
1199 0.144625
1200 0.03111
1201 -0.00195134
1202 -0.00632884
1203 -0.00594449
1204 -0.00515164
1205 -0.0039285
1206 -0.00248441
1207 -0.00147038
1208 -0.000796877
1209 -0.000438815
1210 -0.000181399
1211 -2.39182e-05
1212 4.80731e-05
1213 8.90419e-05
1214 0.00010775
1215 0.000116275
1216 0.00011746
1217 0.000114618
1218 0.000110355
1219 0.000105619
1220 0.000102067
1221 9.68567e-05
1222 9.21205e-05
1223 8.54897e-05
1224 8.1227e-05
1225 7.60171e-05
1226 7.12809e-05
1227 6.39396e-05
1228 6.20451e-05
1229 5.75457e-05
1230 5.23358e-05
1231 4.97308e-05
1232 4.47578e-05
1233 4.07319e-05
1234 3.95479e-05
1235 3.57588e-05
1236 3.48116e-05
1237 2.88912e-05
1238 2.81808e-05
1239 2.4155e-05
1240 2.22605e-05
1241 2.155e-05
1242 1.94187e-05
1243 1.75242e-05
1244 1.32616e-05
1245 1.44456e-05
1246 1.16039e-05
1247 1.23143e-05
1248 1.16039e-05
1249 9.70935e-06
1250 8.7621e-06
1251 6.39396e-06
1252 0.000146588
1253 0.06919
1254 0.290978
1255 0.540654
1256 0.817922
1257 1.10668
1258 1.39275
1259 1.68105
1260 1.9693
1261 2.24079
1262 2.51215
1263 2.82366
1264 3.07688
1265 3.3724
1266 3.6551
1267 3.89817
1268 4.23331
1269 4.49214
1270 4.78313
1271 5.02754
1272 5.31542
1273 5.62262
1274 5.90387
1275 6.20862
1276 6.45626
1277 6.73379
1278 7.02989
1279 7.29762
1280 7.59234
1281 7.87372
1282 8.1647
1283 8.42934
1284 8.69921
1285 8.99069
1286 9.28312
1287 9.59257
1288 9.82319
1289 10.0929
1290 10.3879
1291 10.6657
1292 10.9637
1293 11.2429
1294 11.5339
1295 11.8222
1296 12.0684
1297 12.3575
1298 12.6266
1299 12.9175
1300 13.2036
1301 13.4981
1302 13.7863
1303 14.0305
1304 14.3148
1305 14.6065
1306 14.9076
1307 15.1937
1308 15.4724
1309 15.7097
1310 16.016
1311 16.3036
1312 16.5763
1313 16.8527
1314 17.1532
1315 17.4468
1316 17.7304
1317 18.0306
1318 18.2824
1319 18.5753
1320 18.8696
1321 19.0946
1322 19.41
1323 19.7159
1324 19.943
1325 20.231
1326 20.5146
1327 20.8226
1328 21.0734
1329 21.3877
1330 21.6651
1331 21.9241
1332 22.212
1333 22.4775
1334 22.7679
1335 23.0477
1336 23.3553
1337 23.6057
1338 23.8849
1339 24.1886
1340 24.4834
1341 24.723
1342 24.994
1343 25.2946
1344 25.598
1345 25.8659
1346 26.1507
1347 26.4497
1348 26.7119
1349 26.9941
1350 27.2869
1351 27.5645
1352 27.848
1353 28.1351
1354 28.3844
1355 28.6952
1356 28.9573
1357 29.2293
1358 29.5255
1359 29.8151
1360 29.9408
1361 29.9965
1362 30.0064
1363 30.0064
1364 30.0056
1365 30.0044
1366 30.0029
1367 30.0017
1368 30.0009
1369 30.0004
1370 30.0002
1371 30
1372 29.9999
1373 29.9999
1374 29.9999
1375 29.9999
1376 29.9999
1377 29.9999
1378 29.9999
1379 29.9999
1380 29.9999
1381 29.9999
1382 29.9999
1383 29.9999
1384 29.9999
1385 29.9999
1386 29.9999
1387 29.9999
1388 29.9999
1389 29.9999
1390 29.9999
1391 29.9999
1392 29.9999
1393 29.9999
1394 29.9999
1395 30
1396 30
1397 30
1398 30
1399 30
1400 30
1401 30
1402 30
1403 30
1404 30
1405 30
1406 30
1407 30
1408 30
1409 30
1410 30
1411 30
1412 30
1413 29.9695
1414 29.7863
1415 29.5379
1416 29.2579
1417 28.9638
1418 28.6827
1419 28.4027
1420 28.1283
1421 27.8234
1422 27.56
1423 27.2519
1424 27.0122
1425 26.7228
1426 26.4329
1427 26.149
1428 25.8714
1429 25.5869
1430 25.3155
1431 25.0289
1432 24.7688
1433 24.4575
