0 -0.00378902
1 0.00757803
2 -0.00378902
3 0
4 -0.00378902
5 -0.00378902
6 0
7 -0.00378902
8 0.00378902
9 -0.00378902
10 0.00378902
11 0
12 -0.00378902
13 0.00378902
14 0.00757803
15 0
16 -0.00378902
17 0.00378902
18 0
19 -0.00757803
20 0
21 0
22 0
23 0
24 0.00757803
25 0
26 -0.00378902
27 -0.00378902
28 -0.00378902
29 0.00378902
30 0.00378902
31 0
32 0
33 0
34 -0.00378902
35 0
36 -0.00378902
37 0
38 0.00757803
39 0.00757803
40 0.00378902
41 -0.00378902
42 -0.00378902
43 -0.00378902
44 0
45 -0.011367
46 0
47 -0.00378902
48 0.00757803
49 0.00378902
50 -0.00378902
51 0.00378902
52 0
53 0
54 0
55 -0.00757803
56 0
57 0.00378902
58 0.00378902
59 0.00378902
60 -0.00378902
61 0
62 0
63 -0.00757803
64 0.00378902
65 -0.00378902
66 0
67 -0.00378902
68 0.00378902
69 -0.00378902
70 0
71 -0.00378902
72 -0.011367
73 0.00378902
74 0
75 0
76 0
77 0
78 0.00378902
79 0
80 -0.00378902
81 0
82 0.00378902
83 0.00757803
84 0
85 0.00378902
86 0
87 0
88 0
89 0
90 0.00757803
91 -0.00757803
92 0
93 0.00378902
94 -0.00378902
95 0
96 -0.00757803
97 0
98 0
99 0.00378902
100 0.00378902
101 0.00378902
102 0
103 0.00378902
104 -0.00378902
105 0
106 0
107 -0.00378902
108 -0.00378902
109 0.00378902
110 0.0189451
111 0.00378902
112 0.00757803
113 -0.00378902
114 -0.00757803
115 0
116 0.00378902
117 -0.00378902
118 0
119 0
120 0.00378902
121 0
122 0
123 0
124 0.011367
125 0.00757803
126 -0.00378902
127 -0.00757803
128 -0.00378902
129 0
130 0
131 -0.00757803
132 0
133 0
134 0
135 0
136 0
137 -0.00378902
138 0
139 0
140 0.00378902
141 0
142 0
143 -0.00378902
144 0
145 0
146 -0.00378902
147 0.00757803
148 -0.00378902
149 -0.00757803
150 0.00757803
151 0.00378902
152 -0.00378902
153 -0.00378902
154 -0.011367
155 -0.00378902
156 0
157 0
158 -0.00378902
159 0
160 0
161 0
162 -0.011367
163 0
164 -0.00757803
165 0
166 0
167 0.00378902
168 0
169 0
170 -0.00378902
171 0.00378902
172 0.00378902
173 0.00378902
174 0
175 0
176 -0.00757803
177 0
178 0
179 -0.00378902
180 0
181 0
182 0.00378902
183 0
184 0
185 0
186 0.00378902
187 -0.00378902
188 0
189 0
190 -0.00757803
191 -0.00757803
192 0.00378902
193 -0.00378902
194 -0.00378902
195 -0.00757803
196 0
197 0.00378902
198 0
199 -0.00378902
200 -0.00378902
201 -0.00378902
202 0
203 0
204 0
205 0.00378902
206 -0.00378902
207 0
208 -0.00378902
209 -0.00378902
210 0.00378902
211 0
212 -0.00378902
213 0
214 -0.00378902
215 -0.00378902
216 0
217 0
218 0.00378902
219 -0.00378902
220 0.00757803
221 0
222 0.00378902
223 0.00757803
224 0
225 0
226 0
227 0.00378902
228 0
229 -0.00757803
230 -0.00378902
231 0.00378902
232 -0.00378902
233 0
234 0
235 -0.00378902
236 0.00378902
237 -0.00757803
238 -0.00378902
239 0
240 -0.00378902
241 -0.00378902
242 0.00757803
243 0
244 0
245 0
246 0
247 0
248 0
249 0
250 0.00757803
251 0
252 -0.00378902
253 0
254 0.011367
255 -0.00378902
256 0
257 0
258 0
259 0.00757803
260 0.00757803
261 0.00378902
262 -0.00378902
263 -0.00378902
264 0.00378902
265 0.00757803
266 -0.00378902
267 0.00378902
268 0
269 -0.00378902
270 -0.00757803
271 0.00378902
272 0.00378902
273 0
274 0
275 0
276 0.00757803
277 0.00378902
278 -0.00378902
279 0
280 0
281 -0.00378902
282 0.00378902
283 -0.00378902
284 0.00378902
285 -0.011367
286 0.00378902
287 0
288 0.00378902
289 -0.00757803
290 -0.00757803
291 -0.00378902
292 -0.00378902
293 -0.00378902
294 -0.00378902
295 0
296 -0.00378902
297 0
298 -1.59139
299 -5.90708
300 -2.97438
301 -1.17459
302 -0.242497
303 -0.0151561
304 0.00378902
305 0.011367
306 0.0189451
307 0.00757803
308 0.00378902
309 0.0189451
310 0.011367
311 0.011367
312 0.00757803
313 0.00757803
314 0.00757803
315 0
316 0
317 0.00378902
318 0.00757803
319 0
320 -0.00757803
321 0.011367
322 0
323 -0.00757803
324 -0.00757803
325 0.00378902
326 -0.00757803
327 0.00378902
328 0.00378902
329 -0.00757803
330 -0.00378902
331 0
332 0
333 -0.00378902
334 0
335 0.00378902
336 0
337 0.00757803
338 0.00757803
339 0
340 0.00757803
341 0
342 0
343 0
344 0
345 0
346 -0.00757803
347 0
348 0.00378902
349 0.00378902
350 0
351 0
352 0
353 -0.00757803
354 0.00378902
355 0
356 0.00757803
357 0.00378902
358 0
359 0
360 -0.00378902
361 -0.00378902
362 -0.00378902
363 -0.00757803
364 -0.00757803
365 0
366 0.00378902
367 -0.00378902
368 -0.011367
369 0.00378902
370 0
371 0
372 0.00378902
373 -0.00757803
374 0.00378902
375 -0.00378902
376 0.00378902
377 -0.00378902
378 0
379 0.00757803
380 0.00378902
381 0
382 0
383 0
384 0
385 -0.00757803
386 0.00378902
387 0.00757803
388 0
389 0
390 0
391 -0.00378902
392 0
393 -0.00378902
394 0.00757803
395 0
396 -0.00378902
397 0
398 -0.00378902
399 0.00378902
400 0
401 0
402 0.00757803
403 0
404 -0.00378902
405 0.00378902
406 0
407 0
408 -0.00378902
409 0.00378902
410 -0.00378902
411 -0.00378902
412 0
413 0.00757803
414 0
415 -0.00378902
416 -0.00378902
417 0.00378902
418 0.00378902
419 -0.00757803
420 0.00378902
421 0
422 -0.00757803
423 0
424 0.00378902
425 0
426 0.00378902
427 0
428 -0.00378902
429 0
430 -0.00378902
431 -0.00757803
432 -0.00757803
433 0
434 0.00378902
435 0
436 -0.00757803
437 0.00378902
438 0
439 0
440 -0.00378902
441 0.00378902
442 -0.00378902
443 0.00378902
444 0
445 0
446 -0.00378902
447 -0.00378902
448 0
449 0.011367
450 0.00757803
451 0.00757803
452 0.00757803
453 0.00378902
454 0.00757803
455 -0.00378902
456 0.00378902
457 -0.00378902
458 0.109881
459 5.39935
460 7.91526
461 8.87766
462 9.19594
463 9.00649
464 9.1088
465 9.01407
466 8.92313
467 8.95345
468 8.98755
469 9.0709
470 8.94966
471 8.94966
472 9.08606
473 8.87766
474 9.06333
475 8.98755
476 8.96481
477 8.88524
478 9.01407
479 8.97618
480 8.85493
481 9.07848
482 9.0709
483 8.95723
484 8.96102
485 8.92692
486 9.05575
487 8.96481
488 9.05196
489 8.98755
490 8.94208
491 9.04059
492 8.91556
493 8.93829
494 5.94497
495 2.39845
496 0.628977
497 0.0227341
498 -0.0265231
499 -0.0303121
500 -0.0378902
501 -0.0568352
502 -0.0341011
503 -0.0265231
504 -0.0151561
505 -0.00378902
506 0.00378902
507 0
508 0.00378902
509 -0.00378902
510 0
511 0
512 0.00378902
513 0
514 0.00378902
515 0.00378902
516 0
517 0
518 0
519 0
520 0.00378902
521 0.00378902
522 0.00757803
523 -0.00378902
524 0.00378902
525 0
526 0.00378902
527 -0.00378902
528 0
529 0
530 -0.00378902
531 0
532 0
533 -0.00757803
534 0
535 -0.00757803
536 0.00378902
537 -0.00378902
538 0
539 0
540 0
541 0
542 -0.00378902
543 -0.00757803
544 0.00757803
545 0
546 0.00757803
547 0.00378902
548 0
549 0.00378902
550 0.00378902
551 -0.00378902
552 0
553 0.00378902
554 0.00378902
555 0
556 0
557 -0.00757803
558 0.00378902
559 0.00378902
560 0.00378902
561 -0.00378902
562 -0.00378902
563 0
564 0.00378902
565 0
566 0
567 0
568 -0.011367
569 -0.00757803
570 0
571 -0.00378902
572 -0.00378902
573 0
574 0
575 0.00378902
576 -0.00378902
577 0
578 0.00378902
579 0.00378902
580 0
581 0.00378902
582 0.00378902
583 0.00378902
584 0.00378902
585 -0.00378902
586 0.00378902
587 0
588 0
589 0.00378902
590 0
591 0.00378902
592 0
593 -0.00378902
594 0
595 0.00757803
596 0
597 0.00378902
598 0
599 -0.00378902
600 -0.00757803
601 0
602 -0.00378902
603 0
604 0.00378902
605 -0.0151561
606 -0.00378902
607 0.00378902
608 0
609 0
610 0
611 0
612 0.00757803
613 -0.00378902
614 -0.00378902
615 0
616 -0.00378902
617 -0.00378902
618 0
619 -4.42936
620 -7.22186
621 -8.80188
622 -8.82841
623 -9.03301
624 -8.99891
625 -9.08985
626 -9.05575
627 -8.97997
628 -9.02923
629 -8.85872
630 -8.99891
631 -9.03301
632 -8.98755
633 -9.07848
634 -8.88145
635 -8.95345
636 -9.10122
637 -8.9345
638 -9.05954
639 -8.91177
640 -9.0027
641 -9.09743
642 -8.95723
643 -9.04817
644 -8.98376
645 -9.07848
646 -9.0368
647 -8.89661
648 -8.99512
649 -9.0709
650 -9.05575
651 -8.95723
652 -9.04817
653 -8.99891
654 -8.23353
655 -3.42148
656 -0.92452
657 -0.109881
658 0.011367
659 0.0303121
660 0.0416792
661 0.0568352
662 0.0303121
663 0.0303121
664 0.011367
665 0.011367
666 0
667 0
668 0
669 -0.00378902
670 0
671 -0.00378902
672 -0.00378902
673 -0.00378902
674 0
675 0
676 0
677 0
678 -0.00378902
679 0.00757803
680 0
681 0
682 0
683 0
684 0.00757803
685 -0.011367
686 0
687 0.00378902
688 0
689 0
690 0.00378902
691 0
692 0
693 -0.00378902
694 -0.00378902
695 0
696 -0.00378902
697 -0.00378902
698 0.00378902
699 0
700 0.00378902
701 0.00378902
702 0.00378902
703 -0.00378902
704 -0.00378902
705 0
706 0
707 0
708 0
709 -0.00757803
710 0
711 0.00378902
712 -0.00757803
713 -0.00378902
714 -0.00378902
715 0.00378902
716 -0.00378902
717 0
718 0
719 0
720 0
721 -0.00378902
722 -0.00378902
723 0.00757803
724 0
725 0
726 -0.00757803
727 0.00378902
728 0.00378902
729 0
730 -0.00757803
731 0
732 0.00378902
733 0
734 0
735 -0.00757803
736 0
737 0.00378902
738 0
739 -0.00378902
740 0.00757803
741 -0.00378902
742 0
743 0
744 0.00757803
745 0
746 0
747 0.0151561
748 0
749 0.00757803
750 0
751 0
752 0
753 0
754 0.00757803
755 -0.00378902
756 0
757 0
758 0.00378902
759 -0.00378902
760 0.00757803
761 -0.00378902
762 0.00757803
763 0
764 0.00378902
765 -0.00757803
766 -0.00757803
767 0
768 0.00378902
769 -0.00378902
770 0
771 0
772 0.00378902
773 0.00378902
774 0
775 0
776 0
777 -0.00378902
778 0.011367
779 2.87207
780 6.72929
781 8.52908
782 9.21489
783 9.06712
784 9.04059
785 8.98755
786 9.06333
787 9.02165
788 8.99512
789 9.01028
790 8.9345
791 9.06712
792 8.88524
793 8.99134
794 8.99134
795 8.88903
796 9.00649
797 8.9004
798 9.04059
799 9.06333
800 8.99134
801 9.05954
802 8.82083
803 8.91177
804 9.02165
805 9.09743
806 9.00649
807 8.82462
808 9.08606
809 8.88903
810 9.01786
811 9.13153
812 8.94208
813 8.98755
814 8.91934
815 4.27401
816 1.36405
817 0.227341
818 -0.0151561
819 -0.0303121
820 -0.0303121
821 -0.0530462
822 -0.0341011
823 -0.0227341
824 -0.011367
825 -0.00378902
826 -0.00378902
827 -0.011367
828 0
829 -0.00378902
830 0.00378902
831 0.00378902
832 0.00378902
833 0.00378902
834 -0.00378902
835 0.00757803
836 0
837 0
838 0.011367
839 0
840 0
841 0.00378902
842 0
843 0
844 0
845 0
846 0.00378902
847 0.00378902
848 0
849 0.00378902
850 0.00757803
851 0
852 0
853 0
854 0.00757803
855 0.00757803
856 0.00378902
857 0.00378902
858 0
859 0
860 0
861 -0.00378902
862 0
863 0
864 0.00378902
865 0
866 0
867 0
868 0.00378902
869 0
870 -0.00378902
871 -0.00757803
872 0.00378902
873 -0.00378902
874 0.00757803
875 0.00378902
876 0.00378902
877 0
878 0
879 -0.00378902
880 0
881 -0.011367
882 -0.00757803
883 0
884 0
885 0.00378902
886 0
887 -0.00378902
888 0.00378902
889 0
890 0.00378902
891 0
892 -0.00378902
893 0
894 0.00378902
895 -0.00378902
896 0
897 0.00378902
898 0
899 0.00378902
900 0
901 0
902 0.00378902
903 0
904 -0.00757803
905 0
906 0.00757803
907 0.00378902
908 0.00378902
909 0
910 0
911 0
912 -0.00378902
913 -0.00757803
914 0.00378902
915 -0.00757803
916 -0.00378902
917 0
918 -0.00378902
919 0
920 0.00378902
921 0
922 0.00378902
923 0
924 0.00757803
925 0.00378902
926 0
927 0
928 0
929 -0.00378902
930 0
931 0.00378902
932 0
933 0
934 0
935 -0.00378902
936 0.00378902
937 -0.00378902
938 0.00757803
939 -1.6558
940 -5.97528
941 -8.1767
942 -8.87009
943 -9.06333
944 -9.05954
945 -9.02923
946 -8.86251
947 -8.97997
948 -9.05575
949 -8.98755
950 -8.94208
951 -8.91556
952 -9.0027
953 -9.02165
954 -8.94208
955 -9.05954
956 -8.99512
957 -8.93829
958 -8.91934
959 -8.96102
960 -9.0368
961 -8.97618
962 -9.01407
963 -9.0027
964 -8.95345
965 -9.02165
966 -8.99134
967 -9.03301
968 -8.97997
969 -8.96481
970 -8.96102
971 -8.94587
972 -8.99134
973 -8.96102
974 -9.05196
975 -5.26673
976 -1.80736
977 -0.401636
978 0.00378902
979 0.0265231
980 0.0341011
981 0.0606243
982 0.0341011
983 0.0265231
984 0.0189451
985 0.00757803
986 0.00757803
987 0.00757803
988 0
989 0
990 0.00378902
