0 0
1 0.000378665
2 0.000378665
3 -0.000378665
4 0
5 0
6 0
7 0
8 0.000378665
9 0.000378665
10 0.000378665
11 0
12 0.000378665
13 0
14 -0.000378665
15 0
16 0
17 0
18 0
19 -0.000378665
20 -0.000378665
21 0.000378665
22 0.000378665
23 0.000378665
24 0.000378665
25 -0.000757566
26 -0.000378665
27 -0.000757566
28 -0.000378665
29 0
30 -0.000757566
31 0.000378665
32 0
33 -0.000378665
34 0
35 -0.000378665
36 -0.000378665
37 -0.000378665
38 -0.000378665
39 0
40 0
41 0.000378665
42 0.000378665
43 0
44 0.000378665
45 0.000378665
46 0
47 0
48 0
49 0
50 0
51 0.000378665
52 0
53 0
54 0
55 0
56 0.000378665
57 0.000378665
58 -0.000757566
59 0
60 -0.000378665
61 0.000378665
62 0
63 0
64 -0.000378665
65 0
66 0.000378665
67 -0.000378665
68 0.000378665
69 0
70 0.000378665
71 -0.000757566
72 -0.000378665
73 0
74 0
75 0.000378665
76 0.000378665
77 -0.000757566
78 0
79 0
80 0
81 0.000378665
82 0
83 0.000378665
84 0
85 0
86 -0.000378665
87 0
88 -0.000378665
89 0.000757566
90 -0.000378665
91 0.000378665
92 -0.000378665
93 0
94 -0.000378665
95 0
96 0.000378665
97 0
98 0.000378665
99 0
100 0
101 0.000378665
102 -0.000378665
103 0
104 0
105 0
106 0
107 0.000757566
108 0
109 -0.014398
110 0.000378665
111 0.000378665
112 0.000378665
113 0
114 0
115 -0.000378665
116 -0.000378665
117 -0.000378665
118 0
119 0
120 -0.000378665
121 0.000757566
122 0
123 0
124 0
125 -0.000378665
126 -0.000378665
127 0.000757566
128 0
129 0.000378665
130 -0.000378665
131 0.000378665
132 -0.000378665
133 -0.000378665
134 -0.000378665
135 -0.000757566
136 -0.000757566
137 0.000757566
138 0.00189427
139 -0.000378665
140 0.000378665
141 0
142 0
143 0
144 0
145 0
146 -0.000757566
147 0.000757566
148 0.000378665
149 0
150 -0.000378665
151 0
152 -0.000378665
153 0
154 0.000378665
155 0
156 0.000757566
157 0
158 0
159 0
160 0
161 -0.000757566
162 0
163 0.000378665
164 0
165 0.000378665
166 -0.000378665
167 0
168 -0.000757566
169 0
170 -0.000378665
171 0.000757566
172 0
173 -0.000378665
174 -0.000378665
175 -0.000378665
176 0.000378665
177 0.000757566
178 -0.000378665
179 0
180 0
181 0.313352
182 5.37169
183 7.89176
184 8.86099
185 9.06636
186 9.06105
187 9.0387
188 9.0118
189 9.00914
190 9.00611
191 8.99891
192 8.99096
193 8.9974
194 9.00043
195 8.9902
196 9.00308
197 8.99399
198 8.98679
199 8.99853
200 8.98186
201 8.99361
202 8.99285
203 9.01066
204 8.99512
205 8.99778
206 9.0027
207 8.99891
208 9.00157
209 8.99475
210 9.01104
211 8.99134
212 8.99058
213 9.01066
214 8.99285
215 8.99171
216 9.00801
217 8.99588
218 8.9955
219 9.00801
220 9.00119
221 9.0027
222 9.00952
223 9.00649
224 8.99058
225 9.00535
226 9.01483
227 8.99512
228 9.00119
229 8.983
230 8.98868
231 9.00384
232 9.00232
233 9.0027
234 8.99247
235 9.00763
236 9.00081
237 8.99891
238 9.00952
239 8.99891
240 8.99664
241 8.99247
242 9.00005
243 9.00232
244 8.99626
245 9.01445
246 9.0027
247 9.0046
248 8.99437
249 8.98755
250 9.00535
251 8.98717
252 9.00346
253 9.00119
254 9.00194
255 9.01445
256 9.0046
257 8.99853
258 8.99588
259 8.99626
260 8.99891
261 8.99247
262 8.99778
263 8.99816
264 9.0027
265 8.98982
266 8.98944
267 8.99664
268 8.9955
269 9.00043
270 8.99171
271 8.9974
272 9.01786
273 9.00763
274 9.00573
275 9.00119
276 9.00498
277 8.99058
278 9.00308
279 9.0027
280 8.99285
281 9.00801
282 8.99437
283 9.01824
284 9.00573
285 8.98906
286 9.01104
287 9.00498
288 9.00573
289 8.99361
290 8.99247
291 9.00839
292 9.00839
293 9.00573
294 8.98565
295 9.00725
296 8.99475
297 8.98944
298 8.99816
299 8.99702
300 9.00498
301 9.00914
302 9.00535
303 9.00535
304 8.99512
305 9.00573
306 8.99361
307 8.99588
308 9.00535
309 9.0027
310 9.00157
311 8.99664
312 8.98982
313 9.00081
314 8.9811
315 9.00914
316 8.99929
317 8.99967
318 9.00043
319 9.00194
320 9.00573
321 9.00649
322 9.00043
323 9.00498
324 8.99967
325 9.0099
326 8.99512
327 9.00611
328 9.00043
329 8.99626
330 8.99626
331 9.00232
332 8.9955
333 9.00043
334 9.01028
335 9.00232
336 9.01255
337 8.99891
338 8.99967
339 9.01255
340 9.00801
341 9.00346
342 8.99171
343 8.99058
344 9.0046
345 8.99816
346 8.99702
347 9.00232
348 9.01104
349 9.01748
350 9.00725
351 9.01748
352 8.99929
353 9.00346
354 8.99437
355 9.00877
356 9.00839
357 9.00611
358 8.98868
359 9.00498
360 8.99891
361 8.99134
362 8.98906
363 8.99816
364 9.00308
365 8.99171
366 8.99285
367 8.98452
368 9.00119
369 8.99209
370 8.99437
371 8.9955
372 9.00119
373 8.99664
374 8.99816
375 9.00043
376 8.99778
377 9.0027
378 8.99285
379 8.99664
380 9.01066
381 8.98755
382 8.99058
383 8.99096
384 8.99588
385 8.99929
386 8.98793
387 9.00611
388 9.01445
389 8.99967
390 8.9955
391 8.99096
392 9.00573
393 9.00763
394 8.99626
395 9.00119
396 8.99437
397 9.00346
398 9.00157
399 9.01293
400 9.00725
401 9.00422
402 8.9974
403 8.99323
404 8.99588
405 8.98982
406 9.01217
407 8.99285
408 8.99512
409 8.98982
410 9.00914
411 9.00043
412 8.9974
413 8.98944
414 9.0046
415 8.99096
416 9.01217
417 8.99361
418 9.00877
419 8.99816
420 8.99626
421 8.99816
422 9.00384
423 9.00687
424 9.00194
425 9.00005
426 8.99171
427 8.9883
428 8.99891
429 9.0099
430 9.00952
431 9.00498
432 9.00687
433 9.01293
434 8.99816
435 9.00573
436 8.99437
437 8.98452
438 9.00687
439 8.99247
440 9.00043
441 8.99588
442 9.01142
443 8.99967
444 9.00157
445 9.00157
446 9.01407
447 9.0118
448 8.99171
449 8.98793
450 8.99058
451 8.99929
452 9.0027
453 8.99853
454 8.99285
455 8.98148
456 9.00801
457 8.99437
458 9.00043
459 9.00081
460 8.98717
461 9.01104
462 8.98906
463 8.99361
464 9.0099
465 9.00157
466 8.99778
467 9.00687
468 9.00119
469 8.99778
470 9.00877
471 9.01028
472 8.99437
473 8.99778
474 9.00725
475 8.99929
476 8.99929
477 9.00232
478 9.00687
479 8.9955
480 8.99891
481 9.01293
482 9.01066
483 9.00687
484 8.98944
485 8.99891
486 9.01255
487 8.99399
488 9.00043
489 9.00649
490 8.99588
491 8.98641
492 8.99778
493 9.0118
494 9.00498
495 9.00308
496 8.99399
497 9.00763
498 9.00081
499 9.00498
500 9.00914
501 9.0046
502 8.99702
503 9.00232
504 8.99512
505 9.00194
506 9.00422
507 9.01142
508 8.99134
509 9.00649
510 8.99399
511 8.98679
512 9.00573
513 9.00384
514 8.99171
515 9.00043
516 8.99853
517 9.00157
518 8.98035
519 8.99512
520 8.98717
521 8.99626
522 9.00687
523 8.99816
524 9.00611
525 8.99816
526 8.98906
527 9.00422
528 9.00839
529 8.99323
530 8.99816
531 8.99285
532 9.0118
533 8.99323
534 8.99171
535 8.99247
536 8.98073
537 8.98376
538 8.99626
539 9.00725
540 9.01028
541 9.00043
542 8.99058
543 9.0118
544 8.9902
545 8.98717
546 8.98982
547 8.98906
548 9.00308
549 8.9902
550 8.9902
551 9.01217
552 9.01066
553 9.01293
554 9.00877
555 9.00157
556 8.98452
557 9.00346
558 9.00801
559 9.00157
560 8.99134
561 8.99816
562 8.99134
563 9.00157
564 9.00763
565 8.99778
566 8.99853
567 9.00801
568 9.00081
569 9.0118
570 5.38381
571 -4.19785
572 -7.85349
573 -8.95269
574 -9.13721
575 -9.0944
576 -9.06067
577 -9.03642
578 -8.99853
579 -9.0099
580 -9.00611
581 -9.00081
582 -9.01369
583 -9.00801
584 -9.00081
585 -9.00043
586 -9.00194
587 -8.99967
588 -9.00649
589 -9.00611
590 -9.00725
591 -9.00346
592 -9.00043
593 -9.00384
594 -9.00498
595 -9.00346
596 -8.98982
597 -8.99626
598 -9.00043
599 -8.99816
600 -9.00914
601 -8.99853
602 -9.0099
603 -9.00194
604 -8.9883
605 -9.0046
606 -9.00232
607 -9.01672
608 -8.99247
609 -8.99626
610 -9.00914
611 -8.98603
612 -9.00422
613 -9.00763
614 -8.99702
615 -9.00687
616 -8.98489
617 -8.99929
618 -9.00952
619 -9.00535
620 -8.98565
621 -9.00422
622 -8.99285
623 -8.99437
624 -9.01824
625 -8.99626
626 -8.99853
627 -9.00005
628 -8.98868
629 -9.00232
630 -8.99475
631 -9.01217
632 -8.98944
633 -8.98679
634 -8.99209
635 -9.00157
636 -9.00801
637 -8.98414
638 -9.0118
639 -8.99891
640 -8.99134
641 -9.00005
642 -9.00346
643 -9.00081
644 -8.9955
645 -9.00005
646 -8.99399
647 -9.00839
648 -9.00611
649 -8.99702
650 -9.0118
651 -9.01104
652 -8.99853
653 -9.00422
654 -8.99702
655 -8.99399
656 -9.0027
657 -9.00081
658 -8.99816
659 -8.98641
660 -9.01369
661 -9.01028
662 -9.0118
663 -8.98603
664 -8.99702
665 -9.00308
666 -8.99399
667 -8.99702
668 -8.99096
669 -8.99929
670 -9.00119
671 -9.00877
672 -9.0046
673 -8.99778
674 -8.9974
675 -8.98906
676 -8.99778
677 -5.83357
678 -1.93202
679 -0.456955
680 0.00871474
681 0.0719913
682 0.0560772
683 0.0310699
684 0.015535
685 0.00871474
686 0.00303098
687 0.00227341
688 0.0011367
689 0.0011367
690 0.000757566
691 0
692 -0.000378665
693 0.000378665
694 0.000378665
695 0.000757566
696 0.000378665
697 -0.000378665
698 -0.000378665
699 0.000378665
700 -0.000757566
701 0
702 0.000757566
703 -0.000757566
704 -0.000378665
705 0
706 0.000378665
707 -0.000757566
708 -0.000378665
709 -0.000378665
710 -0.000378665
711 0.000757566
712 0.000378665
713 0
714 -0.000378665
715 0
716 0.000378665
717 -0.000757566
718 0
719 0.000378665
720 -0.000378665
721 0
722 -0.000378665
723 0.000378665
724 0
725 0
726 0.000757566
727 0
728 0.000757566
729 -0.000378665
730 -0.000378665
731 -0.000378665
732 0
733 -0.000378665
734 0.0011367
735 0
736 0.0011367
737 0
738 0.000378665
739 0
740 -0.000378665
741 -0.000378665
742 0.000757566
743 -0.000757566
744 -0.000378665
745 0
746 -0.000757566
747 0.000378665
748 0
749 -0.000378665
750 0
751 0.000378665
752 0.000757566
753 -0.000378665
754 -0.000378665
755 -0.000378665
756 -0.000378665
757 0
758 0
759 0.000378665
760 0.000378665
761 -0.000378665
762 0
763 -0.000757566
764 0.000378665
765 0.000378665
766 0.000378665
767 0
768 0
769 -0.000378665
770 0.000378665
771 0
772 0
773 -0.000378665
774 0.000378665
775 0.0011367
776 0.000378665
777 0
778 -0.000378665
779 0
780 -0.000378665
781 -0.000757566
782 -0.000378665
783 0
784 -0.000378665
785 -0.000378665
786 -0.000757566
787 0.000757566
788 0
789 0
790 -0.000378665
791 0
792 -0.000378665
793 0.000378665
794 0.000757566
795 0
796 0.000378665
797 0.000378665
798 -0.000757566
799 0
800 -0.000757566
801 0
802 0
803 -0.000378665
804 0
805 -0.000378665
806 -0.000378665
807 0.000378665
808 -0.000757566
809 0.000378665
810 0
811 0
812 -0.000757566
813 0.000378665
814 0.000757566
815 0
816 0
817 0
818 -0.000757566
819 0
820 0.000378665
821 0.000378665
822 0.476279
823 5.47286
824 7.91563
825 8.85379
826 9.07848
827 9.0709
828 9.02998
829 9.02013
830 9.00725
831 9.00649
832 9.00801
833 8.99285
834 9.00157
835 8.99626
836 9.00157
837 9.00157
838 8.99361
839 9.01066
840 8.99323
841 8.99702
842 8.99512
843 8.99285
844 9.01748
845 9.00043
846 8.99816
847 9.00119
848 9.00422
849 8.99512
850 9.00498
851 8.99891
852 8.99588
853 8.9974
854 9.00194
855 9.00498
856 8.98793
857 9.01028
858 8.98793
859 8.9902
860 8.99512
861 9.00043
862 8.99778
863 9.00801
864 9.00043
865 8.9974
866 9.00611
867 9.00232
868 8.99285
869 9.0171
870 9.00157
871 9.00194
872 9.00232
873 8.9974
874 9.00535
875 8.99323
876 8.99475
