0 0
1 0
2 0
3 0
4 0
5 0
6 0
7 0
8 0
9 0
10 0
11 0
12 0
13 0
14 0
15 0
16 0
17 0
18 0
19 0
20 0
21 0
22 0
23 0
24 0
25 0
26 0
27 0
28 0
29 0
30 0
31 0
32 0
33 0
34 0
35 0
36 0
37 0
38 0
39 0
40 0
41 0
42 0
43 0
44 0
45 0
46 0
47 0
48 0
49 0
50 0
51 0
52 0
53 0
54 0
55 0
56 0
57 0
58 0
59 0
60 0
61 0
62 0
63 0
64 0
65 0
66 0
67 0
68 0
69 0
70 0
71 0
72 0
73 0
74 0
75 0
76 0
77 0
78 0
79 0
80 0
81 0
82 0
83 0
84 0
85 0
86 0
87 0
88 0
89 0
90 0
91 0
92 0
93 0
94 0
95 0
96 0
97 0
98 0
99 0
100 0
101 0
102 0
103 0
104 0
105 0
106 0
107 0
108 0
109 0
110 0
111 0.00121
112 0.00121
113 0.00121
114 0.00121
115 0.00121
116 0.00121
117 0.00121
118 0.00121
119 0.00121
120 0.00242
121 0.00242
122 0.00242
123 0.00242
124 0.00242
125 0.00242
126 0.00242
127 0.00242
128 0.00242
129 0.00242
130 0.00242
131 0.00242
132 0.00242
133 0.00242
134 0.00242
135 0.00242
136 0.00242
137 0.00242
138 0.00242
139 0.00242
140 0.00242
141 0.00242
142 0.00242
143 0.00242
144 0.00242
145 0.00242
146 0.00242
147 0.00242
148 0.00242
149 0.00242
150 0.00242
151 0.00242
152 0.00242
153 0.00242
154 0.00242
155 0.00242
156 0.00242
157 0.00242
158 0.00242
159 0.00242
160 0.00363
161 0.00242
162 0.00242
163 0.00242
164 0.00242
165 0.00242
166 0.00242
167 0.00242
168 0.00363
169 0.00363
170 0.00242
171 0.00242
172 0.00363
173 0.00242
174 0.00242
175 0.00363
176 0.00242
177 0.00363
178 0.00363
179 0.37268
180 0.2662
181 0.15004
182 0.10769
183 0.09075
184 0.06776
185 0.06897
186 0.06292
187 0.07502
188 0.08228
189 0.08712
190 0.07744
191 0.07381
192 0.07502
193 0.07381
194 0.07502
195 -0.32791
196 -0.14278
197 -0.05445
198 0.00121
199 -0.03751
200 -0.02783
201 -0.02178
202 -0.02541
203 -0.03267
204 -0.03509
205 -0.0363
206 -0.03509
207 -0.02662
208 -0.0242
209 -0.02057
210 -0.01936
211 -0.01694
212 -0.01452
213 -0.0121
214 -0.01089
215 -0.01089
216 -0.00847
217 -0.00726
218 -0.00726
219 -0.00605
220 -0.00605
221 -0.00484
222 -0.00484
223 -0.00484
224 -0.00484
225 -0.00484
226 -0.00363
227 -0.00363
228 -0.00363
229 -0.00363
230 -0.00363
231 -0.00363
232 -0.00242
233 -0.00363
234 -0.00363
235 -0.00363
236 -0.00242
237 -0.00242
238 -0.00242
239 -0.00242
240 -0.00242
241 -0.00242
242 -0.00242
243 -0.00242
244 -0.00242
245 -0.00242
246 -0.00242
247 -0.00242
248 -0.00242
249 -0.00242
250 -0.00242
251 -0.00242
252 -0.00242
253 -0.00242
254 -0.00363
255 -0.00242
256 -0.00242
257 -0.00242
258 -0.00242
259 -0.00242
260 -0.00363
261 -0.00242
262 -0.00242
263 -0.00242
264 -0.00242
265 -0.00242
266 -0.00242
267 -0.00242
268 -0.00363
269 -0.00363
270 -0.00242
271 -0.00242
272 -0.00242
273 -0.00242
274 -0.00363
275 -0.00363
276 -0.00363
277 -0.00363
278 -0.00242
279 -0.00363
280 -0.00242
281 -0.00363
282 -0.00363
283 -0.00242
284 -0.00363
285 -0.00363
286 -0.00242
287 -0.00242
288 -0.00363
289 -0.00242
290 -0.00363
291 -0.00242
292 -0.00242
293 -0.00363
294 -0.00363
295 -0.00363
296 -0.00363
297 -0.00242
298 -0.00363
299 -0.00363
300 -0.00363
301 -0.00363
302 -0.00363
303 -0.00363
304 -0.00363
305 -0.00242
306 -0.00363
307 -0.00363
308 -0.00363
309 -0.00363
310 -0.00363
311 -0.00363
312 -0.00363
313 -0.00363
314 -0.00363
315 -0.00363
316 -0.00363
317 -0.00363
318 -0.00363
319 -0.00363
320 -0.00363
321 -0.00363
322 -0.00363
323 -0.00242
324 -0.00363
325 -0.00363
326 -0.00363
327 -0.00363
328 -0.00242
329 -0.00363
330 -0.00363
331 -0.00363
332 -0.00363
333 -0.00363
334 -0.00363
335 -0.00363
336 -0.00363
337 -0.00363
338 -0.00363
339 -0.41503
340 -0.2904
341 -0.19118
342 -0.11011
343 -0.09317
344 -0.06897
345 -0.07381
346 -0.06776
347 -0.07865
348 -0.07986
349 -0.08349
350 -0.07986
351 -0.07744
352 -0.08107
353 -0.07865
354 -0.0847
355 -0.07623
356 0.17303
357 0.08349
358 0.00121
359 0.0363
360 0.02299
361 0.01936
362 0.01573
363 0.01936
364 0.03267
365 0.03751
366 0.03751
367 0.03509
368 0.02783
369 0.02541
370 0.02299
371 0.02057
372 0.01936
373 0.01694
374 0.01573
375 0.01331
376 0.01331
377 0.01331
378 0.0121
379 0.00968
380 0.00847
381 0.00968
382 0.00847
383 0.00847
384 0.00726
385 0.00726
386 0.00726
387 0.00726
388 0.00726
389 0.00726
390 0.00605
391 0.00605
392 0.00726
393 0.00605
394 0.00605
395 0.00605
396 0.00605
397 0.00605
398 0.00605
399 0.00605
400 0.00605
401 0.00605
402 0.00605
403 0.00605
404 0.00605
405 0.00605
406 0.00605
407 0.00605
408 0.00605
409 0.00605
410 0.00605
411 0.00605
412 0.00605
413 0.00605
414 0.00605
415 0.00605
416 0.00605
417 0.00605
418 0.00605
419 0.00605
420 0.00605
421 0.00605
422 0.00605
423 0.00605
424 0.00605
425 0.00605
426 0.00605
427 0.00605
428 0.00605
429 0.00605
430 0.00605
431 0.00605
432 0.00605
433 0.00605
434 0.00605
435 0.00605
436 0.00605
437 0.00605
438 0.00605
439 0.00605
440 0.00605
441 0.00605
442 0.00605
443 0.00605
444 0.00605
445 0.00605
446 0.00605
447 0.00605
448 0.00605
449 0.00605
450 0.00605
451 0.00605
452 0.00605
453 0.00605
454 0.00605
455 0.00605
456 0.00605
457 0.00605
458 0.00605
459 0.00605
460 0.00605
461 0.00605
462 0.00605
463 0.00605
464 0.00605
465 0.00605
466 0.00605
467 0.00605
468 0.00605
469 0.00605
470 0.00605
471 0.00605
472 0.00605
473 0.00605
474 0.00605
475 0.00605
476 0.00605
477 0.00605
478 0.00605
479 0.00605
480 0.00605
481 0.00605
482 0.00605
483 0.00605
484 0.00605
485 0.00605
486 0.00605
487 0.00605
488 0.00605
489 0.00605
490 0.00605
491 0.00605
492 0.00605
493 0.00605
494 0.00605
495 0.00605
496 0.00605
497 0.00605
498 0.00605
499 0.04356
500 0.31218
501 0.23232
502 0.12463
503 0.09317
504 0.0726
505 0.07986
506 0.06655
507 0.07502
508 0.08349
509 0.08833
510 0.08591
511 0.08349
512 0.07623
513 0.07986
514 0.07744
515 0.07986
516 -0.18271
517 -0.10769
518 -0.02057
519 0.00242
520 -0.02783
521 -0.02299
522 -0.02178
523 -0.02783
524 -0.03267
525 -0.03509
526 -0.03509
527 -0.03146
528 -0.0242
529 -0.02178
530 -0.01936
531 -0.01815
532 -0.01573
533 -0.01331
534 -0.01089
535 -0.01089
536 -0.00968
537 -0.00847
538 -0.00726
539 -0.00605
540 -0.00605
541 -0.00605
542 -0.00484
543 -0.00484
544 -0.00363
545 -0.00484
546 -0.00363
547 -0.00363
548 -0.00363
549 -0.00363
550 -0.00363
551 -0.00363
552 -0.00363
553 -0.00242
554 -0.00363
555 -0.00363
556 -0.00242
557 -0.00242
558 -0.00242
559 -0.00363
560 -0.00242
561 -0.00242
562 -0.00242
563 -0.00242
564 -0.00242
565 -0.00242
566 -0.00242
567 -0.00242
568 -0.00242
569 -0.00242
570 -0.00363
571 -0.00242
572 -0.00242
573 -0.00363
574 -0.00363
575 -0.00242
576 -0.00242
577 -0.00242
578 -0.00242
579 -0.00242
580 -0.00242
581 -0.00242
582 -0.00242
583 -0.00242
584 -0.00242
585 -0.00242
586 -0.00242
587 -0.00363
588 -0.00242
589 -0.00363
590 -0.00363
591 -0.00363
592 -0.00242
593 -0.00363
594 -0.00363
595 -0.00363
596 -0.00363
597 -0.00363
598 -0.00363
599 -0.00363
600 -0.00363
601 -0.00363
602 -0.00242
603 -0.00363
604 -0.00363
605 -0.00363
606 -0.00363
607 -0.00363
608 -0.00363
609 -0.00363
610 -0.00363
611 -0.00363
612 -0.00363
613 -0.00363
614 -0.00363
615 -0.00363
616 -0.00363
617 -0.00363
618 -0.00363
619 -0.00363
620 -0.00363
621 -0.00363
622 -0.00363
623 -0.00363
624 -0.00363
625 -0.00363
626 -0.00363
627 -0.00363
628 -0.00363
629 -0.00363
630 -0.00363
631 -0.00363
632 -0.00363
633 -0.00363
634 -0.00363
635 -0.00363
636 -0.00363
637 -0.00363
638 -0.00363
639 -0.00363
640 -0.00363
641 -0.00363
642 -0.00363
643 -0.00363
644 -0.00363
645 -0.00363
646 -0.00363
647 -0.00363
648 -0.00363
649 -0.00363
650 -0.00363
651 -0.00363
652 -0.00363
653 -0.00363
654 -0.00363
655 -0.00363
656 -0.00363
657 -0.00363
658 -0.00363
659 -0.00363
660 -0.34727
661 -0.25894
662 -0.13552
663 -0.10043
664 -0.07986
665 -0.07623
666 -0.06776
667 -0.0726
668 -0.0847
669 -0.0847
670 -0.09075
671 -0.07986
672 -0.08107
673 -0.07381
674 -0.07986
675 -0.08833
676 0.23958
677 0.14157
678 0.04235
679 -0.01089
680 0.03872
681 0.01573
682 0.01573
683 0.01573
684 0.02541
685 0.03388
686 0.0363
687 0.0363
688 0.03025
689 0.02541
690 0.02299
691 0.02057
692 0.01936
693 0.01815
694 0.01573
695 0.01331
696 0.0121
697 0.0121
698 0.0121
699 0.01089
700 0.00968
701 0.00847
702 0.00968
703 0.00847
704 0.00847
705 0.00726
706 0.00726
707 0.00726
708 0.00726
709 0.00726
710 0.00605
711 0.00726
712 0.00605
713 0.00605
714 0.00605
715 0.00605
716 0.00605
717 0.00605
718 0.00605
719 0.00605
720 0.00605
721 0.00605
722 0.00605
723 0.00605
724 0.00605
725 0.00605
726 0.00605
727 0.00605
728 0.00605
729 0.00605
730 0.00605
731 0.00605
732 0.00605
733 0.00605
734 0.00605
735 0.00605
736 0.00605
737 0.00605
738 0.00605
739 0.00605
740 0.00605
741 0.00605
742 0.00605
743 0.00605
744 0.00605
745 0.00605
746 0.00605
747 0.00605
748 0.00605
749 0.00605
750 0.00605
751 0.00605
752 0.00605
753 0.00605
754 0.00605
755 0.00605
756 0.00605
757 0.00605
758 0.00605
759 0.00605
760 0.00605
761 0.00605
762 0.00605
763 0.00605
764 0.00605
765 0.00605
766 0.00605
767 0.00605
768 0.00605
769 0.00605
770 0.00605
771 0.00605
772 0.00605
773 0.00605
774 0.00605
775 0.00605
776 0.00605
777 0.00605
778 0.00605
779 0.00605
780 0.00605
781 0.00605
782 0.00605
783 0.00605
784 0.00605
785 0.00605
786 0.00605
787 0.00605
788 0.00605
789 0.00605
790 0.00605
791 0.00605
792 0.00605
793 0.00605
794 0.00605
795 0.00605
796 0.00605
797 0.00605
798 0.00605
799 0.00605
800 0.00605
801 0.00605
802 0.00605
803 0.00605
804 0.00605
805 0.00605
806 0.00605
807 0.00605
808 0.00605
809 0.00605
810 0.00605
811 0.00605
812 0.00605
813 0.00605
814 0.00605
815 0.00605
816 0.00605
817 0.00605
818 0.00605
819 0.00605
820 0.43318
821 0.27709
822 0.1573
823 0.11374
824 0.09438
825 0.07744
826 0.07865
827 0.07018
828 0.08107
829 0.09559
830 0.09317
831 0.08833
832 0.07865
833 0.07744
834 0.08107
835 0.07986
836 -0.37752
837 -0.14036
838 -0.05324
839 0.00121
840 -0.03751
841 -0.02783
842 -0.02178
843 -0.02541
844 -0.03146
845 -0.03509
846 -0.03509
847 -0.03388
848 -0.02783
849 -0.02299
850 -0.02057
851 -0.01936
852 -0.01694
853 -0.01452
854 -0.0121
855 -0.01089
856 -0.01089
857 -0.00968
858 -0.00726
859 -0.00726
860 -0.00605
861 -0.00605
862 -0.00605
863 -0.00484
864 -0.00363
865 -0.00484
866 -0.00484
867 -0.00363
868 -0.00363
869 -0.00363
870 -0.00363
871 -0.00363
872 -0.00363
873 -0.00363
874 -0.00363
875 -0.00363
876 -0.00363
877 -0.00242
878 -0.00242
879 -0.00363
880 -0.00363
881 -0.00363
882 -0.00242
883 -0.00242
884 -0.00363
885 -0.00363
886 -0.00363
887 -0.00242
888 -0.00242
889 -0.00242
890 -0.00363
891 -0.00363
892 -0.00242
893 -0.00363
894 -0.00363
895 -0.00363
896 -0.00363
897 -0.00242
898 -0.00363
899 -0.00363
900 -0.00363
901 -0.00363
902 -0.00363
903 -0.00363
904 -0.00363
905 -0.00363
906 -0.00363
907 -0.00363
908 -0.00363
909 -0.00363
910 -0.00363
911 -0.00363
912 -0.00363
913 -0.00363
914 -0.00363
915 -0.00242
916 -0.00363
917 -0.00363
918 -0.00363
919 -0.00363
920 -0.00363
921 -0.00363
922 -0.00363
923 -0.00363
924 -0.00363
925 -0.00363
926 -0.00363
927 -0.00363
928 -0.00363
929 -0.00363
930 -0.00363
931 -0.00363
932 -0.00363
933 -0.00363
934 -0.00363
935 -0.00363
936 -0.00363
937 -0.00363
938 -0.00363
939 -0.00363
940 -0.00363
941 -0.00363
942 -0.00363
943 -0.00363
944 -0.00363
945 -0.00363
946 -0.00363
947 -0.00363
948 -0.00363
949 -0.00363
950 -0.00363
951 -0.00363
952 -0.00363
953 -0.00363
954 -0.00363
955 -0.00363
956 -0.00363
957 -0.00363
958 -0.00363
959 -0.00363
960 -0.00363
961 -0.00363
962 -0.00363
963 -0.00363
964 -0.00363
965 -0.00363
966 -0.00363
967 -0.00363
968 -0.00363
969 -0.00363
970 -0.00363
971 -0.00363
972 -0.00363
973 -0.00363
974 -0.00363
975 -0.00363
976 -0.00363
977 -0.00363
978 -0.00242
979 -0.00363
980 -0.37147
981 -0.29282
982 -0.18876
983 -0.11253
984 -0.09317
985 -0.07139
986 -0.07381
987 -0.07139
988 -0.08107
989 -0.08349
990 -0.09075
991 -0.0847
992 -0.07744
993 -0.07502
994 -0.07744
995 -0.08349
996 0.06897
997 0.1694
998 0.07744
999 0
1000 0.0363
1001 0.02057
1002 0.01936
1003 0.01573
1004 0.01815
1005 0.03146
1006 0.0363
1007 0.0363
1008 0.03388
1009 0.02662
1010 0.0242
1011 0.02178
1012 0.02057
1013 0.01936
1014 0.01694
1015 0.01452
1016 0.01331
1017 0.0121
1018 0.0121
1019 0.0121
1020 0.00968
1021 0.00968
1022 0.00847
1023 0.00968
1024 0.00847
1025 0.00847
1026 0.00726
1027 0.00726
1028 0.00726
1029 0.00726
1030 0.00605
1031 0.00605
1032 0.00605
1033 0.00726
1034 0.00605
1035 0.00605
1036 0.00605
1037 0.00605
1038 0.00605
1039 0.00605
1040 0.00605
1041 0.00605
1042 0.00605
1043 0.00605
1044 0.00605
1045 0.00605
1046 0.00605
1047 0.00605
1048 0.00605
1049 0.00605
1050 0.00605
1051 0.00605
1052 0.00605
1053 0.00605
1054 0.00605
1055 0.00605
1056 0.00605
1057 0.00605
1058 0.00605
1059 0.00605
1060 0.00605
1061 0.00605
1062 0.00605
1063 0.00605
1064 0.00605
1065 0.00605
1066 0.00605
1067 0.00605
1068 0.00605
1069 0.00605
1070 0.00605
1071 0.00605
1072 0.00605
1073 0.00605
1074 0.00605
1075 0.00605
1076 0.00605
1077 0.00605
1078 0.00605
1079 0.00605
1080 0.00605
1081 0.00605
1082 0.00605
1083 0.00605
1084 0.00605
1085 0.00605
1086 0.00605
1087 0.00605
1088 0.00605
1089 0.00605
1090 0.00605
1091 0.00605
1092 0.00605
1093 0.00605
1094 0.00605
1095 0.00605
1096 0.00605
1097 0.00605
1098 0.00605
1099 0.00605
1100 0.00605
1101 0.00605
1102 0.00605
1103 0.00605
1104 0.00605
1105 0.00605
1106 0.00605
1107 0.00605
1108 0.00605
1109 0.00605
1110 0.00605
1111 0.00605
1112 0.00605
1113 0.00605
1114 0.00605
1115 0.00605
1116 0.00605
1117 0.00605
1118 0.00605
1119 0.00605
1120 0.00605
1121 0.00605
1122 0.00605
1123 0.00605
1124 0.00605
1125 0.00605
1126 0.00605
1127 0.00605
1128 0.00605
1129 0.00605
1130 0.00605
1131 0.00605
1132 0.00605
1133 0.00605
1134 0.00605
1135 0.00605
1136 0.00605
1137 0.00605
1138 0.00605
1139 0.00605
1140 0.03872
1141 0.30613
1142 0.21901
1143 0.12584
1144 0.09559
1145 0.07865
1146 0.07865
1147 0.0726
1148 0.07744
1149 0.0847
1150 0.09438
1151 0.09317
1152 0.08712
1153 0.08228
1154 0.07744
1155 0.08833
1156 0.08349
1157 -0.18271
1158 -0.11011
1159 -0.02299
1160 -0.00847
1161 -0.02783
1162 -0.02178
1163 -0.02178
1164 -0.02783
1165 -0.03267
1166 -0.03509
1167 -0.03509
1168 -0.03146
1169 -0.0242
1170 -0.02178
1171 -0.01936
1172 -0.01815
1173 -0.01573
1174 -0.01331
1175 -0.01089
1176 -0.01089
1177 -0.00968
1178 -0.00847
1179 -0.00726
1180 -0.00605
1181 -0.00605
1182 -0.00605
1183 -0.00484
1184 -0.00484
1185 -0.00484
1186 -0.00484
1187 -0.00484
1188 -0.00363
1189 -0.00363
1190 -0.00363
1191 -0.00363
1192 -0.00363
1193 -0.00363
1194 -0.00363
1195 -0.00363
1196 -0.00242
1197 -0.00242
1198 -0.00242
1199 -0.00242
1200 -0.00242
1201 -0.00242
1202 -0.00242
1203 -0.00242
1204 -0.00242
1205 -0.00242
1206 -0.00242
1207 -0.00242
1208 -0.00242
1209 -0.00363
1210 -0.00363
1211 -0.00242
1212 -0.00242
1213 -0.00242
1214 -0.00363
1215 -0.00242
1216 -0.00363
1217 -0.00242
1218 -0.00242
1219 -0.00242
1220 -0.00242
1221 -0.00242
1222 -0.00242
1223 -0.00242
1224 -0.00242
1225 -0.00242
1226 -0.00363
1227 -0.00242
1228 -0.00363
1229 -0.00363
1230 -0.00242
1231 -0.00242
1232 -0.00363
1233 -0.00363
1234 -0.00242
1235 -0.00363
1236 -0.00363
1237 -0.00363
1238 -0.00363
1239 -0.00363
1240 -0.00242
1241 -0.00242
1242 -0.00363
1243 -0.00363
1244 -0.00363
1245 -0.00363
1246 -0.00363
1247 -0.00242
1248 -0.00363
1249 -0.00363
1250 -0.00242
1251 -0.00242
1252 -0.00363
1253 -0.00363
1254 -0.00363
1255 -0.00363
1256 -0.00363
1257 -0.00363
1258 -0.00363
1259 -0.00363
1260 -0.00363
1261 -0.00363
1262 -0.00363
1263 -0.00363
1264 -0.00242
1265 -0.00363
1266 -0.00363
1267 -0.00363
1268 -0.00363
1269 -0.00363
1270 -0.00363
1271 -0.00363
1272 -0.00363
1273 -0.00363
1274 -0.00242
1275 -0.00363
1276 -0.00363
1277 -0.00363
1278 -0.00363
1279 -0.00363
1280 -0.00363
1281 -0.00242
1282 -0.00363
1283 -0.00363
1284 -0.00363
1285 -0.00363
1286 -0.00363
1287 -0.00363
1288 -0.00363
1289 -0.00363
1290 -0.00363
1291 -0.00363
1292 -0.00363
1293 -0.00363
1294 -0.00363
1295 -0.00363
1296 -0.00363
1297 -0.00363
1298 -0.00363
1299 -0.00242
1300 -0.00363
1301 -0.32186
1302 -0.2541
1303 -0.1331
1304 -0.09922
1305 -0.07502
1306 -0.07381
1307 -0.0726
1308 -0.07381
1309 -0.08228
1310 -0.08228
1311 -0.08712
1312 -0.0847
1313 -0.07381
1314 -0.07744
1315 -0.07623
1316 -0.08712
1317 0.21538
1318 0.1331
1319 0.03872
1320 -0.00121
1321 0.0363
1322 0.01452
1323 0.01694
1324 0.01573
1325 0.02662
1326 0.03509
1327 0.0363
1328 0.0363
1329 0.02783
1330 0.02541
1331 0.02299
1332 0.02057
1333 0.01936
1334 0.01815
1335 0.01573
1336 0.01452
1337 0.0121
1338 0.01331
1339 0.0121
1340 0.01089
1341 0.00968
1342 0.00847
1343 0.00847
1344 0.00847
1345 0.00847
1346 0.00726
1347 0.00726
1348 0.00726
1349 0.00726
1350 0.00726
1351 0.00605
1352 0.00605
1353 0.00726
1354 0.00726
