0 0
1 0
2 0
3 0
4 0
5 0
6 0
7 0
8 0
9 0
10 0
11 0
12 0
13 0
14 0
15 0
16 0
17 0
18 0
19 0
20 0
21 0
22 0
23 0
24 0
25 0
26 0
27 0
28 0
29 0
30 0
31 0
32 0
33 0
34 0
35 0
36 0
37 0
38 0
39 0
40 0
41 0
42 0
43 0
44 0
45 0
46 0
47 0
48 0
49 0
50 0
51 0
52 0
53 0
54 0
55 0
56 0
57 0
58 0
59 0
60 0
61 0
62 0
63 0
64 0
65 0
66 0
67 0
68 0
69 0
70 0
71 0
72 0
73 0
74 0
75 0
76 0
77 0
78 0
79 0
80 0
81 0
82 0
83 0
84 0
85 0
86 0
87 0
88 0
89 0
90 0
91 0
92 0
93 0
94 0
95 0
96 0
97 0
98 0
99 0
100 0
101 0
102 0
103 0
104 0
105 0
106 0
107 0
108 0
109 0.00121
110 0.00121
111 0.00121
112 0.00121
113 0.00121
114 0.00121
115 0.00121
116 0.00121
117 0.00121
118 0.00121
119 0.00121
120 0.00121
121 0.00121
122 0.00121
123 0.00121
124 0.00121
125 0.00121
126 0.00121
127 0.00121
128 0.00121
129 0.00121
130 0.00121
131 0.00121
132 0.00121
133 0.00121
134 0.00121
135 0.00121
136 0.00121
137 0.00121
138 0.00121
139 0.00121
140 0.00121
141 0.00121
142 0.00121
143 0.00121
144 0.00121
145 0.00121
146 0.00121
147 0.00121
148 0.00121
149 0.00121
150 0.00121
151 0.00121
152 0.00121
153 0.00242
154 0.00121
155 0.00121
156 0.00121
157 0.00121
158 0.00121
159 0.00121
160 0.00121
161 0.00121
162 0.00121
163 0.00121
164 0.00121
165 0.00121
166 0.00121
167 0.00121
168 0.00121
169 0.00121
170 0.00121
171 0.00121
172 0.00121
173 0.00121
174 0.00121
175 0.00121
176 0.00121
177 0.00121
178 0.00242
179 0.00121
180 0.00121
181 0.00121
182 0.00121
183 0.00121
184 0.00121
185 0.00121
186 0.00121
187 0.00121
188 0.00121
189 0.00121
190 0.00121
191 0.00121
192 0.00121
193 0.00121
194 0.00242
195 0.00121
196 0.00121
197 0.00121
198 0.00121
199 0.00121
200 0.00121
201 0.00121
202 0.00242
203 0.00121
204 0.00121
205 0.00121
206 0.00121
207 0.00121
208 0.00121
209 0.00121
210 0.00121
211 0.00121
212 0.00121
213 0.00121
214 0.00121
215 0.00242
216 0.00242
217 0.00121
218 0.00242
219 0.00121
220 0.00121
221 0.00121
222 0.00121
223 0.00121
224 0.00121
225 0.00242
226 0.00121
227 0.00121
228 0.00121
229 0.00121
230 0.00242
231 0.00121
232 0.00121
233 0.00121
234 0.00121
235 0.00121
236 0.00121
237 0.00121
238 0.00121
239 0.00121
240 0.00121
241 0.00121
242 0.00242
243 0.00242
244 0.00121
245 0.00121
246 0.00121
247 0.00121
248 0.00121
249 0.00121
250 0.00121
251 0.00121
252 0.00121
253 0.00121
254 0.00242
255 0.00121
256 0.00242
257 0.00121
258 0.00121
259 0.00121
260 0.00121
261 0.00121
262 0.00121
263 0.00121
264 0.00121
265 0.00242
266 0.00121
267 0.00121
268 0.00121
269 0.00121
270 0.00121
271 0.00121
272 0.00121
273 0.00121
274 0.00121
275 0.00121
276 0.00121
277 0.00121
278 0.00121
279 0.00121
280 0.00242
281 0.00121
282 0.00121
283 0.00121
284 0.00121
285 0.00121
286 0.00121
287 0.00121
288 0.00242
289 0.00121
290 0.00121
291 0.00121
292 0.00121
293 0.00121
294 0.00121
295 0.00121
296 0.00121
297 0.00121
298 -0.08228
299 -0.0484
300 -0.01694
301 -0.01936
302 -0.02662
303 -0.0242
304 -0.01815
305 -0.01089
306 -0.00363
307 0.00121
308 0.00484
309 0.00726
310 0.00847
311 0.00847
312 0.00847
313 0.00847
314 0.00726
315 0.00726
316 0.00726
317 0.00726
318 0.00605
319 0.00605
320 0.00605
321 0.00484
322 0.00484
323 0.00484
324 0.00484
325 0.00363
326 0.00363
327 0.00363
328 0.00363
329 0.00363
330 0.00363
331 0.00363
332 0.00242
333 0.00242
334 0.00242
335 0.00242
336 0.00242
337 0.00242
338 0.00242
339 0.00121
340 0.00121
341 0.00121
342 0.00121
343 0.00121
344 0.00121
345 0.00121
346 0.00121
347 0.00121
348 0.00121
349 0.00121
350 0.00121
351 0.00121
352 0.00121
353 0.00121
354 0.00121
355 0.00121
356 0.00121
357 0.00121
358 0.00121
359 0.00121
360 0.00121
361 0.00121
362 0.00121
363 0.00121
364 0.00121
365 0
366 0.00121
367 0.00121
368 0.00121
369 0.00121
370 0
371 0
372 0.00121
373 0
374 0.00121
375 0
376 0
377 0
378 0
379 0.00121
380 0
381 0
382 0
383 0
384 0.00121
385 0
386 0
387 0
388 0.00121
389 0
390 0
391 0
392 0
393 0
394 0
395 0
396 0
397 0
398 0
399 0
400 0
401 0
402 0.00121
403 0
404 0
405 0
406 0
407 0
408 0.00121
409 0
410 0
411 0
412 0
413 0
414 0
415 0
416 0
417 0
418 0
419 0
420 0
421 0
422 0
423 0
424 0
425 0
426 0
427 0
428 0
429 0
430 0
431 0
432 0.00121
433 0
434 0
435 0
436 0
437 0
438 0
439 0
440 0
441 0
442 0
443 0
444 0
445 0
446 0
447 0
448 0
449 0
450 0
451 0
452 0
453 0
454 0
455 0
456 0
457 0
458 0.01331
459 0.05082
460 0.04114
461 0.03872
462 0.02904
463 0.02662
464 0.0363
465 0.03388
466 0.03993
467 0.02541
468 0.02783
469 0.03388
470 0.02783
471 0.03751
472 0.02541
473 0.0363
474 0.02541
475 0.02904
476 0.03872
477 0.02541
478 0.03872
479 0.02541
480 0.03388
481 0.03267
482 0.03146
483 0.03993
484 0.02541
485 0.0363
486 0.03267
487 0.03267
488 0.0363
489 0.03388
490 0.03872
491 0.02783
492 0.03146
493 0.03751
494 -0.00484
495 0.00968
496 0.01936
497 0.02299
498 0.00847
499 -0.00847
500 -0.01815
501 -0.02057
502 -0.02178
503 -0.02178
504 -0.02178
505 -0.02057
506 -0.01936
507 -0.01936
508 -0.01936
509 -0.01815
510 -0.01815
511 -0.01694
512 -0.01694
513 -0.01573
514 -0.01573
515 -0.01573
516 -0.01452
517 -0.01452
518 -0.01452
519 -0.01331
520 -0.01331
521 -0.01331
522 -0.01331
523 -0.0121
524 -0.0121
525 -0.0121
526 -0.0121
527 -0.0121
528 -0.0121
529 -0.0121
530 -0.01089
531 -0.01089
532 -0.01089
533 -0.01089
534 -0.01089
535 -0.01089
536 -0.01089
537 -0.01089
538 -0.01089
539 -0.01089
540 -0.01089
541 -0.01089
542 -0.01089
543 -0.01089
544 -0.01089
545 -0.01089
546 -0.01089
547 -0.01089
548 -0.01089
549 -0.01089
550 -0.00968
551 -0.01089
552 -0.00968
553 -0.00968
554 -0.01089
555 -0.01089
556 -0.01089
557 -0.01089
558 -0.01089
559 -0.01089
560 -0.01089
561 -0.01089
562 -0.01089
563 -0.00968
564 -0.00968
565 -0.00968
566 -0.00968
567 -0.00968
568 -0.00968
569 -0.00968
570 -0.00968
571 -0.01089
572 -0.01089
573 -0.00968
574 -0.01089
575 -0.00968
576 -0.00968
577 -0.00968
578 -0.00968
579 -0.00968
580 -0.00968
581 -0.00968
582 -0.00968
583 -0.00968
584 -0.00968
585 -0.00968
586 -0.00968
587 -0.00968
588 -0.00968
589 -0.00968
590 -0.00968
591 -0.00968
592 -0.00968
593 -0.00968
594 -0.00968
595 -0.00968
596 -0.00968
597 -0.00968
598 -0.00968
599 -0.00968
600 -0.00968
601 -0.01089
602 -0.00968
603 -0.00968
604 -0.00968
605 -0.00968
606 -0.00968
607 -0.00968
608 -0.00968
609 -0.00968
610 -0.00968
611 -0.00968
612 -0.00968
613 -0.00968
614 -0.01089
615 -0.00968
616 -0.00968
617 -0.00968
618 -0.00968
619 -0.05203
620 -0.04598
621 -0.03025
622 -0.03509
623 -0.03509
624 -0.03025
625 -0.03509
626 -0.0242
627 -0.03509
628 -0.03751
629 -0.03025
630 -0.03388
631 -0.02541
632 -0.03872
633 -0.03388
634 -0.03388
635 -0.03388
636 -0.02299
637 -0.03509
638 -0.02299
639 -0.03025
640 -0.03751
641 -0.02904
642 -0.03267
643 -0.02541
644 -0.03388
645 -0.02662
646 -0.03751
647 -0.03146
648 -0.02299
649 -0.03751
650 -0.02541
651 -0.03388
652 -0.03146
653 -0.03025
654 0.00242
655 -0.01089
656 -0.02057
657 -0.02178
658 -0.0121
659 0.00363
660 0.01452
661 0.01573
662 0.01694
663 0.01573
664 0.01573
665 0.01452
666 0.01452
667 0.01452
668 0.01331
669 0.01331
670 0.0121
671 0.0121
672 0.01089
673 0.01089
674 0.01089
675 0.00968
676 0.00968
677 0.00968
678 0.00847
679 0.00847
680 0.00847
681 0.00847
682 0.00847
683 0.00726
684 0.00726
685 0.00726
686 0.00726
687 0.00726
688 0.00726
689 0.00726
690 0.00605
691 0.00726
692 0.00605
693 0.00605
694 0.00605
695 0.00605
696 0.00605
697 0.00605
698 0.00605
699 0.00605
700 0.00605
701 0.00605
702 0.00605
703 0.00605
704 0.00605
705 0.00605
706 0.00605
707 0.00605
708 0.00605
709 0.00605
710 0.00605
711 0.00605
712 0.00605
713 0.00605
714 0.00605
715 0.00605
716 0.00605
717 0.00605
718 0.00605
719 0.00605
720 0.00605
721 0.00605
722 0.00605
723 0.00605
724 0.00605
725 0.00605
726 0.00726
727 0.00726
728 0.00726
729 0.00726
730 0.00726
731 0.00726
732 0.00726
733 0.00847
734 0.00847
735 0.00847
736 0.00847
737 0.00847
738 0.00847
739 0.00847
740 0.00847
741 0.00847
742 0.00847
743 0.00847
744 0.00847
745 0.00968
746 0.00968
747 0.00968
748 0.00968
749 0.00968
750 0.00968
751 0.00968
752 0.00968
753 0.00968
754 0.00968
755 0.00968
756 0.00968
757 0.00968
758 0.01089
759 0.01089
760 0.01089
761 0.01089
762 0.01089
763 0.01089
764 0.01089
765 0.01089
766 0.01089
767 0.01089
768 0.01089
769 0.01089
770 0.01089
771 0.01089
772 0.01089
773 0.01089
774 0.01089
775 0.01089
776 0.01089
777 0.01089
778 0.01089
779 0.06655
780 0.07139
781 0.05687
782 0.04235
783 0.05082
784 0.03872
785 0.03751
786 0.04719
787 0.03146
788 0.03872
789 0.03509
790 0.03751
791 0.03267
792 0.03146
793 0.03872
794 0.02783
795 0.03872
796 0.02783
797 0.03751
798 0.03146
799 0.03267
800 0.04114
801 0.02904
802 0.04235
803 0.02904
804 0.03509
805 0.04356
806 0.03993
807 0.04235
808 0.03146
809 0.03509
810 0.03751
811 0.03872
812 0.04598
813 0.03267
814 0.03872
815 0.01694
816 0.01936
817 0.0242
818 0.01936
819 0.00242
820 -0.01089
821 -0.01573
822 -0.01694
823 -0.01694
824 -0.01573
825 -0.01573
826 -0.01452
827 -0.01452
828 -0.01331
829 -0.01331
830 -0.01331
831 -0.0121
832 -0.0121
833 -0.01089
834 -0.01089
835 -0.01089
836 -0.00968
837 -0.00968
838 -0.00968
839 -0.00968
840 -0.00847
841 -0.00847
842 -0.00847
843 -0.00847
844 -0.00847
845 -0.00726
846 -0.00847
847 -0.00847
848 -0.00847
849 -0.00847
850 -0.00968
851 -0.00968
852 -0.00968
853 -0.00968
854 -0.00968
855 -0.00968
856 -0.00968
857 -0.00968
858 -0.00968
859 -0.00968
860 -0.00968
861 -0.01089
862 -0.01089
863 -0.01089
864 -0.01089
865 -0.01089
866 -0.01089
867 -0.01089
868 -0.01089
869 -0.01089
870 -0.01089
871 -0.01089
872 -0.01089
873 -0.01089
874 -0.01089
875 -0.01089
876 -0.01089
877 -0.01089
878 -0.01089
879 -0.01089
880 -0.01089
881 -0.01089
882 -0.01089
883 -0.01089
884 -0.01089
885 -0.01089
886 -0.01089
887 -0.01089
888 -0.01089
889 -0.01089
890 -0.01089
891 -0.01089
892 -0.01089
893 -0.01089
894 -0.01089
895 -0.01089
896 -0.01089
897 -0.01089
898 -0.01089
899 -0.01089
900 -0.01089
901 -0.01089
902 -0.01089
903 -0.01089
904 -0.01089
905 -0.01089
906 -0.01089
907 -0.01089
908 -0.01089
909 -0.01089
910 -0.01089
911 -0.01089
912 -0.01089
913 -0.01089
914 -0.01089
915 -0.01089
916 -0.01089
917 -0.01089
918 -0.01089
919 -0.01089
920 -0.01089
921 -0.01089
922 -0.01089
923 -0.01089
924 -0.01089
925 -0.01089
926 -0.01089
927 -0.01089
928 -0.01089
929 -0.01089
930 -0.01089
931 -0.01089
932 -0.01089
933 -0.01089
934 -0.01089
935 -0.01089
936 -0.01089
937 -0.01089
938 -0.01089
939 -0.08107
940 -0.03993
941 -0.03751
942 -0.03509
943 -0.02783
944 -0.0363
945 -0.03509
946 -0.03267
947 -0.0363
948 -0.02541
949 -0.03388
950 -0.0363
951 -0.03146
952 -0.03025
953 -0.02662
954 -0.03509
955 -0.02541
956 -0.0363
957 -0.0363
958 -0.03146
959 -0.03146
960 -0.02178
961 -0.03993
962 -0.02662
963 -0.0363
964 -0.03751
965 -0.02904
966 -0.03025
967 -0.02178
968 -0.03993
969 -0.03267
970 -0.03146
971 -0.03146
972 -0.02299
973 -0.03751
974 -0.02662
975 0.00363
976 -0.02057
977 -0.0242
978 -0.01936
979 -0.00242
980 0.01089
981 0.01452
982 0.01573
983 0.01573
984 0.01452
985 0.01452
986 0.01452
987 0.01331
988 0.0121
989 0.0121
990 0.0121
