0 0
1 0
2 0
3 0
4 0
5 0
6 0
7 0
8 0
9 0
10 0
11 0
12 0
13 0
14 0
15 0
16 0
17 0
18 0
19 0
20 0
21 0
22 0
23 0
24 0
25 0
26 0
27 0
28 0
29 0
30 0
31 0
32 0
33 0
34 0
35 0
36 0
37 0
38 0
39 0
40 0
41 0
42 0
43 0
44 0
45 0
46 0
47 0
48 0
49 0
50 0
51 0
52 0
53 0
54 0
55 0
56 0
57 0
58 0
59 0
60 0
61 0
62 0
63 0
64 0
65 0
66 0
67 0
68 0
69 0
70 0
71 0
72 0
73 0
74 0
75 0
76 0
77 0
78 0
79 0
80 0
81 0
82 0
83 0
84 0
85 0
86 0
87 0
88 0
89 0
90 0
91 0
92 0
93 0
94 0
95 0
96 0
97 0
98 0
99 0
100 0
101 0
102 0
103 0
104 0
105 0
106 0
107 0
108 0
109 0
110 0
111 0
112 0.00121
113 0
114 0.00121
115 0.00121
116 0.00121
117 0.00121
118 0.00121
119 0.00121
120 0.00121
121 0.00121
122 0.00121
123 0.00121
124 0.00121
125 0.00121
126 0.00121
127 0.00121
128 0.00121
129 0.00121
130 0.00121
131 0.00121
132 0.00121
133 0.00121
134 0.00242
135 0.00242
136 0.00242
137 0.00242
138 0.00242
139 0.00242
140 0.00242
141 0.00242
142 0.00242
143 0.00242
144 0.00242
145 0.00242
146 0.00242
147 0.00242
148 0.00121
149 0.00242
150 0.00242
151 0.00242
152 0.00242
153 0.00242
154 0.00242
155 0.00242
156 0.00242
157 0.00242
158 0.00242
159 0.00242
160 0.00242
161 0.00242
162 0.00242
163 0.00242
164 0.00242
165 0.00242
166 0.00242
167 0.00242
168 0.00242
169 0.00242
170 0.00242
171 0.00242
172 0.00242
173 0.00242
174 0.00242
175 0.00242
176 0.00242
177 0.00242
178 0.00242
179 0.00242
180 0.00242
181 0.00242
182 0.00242
183 0.00242
184 0.00242
185 0.00242
186 0.00242
187 0.00242
188 0.00242
189 0.00242
190 0.00242
191 0.00242
192 0.00242
193 0.00242
194 0.00242
195 0.00242
196 0.00242
197 0.00242
198 0.00242
199 0.00242
200 0.00242
201 0.00242
202 0.00242
203 0.00242
204 0.00242
205 0.00242
206 0.00242
207 0.00242
208 0.00242
209 0.00242
210 0.00242
211 0.00242
212 0.00242
