0 0
1 -0.000378665
2 0.000378665
3 0
4 0.000757566
5 0.0011367
6 -0.000757566
7 0.000378665
8 -0.000757566
9 0.000378665
10 0.000378665
11 -0.000378665
12 0
13 -0.000378665
14 0
15 -0.000378665
16 -0.000378665
17 -0.000757566
18 0.000378665
19 -0.000378665
20 -0.000378665
21 0
22 0.000757566
23 -0.000378665
24 -0.000378665
25 0.000378665
26 0.000378665
27 0.000757566
28 0.000378665
29 -0.0011367
30 0.000378665
31 -0.000757566
32 0.000757566
33 0
34 -0.000378665
35 0
36 0.000378665
37 0
38 0.000378665
39 0
40 -0.000378665
41 0
42 0
43 0.000378665
44 0
45 0.000378665
46 0
47 0.000378665
48 0
49 -0.000378665
50 0
51 0.000378665
52 0
53 0
54 -0.000378665
55 0
56 0.000757566
57 0.000757566
58 0
59 0.000378665
60 0.000378665
61 0.000378665
62 -0.000378665
63 -0.000378665
64 -0.000757566
65 -0.000378665
66 0
67 0
68 0
69 0
70 0.000378665
71 -0.000378665
72 0
73 -0.000378665
74 0.000378665
75 0.000378665
76 -0.000378665
77 0
78 0
79 0
80 0
81 0
82 -0.000378665
83 -0.000378665
84 0
85 0
86 -0.000378665
87 0
88 -0.000378665
89 0.000378665
90 -0.000378665
91 0.000378665
92 0.000378665
93 -0.000378665
94 0.000378665
95 0.000378665
96 0.000378665
97 0.000757566
98 -0.000378665
99 -0.000378665
100 -0.000378665
101 0.000378665
102 0.000378665
103 0
104 0
105 0
106 0
107 -0.000378665
108 0
109 0.000378665
110 -0.00189427
111 -0.0011367
112 0
113 -0.000757566
114 -0.000378665
115 -0.000378665
116 0
117 0.000378665
118 0.000378665
119 0.000757566
120 -0.000378665
121 -0.000378665
122 0
123 0
124 0.000378665
125 0.000378665
126 -0.000378665
127 0
128 -0.000757566
129 0.000378665
130 0.000378665
131 0.000378665
132 -0.000757566
133 0.000757566
134 -0.000378665
135 0.000378665
136 0
137 0
138 -0.000757566
139 -0.000378665
140 0
141 -0.000757566
142 0
143 0
144 0
145 0
146 0.000378665
147 -0.000757566
148 -0.000378665
149 -0.000378665
150 0
151 -0.000378665
152 0
153 0
154 0.000757566
155 0.000378665
156 -0.000378665
157 0.000378665
158 0
159 0.000757566
160 0.000757566
161 -0.000378665
162 -0.000757566
163 0
164 0
165 0
166 0.000757566
167 0
168 -0.000378665
169 -0.000378665
170 0
171 -0.000757566
172 0.000757566
173 0
174 0.000378665
175 0
176 -0.000378665
177 0
178 -0.000378665
179 -0.000378665
180 -0.000757566
181 -0.000378665
182 0.000378665
183 0.000378665
184 0.000757566
185 0.000378665
186 -0.000378665
187 0.000757566
188 0
189 0
190 0
191 0
192 0
193 0.000378665
194 0.000378665
195 0.000757566
196 -0.000757566
197 0.000378665
198 0
199 -0.000378665
200 0.000378665
201 -0.000378665
202 0
203 0
204 0
205 -0.000378665
206 -0.000378665
207 0
208 -0.000378665
209 0.000757566
210 0.000378665
211 -0.000378665
212 -0.000378665
213 0.0011367
214 0
215 -0.000378665
216 0
217 0
218 0.000378665
219 0
220 -0.000378665
221 0.000378665
222 -0.000378665
223 0.0011367
224 0.000378665
225 -0.000757566
226 0
227 0
228 0.000378665
229 0
230 -0.000378665
231 0.000378665
232 0
233 0.000378665
234 0
235 -0.000378665
236 -0.000378665
237 0.000757566
238 0
239 0
240 0.000378665
241 0
242 -0.000757566
243 0.000757566
244 0.000378665
245 0.0011367
246 -0.0011367
247 0
248 -0.000378665
249 0
250 -0.000757566
251 -0.000757566
252 0
253 -0.000378665
254 0.000378665
255 0.000378665
256 0.000757566
257 -0.000378665
258 0
259 0.000378665
260 0.000378665
261 0
262 -0.000757566
263 -0.000378665
264 -0.000378665
265 0.000378665
266 0.000378665
267 0.000378665
268 -0.000378665
269 -0.000378665
270 0.000378665
271 0.000757566
272 -0.000757566
273 0
274 0
275 0.000378665
276 -0.000378665
277 0
278 0
279 -0.000757566
280 0
281 0
282 0
283 0
284 -0.000757566
285 -0.000378665
286 0.000378665
287 -0.000378665
288 0
289 0
290 0.000757566
291 0.000757566
292 -0.0011367
293 0
294 -0.000378665
295 0.000378665
296 0
297 0.000378665
298 -0.000378665
299 0
300 0.000757566
301 0
302 0.000378665
303 0
304 -0.000378665
305 0.000757566
306 0
307 -0.000757566
308 0
309 0.000378665
310 -0.000757566
311 -0.000378665
312 0
313 -0.000378665
314 0.000378665
315 0
316 -0.000757566
317 -0.000378665
318 0
319 0
320 0
321 -0.000378665
322 0.000757566
323 -0.000757566
324 -0.000757566
325 0
326 0
327 0.000757566
328 0.000378665
329 -0.000757566
330 0.000378665
331 0.000757566
332 -0.000378665
333 0.000378665
334 0.000378665
335 -0.000757566
336 0
337 -0.000757566
338 0.000378665
339 -0.000378665
340 0.000378665
341 0
342 0
343 -0.000378665
344 0.000378665
345 0
346 0
347 -0.000378665
348 0
349 -0.0011367
350 0.000757566
351 0
352 -0.000378665
353 0
354 0
355 0.000378665
356 0
357 -0.000757566
358 0
359 0
360 -0.000378665
361 0
362 0.000378665
363 0
364 0.000378665
365 0.000378665
366 0
367 0
368 0.000757566
369 -0.000378665
370 0
371 0
372 -0.000757566
373 0.000757566
374 -0.000378665
375 0.000378665
376 0
377 0
378 -0.000378665
379 0
380 0
381 -0.000378665
382 0
383 0
384 -0.000378665
385 0
386 -0.000757566
387 0
388 0.000378665
389 0
390 -0.000757566
391 0
392 0.000757566
393 0
394 0.000757566
395 0
396 0.000378665
397 -0.000378665
398 0
399 -0.000378665
400 -0.000757566
401 0.000378665
402 0
403 -0.000378665
404 0
405 -0.000378665
406 0.000378665
407 -0.000378665
408 -0.000757566
409 0.000378665
410 0
411 0.000757566
412 -0.000757566
413 0
414 0
415 0
416 0
417 -0.000757566
418 0
419 0
420 0.000378665
421 -0.000378665
422 0
423 0
424 0.000757566
425 -0.000378665
426 -0.000378665
427 -0.000378665
428 0
429 0
430 0.000757566
431 -0.000378665
432 0.000378665
433 0
434 0
435 -0.000378665
436 0
437 0.000378665
438 0
439 0
440 0.000378665
441 -0.000757566
442 0.000378665
443 0.000757566
444 -0.000757566
445 0
446 -0.000757566
447 -0.000378665
448 0
449 0
450 0.000378665
451 -0.000378665
452 0
453 0
454 0
455 0.000378665
456 0
457 -0.000378665
458 -0.000378665
459 0
460 0.000378665
461 0.000378665
462 0.000757566
463 -0.000378665
464 -0.000757566
465 -0.000378665
466 -0.000378665
467 0
468 -0.000757566
469 0
470 -0.000378665
471 -0.000378665
472 0.000378665
473 0
474 0.000757566
475 -0.000378665
476 0
477 0
478 0.0011367
479 0.000378665
480 0.000757566
481 0.000378665
482 -0.000378665
483 -0.000378665
484 0
485 0
486 0
487 0
488 -0.0011367
489 0
490 0
491 -0.000757566
492 0.000378665
493 5.35085
494 8.40555
495 9.70443
496 9.99505
497 10.0174
498 9.96966
499 9.95943
500 9.93442
501 9.94617
502 9.93745
503 9.93291
504 9.93821
505 9.92192
506 9.92722
507 9.90903
508 9.93897
509 5.49673
510 1.7024
511 0.326613
512 -0.026144
513 -0.0863893
514 -0.0621399
515 -0.0295541
516 -0.0117457
517 -0.00568329
518 -0.00303098
519 -0.00151537
520 -0.00492572
521 -0.00189427
522 0
523 0
524 0.000757566
525 -0.000378665
526 0.000757566
527 -0.000378665
528 0
529 0.000378665
530 -0.000757566
531 0
532 -0.000378665
533 0
534 0.000378665
535 0.000378665
536 0.000378665
537 0.000757566
538 -0.000757566
539 -0.0011367
540 0.000378665
541 0
542 0
543 0.000757566
544 -0.000378665
545 0
546 0.000757566
547 -0.000378665
548 0.000378665
549 0.000378665
550 0.000378665
551 0.000378665
552 -0.000378665
553 -0.000378665
554 0
555 0
556 -0.000378665
557 -0.000757566
558 0.000378665
559 0.000378665
560 0
561 0
562 0
563 -0.000378665
564 -0.000378665
565 0.000378665
566 0.000757566
567 0.000378665
568 -0.000378665
569 0
570 -0.000378665
571 0.000378665
572 0.000378665
573 0
574 0.000378665
575 -0.0011367
576 0
577 0.000757566
578 0.000378665
579 -0.000757566
580 0.000378665
581 0
582 0
583 0.000378665
584 -0.000378665
585 -0.000378665
586 0
587 0.000378665
588 0
589 0
590 0
591 0
592 -0.000378665
593 -0.000757566
594 0
595 0.000378665
596 0
597 -0.000378665
598 0.000757566
599 0.000378665
600 0
601 0.000757566
602 0
603 0
604 0
605 -0.000378665
606 0.000378665
607 -0.000378665
608 0.000757566
609 0
610 -0.000378665
611 -0.000378665
612 -0.000378665
613 0
614 0
615 -0.000378665
616 -0.000378665
617 0
618 -0.000378665
619 0
620 0.0011367
621 0.000757566
622 0
623 0
624 0
625 0.000378665
626 0.000757566
627 0
628 -0.000378665
629 0
630 -0.000757566
631 0
632 0.000378665
633 0
634 0.000378665
635 0
636 -0.000378665
637 0
638 0.000378665
639 0.000378665
640 0
641 0
642 0.000378665
643 0
644 0.000757566
645 0
646 0.0011367
647 -0.000378665
648 0
649 0
650 0.000757566
651 0
652 0.000378665
653 -3.84206
654 -7.20974
655 -9.48542
656 -9.92874
657 -10.0201
658 -9.98065
659 -9.95943
660 -9.94389
661 -9.93556
662 -9.93291
663 -9.91813
664 -9.94806
665 -9.942
666 -9.92419
667 -9.92609
668 -9.942
669 -6.90169
670 -2.90504
671 -0.629735
672 -0.00644109
673 0.0746436
674 0.0738858
675 0.0405425
676 0.0189451
677 0.00378878
678 0.00189427
679 0.00340988
680 0.00265207
681 0.00454682
682 0.000757566
683 -0.000378665
684 0
685 -0.0011367
686 -0.000757566
687 0.000757566
688 0
689 0
690 -0.000378665
691 0
692 -0.000757566
693 0.000378665
694 0
695 -0.000378665
696 0
697 0.000378665
698 0.000378665
699 0.000378665
700 -0.000757566
701 0.000378665
702 0
703 0
704 0
705 -0.00151537
706 0
707 0
708 0.000378665
709 -0.000378665
710 -0.000757566
711 0.000378665
712 0.000757566
713 0
714 -0.000378665
715 0
716 0
717 0
718 0.000378665
719 -0.000378665
720 0
721 0.000378665
722 -0.000378665
723 0
724 0
725 -0.000757566
726 -0.000378665
727 0.000378665
728 0.000378665
729 0.000378665
730 -0.000378665
731 0.000378665
732 -0.000378665
733 0.000757566
734 -0.000757566
735 0.0011367
736 0
737 0.000757566
738 -0.000378665
739 -0.000378665
740 0
741 0.000378665
742 0
743 0
744 -0.000378665
745 -0.000378665
746 0
747 -0.000757566
748 0.000378665
749 0.000378665
750 -0.000378665
751 0.000378665
752 0.000378665
753 0
754 0
755 0
756 0.000378665
757 -0.000378665
758 0.000378665
759 0.000378665
760 -0.0011367
761 0.000378665
762 0
763 0.000378665
764 0.000378665
765 0.000378665
766 -0.000378665
767 -0.000757566
768 0
769 0
770 0.000378665
771 -0.000378665
772 0.000378665
773 0
774 0
775 -0.000757566
776 0.000378665
777 -0.000378665
778 0.000378665
779 0.000378665
780 0.000378665
781 -0.0011367
782 0.000378665
783 -0.000378665
784 0
785 -0.000378665
786 0
787 -0.000757566
788 -0.000757566
789 0
790 0
791 -0.000378665
792 0
793 0
794 -0.000757566
795 0.000378665
796 -0.000757566
797 -0.000378665
798 -0.000757566
799 0.000378665
800 0
801 -0.000378665
802 0.000378665
803 0.000378665
804 0
805 0
806 0
807 0
808 0
809 0.000378665
810 0
811 0.000378665
812 0.000757566
813 1.16436
814 6.32008
815 8.98035
816 9.87039
817 10.0087
818 9.98785
819 9.97307
820 9.93783
821 9.94655
822 9.92571
823 9.94011
824 9.93935
825 9.94541
826 9.9348
827 9.92268
828 9.94503
829 9.17018
830 3.72953
831 1.22347
832 0.125795
833 -0.0538038
834 -0.0818428
835 -0.0519093
836 -0.0219761
837 -0.00795693
838 -0.00416792
839 -0.00340988
840 -0.00303098
841 -0.00454682
842 -0.000378665
843 0.000378665
844 0.000378665
845 0.0011367
846 -0.000378665
847 0
848 0.000378665
849 0
850 -0.000378665
851 0
852 0
853 0.0011367
854 0
855 -0.000378665
856 -0.000378665
857 0.000378665
858 0
859 0.000378665
860 0
861 -0.000378665
862 0.000378665
863 0
864 0
865 0
866 0.000757566
867 0.000378665
868 0.000378665
869 -0.000378665
870 -0.000378665
871 0
872 0.000378665
873 0.0011367
874 0
875 0
876 0.000378665
877 0.000378665
878 0.000378665
879 0
880 0
881 -0.000378665
882 -0.000378665
883 -0.000378665
884 -0.000757566
885 0.000378665
886 -0.000378665
887 0
888 0
889 -0.000757566
890 0.0011367
891 -0.000378665
892 -0.000757566
893 0.000378665
894 -0.000378665
895 0.000378665
896 0.000378665
897 0.000378665
898 0.000378665
899 0.000378665
900 -0.000378665
901 0.000378665
902 -0.000378665
903 0
904 0.000378665
905 0
906 0
907 -0.000757566
908 0.000757566
909 0
910 0
911 0
912 -0.000757566
913 0.000378665
914 0.000378665
915 0.000378665
916 0.000378665
917 0
918 0.000378665
919 0.000378665
920 0
921 -0.000378665
922 0.000378665
923 0.000378665
924 -0.000378665
925 0.000378665
926 -0.000378665
927 0.000757566
928 0.000757566
929 0.000757566
930 0
931 0.000757566
932 0
933 -0.000378665
934 -0.000378665
935 -0.000757566
936 0.0011367
937 -0.000378665
938 0.000378665
939 0.000378665
940 0
941 0.000757566
942 0
943 0
944 0.000757566
945 0.000378665
946 0
947 0.000757566
948 0
949 -0.000378665
950 0.000378665
951 -0.000757566
952 0
953 0
954 -0.000378665
955 0.000378665
956 -0.000757566
957 -0.000378665
958 0
959 0
960 -0.000378665
961 0
962 -0.000378665
963 0.000378665
964 0.000378665
965 -0.000757566
966 0.000378665
967 0.000378665
968 0.000378665
969 0
970 -0.000757566
971 0.000378665
972 -0.000378665
973 -0.0325855
974 -5.48005
975 -8.57
976 -9.64153
977 -10.0072
978 -10.0079
979 -9.98141
980 -9.96473
981 -9.93556
982 -9.94768
983 -9.92912
984 -9.92987
985 -9.9295
986 -9.92419
987 -9.93291
988 -9.93783
989 -9.93366
990 -4.92004
991 -1.71642
992 -0.264852
993 0.0227339
994 0.0909362
995 0.0583506
996 0.0291752
997 0.0125035
998 0.00151537
999 0.00303098
1000 0.00340988
1001 0.00378878
1002 0.00265207
1003 0.0011367
1004 -0.000378665
1005 -0.000378665
1006 -0.000757566
1007 -0.000378665
1008 0
1009 0
1010 0
1011 0.000378665
1012 0.000378665
1013 0
1014 0
1015 -0.000757566
1016 0
1017 0.000378665
1018 0.000378665
1019 -0.000378665
1020 0
1021 -0.000757566
1022 -0.000378665
1023 0.000378665
1024 0.000378665
1025 -0.000378665
1026 0
1027 0.000378665
1028 -0.000378665
1029 0
1030 0.000378665
1031 0.000378665
1032 -0.000378665
1033 0
1034 0
1035 0.000757566
1036 -0.000378665
1037 0.0011367
1038 -0.000378665
1039 -0.000378665
1040 0
1041 0
1042 0.000378665
1043 0
1044 0
1045 0
1046 0.000378665
1047 0.000378665
1048 0
1049 0
1050 -0.000378665
1051 0
1052 -0.000378665
1053 0
1054 0.000378665
1055 0
1056 -0.000378665
1057 0.000757566
1058 0
1059 0.000378665
1060 0
1061 -0.000757566
1062 0
1063 0.000378665
1064 0
1065 0.000378665
1066 -0.000378665
1067 -0.000378665
1068 -0.000378665
1069 0
1070 0.000378665
1071 0
1072 0.000378665
1073 -0.000378665
1074 0
1075 0.000378665
1076 0
1077 0
1078 -0.000378665
1079 -0.000757566
1080 0.000378665
1081 0.000757566
1082 0
1083 0.000378665
1084 0.000378665
1085 0
1086 -0.000378665
1087 -0.000378665
1088 0.000757566
1089 -0.000378665
1090 0
1091 0
1092 -0.000378665
1093 0.000378665
1094 -0.000378665
1095 0.000378665
1096 -0.000378665
1097 0.000378665
1098 -0.000378665
1099 -0.000378665
1100 0.000378665
1101 -0.000757566
1102 -0.000378665
1103 0.000757566
1104 0
1105 0
1106 0
1107 0.000757566
1108 -0.000378665
1109 -0.000757566
1110 0
1111 0
1112 -0.000378665
1113 0.000378665
1114 0
1115 0
1116 0.000378665
1117 -0.000757566
1118 0.000378665
1119 -0.000378665
1120 -0.000378665
1121 0
1122 0
1123 -0.000378665
1124 0
1125 0.000378665
1126 -0.0011367
1127 0.000378665
1128 -0.000378665
1129 0.000378665
1130 0.000378665
1131 0.000378665
1132 0.000757566
1133 0
1134 4.18876
1135 7.86107
1136 9.54643
1137 9.97572
1138 10.0113
1139 9.9977
1140 9.95716
1141 9.93935
1142 9.93101
1143 9.9276
1144 9.94427
1145 9.93139
1146 9.93139
1147 9.93404
1148 9.93707
1149 9.91586
1150 6.25945
1151 2.43672
1152 0.463018
1153 -0.0113668
1154 -0.0852526
1155 -0.0700968
1156 -0.0352379
1157 -0.0140191
1158 -0.00644109
1159 -0.00340988
1160 -0.00303098
1161 -0.00340988
1162 -0.00340988
1163 0.00151537
1164 0.000757566
1165 0.000378665
1166 0
1167 0
1168 0
1169 0
1170 -0.000378665
1171 0
1172 -0.000378665
1173 0
1174 -0.000378665
1175 -0.000378665
1176 -0.000757566
1177 0.000378665
1178 0.000757566
1179 0.000378665
1180 -0.000378665
1181 -0.000378665
1182 0.000378665
1183 0.000378665
1184 0
1185 0.000378665
1186 -0.000757566
1187 -0.000378665
1188 -0.000378665
1189 0
1190 0
1191 -0.000378665
1192 -0.000378665
1193 0
1194 -0.000378665
1195 0
1196 -0.000378665
1197 -0.000378665
1198 0.000757566
1199 0.000757566
1200 -0.000378665
1201 0.000378665
1202 0.000378665
1203 -0.000757566
1204 0
1205 -0.000378665
1206 0.000378665
1207 -0.000378665
1208 0.000378665
1209 0.000378665
1210 -0.000757566
1211 -0.000378665
1212 0
1213 0.000378665
1214 -0.000378665
1215 0.000378665
1216 0.000378665
1217 0.000757566
1218 -0.000378665
1219 -0.000378665
1220 0.000757566
1221 -0.000378665
1222 0
1223 -0.000378665
1224 0.000378665
1225 0.000378665
1226 0
1227 0.000378665
1228 0.000378665
1229 -0.0011367
1230 0.000378665
1231 -0.000378665
1232 0
1233 -0.000378665
1234 0.000757566
1235 0
1236 -0.000378665
1237 0.000378665
1238 0.000378665
1239 0
1240 -0.000378665
1241 0.000378665
1242 0.000757566
1243 0
1244 -0.000757566
1245 0
1246 0
1247 0
1248 0.000378665
1249 0.000757566
1250 0
1251 -0.000378665
1252 0.000378665
1253 0
1254 0.000378665
1255 0.000378665
1256 0.000378665
1257 0.000757566
1258 0.000378665
1259 0.000378665
1260 0.000378665
1261 -0.000378665
1262 0.000757566
1263 0
1264 0
1265 0.0011367
1266 0
1267 0
1268 -0.000757566
1269 0
1270 0
1271 -0.000378665
1272 0
1273 0
1274 0.000378665
1275 -0.0011367
1276 0.000378665
1277 0.000378665
1278 -0.000378665
1279 0.000378665
1280 0
1281 -0.000757566
1282 0
1283 -0.000378665
1284 0.0011367
1285 0
1286 -0.000378665
1287 0.000378665
1288 -0.000378665
1289 0.000378665
1290 0
1291 0
1292 0
1293 0
1294 -2.55569
1295 -7.20254
1296 -9.36455
1297 -9.92268
1298 -10.0314
1299 -9.98482
1300 -9.97534
1301 -9.95223
1302 -9.93366
1303 -9.92836
1304 -9.95299
1305 -9.94011
1306 -9.93632
1307 -9.93215
1308 -9.92419
1309 -9.92987
1310 -7.40563
1311 -2.95884
1312 -0.682402
1313 -0.0564561
1314 0.0776748
1315 0.0826006
1316 0.0466047
1317 0.0189451
1318 0.00530439
1319 0.00340988
1320 0.00378878
1321 0.00227341
1322 0.00454682
1323 0.000757566
1324 0
1325 0.000378665
1326 -0.000378665
1327 0
1328 0.000378665
1329 -0.000757566
1330 0
1331 -0.000757566
1332 -0.000378665
1333 0.000378665
1334 0.000378665
1335 -0.000378665
1336 -0.000757566
1337 0
1338 -0.000378665
1339 0
1340 0
1341 -0.000378665
1342 -0.000378665
1343 -0.000378665
1344 0
1345 0
1346 -0.000757566
1347 0.000378665
1348 0.000378665
1349 0.000378665
1350 -0.000757566
1351 0.000378665
1352 0
1353 0
1354 0
1355 -0.000378665
1356 0.000378665
1357 0
1358 0.000757566
1359 0.000378665
1360 -0.000378665
1361 0
1362 -0.000378665
1363 0
1364 0.000378665
1365 0
1366 -0.000378665
1367 0
1368 -0.000378665
1369 0
1370 -0.0011367
1371 -0.000378665
1372 0
1373 0.000757566
1374 -0.000378665
1375 0
1376 -0.000757566
1377 0
1378 0.000378665
1379 0
1380 0
1381 0.000378665
1382 0.000378665
1383 0.000757566
1384 -0.000757566
1385 0.000378665
1386 0.000378665
1387 0
1388 0
1389 -0.000757566
1390 0
1391 0.000378665
1392 0
1393 0
1394 0.000378665
1395 -0.000757566
1396 -0.000378665
1397 0.000757566
1398 0.000378665
1399 -0.000378665
1400 0
1401 0
1402 0.000378665
1403 -0.000378665
1404 0.000378665
1405 0
1406 0.000378665
1407 -0.000378665
1408 0.000378665
1409 0.000378665
1410 -0.000757566
1411 0
1412 0.000757566
1413 -0.000378665
1414 -0.000757566
1415 -0.000757566
1416 -0.000378665
1417 0
1418 -0.000378665
1419 0.000378665
1420 0
1421 0.000757566
1422 0
1423 -0.000378665
1424 0.000378665
1425 -0.000378665
1426 -0.000378665
1427 0
1428 0
1429 0
1430 0
1431 0
1432 0
1433 0.000378665
1434 -0.000378665
1435 0
1436 0
1437 -0.000757566
1438 0.000378665
1439 0
1440 0.000378665
1441 0.000378665
1442 0
1443 0
1444 -0.000757566
1445 -0.000378665
1446 0.000757566
1447 0.000378665
1448 -0.000378665
1449 -0.000378665
1450 0
1451 0
1452 -0.000378665
1453 0
1454 0.304637
1455 6.11888
1456 8.84243
1457 9.79802
1458 10.011
1459 10.0235
1460 9.97118
1461 9.95526
1462 9.94579
1463 9.93632
1464 9.93859
1465 9.9348
1466 9.94693
1467 9.93404
1468 9.92116
1469 9.93897
1470 9.84121
1471 4.24711
1472 1.25113
1473 0.219763
1474 -0.0378902
1475 -0.0795693
1476 -0.0541827
1477 -0.0242495
1478 -0.0102303
1479 -0.00416792
1480 -0.00340988
1481 -0.00303098
1482 -0.00454682
1483 -0.0011367
1484 0.000378665
1485 0.000378665
1486 0.000757566
1487 -0.000378665
1488 0
1489 0.000757566
1490 0.000757566
1491 0.000378665
1492 0
1493 0
1494 0.000378665
1495 0
1496 0.000378665
1497 -0.000757566
1498 0
1499 0.000378665
1500 -0.000378665
1501 -0.0011367
1502 0
1503 0
1504 0.000757566
1505 0.000378665
1506 0
1507 0
1508 0
1509 0
1510 0
1511 -0.000757566
1512 0.000378665
1513 0
1514 -0.000378665
1515 -0.000378665
1516 0.000378665
1517 -0.000757566
1518 0
1519 -0.000378665
1520 -0.000378665
1521 0
1522 0
1523 -0.000378665
1524 -0.000378665
1525 0.000378665
1526 0.000378665
1527 0.000378665
1528 0.000757566
1529 0.000757566
1530 -0.000378665
1531 0.000757566
1532 0.000378665
1533 0
1534 0
1535 0
1536 0.000378665
1537 0
1538 -0.000378665
1539 -0.000757566
1540 -0.000757566
1541 -0.000378665
1542 0.000378665
1543 0
1544 -0.000378665
1545 0
1546 -0.000378665
1547 0
1548 -0.000378665
1549 -0.000378665
1550 0
1551 0.000378665
1552 -0.000378665
1553 0.000757566
1554 0.000378665
1555 0.000378665
1556 0
1557 0.000378665
1558 -0.000378665
1559 0
1560 -0.000378665
1561 0
1562 0
1563 -0.000757566
1564 -0.000757566
1565 0.000757566
1566 0
1567 0.000378665
1568 0
1569 0
1570 -0.000378665
1571 0
1572 -0.000378665
1573 0
1574 0.000378665
1575 0
1576 -0.000378665
1577 0.000378665
1578 0
1579 0.000378665
1580 -0.000378665
1581 0.000378665
1582 0.000757566
1583 0
1584 0.000757566
1585 0.000757566
1586 0.000757566
1587 -0.000757566
1588 0
1589 0.000757566
1590 0
1591 0.000378665
1592 -0.000378665
1593 0.000757566
1594 -0.000378665
1595 0.000378665
1596 0
1597 0
1598 0.000757566
1599 0.000378665
1600 -0.000757566
1601 0.000757566
1602 -0.000757566
1603 0.000378665
1604 0
1605 0
1606 0
1607 0
1608 0
1609 0.000378665
1610 -0.000378665
1611 0
1612 0.000378665
1613 0.000757566
1614 0
1615 -4.91549
1616 -7.927
1617 -9.53392
1618 -9.98444
1619 -10.0219
1620 -9.99277
1621 -9.95375
1622 -9.94086
1623 -9.93139
1624 -9.93366
1625 -9.93594
1626 -9.93101
1627 -9.95147
1628 -9.92722
1629 -9.93745
1630 -9.92116
1631 -6.28143
1632 -2.10897
1633 -0.409214
1634 0.0121246
1635 0.0818428
1636 0.0625188
1637 0.0352379
1638 0.0128824
1639 0.00340988
1640 0.00189427
1641 0.00340988
1642 0.00265207
1643 0.00378878
1644 0.0011367
1645 0.000378665
1646 -0.000757566
1647 0
1648 0
1649 -0.000378665
1650 0
1651 -0.0011367
1652 -0.000757566
1653 0
1654 0.000378665
1655 -0.000378665
1656 -0.000757566
1657 0.000378665
1658 0
1659 0.000378665
1660 0
1661 -0.000378665
1662 -0.000378665
1663 0.000378665
1664 0
1665 0.000757566
1666 0.000757566
1667 0.000378665
1668 0.000378665
1669 -0.0011367
1670 0
1671 0
1672 0.000378665
1673 0.000378665
1674 -0.000378665
1675 0.0011367
1676 0
1677 0.000378665
1678 -0.000378665
1679 0
1680 0.000378665
1681 0.000378665
1682 0
1683 0.000378665
1684 0
1685 0
1686 0.000378665
1687 0
1688 0.000378665
1689 0.000378665
1690 -0.000378665
1691 -0.000378665
1692 0
1693 0.000378665
1694 0.000378665
1695 -0.000378665
1696 0.000378665
1697 0
1698 0
1699 -0.000378665
1700 0.000378665
1701 -0.000378665
1702 -0.000378665
1703 0
1704 0.000378665
1705 0.000378665
1706 -0.000378665
1707 0.000378665
1708 0.000378665
1709 0.000378665
1710 0.000378665
1711 -0.000378665
1712 0.000378665
1713 -0.000757566
1714 0.000378665
1715 0.000378665
1716 -0.000378665
1717 -0.000757566
1718 -0.000378665
1719 -0.000378665
1720 0.000378665
1721 0.000378665
1722 0.000378665
1723 0.000378665
1724 0
1725 -0.000378665
1726 -0.000757566
1727 0.000378665
1728 0.000378665
1729 0.000378665
1730 0
1731 0
1732 -0.000378665
1733 0.000378665
1734 -0.000757566
1735 0.000378665
1736 0
1737 0.000378665
1738 0
1739 0.000378665
1740 -0.000378665
1741 0.000757566
1742 0
1743 0.00151537
1744 0
1745 0.000378665
1746 0.000378665
1747 0.000757566
1748 0.000757566
1749 0
1750 -0.000378665
1751 0
1752 0.000757566
1753 0
1754 0.000378665
1755 -0.000378665
1756 0.000378665
1757 0.000378665
1758 0
1759 0
1760 0.000378665
1761 -0.000378665
1762 0
1763 0.000378665
1764 -0.000757566
1765 0.000378665
1766 -0.000757566
1767 0.000378665
1768 0
1769 -0.000378665
1770 -0.000757566
1771 -0.00151537
1772 0
1773 0.000757566
1774 0
1775 3.15852
1776 7.6845
1777 9.43503
1778 9.95488
1779 10.0231
1780 9.99126
1781 9.97345
1782 9.94541
1783 9.92836
1784 9.93442
1785 9.94238
1786 9.92798
1787 9.94503
1788 9.91889
1789 9.92268
1790 9.91927
1791 7.611
1792 2.82888
1793 0.68998
1794 0.019324
1795 -0.0791904
1796 -0.0738858
1797 -0.038648
1798 -0.0185662
1799 -0.0075778
1800 -0.00416792
1801 -0.00303098
1802 -0.00340988
1803 -0.00340988
1804 -0.000757566
1805 0.0011367
1806 0
1807 0.0011367
1808 -0.000757566
1809 0.000757566
1810 0.000757566
1811 0.0011367
1812 0.000757566
1813 -0.000378665
1814 -0.000378665
1815 0.000378665
1816 -0.000378665
1817 0.000378665
1818 0
1819 0
1820 0
1821 0
1822 -0.000378665
1823 -0.000378665
1824 0.000378665
1825 -0.000378665
1826 0
1827 0
1828 0
1829 0
1830 -0.000378665
1831 0.000378665
1832 -0.000378665
1833 0
1834 0.000378665
1835 0
1836 0.000757566
1837 0
1838 0.000378665
1839 0.000757566
1840 0
1841 0
1842 0
1843 -0.000378665
1844 -0.000378665
1845 0
1846 0.000378665
1847 0.000757566
1848 0.000378665
1849 0.000378665
1850 0.000378665
1851 -0.000378665
1852 -0.000757566
1853 0
1854 0.000378665
1855 0
1856 0.00151537
1857 -0.000378665
1858 0.000378665
1859 -0.000378665
1860 -0.0011367
1861 -0.000378665
1862 0
1863 0.000378665
1864 0.000378665
1865 -0.000757566
1866 -0.000757566
1867 -0.000757566
1868 0
1869 -0.000378665
1870 0
1871 -0.000757566
1872 0
1873 0.000378665
1874 0
1875 -0.000757566
1876 0.000378665
1877 0.000378665
1878 -0.000378665
1879 0.0011367
1880 -0.000378665
1881 0
1882 -0.000378665
1883 -0.000378665
1884 0.000378665
1885 0
1886 -0.000378665
1887 0.000378665
1888 0.0011367
1889 0.000757566
1890 0.000757566
1891 0.000378665
1892 0.000378665
1893 0
1894 0
1895 0
1896 0
1897 0
1898 0
1899 0
1900 0.000378665
1901 -0.000378665
1902 -0.000378665
1903 0
1904 -0.000757566
1905 0.000378665
1906 0.000378665
1907 -0.000378665
1908 0.000757566
1909 -0.000757566
1910 0
1911 0
1912 0.000378665
1913 0.000378665
1914 0
1915 -0.000378665
1916 0
1917 0
1918 0.000757566
1919 -0.000378665
1920 0
1921 0.000378665
1922 0
1923 0.000378665
1924 -0.000378665
1925 0
1926 0
1927 -0.000378665
1928 -0.000378665
1929 -0.000378665
1930 -0.000757566
1931 0
1932 0
1933 0.000378665
1934 0.000757566
1935 -1.21741
1936 -6.68761
1937 -8.98262
1938 -9.86205
1939 -10.006
1940 -9.99543
1941 -9.96701
1942 -9.95337
1943 -9.93291
1944 -9.93101
1945 -9.94617
1946 -9.94011
1947 -9.93707
1948 -9.93253
1949 -9.93177
1950 -9.93632
1951 -8.65639
1952 -3.69581
1953 -0.997269
1954 -0.0985142
1955 0.0625188
1956 0.0879049
1957 0.0488781
1958 0.0246284
1959 0.00795693
1960 0.00227341
1961 0.00492572
1962 0.00303098
1963 0.00416792
1964 0.00151537
1965 -0.000378665
1966 -0.000757566
1967 -0.000757566
1968 -0.000378665
1969 0.000378665
1970 0
1971 0.000757566
1972 -0.000378665
1973 -0.000757566
1974 0.000378665
1975 0
1976 -0.000378665
1977 0.000378665
1978 -0.000757566
1979 -0.000757566
1980 0.000378665
1981 0
1982 -0.000757566
1983 -0.000378665
1984 0.000378665
1985 0
1986 0
1987 0.000378665
1988 -0.000378665
1989 0
1990 0
1991 0
1992 -0.000378665
1993 0.000378665
1994 0.000757566
1995 0.000378665
1996 -0.000378665
1997 0
1998 0
1999 -0.000378665
2000 0
2001 -0.000757566
2002 -0.000378665
2003 0.000378665
2004 0
2005 -0.0011367
2006 -0.000378665
2007 0.000378665
2008 -0.000378665
2009 0.000378665
2010 0.000378665
2011 0.000378665
2012 -0.000378665
2013 -0.000378665
2014 0
2015 0.000378665
2016 0
2017 0.000378665
2018 0
2019 0
2020 0.000378665
2021 0
2022 0
2023 -0.000378665
2024 0
2025 0.000378665
2026 0
2027 0.000378665
2028 -0.000757566
2029 -0.000757566
2030 0.000757566
2031 0
2032 0
2033 0.000378665
2034 0.000378665
2035 0.000378665
2036 0
2037 -0.000757566
2038 0.000378665
2039 0.000378665
2040 0.000378665
2041 -0.000757566
2042 0.000378665
2043 0
2044 0
2045 -0.000378665
2046 0
2047 -0.000757566
2048 0
2049 0.000757566
2050 0.000378665
2051 0
2052 0
2053 0.000757566
2054 0.000378665
2055 -0.000378665
2056 -0.000378665
2057 0.000378665
2058 -0.000378665
2059 0.000378665
2060 -0.000378665
2061 -0.000378665
2062 -0.000378665
2063 -0.000378665
2064 0
2065 0
2066 -0.000378665
2067 0
2068 -0.0011367
2069 0.000378665
2070 0.000757566
2071 -0.000378665
2072 0.000378665
2073 -0.000378665
2074 -0.000378665
2075 0
2076 -0.000378665
2077 -0.000378665
2078 -0.000757566
2079 0
2080 0
2081 -0.000378665
2082 -0.000378665
2083 -0.000378665
2084 0.000757566
2085 0
2086 0.000378665
2087 0.000757566
2088 -0.000378665
2089 0
2090 0.000378665
2091 0
2092 -0.000378665
2093 0.000378665
2094 -0.000378665
2095 0.0886627
2096 6.01696
2097 8.84129
2098 9.7768
2099 10.0038
2100 10.0098
2101 9.97231
2102 9.9617
2103 9.94124
2104 9.92912
2105 9.93063
2106 9.9295
2107 9.942
2108 9.91775
2109 9.93518
2110 9.92457
2111 9.89198
2112 4.27174
2113 1.44134
2114 0.235298
2115 -0.0359957
2116 -0.0833581
2117 -0.0579717
2118 -0.026144
2119 -0.010609
2120 -0.00454682
2121 -0.00378878
2122 -0.00340988
2123 -0.00454682
2124 -0.0011367
2125 0
2126 0.0011367
2127 -0.000378665
2128 0.000378665
2129 0.000378665
2130 0
2131 0.000757566
2132 -0.000378665
2133 -0.000757566
2134 -0.000378665
2135 0.000378665
2136 0
2137 -0.0011367
2138 0.000378665
2139 0.000757566
2140 0.000378665
2141 0.000378665
2142 0.000378665
2143 0
2144 0
2145 0.000378665
2146 0.000378665
2147 -0.000378665
2148 0.000757566
2149 0.0011367
2150 0
2151 0.000757566
2152 -0.000757566
2153 0
2154 0
2155 -0.000757566
2156 -0.000378665
2157 -0.000757566
2158 -0.000378665
2159 0.000757566
2160 0
2161 -0.0011367
2162 -0.000757566
2163 0
2164 0.000378665
2165 -0.000378665
2166 -0.000757566
2167 0
2168 0
2169 0.000378665
2170 -0.00151537
2171 -0.000378665
2172 0
2173 0
2174 0
2175 -0.000378665
2176 0.000378665
2177 0
2178 0
2179 -0.000378665
2180 0
2181 -0.000378665
2182 -0.000378665
2183 0.000378665
2184 0
2185 0
2186 0.000757566
2187 -0.000378665
2188 -0.0011367
2189 0.000378665
2190 0
2191 -0.000378665
2192 -0.000378665
2193 0
2194 0
2195 -0.000378665
2196 0
2197 -0.000378665
2198 0.000757566
2199 0.000757566
2200 -0.000757566
2201 0.000757566
2202 0.000378665
2203 0
2204 0
2205 0
2206 -0.000378665
2207 0
2208 0.000757566
2209 0
2210 0.000378665
2211 0.0011367
2212 0
2213 0
2214 0.000757566
2215 0.000378665
2216 0
2217 0
2218 -0.000378665
2219 -0.000378665
2220 -0.000757566
2221 0
2222 0
2223 -0.000757566
2224 0.000378665
2225 0.000378665
2226 0
2227 -0.000757566
2228 0.000378665
2229 0.000378665
2230 0
2231 0
2232 0.0011367
2233 0
2234 0
2235 -0.000378665
2236 0.000378665
2237 -0.000378665
2238 0.000378665
2239 -0.000378665
2240 -0.000378665
2241 0
2242 0.0011367
2243 -0.000378665
2244 -0.000378665
2245 -0.000378665
2246 0
2247 0.000378665
2248 0
2249 0.000378665
2250 0
2251 -0.000378665
2252 0.000378665
2253 0
2254 0.000378665
2255 0
2256 -4.44944
2257 -7.92814
2258 -9.53847
2259 -9.9636
2260 -10.0261
2261 -9.98519
2262 -9.94768
2263 -9.93973
2264 -9.94162
2265 -9.94162
2266 -9.93063
2267 -9.93518
2268 -9.93442
2269 -9.93707
2270 -9.93177
2271 -9.91775
2272 -5.64942
2273 -2.11692
2274 -0.423991
2275 0.0125035
2276 0.0852526
2277 0.0666867
2278 0.0352379
2279 0.014398
2280 0.00227341
2281 0.00340988
2282 0.00454682
2283 0.00303098
2284 0.00340988
2285 0.000757566
2286 -0.0011367
2287 -0.000757566
2288 0
2289 0.000757566
2290 0.000757566
2291 -0.000378665
2292 -0.000757566
2293 -0.000378665
2294 0
2295 -0.000378665
2296 0.000757566
2297 0
2298 -0.000378665
2299 0.000378665
2300 0
2301 0
2302 -0.000378665
2303 -0.000378665
2304 0
2305 0
2306 -0.000378665
2307 -0.000378665
2308 -0.000378665
2309 0.000757566
2310 0.000378665
2311 -0.000757566
2312 -0.000378665
2313 0.000378665
2314 0
2315 -0.000378665
2316 0
2317 0
2318 -0.000378665
2319 0
2320 -0.000378665
2321 0.000378665
2322 0.000378665
2323 -0.000378665
2324 0
2325 0
2326 -0.000378665
2327 0
2328 -0.000378665
2329 0
2330 0.000378665
2331 0.000378665
2332 0.000378665
2333 -0.000378665
2334 -0.000378665
2335 0.000378665
2336 -0.000757566
2337 -0.000378665
2338 0.000378665
2339 0
2340 0
2341 0
2342 0.000378665
2343 0
2344 0
2345 0
2346 0.000378665
2347 0
2348 0
2349 0
2350 0
2351 0
2352 -0.000378665
2353 0
2354 0
2355 0.000378665
2356 0
2357 0
2358 0
2359 0.000378665
2360 -0.000378665
2361 0
2362 0.000378665
2363 0
2364 -0.000378665
2365 0.000378665
2366 -0.000378665
2367 0
2368 -0.000378665
2369 0.000378665
2370 0.000757566
2371 -0.000378665
2372 0.000757566
2373 0
2374 0
2375 0.000378665
2376 -0.000378665
2377 0
2378 -0.000378665
2379 -0.000757566
2380 -0.000378665
2381 0
2382 0
2383 0
2384 0
2385 0.000378665
2386 0
2387 0.000378665
2388 0
2389 0.000378665
2390 0
2391 0
2392 -0.000378665
2393 -0.000378665
2394 -0.000378665
2395 0
2396 0
2397 -0.000757566
2398 0
2399 0
2400 0
2401 0
2402 0
2403 0.0011367
2404 0
2405 -0.000378665
2406 0.000378665
2407 0.000378665
2408 0.000378665
2409 -0.000378665
2410 -0.000378665
2411 -0.000757566
2412 -0.000378665
2413 0.000378665
2414 0.000378665
2415 -0.000378665
2416 3.79394
2417 7.28363
2418 9.32136
2419 9.94389
2420 10.0117
2421 10.0011
2422 9.95678
2423 9.95867
2424 9.92609
2425 9.93291
2426 9.93404
2427 9.94238
2428 9.93594
2429 9.9367
2430 9.93442
2431 9.91548
2432 7.23626
2433 3.18277
2434 0.787736
2435 0.0159139
2436 -0.0716124
2437 -0.0750225
2438 -0.0447102
2439 -0.0170506
2440 -0.00719889
2441 -0.00416792
2442 -0.00227341
2443 -0.00340988
2444 -0.00340988
2445 0
2446 0.0011367
2447 0.000378665
2448 0
2449 0.000378665
2450 0
2451 0.000757566
2452 -0.000378665
2453 0
2454 -0.000757566
2455 0
2456 0.000757566
2457 0.000378665
2458 0.000378665
2459 0.000757566
2460 0
2461 0
2462 0
2463 0
2464 -0.000378665
2465 0.000378665
2466 0
2467 0
2468 -0.000757566
2469 0
2470 0.000378665
2471 -0.000378665
2472 -0.000378665
2473 0
2474 0
2475 0.000378665
2476 0.000378665
2477 0.000378665
2478 0.000378665
2479 0
2480 0.000378665
2481 0
2482 -0.000757566
2483 0
2484 0.000378665
2485 0.000378665
2486 0
2487 0
2488 0
2489 0.000378665
2490 0
2491 0.000757566
2492 0
2493 0.000757566
2494 0.000378665
2495 0.000378665
2496 0
2497 -0.000757566
2498 0.000757566
2499 0.000757566
2500 0.000757566
2501 0
2502 0.000378665
2503 -0.000757566
2504 -0.000378665
2505 0
2506 0
2507 0.000378665
2508 0
2509 0
2510 -0.000378665
2511 -0.000757566
2512 0.000378665
2513 -0.000378665
2514 -0.000378665
2515 0
2516 -0.000378665
2517 0.000378665
2518 0.000757566
2519 -0.000757566
2520 -0.000378665
2521 -0.000757566
2522 0.000378665
2523 0.000378665
2524 -0.000757566
2525 0.000378665
2526 0.000378665
2527 0.000378665
2528 0.000757566
2529 0
2530 -0.000378665
2531 -0.000378665
2532 0
2533 0
2534 0.000378665
2535 0
2536 -0.000378665
2537 -0.000757566
2538 -0.000378665
2539 0.000757566
2540 0
2541 0.000757566
2542 0.000378665
2543 0
2544 -0.000378665
2545 0
2546 -0.000378665
2547 0.000757566
2548 -0.000378665
2549 0
2550 0.000378665
2551 0.000757566
2552 0
2553 0.000378665
2554 -0.000378665
2555 0.000757566
2556 -0.0011367
2557 0.000378665
2558 -0.000757566
2559 0.000378665
2560 0.000378665
2561 0
2562 0
2563 0.000757566
2564 0.000757566
2565 -0.0011367
2566 -0.000757566
2567 0
2568 -0.000378665
2569 0.000757566
2570 0
2571 -0.000378665
2572 0
2573 -0.000757566
2574 0
2575 0.000378665
2576 -0.935508
2577 -6.20603
2578 -9.07318
2579 -9.83288
2580 -10.0102
2581 -10.0019
2582 -9.97421
2583 -9.95375
2584 -9.94465
2585 -9.93404
2586 -9.92571
2587 -9.92987
2588 -9.94351
2589 -9.92722
2590 -9.91889
2591 -9.93177
2592 -9.35887
2593 -3.96104
2594 -1.1602
2595 -0.158002
2596 0.0587295
2597 0.087526
2598 0.0496359
2599 0.0272807
2600 0.00909364
2601 0.00189427
2602 0.00416792
2603 0.00265207
2604 0.00378878
2605 0.0011367
2606 0.000378665
2607 0.000378665
2608 -0.000378665
2609 -0.000378665
2610 -0.000378665
2611 0
2612 -0.000378665
2613 -0.000378665
2614 -0.000757566
2615 -0.000378665
2616 0.000378665
2617 -0.000378665
2618 0
2619 0
2620 -0.000378665
2621 0
2622 0
2623 0.000757566
2624 0
2625 -0.000757566
2626 0.000757566
2627 0.000378665
2628 -0.000378665
2629 0
2630 0
2631 -0.000378665
2632 -0.000378665
2633 -0.000378665
2634 0.000757566
2635 -0.000757566
2636 -0.000378665
2637 0
2638 0.000378665
2639 -0.000378665
2640 -0.000378665
2641 -0.000378665
2642 -0.000757566
2643 0
2644 0
2645 -0.000378665
2646 0
2647 -0.000757566
2648 0
2649 -0.000378665
2650 0.000378665
2651 0
2652 -0.000378665
2653 0
2654 0
2655 -0.000378665
2656 -0.000378665
2657 -0.000378665
2658 -0.000378665
2659 0
2660 -0.000757566
2661 0
2662 0.000378665
2663 -0.000378665
2664 0
2665 -0.000757566
2666 0.000378665
2667 0
2668 0.000378665
2669 0
2670 -0.000378665
2671 0.000378665
2672 -0.000378665
2673 0.000378665
2674 -0.000378665
2675 0
2676 -0.000378665
2677 0
2678 -0.000378665
2679 -0.000378665
2680 -0.000378665
2681 -0.000757566
2682 -0.000378665
2683 -0.000378665
2684 0.000378665
2685 -0.000378665
2686 -0.000378665
2687 -0.000378665
2688 -0.0011367
2689 0
2690 -0.000378665
2691 0.000378665
2692 0
2693 0
2694 0
2695 0
2696 0
2697 0.000378665
2698 0
2699 0
2700 0.000378665
2701 -0.000378665
2702 -0.000378665
2703 -0.000378665
2704 0.0011367
2705 0.000378665
2706 0.000378665
2707 0.000757566
2708 0
2709 0.000378665
2710 0.000378665
2711 -0.000378665
2712 0.000378665
2713 0
2714 0.000757566
2715 0.000378665
2716 -0.000757566
2717 -0.000378665
2718 0.000757566
2719 -0.000378665
2720 0
2721 0
2722 0
2723 0
2724 0.000757566
2725 0
2726 -0.000378665
2727 0.000378665
2728 0
2729 0.000757566
2730 -0.000757566
2731 0
2732 0
2733 0
2734 0.000378665
2735 0
2736 0
