0 12.2967
1 12.2967
2 12.2967
3 12.2967
4 12.2967
5 12.2967
6 12.2967
7 12.2967
8 12.2967
9 12.2967
10 12.2967
11 12.2967
12 12.2967
13 12.2967
14 12.2967
15 12.2967
16 12.2967
17 12.2967
18 12.2967
19 12.2967
20 12.2967
21 12.2967
22 12.2967
23 12.2967
24 12.2967
25 12.2967
26 12.2967
27 12.2967
28 12.2967
29 12.2967
30 12.2967
31 12.2967
32 12.2967
33 12.2967
34 12.2967
35 12.2967
36 12.2967
37 12.2967
38 12.2967
39 12.2967
40 12.2967
41 12.2967
42 12.2967
43 12.2967
44 12.2967
45 12.2967
46 12.2967
47 12.2967
48 12.2967
49 12.2967
50 12.2967
51 12.2967
52 12.2967
53 12.2967
54 12.2967
55 12.2967
56 12.2967
57 12.2967
58 12.2967
59 12.2967
60 12.2967
61 12.2967
62 12.2967
63 12.2967
64 12.2967
65 12.2967
66 12.2967
67 12.2967
68 12.2967
69 12.2967
70 12.2967
71 12.2967
72 12.2967
73 12.2967
74 12.2967
75 12.2967
76 12.2967
77 12.2967
78 12.2967
79 12.2967
80 12.2967
81 12.2967
82 12.2967
83 12.2967
84 12.2967
85 12.2967
86 12.2967
87 12.2967
88 12.2967
89 12.2967
90 12.2967
91 12.2967
92 12.2967
93 12.2967
94 12.2967
95 12.2967
96 12.2967
97 12.2967
98 12.2967
99 12.2967
100 12.2967
101 12.2967
102 12.2967
103 12.2967
104 12.2967
105 12.2967
106 12.2967
107 12.2967
108 12.2967
109 12.2967
110 12.2967
111 12.2967
112 12.2967
113 12.2967
114 12.2967
115 12.2967
116 12.2967
117 12.2967
118 12.2967
119 12.2967
120 12.2967
121 12.2967
122 12.2967
123 12.2967
124 12.2967
125 12.2967
126 12.2967
127 12.2967
128 12.2967
129 12.2967
130 12.2967
131 12.2967
132 12.2967
133 12.2967
134 12.2967
135 12.2967
136 12.2967
137 12.2967
138 12.2967
139 12.2967
140 12.2967
141 12.2967
142 12.2967
143 12.2967
144 12.2967
145 12.2967
146 12.2967
147 12.2967
148 12.2967
149 12.2967
150 12.2967
151 12.2967
152 12.2967
153 12.2967
154 12.2967
155 12.2967
156 12.2967
157 12.2967
158 12.2967
159 12.2967
160 12.2967
161 12.2967
162 12.2967
163 12.2967
164 12.2967
165 12.2967
166 12.2967
167 12.2967
168 12.2967
169 12.2967
170 12.2967
171 12.2967
172 12.2967
173 12.2967
174 12.2967
175 12.2967
176 12.2967
177 12.2967
178 12.2967
179 12.2967
180 12.2967
181 12.2967
182 12.2967
183 12.2967
184 12.2967
185 12.2967
186 12.2967
187 12.2967
188 12.2967
189 12.2967
190 12.2967
191 12.2967
192 12.2967
193 12.2967
194 12.2968
195 12.3889
196 12.592
197 12.8715
198 13.1052
199 13.3977
200 13.6852
201 13.9934
202 14.2717
203 14.5374
204 14.8344
205 15.1292
206 15.3756
207 15.6545
208 15.9346
209 16.2181
210 16.4971
211 16.7851
212 17.0741
213 17.3801
214 17.6152
215 17.9245
216 18.1855
217 18.4735
218 18.7446
219 19.0359
220 19.3329
221 19.6231
222 19.8784
223 20.1664
224 20.4746
225 20.7469
226 21.0236
227 21.2902
228 21.5714
229 21.8582
230 22.1361
231 22.4105
232 22.7188
233 22.9426
234 23.2407
235 23.5242
236 23.8211
237 24.1215
238 24.3914
239 24.6715
240 24.9685
241 25.2238
242 25.5028
243 25.7908
244 26.0922
245 26.3341
246 26.6502
247 26.9246
248 27.1777
249 27.4758
250 27.7548
251 28.0416
252 28.3398
253 28.6198
254 28.8741
255 29.18
256 29.468
257 29.7019
258 29.9129
259 29.9884
260 30.0051
261 30.006
262 30.004
263 30.002
264 30.0011
265 30.0005
266 30.0002
267 30.0001
268 30
269 30
270 30
271 30
272 30
273 30
274 30
275 30
276 30
277 30
278 30
279 30
280 30
281 30
282 30
283 30
284 30
285 30
286 30
287 30
288 30
289 30
290 30
291 30
292 30
293 30
294 30
295 30
296 30
297 30
298 30
299 30
300 30
301 30
302 30
303 30
304 30
305 30
306 30
307 30
308 30
309 30
310 30
311 30
312 30
313 30
314 30
315 30
316 30
317 30
318 30
319 30
320 30
321 30
322 30
323 30
324 30
325 30
326 30
327 30
328 30
329 30
330 30
331 30
332 30
333 30
334 30
335 30
336 30
337 30
338 30
339 30
340 30
341 30
342 30
343 30
344 30
345 30
346 30
347 30
348 30
349 30
350 30
351 30
352 30
353 30
354 30
355 29.9504
356 29.7469
357 29.5326
358 29.2413
359 28.9749
360 28.6894
361 28.3833
362 28.1128
363 27.8268
364 27.5206
365 27.2675
366 26.9795
367 26.6825
368 26.4215
369 26.1234
370 25.8467
371 25.5688
372 25.3235
373 25.0378
374 24.7509
375 24.4787
376 24.175
377 23.878
378 23.617
379 23.3301
380 23.0388
381 22.7778
382 22.4819
383 22.1951
384 21.9161
385 21.6326
386 21.3626
387 21.0656
388 20.7821
389 20.5245
390 20.2546
391 19.9699
392 19.6741
393 19.3827
394 19.1026
395 18.8247
396 18.5188
397 18.2758
398 18.0058
399 17.6886
400 17.4006
401 17.161
402 16.8752
403 16.5872
404 16.2902
405 15.9854
406 15.7514
407 15.4454
408 15.1417
409 14.8987
410 14.6118
411 14.352
412 14.0449
413 13.74
414 13.4723
415 13.2113
416 12.9233
417 12.633
418 12.3518
419 12.0796
420 11.7837
421 11.4901
422 11.228
423 10.9524
424 10.6599
425 10.3607
426 10.1143
427 9.82068
428 9.56535
429 9.24811
430 8.968
431 8.70249
432 8.39989
433 8.1434
434 7.84415
435 7.54606
436 7.29069
437 7.00836
438 6.71923
439 6.44024
440 6.13989
441 5.89913
442 5.60327
443 5.32091
444 5.0498
445 4.7472
446 4.47269
447 4.20385
448 3.87986
449 3.62227
450 3.3534
451 3.07327
452 2.78754
453 2.48604
454 2.24307
455 1.98097
456 1.67272
457 1.37012
458 1.1046
459 0.804256
460 0.560157
461 0.254575
462 0.0790294
463 0.0129653
464 -0.00577138
465 -0.006115
466 -0.00400949
467 -0.00202262
468 -0.00109053
469 -0.000485941
470 -0.000230656
471 -0.000103961
472 -4.45209e-05
473 -1.34984e-05
474 2.13132e-06
475 9.70935e-06
476 1.37352e-05
477 1.51561e-05
478 1.56297e-05
479 1.53929e-05
480 1.46824e-05
481 1.42088e-05
482 1.32616e-05
483 1.20775e-05
484 1.11302e-05
485 1.04198e-05
486 9.47254e-06
487 8.52529e-06
488 7.34122e-06
489 6.63078e-06
490 6.15715e-06
491 5.2099e-06
492 4.49946e-06
493 3.78902e-06
494 3.07858e-06
495 2.84176e-06
496 1.89451e-06
497 1.18407e-06
498 9.47254e-07
499 2.36814e-07
500 2.36814e-07
501 -2.36814e-07
502 -7.10441e-07
503 -7.10441e-07
504 -9.47254e-07
505 -1.42088e-06
506 -1.65769e-06
507 -1.65769e-06
508 -1.89451e-06
509 -2.13132e-06
510 -2.13132e-06
511 -2.36814e-06
512 -2.60495e-06
513 -2.60495e-06
514 -2.84176e-06
515 0.026933
516 0.204991
517 0.4173
518 0.702347
519 0.975122
520 1.28907
521 1.56702
522 1.83878
523 2.1102
524 2.42532
525 2.66165
526 2.95412
527 3.25118
528 3.5009
529 3.80014
530 4.06675
531 4.35018
532 4.65509
533 4.95316
534 5.19053
535 5.47965
536 5.78451
537 6.06801
538 6.32559
539 6.61474
540 6.91057
541 7.19747
542 7.46182
543 7.74302
544 8.02992
545 8.29199
546 8.57212
547 8.85561
548 9.14695
549 9.43384
550 9.70943
551 9.99856
552 10.2854
553 10.5464
554 10.8085
555 11.1302
556 11.3721
557 11.6635
558 11.9649
559 12.2394
560 12.4824
561 12.7828
562 13.0876
563 13.3678
564 13.658
565 13.919
566 14.1924
567 14.4837
568 14.7638
569 15.0327
570 15.3038
571 15.5952
572 15.9112
573 16.2071
574 16.4422
575 16.755
576 16.9968
577 17.3051
578 17.5751
579 17.8394
580 18.133
581 18.4311
582 18.7101
583 18.9936
584 19.2996
585 19.5325
586 19.8081
587 20.1039
588 20.4054
589 20.6562
590 20.9443
591 21.2322
592 21.5202
593 21.8149
594 22.0883
595 22.3707
596 22.6654
597 22.9073
598 23.2144
599 23.5012
600 23.7847
601 24.0626
602 24.3506
603 24.6116
604 24.9086
605 25.1639
606 25.4564
607 25.723
608 26.0279
609 26.3125
610 26.6061
611 26.8468
612 27.145
613 27.4206
614 27.7041
615 27.992
616 28.2845
617 28.5331
618 28.8144
619 29.1215
620 29.4106
621 29.6603
622 29.8851
623 29.9819
624 30.0047
625 30.0062
626 30.0043
627 30.0024
628 30.0011
629 30.0005
630 30.0002
631 30.0001
632 30
633 30
634 30
635 30
636 30
637 30
638 30
639 30
640 30
641 30
642 30
643 30
644 30
645 30
646 30
647 30
648 30
649 30
650 30
651 30
652 30
653 30
654 30
655 30
656 30
657 30
658 30
659 30
660 30
661 30
662 30
663 30
664 30
665 30
666 30
667 30
668 30
669 30
670 30
671 30
672 30
673 30
674 30
675 29.9976
676 29.8673
677 29.6648
678 29.3883
679 29.0997
680 28.8264
681 28.5131
682 28.2694
683 27.9731
684 27.6624
685 27.416
686 27.137
687 26.849
688 26.5587
689 26.2797
690 26.003
691 25.7229
692 25.4259
693 25.1323
694 24.8927
695 24.5867
696 24.2886
697 24.0557
698 23.7587
699 23.4966
700 23.1783
701 22.8903
702 22.6214
703 22.3514
704 22.0466
705 21.8002
706 21.5145
707 21.2445
708 20.9374
709 20.6382
710 20.3738
711 20.0959
712 19.8091
713 19.5121
714 19.2354
715 18.9564
716 18.6841
717 18.4231
718 18.1239
719 17.8449
720 17.539
721 17.296
722 17.0158
723 16.7256
724 16.4275
725 16.1395
726 15.8808
727 15.6018
728 15.3082
729 15.0539
730 14.757
731 14.469
732 14.1641
733 13.9166
734 13.614
735 13.3452
736 13.0616
737 12.7658
738 12.5127
739 12.2179
740 11.9277
741 11.6431
742 11.3855
743 11.0885
744 10.7893
745 10.508
746 10.2594
747 9.95345
748 9.6767
749 9.42696
750 9.14913
751 8.8521
752 8.54614
753 8.29414
754 7.99604
755 7.72042
756 7.44031
757 7.14671
758 6.86997
759 6.59101
760 6.30186
761 6.01615
762 5.7394
763 5.46039
764 5.16793
765 4.9238
766 4.62458
767 4.34671
768 4.04972
769 3.78876
770 3.50863
771 3.22742
772 2.9304
773 2.64916
774 2.37356
775 2.09345
776 1.81448
777 1.5051
778 1.24299
779 0.947112
780 0.69176
781 0.40942
782 0.157718
783 0.0343493
784 -0.00121912
785 -0.00631534
786 -0.00511541
787 -0.00296609
788 -0.00142041
789 -0.000700258
790 -0.000327276
791 -0.000152034
792 -7.29386e-05
793 -2.43918e-05
794 -2.13132e-06
795 8.52529e-06
796 1.3972e-05
797 1.61033e-05
798 1.61033e-05
799 1.61033e-05
800 1.53929e-05
801 1.46824e-05
802 1.37352e-05
803 1.25511e-05
804 1.16039e-05
805 1.08934e-05
806 9.70935e-06
807 9.23573e-06
808 8.05166e-06
809 6.86759e-06
810 6.39396e-06
811 5.44671e-06
812 4.97308e-06
813 3.78902e-06
814 3.5522e-06
815 2.84176e-06
816 1.89451e-06
817 1.65769e-06
818 1.18407e-06
819 7.10441e-07
820 2.36814e-07
821 0
822 -4.73627e-07
823 -9.47254e-07
824 -9.47254e-07
825 -1.65769e-06
826 -1.65769e-06
827 -1.89451e-06
828 -1.89451e-06
829 -1.89451e-06
830 -2.60495e-06
831 -2.60495e-06
832 -2.60495e-06
833 -2.60495e-06
834 -2.60495e-06
835 2.84176e-06
836 0.0814245
837 0.303305
838 0.538462
839 0.825462
840 1.12487
841 1.43156
842 1.66746
843 1.97392
844 2.25654
845 2.4996
846 2.81464
847 3.08579
848 3.38614
849 3.62354
850 3.91261
851 4.20059
852 4.49306
853 4.78105
854 5.06345
855 5.35139
856 5.64503
857 5.89701
858 6.18274
859 6.46736
860 6.74183
861 7.03998
862 7.31893
863 7.58105
864 7.86904
865 8.15701
866 8.44726
867 8.70596
868 9.00185
869 9.28195
870 9.53056
871 9.85343
872 10.1324
873 10.3732
874 10.6982
875 10.9772
876 11.2202
877 11.5307
878 11.8018
879 12.0909
880 12.3496
881 12.6736
882 12.9493
883 13.208
884 13.505
885 13.7615
886 14.0776
887 14.3195
888 14.6086
889 14.8977
890 15.1767
891 15.4466
892 15.7425
893 16.0451
894 16.2881
895 16.6132
896 16.8686
897 17.1566
898 17.4164
899 17.7224
900 18.0003
901 18.2702
902 18.5819
903 18.8237
904 19.1038
905 19.3918
906 19.6798
907 19.9599
908 20.2501
909 20.5449
910 20.7879
911 21.113
912 21.3605
913 21.6575
914 21.9432
915 22.2211
916 22.4866
917 22.7723
918 23.0614
919 23.3303
920 23.6385
921 23.9175
922 24.174
923 24.4271
924 24.7252
925 25.0368
926 25.2888
927 25.5959
928 25.8817
929 26.1336
930 26.4216
931 26.7175
932 27.0054
933 27.2575
934 27.5488
935 27.8368
936 28.1248
937 28.4184
938 28.6794
939 28.9674
940 29.2576
941 29.5411
942 29.7884
943 29.9481
944 29.9978
945 30.0063
946 30.0055
947 30.0035
948 30.0018
949 30.0008
950 30.0004
951 30.0001
952 30
953 30
954 30
955 30
956 30
957 30
958 30
959 30
960 30
961 30
962 30
963 30
964 30
965 30
966 30
967 30
968 30
969 30
970 30
971 30
972 30
973 30
974 30
975 30
976 30
977 30
978 30
979 30
980 30
981 30
982 30
983 30
984 30
985 30
986 30
987 30
988 30
989 30
990 30
991 30
992 30
993 30
994 30
995 30
996 29.955
997 29.8047
998 29.5562
999 29.2897
1000 28.9795
1001 28.6736
1002 28.4047
1003 28.142
1004 27.8313
1005 27.5994
1006 27.2787
1007 26.9975
1008 26.7308
1009 26.4372
1010 26.1672
1011 25.8928
1012 25.6037
1013 25.3517
1014 25.0524
1015 24.7554
1016 24.4765
1017 24.2121
1018 23.9072
1019 23.626
1020 23.3481
1021 23.0962
1022 22.8127
1023 22.4966
1024 22.2322
1025 21.9195
1026 21.6765
1027 21.3817
1028 21.1016
1029 20.8317
1030 20.5527
1031 20.2793
1032 19.9632
1033 19.6685
1034 19.4356
1035 19.1206
1036 18.8371
1037 18.5919
1038 18.2769
1039 18.0249
1040 17.692
1041 17.4343
1042 17.1598
1043 16.8943
1044 16.5996
1045 16.3251
1046 16.0225
1047 15.7491
1048 15.4961
1049 15.1709
1050 14.9381
1051 14.6242
1052 14.3419
1053 14.082
1054 13.7974
1055 13.5004
1056 13.218
1057 12.9222
1058 12.6432
1059 12.3721
1060 12.0987
1061 11.8118
1062 11.5227
1063 11.2505
1064 10.9591
1065 10.6745
1066 10.4282
1067 10.1132
1068 9.86568
1069 9.57323
1070 9.283
1071 8.99163
1072 8.74863
1073 8.45275
1074 8.18279
1075 7.89478
1076 7.5843
1077 7.34248
1078 7.03422
1079 6.76538
1080 6.45149
1081 6.21524
1082 5.89687
1083 5.64149
1084 5.35466
1085 5.06666
1086 4.78096
1087 4.51882
1088 4.21847
1089 3.92149
1090 3.6515
1091 3.38041
1092 3.11489
1093 2.81228
1094 2.54005
1095 2.24645
1096 1.94159
1097 1.70421
1098 1.41513
1099 1.12597
1100 0.829003
1101 0.541021
1102 0.271118
1103 0.0865558
1104 0.0108129
1105 -0.00498066
1106 -0.00609416
1107 -0.00414305
1108 -0.00223078
1109 -0.00104601
1110 -0.000541356
1111 -0.000252917
1112 -0.000112723
1113 -5.39935e-05
1114 -1.34984e-05
1115 1.89451e-06
1116 1.1367e-05
1117 1.46824e-05
1118 1.61033e-05
1119 1.61033e-05
1120 1.53929e-05
1121 1.49193e-05
1122 1.42088e-05
1123 1.34984e-05
1124 1.25511e-05
1125 1.11302e-05
1126 1.04198e-05
1127 9.47254e-06
1128 8.28847e-06
1129 7.57803e-06
1130 6.86759e-06
1131 6.39396e-06
1132 5.44671e-06
1133 4.73627e-06
1134 3.78902e-06
1135 3.07858e-06
1136 2.60495e-06
1137 1.89451e-06
1138 1.42088e-06
1139 9.47254e-07
1140 4.73627e-07
1141 0
1142 -4.73627e-07
1143 -9.47254e-07
1144 -1.18407e-06
1145 -1.18407e-06
1146 -1.65769e-06
1147 -1.89451e-06
1148 -1.89451e-06
1149 -2.13132e-06
1150 -2.13132e-06
1151 -2.60495e-06
1152 -2.84176e-06
1153 -2.36814e-06
1154 -2.84176e-06
1155 -2.84176e-06
1156 0.0151279
1157 0.175818
1158 0.392008
1159 0.656296
1160 0.927514
1161 1.2257
1162 1.52979
1163 1.78129
1164 2.07981
1165 2.37805
1166 2.61888
1167 2.93389
1168 3.18702
1169 3.47841
1170 3.74498
1171 4.03412
1172 4.34343
1173 4.62245
1174 4.87444
1175 5.18041
1176 5.42454
1177 5.74062
1178 6.01175
1179 6.29748
1180 6.59672
1181 6.88359
1182 7.13669
1183 7.4157
1184 7.7059
1185 7.97365
1186 8.25264
1187 8.52373
1188 8.83762
1189 9.09745
1190 9.37646
1191 9.68693
1192 9.93891
1193 10.2247
1194 10.5171
1195 10.795
1196 11.083
1197 11.3372
1198 11.6196
1199 11.9435
1200 12.182
1201 12.4846
1202 12.7648
1203 13.0528
1204 13.3475
1205 13.6344
1206 13.9055
1207 14.1699
1208 14.4578
1209 14.7098
1210 15.0125
1211 15.2993
1212 15.5873
1213 15.8865
1214 16.1295
1215 16.4355
1216 16.6976
1217 16.998
1218 17.2679
1219 17.5312
1220 17.8428
1221 18.1218
1222 18.4008
1223 18.6741
1224 18.9543
1225 19.2231
1226 19.5336
1227 19.8092
1228 20.0882
1229 20.3323
1230 20.663
1231 20.906
1232 21.1771
1233 21.4617
1234 21.7497
1235 22.0298
1236 22.3369
1237 22.5788
1238 22.8769
1239 23.166
1240 23.4529
1241 23.7578
1242 24.0322
1243 24.2921
1244 24.5947
1245 24.8478
1246 25.1606
1247 25.4305
1248 25.7107
1249 25.957
1250 26.245
1251 26.5341
1252 26.8187
1253 27.1157
1254 27.3868
1255 27.6512
1256 27.947
1257 28.244
1258 28.505
1259 28.7772
1260 29.0833
1261 29.3791
1262 29.6626
1263 29.8767
1264 29.9771
1265 30.0027
1266 30.0063
1267 30.0047
1268 30.0026
1269 30.0013
1270 30.0006
1271 30.0003
1272 30.0001
1273 30
1274 30
1275 30
1276 30
1277 30
1278 30
1279 30
1280 30
1281 30
1282 30
1283 30
1284 30
1285 30
1286 30
1287 30
1288 30
1289 30
1290 30
1291 30
1292 30
1293 30
1294 30
1295 30
1296 30
1297 30
1298 30
1299 30
1300 30
1301 30
1302 30
1303 30
1304 30
1305 30
1306 30
1307 30
1308 30
1309 30
1310 30
1311 30
1312 30
1313 30
1314 30
1315 30
1316 29.9984
1317 29.8807
1318 29.6888
1319 29.4328
1320 29.1541
1321 28.8366
1322 28.5617
1323 28.3066
1324 27.9923
1325 27.7254
1326 27.4509
1327 27.1809
1328 26.8816
1329 26.579
1330 26.3
1331 26.021
1332 25.7465
1333 25.4946
1334 25.2246
1335 24.9039
1336 24.6171
1337 24.3786
1338 24.0614
1339 23.7914
1340 23.5023
1341 23.2131
1342 22.9308
1343 22.6518
1344 22.3661
1345 22.1085
1346 21.8295
1347 21.5561
1348 21.2501
1349 20.9666
1350 20.6877
1351 20.4199
1352 20.1398
1353 19.8327
1354 19.5694
1355 19.2849
1356 18.9957
1357 18.6965
1358 18.4614
1359 18.1599
1360 17.8607
1361 17.6053
1362 17.3263
1363 17.0293
1364 16.7301
1365 16.4837
1366 16.1946
1367 15.928
1368 15.6209
1369 15.3329
1370 15.0663
1371 14.8053
1372 14.4881
1373 14.2057
1374 13.9481
1375 13.6567
1376 13.3721
1377 13.1179
1378 12.8164
1379 12.5296
1380 12.2506
1381 11.9896
1382 11.7106
1383 11.4147
1384 11.1358
1385 10.8297
1386 10.5845
1387 10.2943
1388 10.0153
1389 9.70934
1390 9.44383
1391 9.17501
1392 8.87799
1393 8.60911
1394 8.3144
1395 8.01965
1396 7.77781
1397 7.48642
1398 7.21647
1399 6.92735
1400 6.63262
1401 6.3345
1402 6.05549
1403 5.78215
1404 5.49413
1405 5.20507
1406 4.93394
1407 4.65494
1408 4.36697
1409 4.09583
1410 3.80001
1411 3.52889
1412 3.28251
1413 2.98554
1414 2.71551
1415 2.44442
1416 2.12945
1417 1.82461
1418 1.59736
1419 1.28461
1420 0.992123
1421 0.703007
1422 0.466784
1423 0.189253
1424 0.0447111
1425 0.000893971
1426 -0.00631558
1427 -0.00543511
1428 -0.00309468
1429 -0.00148553
1430 -0.000784326
1431 -0.000381033
1432 -0.000174295
1433 -8.45424e-05
1434 -3.52852e-05
1435 -8.52529e-06
1436 6.86759e-06
1437 1.30247e-05
1438 1.51561e-05
1439 1.56297e-05
1440 1.58665e-05
1441 1.51561e-05
1442 1.46824e-05
1443 1.37352e-05
1444 1.30247e-05
1445 1.20775e-05
1446 1.08934e-05
1447 9.94617e-06
1448 9.23573e-06
1449 8.05166e-06
1450 7.34122e-06
1451 6.63078e-06
1452 5.68352e-06
1453 4.73627e-06
1454 4.49946e-06
1455 3.78902e-06
1456 2.84176e-06
1457 2.36814e-06
1458 1.89451e-06
1459 1.42088e-06
1460 9.47254e-07
1461 4.73627e-07
1462 -2.36814e-07
1463 -2.36814e-07
1464 -4.73627e-07
1465 -1.18407e-06
1466 -1.42088e-06
1467 -1.42088e-06
1468 -1.42088e-06
1469 -2.13132e-06
1470 -2.13132e-06
1471 -2.36814e-06
1472 -2.13132e-06
1473 -2.60495e-06
1474 -2.36814e-06
1475 -2.60495e-06
1476 -2.60495e-06
1477 0.0716152
1478 0.269317
1479 0.511046
1480 0.800541
1481 1.08973
1482 1.33434
1483 1.6449
1484 1.9244
1485 2.21375
1486 2.47373
1487 2.76964
1488 3.07567
1489 3.31416
1490 3.60215
1491 3.87439
1492 4.18596
1493 4.42896
1494 4.75404
1495 5.01732
1496 5.29742
1497 5.56738
1498 5.87115
1499 6.15236
1500 6.40998
1501 6.68897
1502 7.00847
1503 7.27845
1504 7.56192
1505 7.8128
1506 8.11763
1507 8.38538
1508 8.69134
1509 8.93883
1510 9.22686
1511 9.49794
1512 9.80844
1513 10.0604
1514 10.3675
1515 10.6544
1516 10.9165
1517 11.1977
1518 11.4857
1519 11.7636
1520 12.0718
1521 12.3598
1522 12.6287
1523 12.8638
1524 13.1518
1525 13.4544
1526 13.757
1527 14.0214
1528 14.3105
1529 14.5715
1530 14.8741
1531 15.1317
1532 15.4388
1533 15.6919
1534 15.9765
1535 16.2521
1536 16.5457
1537 16.8517
1538 17.1206
1539 17.3895
1540 17.6842
1541 17.9609
1542 18.2568
1543 18.5099
1544 18.781
1545 19.0791
1546 19.3581
1547 19.6483
1548 19.9453
1549 20.1804
1550 20.4909
1551 20.7609
1552 21.0579
1553 21.311
1554 21.6068
1555 21.8757
1556 22.1851
1557 22.4832
1558 22.7172
1559 22.9961
1560 23.3066
1561 23.6025
1562 23.8545
1563 24.1605
1564 24.4113
1565 24.7263
1566 24.9918
1567 25.2618
1568 25.5588
1569 25.8569
1570 26.0999
1571 26.3699
1572 26.677
1573 26.9706
1574 27.2417
1575 27.5207
1576 27.8165
1577 28.064
1578 28.3576
1579 28.6501
1580 28.937
1581 29.1867
1582 29.459
1583 29.7646
1584 29.9219
1585 29.9931
1586 30.0056
1587 30.006
1588 30.0037
1589 30.0018
1590 30.0009
1591 30.0004
1592 30.0001
1593 30
1594 30
1595 30
1596 30
1597 30
1598 30
1599 30
1600 30
1601 30
1602 30
1603 30
1604 30
1605 30
1606 30
1607 30
1608 30
1609 30
1610 30
1611 30
1612 30
1613 30
1614 30
1615 30
1616 30
1617 30
1618 30
1619 30
1620 30
1621 30
1622 30
1623 30
1624 30
1625 30
1626 30
1627 30
1628 30
1629 30
1630 30
1631 30
1632 30
1633 30
1634 30
1635 30
1636 30
1637 29.9756
1638 29.8082
1639 29.525
1640 29.2852
1641 28.9749
1642 28.7041
1643 28.4126
1644 28.1544
1645 27.8605
1646 27.5927
1647 27.2967
1648 26.9907
1649 26.7387
1650 26.4744
1651 26.1875
1652 25.8849
1653 25.5834
1654 25.3505
1655 25.0333
1656 24.7442
1657 24.4843
1658 24.1919
1659 23.9252
1660 23.6193
1661 23.3672
1662 23.0939
1663 22.7901
1664 22.4932
1665 22.2131
1666 21.9791
1667 21.663
1668 21.384
1669 21.1005
1670 20.8182
1671 20.5425
1672 20.2467
1673 19.9857
1674 19.7168
1675 19.4131
1676 19.1589
1677 18.8596
1678 18.5716
1679 18.2983
1680 17.9923
1681 17.7414
1682 17.4782
