0 0
1 0
2 0
3 0
4 0
5 0
6 0
7 0
8 0
9 0
10 0
11 0
12 0
13 0
14 0
15 0
16 0
17 0
18 0
19 0
20 0
21 0
22 0
23 0
24 0
25 0
26 0
27 0
28 0
29 0
30 0
31 0
32 0
33 0
34 0
35 0
36 0
37 0
38 0
39 0
40 0
41 0
42 0
43 0
44 0
45 0
46 0
47 0
48 0
49 0
50 0
51 0
52 0
53 0
54 0
55 0
56 0
57 0
58 0
59 0
60 0
61 0
62 0
63 0
64 0
65 0
66 0
67 0
68 0
69 0
70 0
71 0
72 0
73 0
74 0
75 0
76 0
77 0
78 0
79 0
80 0
81 0
82 0
83 0
84 0
85 0
86 0
87 0
88 0
89 0
90 0
91 0
92 0
93 0
94 0
95 0
96 0
97 0
98 0
99 0
100 0
101 0
102 0
103 0
104 0
105 0
106 0
107 0
108 0
109 0
110 0
111 -0.00121
112 -0.00121
113 -0.00121
114 -0.00121
115 -0.00121
116 -0.00121
117 -0.00121
118 -0.00121
119 -0.00121
120 -0.00121
121 -0.00121
122 -0.00121
123 -0.00121
124 -0.00121
125 -0.00121
126 -0.00121
127 -0.00242
128 -0.00242
129 -0.00242
130 -0.00242
131 -0.00242
132 -0.00242
133 -0.00242
134 -0.00242
135 -0.00242
136 -0.00242
137 -0.00242
138 -0.00242
139 -0.00242
140 -0.00242
141 -0.00242
142 -0.00242
143 -0.00242
144 -0.00242
145 -0.00242
146 -0.00242
147 -0.00242
148 -0.00242
149 -0.00242
150 -0.00242
151 -0.00242
152 -0.00242
153 -0.00242
154 -0.00242
155 -0.00242
156 -0.00242
157 -0.00242
158 -0.00242
159 -0.00242
160 -0.00242
161 -0.00242
162 -0.00242
163 -0.00242
164 -0.00242
165 -0.00242
166 -0.00242
167 -0.00242
168 -0.00242
169 -0.00242
170 -0.00242
171 -0.00242
172 -0.00242
173 -0.00242
174 -0.00242
175 -0.00242
176 -0.00242
177 -0.00242
178 -0.00242
179 -0.00242
180 -0.00242
181 -0.00242
182 -0.00242
183 -0.00242
184 -0.00242
185 -0.00242
186 -0.00242
187 -0.00242
188 -0.00242
189 -0.00242
190 -0.00242
191 -0.00242
192 -0.00242
193 -0.00242
194 -0.00242
195 -0.00242
196 -0.00242
197 -0.00242
198 -0.00242
199 -0.00242
200 -0.00242
201 -0.00242
202 -0.00242
203 -0.00242
204 -0.00242
205 -0.00242
206 -0.00242
207 -0.00242
208 -0.00242
209 -0.00242
210 -0.00242
211 -0.00242
212 -0.00242
213 -0.00242
214 -0.00242
215 -0.00242
216 -0.00242
217 -0.00242
218 -0.00242
219 -0.00242
220 -0.00242
221 -0.00242
222 -0.00242
223 -0.00242
224 -0.00242
225 -0.00242
226 -0.00242
227 -0.00242
228 -0.00242
229 -0.00242
230 -0.00242
231 -0.00242
232 -0.00242
233 -0.00242
234 -0.00242
235 -0.00242
236 -0.00242
237 -0.00242
238 -0.00242
239 -0.00242
240 -0.00242
241 -0.00242
242 -0.00242
243 -0.00242
244 -0.00242
245 -0.00242
246 -0.00242
247 -0.00242
248 -0.00242
249 -0.00242
250 -0.00242
251 -0.00242
252 -0.00242
253 -0.00242
254 -0.00242
255 -0.00242
256 -0.00242
257 -0.00242
258 -0.00242
259 -0.00242
260 -0.00242
261 -0.00242
262 -0.00242
263 -0.00242
264 -0.00242
265 -0.00242
266 -0.00242
267 -0.00242
268 -0.00242
269 -0.00242
270 -0.00242
271 -0.00242
272 -0.00242
273 -0.00242
274 -0.00242
275 -0.00242
276 -0.00242
277 -0.00242
278 -0.00242
279 -0.00242
280 -0.00242
281 -0.00242
282 -0.00242
283 -0.00242
284 -0.00242
285 -0.00242
286 -0.00484
287 -0.00726
288 -0.00968
289 -0.01089
290 -0.01331
291 -0.01452
292 -0.01573
293 -0.01573
294 -0.01694
295 -0.01815
296 -0.01936
297 -0.01936
298 -0.02057
299 -0.02057
300 -0.02057
301 -0.02057
302 -0.02178
303 -0.02178
304 -0.02178
305 -0.02178
306 -0.02178
307 -0.02178
308 -0.02178
309 -0.02178
310 -0.02178
311 -0.02178
312 -0.02178
313 -0.02178
314 -0.02178
315 -0.02178
316 -0.02178
317 -0.02178
318 -0.02178
319 -0.02178
320 -0.02178
321 -0.02178
322 -0.02178
323 -0.02178
324 -0.02178
325 -0.02178
326 -0.02178
327 -0.02178
328 -0.02178
329 -0.02178
330 -0.02178
331 -0.02178
332 -0.02178
333 -0.02178
334 -0.02057
335 -0.02178
336 -0.02057
337 -0.02178
338 -0.02178
339 -0.02057
340 -0.02057
341 -0.02057
342 -0.02057
343 -0.02057
344 -0.02057
345 -0.02057
346 -0.02057
347 -0.02057
348 -0.02057
349 -0.02057
350 -0.02057
351 -0.02057
352 -0.02057
353 -0.02057
354 -0.02057
355 -0.02057
356 -0.02057
357 -0.02057
358 -0.02057
359 -0.02057
360 -0.02057
361 -0.02057
362 -0.02057
363 -0.02057
364 -0.02057
365 -0.02057
366 -0.02057
367 -0.02057
368 -0.02057
369 -0.02057
370 -0.01936
371 -0.02057
372 -0.02057
373 -0.01936
374 -0.02057
375 -0.02057
376 -0.02057
377 -0.02057
378 -0.02057
379 -0.02057
380 -0.01936
381 -0.01936
382 -0.01936
383 -0.01936
384 -0.01936
385 -0.01936
386 -0.02057
387 -0.01936
388 -0.01936
389 -0.01936
390 -0.01936
391 -0.01936
392 -0.01936
393 -0.01936
394 -0.01936
395 -0.01936
396 -0.01936
397 -0.01936
398 -0.01936
399 -0.01936
400 -0.01936
401 -0.01936
402 -0.01936
403 -0.01936
404 -0.01936
405 -0.01936
406 -0.01936
407 -0.01936
408 -0.01936
409 -0.01936
410 -0.01936
411 -0.01936
412 -0.01936
413 -0.01936
414 -0.01936
415 -0.01936
416 -0.01936
417 -0.01936
418 -0.01936
419 -0.01936
420 -0.01936
421 -0.01936
422 -0.01936
423 -0.01936
424 -0.01936
425 -0.01936
426 -0.01936
427 -0.01936
428 -0.01936
429 -0.01936
430 -0.01936
431 -0.01936
432 -0.01936
433 -0.01936
434 -0.01936
435 -0.01936
436 -0.01936
437 -0.01936
438 -0.01936
439 -0.01936
440 -0.01936
441 -0.01936
442 -0.01936
443 -0.01936
444 -0.01936
445 -0.01936
446 -0.01936
447 -0.11132
448 -0.21417
449 -0.24805
450 -0.16335
451 -0.11495
452 -0.09196
453 -0.0847
454 -0.09075
455 -0.08712
456 -0.0847
457 -0.08712
458 -0.08591
459 0.02662
460 0.09317
461 0.07744
462 0.01694
463 -0.00847
464 0.03267
465 0.03509
466 0.02904
467 0.02662
468 0.02662
469 0.02662
470 0.02662
471 0.02662
472 0.02662
473 0.02541
474 0.0242
475 0.0242
476 0.02299
477 0.02299
478 0.02178
479 0.02178
480 0.02178
481 0.02057
482 0.02057
483 0.01936
484 0.01936
485 0.01936
486 0.01815
487 0.01815
488 0.01815
489 0.01815
490 0.01815
491 0.01694
492 0.01694
493 0.01694
494 0.01694
495 0.01694
496 0.01573
497 0.01573
498 0.01573
499 0.01573
500 0.01573
501 0.01573
502 0.01573
503 0.01452
504 0.01573
505 0.01452
506 0.01452
507 0.01452
508 0.01452
509 0.01452
510 0.01452
511 0.01452
512 0.01452
513 0.01452
514 0.01452
515 0.01452
516 0.01452
517 0.01452
518 0.01452
519 0.01452
520 0.01452
521 0.01452
522 0.01452
523 0.01452
524 0.01452
525 0.01452
526 0.01452
527 0.01452
528 0.01452
529 0.01452
530 0.01452
531 0.01452
532 0.01452
533 0.01452
534 0.01452
535 0.01452
536 0.01452
537 0.01452
538 0.01452
539 0.01452
540 0.01452
541 0.01452
542 0.01452
543 0.01452
544 0.01452
545 0.01452
546 0.01452
547 0.01452
548 0.01452
549 0.01452
550 0.01452
551 0.01452
552 0.01452
553 0.01452
554 0.01452
555 0.01452
556 0.01452
557 0.01452
558 0.01452
559 0.01452
560 0.01452
561 0.01452
562 0.01452
563 0.01452
564 0.01452
565 0.01452
566 0.01452
567 0.01452
568 0.01452
569 0.01452
570 0.01452
571 0.01452
572 0.01452
573 0.01452
574 0.01452
575 0.01452
576 0.01452
577 0.01452
578 0.01452
579 0.01452
580 0.01452
581 0.01452
582 0.01452
583 0.01452
584 0.01452
585 0.01452
586 0.01452
587 0.01452
588 0.01452
589 0.01452
590 0.01452
591 0.01452
592 0.01452
593 0.01452
594 0.01452
595 0.01452
596 0.01452
597 0.01452
598 0.01452
599 0.01452
600 0.01452
601 0.01452
602 0.01452
603 0.01452
604 0.01452
605 0.01452
606 0.01452
607 0.06413
608 0.18271
609 0.24805
610 0.19118
611 0.12826
612 0.09559
613 0.08712
614 0.09317
615 0.09317
616 0.0847
617 0.09317
618 0.09438
619 0.00847
620 -0.07381
621 -0.11374
622 -0.03146
623 0.00847
624 -0.01815
625 -0.02904
626 -0.03388
627 -0.02904
628 -0.03025
629 -0.03025
630 -0.03025
631 -0.02904
632 -0.02904
633 -0.02783
634 -0.02783
635 -0.02662
636 -0.02541
637 -0.02541
638 -0.0242
639 -0.0242
640 -0.02299
641 -0.02299
642 -0.02178
643 -0.02178
644 -0.02057
645 -0.02057
646 -0.02057
647 -0.01936
648 -0.01936
649 -0.01936
650 -0.01815
651 -0.01815
652 -0.01815
653 -0.01815
654 -0.01815
655 -0.01694
656 -0.01694
657 -0.01694
658 -0.01694
659 -0.01694
660 -0.01694
661 -0.01694
662 -0.01694
663 -0.01573
664 -0.01573
665 -0.01573
666 -0.01573
667 -0.01573
668 -0.01573
669 -0.01573
670 -0.01573
671 -0.01573
672 -0.01573
673 -0.01573
674 -0.01573
675 -0.01573
676 -0.01573
677 -0.01573
678 -0.01573
679 -0.01573
680 -0.01573
681 -0.01573
682 -0.01573
683 -0.01573
684 -0.01573
685 -0.01573
686 -0.01573
687 -0.01573
688 -0.01573
689 -0.01573
690 -0.01573
691 -0.01573
692 -0.01573
693 -0.01573
694 -0.01573
695 -0.01573
696 -0.01573
697 -0.01573
698 -0.01573
699 -0.01573
700 -0.01573
701 -0.01573
702 -0.01573
703 -0.01573
704 -0.01573
705 -0.01573
706 -0.01573
707 -0.01573
708 -0.01573
709 -0.01573
710 -0.01573
711 -0.01573
712 -0.01573
713 -0.01573
714 -0.01573
715 -0.01573
716 -0.01573
717 -0.01573
718 -0.01573
719 -0.01573
720 -0.01573
