0 0
1 0
2 0
3 0
4 0
5 0
6 0
7 0
8 0
9 0
10 0
11 0
12 0
13 0
14 0
15 0
16 0
17 0
18 0
19 0
20 0
21 0
22 0
23 0
24 0
25 0
26 0
27 0
28 0
29 0
30 0
31 0
32 0
33 0
34 0
35 0
36 0
37 0
38 0
39 0
40 0
41 0
42 0
43 0
44 0
45 0
46 0
47 0
48 0
49 0
50 0
51 0
52 0
53 0
54 0
55 0
56 0
57 0
58 0
59 0
60 0
61 0
62 0
63 0
64 0
65 0
66 0
67 0
68 0
69 0
70 0
71 0
72 0
73 0
74 0
75 0
76 0
77 0
78 0
79 0
80 0
81 0
82 0
83 0
84 0
85 0
86 0
87 0
88 0
89 0
90 0
91 0
92 0
93 0
94 0
95 0
96 0
97 0
98 0
99 0
100 0
101 0
102 0
103 0
104 0
105 0
106 0
107 0.00121
108 0.00121
109 0.00121
110 0.00121
111 0.00121
112 0.00121
113 0.00121
114 0.00121
115 0.00121
116 0.00121
117 0.00121
118 0.00121
119 0.00121
120 0.00121
121 0.00121
122 0.00121
123 0.00121
124 0.00121
125 0.00121
126 0.00121
127 0.00121
128 0.00121
129 0.00121
130 0.00121
131 0.00242
132 0.00121
133 0.00121
134 0.00121
135 0.00121
136 0.00242
137 0.00242
138 0.00121
139 0.00121
140 0.00242
141 0.00242
142 0.00242
143 0.00121
144 0.00242
145 0.00242
146 0.00242
147 0.00242
148 0.00121
149 0.00242
150 0.00242
151 0.00242
152 0.00242
153 0.00121
154 0.00242
155 0.00242
156 0.00242
157 0.00242
158 0.00242
159 0.00121
160 0.00121
161 0.00242
162 0.00242
163 0.00242
164 0.00121
165 0.00242
166 0.00121
167 0.00121
168 0.00242
169 0.00242
170 0.00242
171 0.00242
172 0.00121
173 0.00121
174 0.00242
175 0.00242
176 0.00242
177 0.00242
178 0.00242
179 0.00242
180 0.00121
181 0.00242
182 0.00242
183 0.00242
184 0.00242
185 0.00242
186 0.00242
187 0.00242
188 0.00242
189 0.00242
190 0.00242
191 0.00242
192 0.00242
193 0.00242
194 0.00242
195 0.00242
196 0.00242
197 0.00121
198 0.00242
199 0.00242
200 0.00242
201 0.00242
202 0.00242
203 0.00121
204 0.00242
205 0.00121
206 0.00242
207 0.00121
208 0.00242
209 0.00242
210 0.00242
211 0.00242
212 0.00242
213 0.00242
214 0.00242
215 0.00242
216 0.00121
217 0.00242
218 0.00242
219 0.00242
220 0.00242
221 0.00242
222 0.00242
223 0.00242
224 0.00242
225 0.00242
226 0.00242
227 0.00242
228 0.00242
229 0.00242
230 0.00242
231 0.00242
232 0.00121
233 0.00121
234 0.00121
235 0.00242
236 0.00242
237 0.00242
238 0.00242
239 0.00242
240 0.00121
241 0.00242
242 0.00242
243 0.00242
244 0.00242
245 0.00121
246 0.00121
247 0.00242
248 0.00242
249 0.00242
250 0.00242
251 0.00121
252 0.00121
253 0.00121
254 0.00242
255 0.00242
256 0.00242
257 0.00242
258 0.00242
259 0.00242
260 0.00242
261 0.00121
262 0.00121
263 0.00242
264 0.00242
265 0.00242
266 0.00242
267 0.00242
268 0.00242
269 0.00242
270 0.00242
271 0.00242
272 0.00242
273 0.00121
274 0.00121
275 0.00121
276 0.00242
277 0.00121
278 0.00242
279 0.00242
280 0.00121
281 0.00242
282 0.00121
283 0.00242
284 0.00242
285 0.00121
286 0.00242
287 0.00242
288 0.00242
289 0.00242
290 0.00242
291 0.00121
292 0.00242
293 0.00121
294 0.00242
295 0.00242
296 0.00242
297 0.00242
298 0.00242
299 0.00242
300 0.00242
301 0.00121
302 0.00121
303 0.00121
304 0.00121
305 0.00242
306 0.00242
307 0.00121
308 0.00242
309 0.00121
310 0.00121
311 0.00121
312 0.00242
313 0.00242
314 0.00121
315 0.00121
316 0.00242
317 0.00242
318 0.00242
319 0.00242
320 0.00242
321 0.00242
322 0.00242
323 0.00121
324 0.00242
325 0.00121
326 0.00121
327 0.00242
328 0.00242
329 0.00242
330 0.00242
331 0.00242
332 0.00121
333 0.00242
334 0.00121
335 0.00242
336 0.00121
337 0.00242
338 0.00242
339 0.00242
340 0.00242
341 0.00121
342 0.00121
343 0.00242
344 0.00121
345 0.00242
346 0.00121
347 0.00242
348 0.00242
349 0.00242
350 0.00242
351 0.00121
352 0.00242
353 0.00242
354 0.00242
355 0.00242
356 0.00242
357 0.00121
358 0.00242
359 0.00242
360 0.00121
361 0.00242
362 0.00242
363 0.00242
364 0.00242
365 0.00242
366 0.00242
367 0.00242
368 0.00242
369 0.00242
370 0.00242
371 0.00242
372 0.00242
373 0.00242
374 0.00242
375 0.00242
376 0.00242
377 0.00121
378 0.00242
379 0.00242
380 0.00242
381 0.00242
382 0.00242
383 0.00242
384 0.23111
385 0.11253
386 0.08833
387 0.06171
388 0.0484
389 0.04719
390 0.04719
391 0.05203
392 0.05203
393 0.05566
394 0.04961
395 0.05445
396 0.05566
397 -0.02783
398 -0.01089
399 0.00968
400 0.00242
401 -0.01815
402 -0.02299
403 -0.02783
404 -0.02783
405 -0.02541
406 -0.02299
407 -0.02057
408 -0.02057
409 -0.01936
410 -0.01815
411 -0.01694
412 -0.01573
413 -0.01573
414 -0.01452
415 -0.01452
416 -0.01331
417 -0.01331
418 -0.01331
419 -0.0121
420 -0.0121
421 -0.0121
422 -0.01089
423 -0.01089
424 -0.01089
425 -0.01089
426 -0.01089
427 -0.01089
428 -0.00968
429 -0.01089
430 -0.00968
431 -0.00968
432 -0.00968
433 -0.00968
434 -0.00968
435 -0.00968
436 -0.00968
437 -0.00968
438 -0.00968
439 -0.00968
440 -0.00968
441 -0.00968
442 -0.00968
443 -0.00968
444 -0.00968
445 -0.00968
446 -0.00968
447 -0.00968
448 -0.00968
449 -0.00968
450 -0.00968
451 -0.00968
452 -0.00968
453 -0.00968
454 -0.00968
455 -0.00968
456 -0.00968
457 -0.00968
458 -0.00968
459 -0.00968
460 -0.00968
461 -0.00968
462 -0.00968
463 -0.00968
464 -0.00968
465 -0.00968
466 -0.00968
467 -0.00968
468 -0.00968
469 -0.00968
470 -0.00968
471 -0.00968
472 -0.00968
473 -0.00968
474 -0.00968
475 -0.00968
476 -0.00968
477 -0.00968
478 -0.00968
479 -0.00968
480 -0.00968
481 -0.00968
482 -0.00968
483 -0.00968
484 -0.00968
485 -0.00968
486 -0.00968
487 -0.00968
488 -0.00968
489 -0.00968
490 -0.00968
491 -0.00968
492 -0.00968
493 -0.00968
494 -0.00968
495 -0.00968
496 -0.00968
497 -0.00968
498 -0.00968
499 -0.00968
500 -0.00968
501 -0.00968
502 -0.00968
503 -0.00968
504 -0.00968
505 -0.00968
506 -0.00968
507 -0.00968
508 -0.00968
509 -0.00968
510 -0.00968
511 -0.00968
512 -0.00968
513 -0.00968
514 -0.00968
515 -0.00968
516 -0.00968
517 -0.00968
518 -0.00968
519 -0.00968
520 -0.00968
521 -0.00968
522 -0.00968
523 -0.00968
524 -0.00968
525 -0.00968
526 -0.00968
527 -0.00968
528 -0.00968
529 -0.00968
530 -0.00968
531 -0.00968
532 -0.00968
533 -0.00968
534 -0.00968
535 -0.00968
536 -0.00968
537 -0.00968
538 -0.00968
539 -0.00968
540 -0.00968
541 -0.00968
542 -0.00968
543 -0.00968
544 -0.00968
545 -0.11979
546 -0.09196
547 -0.0726
548 -0.05324
549 -0.04961
550 -0.04477
551 -0.05687
552 -0.05566
553 -0.05566
554 -0.05082
555 -0.04961
556 -0.05324
557 -0.05203
558 -0.05445
559 -0.0484
560 -0.05324
561 -0.05203
562 -0.04961
563 -0.05445
564 -0.0484
565 -0.04961
566 -0.05445
567 -0.05203
568 -0.05082
569 -0.05445
570 -0.05445
571 -0.04961
572 -0.04961
573 -0.05445
574 -0.05324
575 -0.05082
576 -0.04961
577 -0.05203
578 -0.05082
579 -0.05203
580 -0.05082
581 -0.05203
582 -0.04961
583 -0.05082
584 -0.05082
585 -0.05445
586 -0.05203
587 -0.05445
588 -0.04961
589 -0.0484
590 -0.04961
591 -0.05324
592 -0.05445
593 -0.04961
594 -0.05445
595 -0.04961
596 -0.04719
597 -0.04961
598 0.05445
599 0.01936
600 -0.00484
601 -0.02057
602 0.00968
603 0.01694
604 0.02178
605 0.02541
606 0.02541
607 0.0242
608 0.02178
609 0.02178
610 0.02178
611 0.02178
612 0.02057
613 0.01936
614 0.01936
615 0.01936
616 0.01815
617 0.01815
618 0.01694
619 0.01694
620 0.01694
621 0.01694
622 0.01573
623 0.01573
624 0.01573
625 0.01573
626 0.01452
627 0.01452
628 0.01452
629 0.01452
630 0.01452
631 0.01452
632 0.01452
633 0.01331
634 0.01331
635 0.01331
636 0.01331
637 0.01331
638 0.01331
639 0.01331
640 0.01331
641 0.01331
642 0.01331
643 0.01331
644 0.01331
645 0.01331
646 0.01331
647 0.01331
648 0.01331
649 0.01331
650 0.01331
651 0.0121
652 0.01331
653 0.0121
654 0.0121
655 0.0121
656 0.0121
657 0.0121
658 0.0121
659 0.01331
660 0.0121
661 0.0121
662 0.0121
663 0.0121
664 0.0121
665 0.0121
666 0.0121
667 0.0121
668 0.0121
669 0.0121
670 0.0121
671 0.0121
672 0.0121
673 0.0121
674 0.0121
675 0.0121
676 0.0121
677 0.0121
678 0.0121
679 0.0121
680 0.0121
681 0.0121
682 0.0121
683 0.0121
684 0.0121
685 0.0121
686 0.0121
687 0.0121
688 0.0121
689 0.0121
690 0.0121
691 0.0121
692 0.0121
693 0.0121
694 0.0121
695 0.0121
696 0.0121
697 0.0121
698 0.0121
699 0.0121
700 0.0121
701 0.0121
702 0.0121
703 0.0121
704 0.0121
705 0.13673
706 0.10043
707 0.07381
708 0.05445
709 0.05203
710 0.04719
711 0.05566
712 0.05324
713 0.05203
714 0.05324
715 0.0484
716 0.05082
717 0.05445
718 0.05203
719 0.05203
720 0.05445
721 0.05082
722 0.05203
723 0.05324
724 0.05324
725 0.05082
726 0.05203
727 0.05566
728 0.05687
729 0.05566
730 0.05566
731 0.05203
732 0.05203
733 0.05203
734 0.05687
735 0.04961
736 0.04961
737 0.05203
738 0.05566
739 0.05324
740 0.04961
741 0.05203
742 0.05203
743 0.05687
744 0.05082
745 0.05566
746 0.05687
747 0.05324
748 0.05203
749 0.05082
750 0.05203
751 0.05203
752 0.05203
753 0.05082
754 0.05082
755 0.05566
756 0.05445
757 0.05445
758 -0.14762
759 -0.03388
760 -0.00726
761 0.01694
762 -0.0121
763 -0.02057
764 -0.0242
765 -0.02783
766 -0.02783
767 -0.02541
768 -0.02178
769 -0.02057
770 -0.02057
771 -0.01936
772 -0.01815
773 -0.01694
774 -0.01573
775 -0.01573
776 -0.01452
777 -0.01331
778 -0.01331
779 -0.0121
780 -0.0121
781 -0.0121
782 -0.01089
783 -0.01089
784 -0.01089
785 -0.01089
786 -0.00968
787 -0.00968
788 -0.00968
789 -0.00968
790 -0.00968
791 -0.00968
792 -0.00968
793 -0.00968
794 -0.00968
795 -0.00968
796 -0.00847
797 -0.00968
798 -0.00968
799 -0.00847
800 -0.00847
801 -0.00847
802 -0.00847
803 -0.00847
804 -0.00847
805 -0.00847
806 -0.00847
807 -0.00847
808 -0.00847
809 -0.00847
810 -0.00847
811 -0.00847
812 -0.00847
813 -0.00847
814 -0.00847
815 -0.00847
816 -0.00847
817 -0.00847
818 -0.00847
819 -0.00847
820 -0.00847
821 -0.00847
822 -0.00847
823 -0.00847
824 -0.00847
825 -0.00847
826 -0.00847
827 -0.00847
828 -0.00847
829 -0.00847
830 -0.00847
831 -0.00847
832 -0.00847
833 -0.00847
834 -0.00847
835 -0.00847
836 -0.00847
837 -0.00847
838 -0.00847
839 -0.00847
840 -0.00847
841 -0.00847
842 -0.00847
843 -0.00847
844 -0.00847
845 -0.00847
846 -0.00847
847 -0.00847
848 -0.00847
849 -0.00847
850 -0.00847
851 -0.00847
852 -0.00847
853 -0.00847
854 -0.00847
855 -0.00847
856 -0.00847
857 -0.00847
858 -0.00847
859 -0.00847
860 -0.00847
861 -0.00847
862 -0.00847
863 -0.00847
864 -0.00847
865 -0.22264
866 -0.11616
867 -0.07986
868 -0.06171
869 -0.05203
870 -0.04961
871 -0.0484
872 -0.05687
873 -0.05687
874 -0.05082
875 -0.04598
876 -0.05082
877 -0.05203
878 -0.05566
879 -0.05203
880 -0.05324
881 -0.05445
882 -0.05203
883 -0.05082
884 -0.05324
885 -0.05445
886 -0.05445
887 -0.04961
888 -0.05324
889 -0.0484
890 -0.05203
891 -0.0484
892 -0.05203
893 -0.05203
894 -0.05566
895 -0.05203
896 -0.0484
897 -0.04961
898 -0.04961
899 -0.05082
900 -0.04719
901 -0.04719
902 -0.05445
903 -0.04961
904 -0.05082
905 -0.04719
906 -0.04719
907 -0.05324
908 -0.05687
909 -0.05203
910 -0.04961
911 -0.05203
912 -0.05082
913 -0.04961
914 -0.05324
915 -0.05324
916 -0.05324
917 -0.04961
918 -0.04961
919 0.03267
920 0.01331
921 -0.01452
922 -0.00363
923 0.01331
924 0.01815
925 0.02299
926 0.02662
927 0.02541
928 0.02299
929 0.02178
930 0.02178
931 0.02178
932 0.02057
933 0.02057
934 0.01936
935 0.01936
936 0.01815
937 0.01815
938 0.01694
939 0.01694
940 0.01694
941 0.01694
942 0.01573
943 0.01573
944 0.01573
945 0.01573
946 0.01452
947 0.01452
948 0.01452
949 0.01452
950 0.01452
951 0.01452
952 0.01331
953 0.01331
954 0.01331
955 0.01331
956 0.01331
957 0.01331
958 0.01331
959 0.01331
960 0.01331
961 0.01331
962 0.01331
963 0.01331
964 0.01331
965 0.01331
966 0.01331
967 0.01331
968 0.01331
969 0.01331
970 0.01331
971 0.01331
972 0.0121
973 0.01331
974 0.0121
975 0.0121
976 0.01331
977 0.01331
978 0.0121
979 0.0121
980 0.01331
981 0.0121
982 0.0121
983 0.0121
984 0.0121
985 0.0121
986 0.0121
987 0.0121
988 0.0121
989 0.0121
990 0.0121
991 0.0121
992 0.0121
993 0.0121
994 0.0121
995 0.0121
996 0.0121
997 0.0121
998 0.0121
999 0.0121
1000 0.0121
1001 0.0121
1002 0.0121
1003 0.0121
1004 0.0121
1005 0.0121
