0 0
1 0
2 0.000378665
3 -0.000378665
4 -0.000378665
5 -0.000378665
6 0
7 -0.000378665
8 -0.000378665
9 0
10 0
11 0
12 0.000378665
13 0.000378665
14 0
15 -0.000378665
16 0
17 0
18 0
19 0.000378665
20 0
21 0
22 0.000378665
23 0.000378665
24 -0.000378665
25 0.000757566
26 0
27 -0.000378665
28 0.000378665
29 0
30 0.000378665
31 0
32 0.000378665
33 -0.000757566
34 -0.000378665
35 0.000378665
36 -0.000757566
37 -0.000378665
38 0.000378665
39 -0.000378665
40 0
41 0
42 -0.000378665
43 0.000378665
44 0
45 0.000378665
46 0
47 -0.000378665
48 0.000757566
49 0
50 0.000378665
51 -0.000378665
52 0
53 0
54 0.000378665
55 0.000757566
56 -0.000378665
57 0
58 0.000378665
59 0
60 0.000378665
61 0.00151537
62 0
63 -0.000757566
64 -0.000378665
65 -0.000378665
66 0.000378665
67 0.000757566
68 0
69 -0.000378665
70 -0.000378665
71 0
72 0.000757566
73 -0.000378665
74 -0.000378665
75 0.000757566
76 0
77 0.000378665
78 -0.000378665
79 -0.000378665
80 -0.000757566
81 0
82 0
83 0
84 0.000757566
85 0.000757566
86 0.000378665
87 0
88 0.000378665
89 -0.000378665
90 0
91 0.000378665
92 0
93 0.000378665
94 0.000757566
95 0.000378665
96 0
97 -0.000378665
98 -0.000757566
99 0
100 0.000378665
101 -0.000378665
102 0.000378665
103 -0.000378665
104 0
105 -0.000378665
106 -0.000757566
107 0.000757566
108 0.000378665
109 0.000757566
110 -0.0011367
111 0.000378665
112 0.00227341
113 0.000378665
114 0
115 0
116 0
117 -0.000378665
118 0.000378665
119 -0.000757566
120 0.000378665
121 0.000378665
122 -0.000378665
123 0
124 0.000378665
125 0.000378665
126 0.000757566
127 0
128 0.000757566
129 -0.000378665
130 0.000378665
131 -0.000757566
132 0.000378665
133 0.000378665
134 0.000378665
135 0
136 0.000378665
137 -0.000378665
138 -0.000378665
139 0
140 0
141 0.000378665
142 -0.000378665
143 0
144 0
145 -0.000378665
146 0
147 0.000378665
148 0
149 0
150 0
151 -0.000378665
152 0
153 0.000378665
154 0.000378665
155 0
156 0.000378665
157 0
158 0.000378665
159 0.000378665
160 0.000378665
161 -0.000378665
162 0.000378665
163 0.000757566
164 0
165 0.000378665
166 -0.000378665
167 -0.000757566
168 0.000378665
169 -0.000378665
170 -0.000378665
171 0
172 -0.000757566
173 0
174 0
175 0.000378665
176 0
177 -0.000378665
178 -0.000378665
179 -0.0011367
180 0.000378665
181 -0.000757566
182 0.000378665
183 -0.000757566
184 0
185 -0.000757566
186 -0.000757566
187 0
188 0
189 0.000378665
190 0.000378665
191 -0.000757566
192 0
193 0
194 0.000378665
195 0
196 0.000378665
197 0
198 0
199 0
200 -0.000378665
201 0
202 0.000378665
203 0.000378665
204 -0.000378665
205 0.00151537
206 0.000757566
207 -0.000378665
208 0.000378665
209 -0.000378665
210 0
211 0.000378665
212 -0.000378665
213 -0.000378665
214 -0.000378665
215 0
216 -0.000378665
217 0
218 -0.000378665
219 -0.000378665
220 -0.000757566
221 0.000757566
222 -0.000378665
223 -0.000757566
224 0
225 0
226 -0.000757566
227 0.000757566
228 0.000757566
229 0
230 0
231 0.000757566
232 -0.000378665
233 0
234 -0.000378665
235 -0.000378665
236 -0.000757566
237 0
238 0
239 -0.000378665
240 0.000757566
241 -0.000378665
242 0.000757566
243 0.000378665
244 -0.000378665
245 0
246 0.000378665
247 0.000378665
248 -0.000378665
249 0.000378665
250 0
251 -0.000757566
252 0
253 -0.000378665
254 0.000757566
255 0.000378665
256 0.000378665
257 -0.000378665
258 -0.000378665
259 0
260 0.000757566
261 0
262 0.000378665
263 0.000378665
264 0
265 0
266 0
267 0.000378665
268 -0.000378665
269 0.000378665
270 0
271 -0.000378665
272 0
273 0
274 0
275 -0.000757566
276 0.000378665
277 0.000378665
278 -0.000378665
279 -0.0011367
280 -0.000378665
281 -0.000378665
282 0
283 -0.000757566
284 0
285 0
286 -0.000757566
287 0.000378665
288 0.000378665
289 -0.000378665
290 0
291 -0.000378665
292 0
293 0
294 0
295 -0.000378665
296 0.000757566
297 0
298 0
299 0.000378665
300 0.000378665
301 0.000757566
302 -0.000378665
303 0.000378665
304 -0.000378665
305 -0.000757566
306 0.000757566
307 0
308 0.000378665
309 0.000378665
310 -0.000378665
311 0
312 0.000378665
313 0
314 0
315 -0.000378665
316 0.000757566
317 0
318 0.000757566
319 0.000378665
320 0
321 0.000378665
322 0
323 0
324 0
325 0.000378665
326 -0.000378665
327 0.000378665
328 0.000378665
329 -0.000757566
330 0
331 0
332 0.000378665
333 0
334 -0.000378665
335 0
336 -0.000378665
337 0
338 -0.000378665
339 0.000757566
340 -0.000378665
341 -0.000757566
342 -0.000378665
343 -0.000378665
344 0
345 -0.000378665
346 0
347 0
348 0.000757566
349 -0.000757566
350 -0.000378665
351 0.000378665
352 0.0011367
353 0.000757566
354 0
355 0.000378665
356 -0.000757566
357 0.000378665
358 -0.000378665
359 0
360 0
361 0
362 -0.000757566
363 -0.000378665
364 -0.000757566
365 0
366 0.000378665
367 0.000757566
368 0
369 0
370 0
371 0
372 0.000757566
373 -0.000378665
374 0
375 -0.000757566
376 -0.000378665
377 -0.000378665
378 0
379 -0.000378665
380 0.000378665
381 0.000378665
382 -0.000378665
383 0.000378665
384 0.000378665
385 0
386 -0.000378665
387 0
388 0.000378665
389 0
390 0.000378665
391 0
392 0.000378665
393 0.000378665
394 0.000378665
395 -0.000757566
396 0
397 0.000378665
398 0.000378665
399 0
400 0.000378665
401 0.000757566
402 0
403 0
404 0
405 0.000757566
406 0
407 0.000378665
408 0
409 -0.000378665
410 0
411 -0.000757566
412 0.000757566
413 0.000378665
414 0.000378665
415 0.0011367
416 0
417 0
418 0.000378665
419 0
420 0.000378665
421 -0.000757566
422 -0.000378665
423 0.000378665
424 0
425 -0.000378665
426 0
427 -0.000378665
428 0
429 0
430 -0.000378665
431 -0.000378665
432 -0.000378665
433 0.000378665
434 0.000378665
435 0.000757566
436 -0.000378665
437 0.000378665
438 0
439 -0.000378665
440 -0.0011367
441 0
442 -0.000378665
443 -0.000757566
444 0
445 0.000378665
446 0
447 0.000378665
448 0.000757566
449 -0.000378665
450 0.000378665
451 0.000378665
452 -0.000757566
453 0.000378665
454 0.000378665
455 0.000378665
456 0.000378665
457 -0.000378665
458 0
459 -0.000757566
460 -0.000378665
461 -0.000757566
462 0.000378665
463 0
464 0.000757566
465 0.000757566
466 -0.000757566
467 0
468 0
469 0
470 -0.000757566
471 0.000378665
472 -0.000378665
473 0
474 -0.000378665
475 0
476 -0.000378665
477 0
478 0
479 0
480 0.0011367
481 0
482 -0.000757566
483 0.000378665
484 0
485 0.000757566
486 -0.000757566
487 -0.000378665
488 0.000757566
489 0.000757566
490 0
491 -0.000378665
492 0
493 0
494 0
495 0
496 0
497 0
498 0.000378665
499 -0.000378665
500 0
501 0.000378665
502 -0.000378665
503 0
504 0.000378665
505 0
506 0.000378665
507 0.000378665
508 -0.000757566
