0 0
1 0
2 0
3 0
4 0
5 0
6 0
7 0
8 0
9 0
10 0
11 0
12 0
13 0
14 0
15 0
16 0
17 0
18 0
19 0
20 0
21 0
22 0
23 0
24 0
25 0
26 0
27 0
28 0
29 0
30 0
31 0
32 0
33 0
34 0
35 0
36 0
37 0
38 0
39 0
40 0
41 0
42 0
43 0
44 0
45 0
46 0
47 0
48 0
49 0
50 0
51 0
52 0
53 0
54 0
55 0
56 0
57 0
58 0
59 0
60 0
61 0
62 0
63 0
64 0
65 0
66 0
67 0
68 0
69 0
70 0
71 0
72 0
73 0
74 0
75 0
76 0
77 0
78 0
79 0
80 0
81 0
82 0
83 0
84 0
85 0
86 0
87 0
88 0
89 0
90 0
91 0
92 0
93 0
94 0
95 0
96 0
97 0
98 0
99 0
100 0
101 0
102 0
103 0
104 0
105 0
106 0
107 0
108 0
109 0
110 0.00121
111 0.00121
112 0
113 0.00121
114 0.00121
115 0.00121
116 0.00121
117 0
118 0.00121
119 0.00121
120 0.00121
121 0.00121
122 0.00121
123 0.00121
124 0.00121
125 0.00121
126 0.00121
127 0.00121
128 0.00121
129 0.00121
130 0.00121
131 0.00121
132 0.00121
133 0.00121
134 0.00121
135 0.00121
136 0.00121
137 0.00121
138 0.00121
139 0.00121
140 0.00121
141 0.00121
142 0.00121
143 0.00121
144 0.00121
145 0.00121
146 0.00121
147 0.00121
148 0.00121
149 0.00121
150 0.00121
151 0.00121
152 0
153 0.00121
154 0.00121
155 0.00121
156 0
157 0.00121
158 0
159 0.00121
160 0.00121
161 0.00121
162 0.00121
163 0.00121
164 0.00121
165 0
166 0.00121
167 0
168 0
169 0
170 0
171 -0.00726
172 -0.00726
173 -0.00726
174 -0.00726
175 -0.00726
176 -0.00726
177 -0.00726
178 -0.00726
179 -0.00726
180 -0.00726
181 -0.00726
182 -0.00726
183 -0.00726
184 -0.00726
185 -0.00726
186 -0.00726
187 -0.00726
188 -0.00726
189 -0.00726
190 -0.00726
191 -0.00726
192 -0.00726
193 -0.00726
194 -0.00726
195 -0.00726
196 -0.00726
197 -0.00726
198 -0.00726
199 -0.00726
200 -0.00726
201 -0.00726
202 -0.00726
203 -0.00726
204 -0.00726
205 -0.00726
206 -0.00726
207 -0.00726
208 -0.00726
209 -0.00726
210 -0.00726
211 -0.00726
212 -0.00726
213 -0.00726
214 -0.00726
215 -0.00726
216 -0.00726
217 -0.00726
218 -0.00726
219 -0.00726
220 -0.00726
221 -0.00726
222 -0.00726
223 -0.00726
224 -0.00726
225 -0.00726
226 -0.00726
227 -0.00726
228 -0.00726
229 -0.00726
230 -0.00726
231 -0.00726
232 -0.00726
233 -0.00726
234 -0.00726
235 -0.00726
236 -0.00726
237 -0.00726
238 -0.00726
239 -0.00726
240 -0.00726
241 -0.00726
242 -0.00605
243 -0.00726
244 -0.00605
245 -0.00726
246 -0.00605
247 -0.00726
248 -0.00726
249 -0.00726
250 -0.00605
251 -0.00726
252 -0.00726
253 -0.00726
254 -0.00726
255 -0.00605
256 -0.00605
257 -0.00726
258 -0.00726
259 -0.00605
260 -0.00605
261 -0.00605
262 -0.00605
263 -0.00726
264 -0.00605
265 -0.00605
266 -0.00726
267 -0.00605
268 -0.00605
269 -0.00726
270 -0.00726
271 -0.00726
272 -0.00726
273 -0.00605
274 -0.00726
275 -0.00605
276 -0.00605
277 -0.00605
278 -0.00726
279 -0.00726
280 -0.00605
281 -0.00605
282 -0.00605
283 -0.00605
284 -0.00605
285 -0.00605
286 -0.00726
287 -0.00726
288 -0.00605
289 -0.00605
290 -0.00605
291 -0.00605
292 -0.00726
293 -0.00605
294 -0.00726
295 -0.00605
296 -0.00605
297 -0.00726
298 -0.00605
299 -0.00605
300 -0.00605
301 -0.00605
302 -0.00605
303 -0.00605
304 -0.00605
305 -0.00605
306 -0.00605
307 -0.00605
308 -0.00605
309 -0.00605
310 -0.00605
311 -0.00605
312 -0.00605
313 -0.00605
314 -0.00605
315 -0.00605
316 -0.00605
317 -0.00605
318 -0.00605
319 -0.00605
320 -0.00605
321 -0.00605
322 -0.00605
323 -0.00605
324 -0.00605
325 -0.00605
326 -0.00605
327 -0.00605
328 -0.00605
329 -0.00605
330 -0.00605
331 -0.00605
332 0.00726
333 0.00726
334 0.00726
335 0.00726
336 0.00726
337 0.00726
338 0.00726
339 0.00726
340 0.00726
341 0.00726
342 0.00726
343 0.00726
344 0.00726
345 0.00726
346 0.00726
347 0.00726
348 0.00726
349 0.00726
350 0.00726
351 0.00726
352 0.00726
353 0.00726
354 0.00726
355 0.00726
356 0.00726
357 0.00726
358 0.00726
359 0.00726
360 0.00726
361 0.00726
362 0.00726
363 0.00726
364 0.00726
365 0.00726
366 0.00726
367 0.00726
368 0.00726
369 0.00726
370 0.00726
371 0.00726
372 0.00726
373 0.00726
374 0.00726
375 0.00726
376 0.00726
377 0.00726
378 0.00726
379 0.00726
380 0.00726
381 0.00726
382 0.00726
383 0.00726
384 0.00726
385 0.00726
386 0.00726
387 0.00726
388 0.00726
389 0.00726
390 0.00726
391 0.00726
392 0.00726
393 0.00726
394 0.00726
395 0.00726
396 0.00726
397 0.00726
398 0.00726
399 0.00726
400 0.00726
401 0.00726
402 0.00726
403 0.00726
404 0.00726
405 0.00726
406 0.00726
407 0.00726
408 0.00726
409 0.00726
410 0.00726
411 0.00726
412 0.00726
413 0.00726
414 0.00726
415 0.00726
416 0.00726
417 0.00726
418 0.00726
419 0.00726
420 0.00726
421 0.00726
422 0.00726
423 0.00726
424 0.00726
425 0.00726
426 0.00726
427 0.00726
428 0.00726
429 0.00726
430 0.00726
431 0.00726
432 0.00726
433 0.00726
434 0.00726
435 0.00726
436 0.00726
437 0.00726
438 0.00726
439 0.00726
440 0.00726
441 0.00726
442 0.00726
443 0.00726
444 0.00726
445 0.00726
446 0.00726
447 0.00726
448 0.00726
449 0.00726
450 0.00726
451 0.00726
452 0.00726
453 0.00726
454 0.00726
455 0.00726
456 0.00726
457 0.00726
458 0.00726
459 0.00726
460 0.00726
461 0.00726
462 0.00726
463 0.00726
464 0.00726
465 0.00726
466 0.00726
467 0.00726
468 0.00726
469 0.00726
470 0.00726
471 0.00726
472 0.00726
473 0.00726
474 0.00726
475 0.00726
476 0.00726
477 0.00726
478 0.00726
479 0.00726
480 0.00726
481 0.00726
482 0.00726
483 0.00726
484 0.00726
485 0.00726
486 0.00726
487 0.00726
488 0.00726
489 0.00726
490 0.00726
491 0.00726
492 0.00726
493 0.30371
494 0.22627
495 0.13431
496 0.0968
497 0.08591
498 0.07623
499 0.07018
500 0.08228
501 0.08954
502 0.09559
503 0.08591
504 0.08712
505 0.08228
506 0.07865
507 0.08107
508 0.08591
509 -0.19965
510 -0.10769
511 -0.02541
512 -0.01815
513 -0.02662
514 -0.02178
515 -0.01936
516 -0.02662
517 -0.03267
518 -0.0363
519 -0.03751
520 -0.03267
521 -0.0242
522 -0.02178
523 -0.02057
524 -0.01815
525 -0.01573
526 -0.01331
527 -0.0121
528 -0.01089
529 -0.00968
530 -0.00847
531 -0.00726
532 -0.00726
533 -0.00726
534 -0.00605
535 -0.00484
536 -0.00484
537 -0.00484
538 -0.00484
539 -0.00363
540 -0.00363
541 -0.00363
542 -0.00363
543 -0.00363
544 -0.00363
545 -0.00363
546 -0.00242
547 -0.00363
548 -0.00363
549 -0.00242
550 -0.00242
551 -0.00242
552 -0.00242
553 -0.00242
554 -0.00242
555 -0.00242
556 -0.00242
557 -0.00242
558 -0.00242
559 -0.00242
560 -0.00242
561 -0.00242
562 -0.00242
563 -0.00242
564 -0.00242
565 -0.00242
566 -0.00242
567 -0.00242
568 -0.00242
569 -0.00242
570 -0.00242
571 -0.00242
572 -0.00242
573 -0.00242
574 -0.00242
575 -0.00242
576 -0.00242
577 -0.00242
578 -0.00242
579 -0.00242
580 -0.00242
581 -0.00242
582 -0.00242
583 -0.00242
584 -0.00242
585 -0.00242
586 -0.00242
587 -0.00242
588 -0.00242
589 -0.00242
590 -0.00242
591 -0.00242
592 -0.00242
593 -0.00242
594 -0.00242
595 -0.00242
596 -0.00242
597 -0.00242
598 -0.00242
599 -0.00242
600 -0.00242
601 -0.00242
602 -0.00242
603 -0.00242
604 -0.00242
605 -0.00242
606 -0.00242
607 -0.00242
608 -0.00242
609 -0.00242
610 -0.00242
611 -0.00242
612 -0.00242
613 -0.00242
614 -0.00242
615 -0.00242
616 -0.00242
617 -0.00242
618 -0.00242
619 -0.00242
620 -0.00242
621 -0.00242
622 -0.00242
623 -0.00242
624 -0.00242
625 -0.00242
626 -0.00242
627 -0.00242
628 -0.00242
629 -0.00242
630 -0.00242
631 -0.00242
632 -0.00242
633 -0.00242
634 -0.00242
635 -0.00242
636 -0.00242
637 -0.00242
638 -0.00242
639 -0.00242
640 -0.00242
641 -0.00242
642 -0.00242
643 -0.00242
644 -0.00242
645 -0.00242
646 -0.00242
647 -0.00242
648 -0.00242
649 -0.00242
650 -0.00242
651 -0.00242
652 -0.00242
653 -0.35211
654 -0.27709
655 -0.14762
656 -0.10043
657 -0.0847
658 -0.07623
659 -0.07018
660 -0.07865
661 -0.09196
662 -0.08954
663 -0.08591
664 -0.08107
665 -0.08591
666 -0.07865
667 -0.08591
668 -0.08954
669 0.26983
670 0.1452
671 0.0484
672 -0.00847
673 0.03751
674 0.01573
675 0.01452
676 0.01452
677 0.02541
678 0.03509
679 0.0363
680 0.03751
681 0.03025
682 0.02662
683 0.0242
684 0.02178
685 0.02057
686 0.01936
687 0.01815
688 0.01573
689 0.01452
690 0.01452
691 0.01331
692 0.0121
693 0.01089
694 0.00968
695 0.01089
696 0.00968
697 0.00968
698 0.00847
699 0.00847
700 0.00847
701 0.00847
702 0.00847
703 0.00726
704 0.00726
705 0.00726
706 0.00726
707 0.00726
708 0.00726
709 0.00726
710 0.00726
711 0.00726
712 0.00726
713 0.00605
714 0.00726
715 0.00726
716 0.00726
717 0.00726
718 0.00726
719 0.00726
720 0.00605
721 0.00726
722 0.00605
723 0.00605
724 0.00726
725 0.00726
726 0.00726
727 0.00726
728 0.00726
729 0.00605
730 0.00605
731 0.00726
732 0.00726
733 0.00605
734 0.00605
735 0.00605
736 0.00605
737 0.00726
738 0.00605
739 0.00726
740 0.00726
741 0.00726
742 0.00605
743 0.00726
744 0.00726
745 0.00726
746 0.00726
747 0.00605
748 0.00605
749 0.00726
750 0.00605
751 0.00726
752 0.00726
753 0.00726
754 0.00726
755 0.00605
756 0.00726
757 0.00605
758 0.00726
759 0.00605
760 0.00726
761 0.00726
762 0.00605
763 0.00726
764 0.00726
765 0.00726
766 0.00726
767 0.00726
768 0.00726
769 0.00726
770 0.00726
771 0.00726
772 0.00726
773 0.00726
774 0.00726
775 0.00726
776 0.00726
777 0.00726
778 0.00726
779 0.00726
780 0.00726
781 0.00726
782 0.00726
783 0.00726
784 0.00726
785 0.00726
786 0.00726
787 0.00726
788 0.00726
789 0.00726
790 0.00726
791 0.00726
792 0.00726
793 0.00726
794 0.00726
795 0.00726
796 0.00726
797 0.00726
798 0.00726
799 0.00726
800 0.00726
801 0.00726
802 0.00726
803 0.00726
804 0.00726
805 0.00726
806 0.00726
807 0.00726
808 0.00726
809 0.00726
810 0.00726
811 0.00726
812 0.00726
813 0.44165
814 0.28919
815 0.1936
816 0.11253
817 0.10164
818 0.07986
819 0.08107
820 0.07623
821 0.07865
822 0.09438
823 0.09317
824 0.09075
825 0.08228
826 0.07986
827 0.07744
828 0.07865
829 -0.24321
830 -0.15246
831 -0.08712
832 -0.00484
833 -0.03509
834 -0.02662
835 -0.01936
836 -0.02178
837 -0.02904
838 -0.03509
839 -0.0363
840 -0.0363
841 -0.02783
842 -0.0242
843 -0.02178
844 -0.01936
845 -0.01694
846 -0.01452
847 -0.0121
848 -0.01089
849 -0.01089
850 -0.00968
851 -0.00726
852 -0.00605
853 -0.00605
854 -0.00605
855 -0.00484
856 -0.00484
857 -0.00363
858 -0.00484
859 -0.00363
860 -0.00363
861 -0.00363
862 -0.00363
863 -0.00363
864 -0.00363
865 -0.00242
866 -0.00242
867 -0.00242
868 -0.00242
869 -0.00242
870 -0.00242
871 -0.00242
872 -0.00242
873 -0.00242
874 -0.00242
875 -0.00242
876 -0.00242
877 -0.00242
878 -0.00242
879 -0.00242
880 -0.00242
881 -0.00242
882 -0.00242
883 -0.00242
884 -0.00242
885 -0.00242
886 -0.00242
887 -0.00242
888 -0.00242
889 -0.00242
890 -0.00242
891 -0.00242
892 -0.00242
893 -0.00242
894 -0.00242
895 -0.00242
896 -0.00242
897 -0.00242
898 -0.00242
899 -0.00242
900 -0.00242
901 -0.00242
902 -0.00242
903 -0.00242
904 -0.00242
905 -0.00242
906 -0.00242
907 -0.00242
908 -0.00242
909 -0.00242
910 -0.00242
911 -0.00242
912 -0.00242
913 -0.00242
914 -0.00242
915 -0.00242
916 -0.00242
917 -0.00242
918 -0.00242
919 -0.00242
920 -0.00242
921 -0.00242
922 -0.00242
923 -0.00242
924 -0.00242
925 -0.00242
926 -0.00242
927 -0.00242
928 -0.00242
929 -0.00242
930 -0.00242
931 -0.00242
932 -0.00242
933 -0.00242
934 -0.00242
935 -0.00242
936 -0.00242
937 -0.00242
938 -0.00242
939 -0.00242
940 -0.00242
941 -0.00242
942 -0.00242
943 -0.00242
944 -0.00242
945 -0.00242
946 -0.00242
947 -0.00242
948 -0.00242
949 -0.00242
950 -0.00242
951 -0.00242
952 -0.00242
953 -0.00242
954 -0.00242
955 -0.00242
956 -0.00242
957 -0.00242
958 -0.00242
959 -0.00242
960 -0.00242
961 -0.00242
962 -0.00242
963 -0.00242
964 -0.00242
965 -0.00242
966 -0.00242
967 -0.00242
968 -0.00242
969 -0.00242
970 -0.00242
971 -0.00242
972 -0.00242
973 -0.03509
974 -0.30129
975 -0.22022
976 -0.1331
977 -0.09196
978 -0.07744
979 -0.07986
980 -0.07139
981 -0.07623
982 -0.08591
983 -0.09801
984 -0.08833
985 -0.08954
986 -0.08228
987 -0.0847
988 -0.08591
989 -0.09196
990 0.17545
991 0.11374
992 0.01331
993 0.01694
994 0.03025
995 0.01694
996 0.0121
997 0.01815
998 0.03146
999 0.0363
1000 0.03751
1001 0.0363
1002 0.02783
1003 0.02541
1004 0.02299
1005 0.02178
1006 0.02057
1007 0.01815
1008 0.01694
1009 0.01452
1010 0.01452
1011 0.01331
1012 0.01331
1013 0.01089
1014 0.01089
1015 0.00968
1016 0.00968
1017 0.00968
1018 0.00847
1019 0.00847
1020 0.00847
1021 0.00847
1022 0.00847
1023 0.00726
1024 0.00726
1025 0.00726
1026 0.00726
1027 0.00726
1028 0.00726
1029 0.00726
1030 0.00605
1031 0.00726
1032 0.00726
1033 0.00605
1034 0.00605
1035 0.00605
1036 0.00605
1037 0.00605
1038 0.00605
1039 0.00605
1040 0.00605
1041 0.00605
1042 0.00605
1043 0.00605
1044 0.00605
1045 0.00605
1046 0.00605
1047 0.00605
1048 0.00605
1049 0.00605
1050 0.00605
1051 0.00605
1052 0.00605
1053 0.00605
1054 0.00605
1055 0.00605
1056 0.00605
1057 0.00605
1058 0.00605
1059 0.00605
1060 0.00605
1061 0.00605
1062 0.00605
1063 0.00605
1064 0.00605
1065 0.00605
1066 0.00605
1067 0.00726
1068 0.00605
1069 0.00605
1070 0.00605
1071 0.00605
1072 0.00605
1073 0.00605
1074 0.00726
1075 0.00605
1076 0.00605
1077 0.00605
1078 0.00605
1079 0.00605
1080 0.00605
1081 0.00605
1082 0.00605
1083 0.00726
1084 0.00605
1085 0.00605
1086 0.00605
1087 0.00605
1088 0.00605
1089 0.00605
1090 0.00726
1091 0.00726
1092 0.00726
1093 0.00605
1094 0.00605
1095 0.00726
1096 0.00726
1097 0.00605
1098 0.00726
1099 0.00605
1100 0.00605
1101 0.00605
1102 0.00605
1103 0.00726
1104 0.00726
1105 0.00605
1106 0.00726
1107 0.00605
1108 0.00605
1109 0.00605
1110 0.00605
1111 0.00605
1112 0.00726
1113 0.00726
1114 0.00726
1115 0.00726
1116 0.00605
1117 0.00726
1118 0.00605
1119 0.00726
1120 0.00726
1121 0.00726
1122 0.00726
1123 0.00605
1124 0.00605
1125 0.00605
1126 0.00726
1127 0.00605
1128 0.00605
1129 0.00726
1130 0.00726
1131 0.00726
1132 0.00726
1133 0.00605
1134 0.34001
1135 0.25168
1136 0.14399
1137 0.10164
1138 0.09317
1139 0.07986
1140 0.07986
1141 0.07623
1142 0.08833
1143 0.09196
1144 0.09317
1145 0.09559
1146 0.07865
1147 0.08833
1148 0.07744
1149 0.08833
1150 -0.2178
1151 -0.12947
1152 -0.03388
1153 0.0121
1154 -0.03267
1155 -0.0242
1156 -0.01936
1157 -0.0242
1158 -0.03267
1159 -0.0363
1160 -0.03751
1161 -0.03388
1162 -0.02541
1163 -0.02299
1164 -0.02057
1165 -0.01936
1166 -0.01694
1167 -0.01331
1168 -0.0121
1169 -0.01089
1170 -0.00968
1171 -0.00847
1172 -0.00726
1173 -0.00605
1174 -0.00605
1175 -0.00605
1176 -0.00484
1177 -0.00484
1178 -0.00484
1179 -0.00484
1180 -0.00363
1181 -0.00363
1182 -0.00363
1183 -0.00363
1184 -0.00363
1185 -0.00242
1186 -0.00242
1187 -0.00242
1188 -0.00242
1189 -0.00242
1190 -0.00242
1191 -0.00242
1192 -0.00242
1193 -0.00242
1194 -0.00242
1195 -0.00242
1196 -0.00242
1197 -0.00242
1198 -0.00242
1199 -0.00242
1200 -0.00242
1201 -0.00242
1202 -0.00242
1203 -0.00242
1204 -0.00242
1205 -0.00242
1206 -0.00242
1207 -0.00242
1208 -0.00242
1209 -0.00242
1210 -0.00242
1211 -0.00242
1212 -0.00242
1213 -0.00242
1214 -0.00242
1215 -0.00242
1216 -0.00242
1217 -0.00242
1218 -0.00242
1219 -0.00242
1220 -0.00242
1221 -0.00242
1222 -0.00242
1223 -0.00242
1224 -0.00242
1225 -0.00242
1226 -0.00242
1227 -0.00242
1228 -0.00242
1229 -0.00242
1230 -0.00242
1231 -0.00242
1232 -0.00242
1233 -0.00242
1234 -0.00242
1235 -0.00242
1236 -0.00242
1237 -0.00242
1238 -0.00242
1239 -0.00242
1240 -0.00242
1241 -0.00242
1242 -0.00242
1243 -0.00242
1244 -0.00242
1245 -0.00242
1246 -0.00242
1247 -0.00242
1248 -0.00242
1249 -0.00242
1250 -0.00242
1251 -0.00242
1252 -0.00242
1253 -0.00242
1254 -0.00242
1255 -0.00242
1256 -0.00242
1257 -0.00242
1258 -0.00242
1259 -0.00242
1260 -0.00242
1261 -0.00242
1262 -0.00242
1263 -0.00242
1264 -0.00242
1265 -0.00242
1266 -0.00242
1267 -0.00242
1268 -0.00242
1269 -0.00242
1270 -0.00242
1271 -0.00242
1272 -0.00242
1273 -0.00242
1274 -0.00242
1275 -0.00242
1276 -0.00242
1277 -0.00242
1278 -0.00242
1279 -0.00242
1280 -0.00242
1281 -0.00242
1282 -0.00242
1283 -0.00242
1284 -0.00242
1285 -0.00242
1286 -0.00242
1287 -0.00242
1288 -0.00242
1289 -0.00242
1290 -0.00242
1291 -0.00242
1292 -0.00242
1293 -0.00242
1294 -0.47311
1295 -0.27951
1296 -0.15851
1297 -0.10769
1298 -0.09559
1299 -0.08228
1300 -0.07744
1301 -0.07744
1302 -0.08349
1303 -0.09801
1304 -0.08833
1305 -0.09438
1306 -0.07502
1307 -0.08591
1308 -0.08712
1309 -0.08833
1310 0.34122
1311 0.14399
1312 0.05203
1313 -0.00363
1314 0.03872
1315 0.01815
1316 0.01573
1317 0.01452
1318 0.02299
1319 0.03509
1320 0.0363
1321 0.0363
1322 0.03025
1323 0.02783
1324 0.0242
1325 0.02178
1326 0.02057
1327 0.01936
1328 0.01694
1329 0.01573
1330 0.01452
1331 0.01452
1332 0.01331
1333 0.0121
1334 0.01089
1335 0.00968
1336 0.00968
1337 0.00968
1338 0.00847
1339 0.00847
1340 0.00847
1341 0.00847
1342 0.00847
1343 0.00726
1344 0.00726
1345 0.00726
1346 0.00726
1347 0.00726
1348 0.00726
1349 0.00605
1350 0.00605
1351 0.00605
1352 0.00605
1353 0.00605
1354 0.00605
1355 0.00605
1356 0.00605
1357 0.00605
1358 0.00605
1359 0.00605
1360 0.00605
1361 0.00605
1362 0.00605
1363 0.00605
1364 0.00605
1365 0.00605
1366 0.00605
1367 0.00605
1368 0.00605
1369 0.00605
1370 0.00605
1371 0.00605
1372 0.00605
1373 0.00605
1374 0.00605
1375 0.00605
1376 0.00605
1377 0.00605
1378 0.00605
1379 0.00605
1380 0.00605
1381 0.00605
1382 0.00605
1383 0.00605
1384 0.00605
1385 0.00605
1386 0.00605
1387 0.00605
1388 0.00605
1389 0.00605
1390 0.00605
1391 0.00605
1392 0.00605
1393 0.00605
1394 0.00605
1395 0.00605
1396 0.00605
1397 0.00605
1398 0.00605
1399 0.00605
1400 0.00605
1401 0.00605
1402 0.00605
1403 0.00605
1404 0.00605
1405 0.00605
1406 0.00605
1407 0.00605
1408 0.00605
1409 0.00726
1410 0.00605
1411 0.00605
1412 0.00605
1413 0.00605
1414 0.00605
1415 0.00605
1416 0.00605
1417 0.00605
1418 0.00605
1419 0.00605
1420 0.00605
1421 0.00726
1422 0.00605
1423 0.00605
1424 0.00605
1425 0.00726
1426 0.00605
1427 0.00605
1428 0.00605
1429 0.00605
1430 0.00726
1431 0.00726
1432 0.00726
1433 0.00605
1434 0.00605
1435 0.00605
1436 0.00605
1437 0.00605
1438 0.00726
1439 0.00726
1440 0.00605
1441 0.00605
1442 0.00605
1443 0.00605
1444 0.00605
1445 0.00605
1446 0.00605
1447 0.00605
1448 0.00605
1449 0.00605
1450 0.00605
1451 0.00726
1452 0.00605
1453 0.00605
1454 0.23232
1455 0.29161
1456 0.2057
1457 0.12221
1458 0.10406
1459 0.07865
1460 0.08107
1461 0.07139
1462 0.0847
1463 0.09196
1464 0.08954
1465 0.09922
1466 0.08712
1467 0.08954
1468 0.0847
1469 0.09196
1470 0.0363
1471 -0.16214
1472 -0.08833
1473 -0.01815
1474 -0.03146
1475 -0.02662
1476 -0.02057
1477 -0.02178
1478 -0.02783
1479 -0.03388
1480 -0.0363
1481 -0.0363
1482 -0.02904
1483 -0.0242
1484 -0.02178
1485 -0.01936
1486 -0.01815
1487 -0.01573
1488 -0.0121
1489 -0.01089
1490 -0.01089
1491 -0.00968
1492 -0.00726
1493 -0.00605
1494 -0.00605
1495 -0.00605
1496 -0.00484
1497 -0.00363
1498 -0.00363
1499 -0.00484
1500 -0.00363
1501 -0.00363
1502 -0.00363
1503 -0.00363
1504 -0.00363
1505 -0.00363
1506 -0.00242
1507 -0.00242
1508 -0.00242
1509 -0.00242
1510 -0.00242
1511 -0.00242
1512 -0.00242
1513 -0.00242
1514 -0.00242
1515 -0.00242
1516 -0.00242
1517 -0.00242
1518 -0.00242
1519 -0.00242
1520 -0.00242
1521 -0.00242
1522 -0.00242
1523 -0.00242
1524 -0.00242
1525 -0.00242
1526 -0.00242
1527 -0.00242
1528 -0.00242
1529 -0.00242
1530 -0.00242
1531 -0.00242
1532 -0.00242
1533 -0.00242
1534 -0.00242
1535 -0.00242
1536 -0.00242
1537 -0.00242
1538 -0.00242
1539 -0.00242
1540 -0.00242
1541 -0.00242
1542 -0.00242
1543 -0.00242
1544 -0.00242
1545 -0.00242
1546 -0.00242
1547 -0.00242
1548 -0.00242
1549 -0.00242
1550 -0.00242
1551 -0.00242
1552 -0.00242
1553 -0.00242
1554 -0.00242
1555 -0.00242
1556 -0.00242
1557 -0.00242
1558 -0.00242
1559 -0.00242
1560 -0.00242
1561 -0.00242
1562 -0.00242
1563 -0.00242
1564 -0.00242
1565 -0.00242
1566 -0.00242
1567 -0.00242
1568 -0.00242
1569 -0.00242
1570 -0.00242
1571 -0.00242
1572 -0.00242
1573 -0.00242
1574 -0.00242
1575 -0.00242
1576 -0.00242
1577 -0.00242
1578 -0.00242
1579 -0.00242
1580 -0.00242
1581 -0.00242
1582 -0.00242
1583 -0.00242
1584 -0.00242
1585 -0.00242
1586 -0.00242
1587 -0.00242
1588 -0.00242
1589 -0.00242
1590 -0.00242
1591 -0.00242
1592 -0.00242
1593 -0.00242
1594 -0.00242
1595 -0.00242
1596 -0.00242
1597 -0.00242
1598 -0.00242
1599 -0.00242
1600 -0.00242
1601 -0.00242
1602 -0.00242
1603 -0.00242
1604 -0.00242
1605 -0.00242
1606 -0.00242
1607 -0.00242
1608 -0.00242
1609 -0.00242
1610 -0.00242
1611 -0.00242
1612 -0.00242
1613 -0.00242
1614 -0.00242
1615 -0.31823
1616 -0.25289
1617 -0.14399
1618 -0.10164
1619 -0.07623
1620 -0.07744
1621 -0.07502
1622 -0.07744
1623 -0.08954
1624 -0.08833
1625 -0.09075
1626 -0.08107
1627 -0.08591
1628 -0.08349
1629 -0.08833
1630 -0.09559
1631 0.21538
1632 0.12947
1633 0.02057
1634 -0.00847
1635 0.03872
1636 0.01573
1637 0.01331
1638 0.01694
1639 0.02662
1640 0.0363
1641 0.03751
1642 0.03751
1643 0.02904
1644 0.02541
1645 0.02299
1646 0.02178
1647 0.02057
1648 0.01936
1649 0.01694
1650 0.01452
1651 0.01331
1652 0.01331
1653 0.0121
1654 0.01089
1655 0.00968
1656 0.00968
1657 0.00968
1658 0.00968
1659 0.00847
1660 0.00847
1661 0.00847
1662 0.00847
1663 0.00847
1664 0.00726
1665 0.00726
1666 0.00726
1667 0.00726
1668 0.00726
1669 0.00605
1670 0.00605
1671 0.00605
1672 0.00605
1673 0.00605
1674 0.00605
1675 0.00605
1676 0.00605
1677 0.00605
1678 0.00605
1679 0.00605
1680 0.00605
1681 0.00605
1682 0.00605
1683 0.00605
1684 0.00605
1685 0.00605
1686 0.00605
1687 0.00605
1688 0.00605
1689 0.00605
1690 0.00605
1691 0.00605
1692 0.00605
1693 0.00605
1694 0.00605
1695 0.00605
1696 0.00605
1697 0.00605
1698 0.00605
1699 0.00605
1700 0.00605
1701 0.00605
1702 0.00605
1703 0.00605
1704 0.00605
1705 0.00605
1706 0.00605
1707 0.00605
1708 0.00605
1709 0.00605
1710 0.00605
1711 0.00605
1712 0.00605
1713 0.00605
1714 0.00605
1715 0.00605
1716 0.00605
1717 0.00605
1718 0.00605
1719 0.00605
1720 0.00605
1721 0.00605
1722 0.00605
1723 0.00605
1724 0.00605
1725 0.00605
1726 0.00605
1727 0.00605
1728 0.00605
1729 0.00605
1730 0.00605
1731 0.00605
1732 0.00605
1733 0.00605
1734 0.00605
1735 0.00605
1736 0.00605
1737 0.00605
1738 0.00605
1739 0.00605
1740 0.00605
1741 0.00605
1742 0.00605
1743 0.00605
1744 0.00605
1745 0.00605
1746 0.00605
1747 0.00605
1748 0.00605
1749 0.00605
1750 0.00605
1751 0.00605
1752 0.00605
1753 0.00605
1754 0.00605
1755 0.00605
1756 0.00605
1757 0.00605
1758 0.00605
1759 0.00605
1760 0.00605
1761 0.00605
1762 0.00605
1763 0.00605
1764 0.00605
1765 0.00605
1766 0.00605
1767 0.00605
1768 0.00605
1769 0.00605
1770 0.00605
1771 0.00605
1772 0.00605
1773 0.00605
1774 0.00605
1775 0.38115
1776 0.25773
1777 0.15488
1778 0.1089
1779 0.09438
1780 0.07139
1781 0.07502
1782 0.0726
1783 0.08712
1784 0.08954
1785 0.09801
1786 0.08591
1787 0.08954
1788 0.08107
1789 0.08228
1790 0.08833
1791 -0.37147
1792 -0.14036
1793 -0.05203
1794 0.00968
1795 -0.0363
1796 -0.02541
1797 -0.01936
1798 -0.0242
1799 -0.03146
1800 -0.0363
1801 -0.03751
1802 -0.03388
1803 -0.02541
1804 -0.02299
1805 -0.02057
1806 -0.01936
1807 -0.01694
1808 -0.01331
1809 -0.0121
1810 -0.01089
1811 -0.00968
1812 -0.00847
1813 -0.00726
1814 -0.00605
1815 -0.00605
1816 -0.00605
1817 -0.00484
1818 -0.00363
1819 -0.00363
1820 -0.00363
1821 -0.00363
1822 -0.00363
1823 -0.00242
1824 -0.00242
1825 -0.00242
1826 -0.00242
1827 -0.00242
1828 -0.00242
1829 -0.00242
1830 -0.00242
1831 -0.00242
1832 -0.00242
1833 -0.00242
1834 -0.00242
1835 -0.00242
1836 -0.00242
1837 -0.00242
1838 -0.00242
1839 -0.00242
1840 -0.00242
1841 -0.00242
1842 -0.00242
1843 -0.00242
1844 -0.00242
1845 -0.00242
1846 -0.00242
1847 -0.00242
1848 -0.00242
1849 -0.00242
1850 -0.00242
1851 -0.00242
1852 -0.00242
1853 -0.00242
1854 -0.00242
1855 -0.00242
1856 -0.00242
1857 -0.00242
1858 -0.00242
1859 -0.00242
1860 -0.00242
1861 -0.00242
1862 -0.00242
1863 -0.00242
1864 -0.00242
1865 -0.00242
1866 -0.00242
1867 -0.00242
1868 -0.00242
1869 -0.00242
1870 -0.00242
1871 -0.00242
1872 -0.00242
1873 -0.00242
1874 -0.00242
1875 -0.00242
1876 -0.00242
1877 -0.00242
1878 -0.00242
1879 -0.00242
1880 -0.00242
1881 -0.00242
1882 -0.00242
1883 -0.00242
1884 -0.00242
1885 -0.00242
1886 -0.00242
1887 -0.00242
1888 -0.00242
1889 -0.00242
1890 -0.00242
1891 -0.00242
1892 -0.00242
1893 -0.00242
1894 -0.00242
1895 -0.00242
1896 -0.00242
1897 -0.00242
1898 -0.00242
1899 -0.00242
1900 -0.00242
1901 -0.00242
1902 -0.00242
1903 -0.00242
1904 -0.00242
1905 -0.00242
1906 -0.00242
1907 -0.00242
1908 -0.00242
1909 -0.00242
1910 -0.00242
1911 -0.00242
1912 -0.00242
1913 -0.00242
1914 -0.00242
1915 -0.00242
1916 -0.00242
1917 -0.00242
1918 -0.00242
1919 -0.00242
1920 -0.00242
1921 -0.00242
1922 -0.00242
1923 -0.00242
1924 -0.00242
1925 -0.00242
1926 -0.00242
1927 -0.00242
1928 -0.00242
1929 -0.00242
1930 -0.00242
1931 -0.00242
1932 -0.00242
1933 -0.00242
1934 -0.00242
1935 -0.45859
1936 -0.28556
1937 -0.18755
1938 -0.11374
1939 -0.0968
1940 -0.08107
1941 -0.07744
1942 -0.07623
1943 -0.08712
1944 -0.09075
1945 -0.08954
1946 -0.0968
1947 -0.08712
1948 -0.08591
1949 -0.08349
1950 -0.09075
1951 0.3267
1952 0.15125
1953 0.06534
1954 0
1955 0.03751
1956 0.01936
1957 0.01694
1958 0.01452
1959 0.02178
1960 0.03388
1961 0.03751
1962 0.03751
1963 0.03267
1964 0.02783
1965 0.0242
1966 0.02299
1967 0.02057
1968 0.01936
1969 0.01815
1970 0.01573
1971 0.01452
1972 0.01331
1973 0.01331
1974 0.0121
1975 0.01089
1976 0.00968
1977 0.00968
1978 0.00968
1979 0.00847
1980 0.00847
1981 0.00847
1982 0.00847
1983 0.00847
1984 0.00726
1985 0.00726
1986 0.00726
1987 0.00726
1988 0.00726
1989 0.00726
1990 0.00605
1991 0.00605
1992 0.00605
1993 0.00605
1994 0.00605
1995 0.00605
1996 0.00605
1997 0.00605
1998 0.00605
1999 0.00605
2000 0.00605
2001 0.00605
2002 0.00605
2003 0.00605
2004 0.00605
2005 0.00605
2006 0.00605
2007 0.00605
2008 0.00605
2009 0.00605
2010 0.00605
2011 0.00605
2012 0.00605
2013 0.00605
2014 0.00605
2015 0.00605
2016 0.00605
2017 0.00605
2018 0.00605
2019 0.00605
2020 0.00605
2021 0.00605
2022 0.00605
2023 0.00605
2024 0.00605
2025 0.00605
2026 0.00605
2027 0.00605
2028 0.00605
2029 0.00605
2030 0.00605
2031 0.00605
2032 0.00605
2033 0.00605
2034 0.00605
2035 0.00605
2036 0.00605
2037 0.00605
2038 0.00605
2039 0.00605
2040 0.00605
2041 0.00605
2042 0.00605
2043 0.00605
2044 0.00605
2045 0.00605
2046 0.00605
2047 0.00605
2048 0.00605
2049 0.00605
2050 0.00605
2051 0.00605
2052 0.00605
2053 0.00605
2054 0.00605
2055 0.00605
2056 0.00605
2057 0.00605
2058 0.00605
2059 0.00605
2060 0.00605
2061 0.00605
2062 0.00605
2063 0.00605
2064 0.00605
2065 0.00605
2066 0.00605
2067 0.00605
2068 0.00605
2069 0.00605
2070 0.00605
2071 0.00605
2072 0.00605
2073 0.00605
2074 0.00605
2075 0.00605
2076 0.00605
2077 0.00605
2078 0.00605
2079 0.00605
2080 0.00605
2081 0.00605
2082 0.00605
2083 0.00605
2084 0.00605
2085 0.00605
2086 0.00605
2087 0.00605
2088 0.00605
2089 0.00605
2090 0.00605
2091 0.00605
2092 0.00605
2093 0.00605
2094 0.00605
2095 0.08954
2096 0.29524
2097 0.2057
2098 0.12705
2099 0.09922
2100 0.07502
2101 0.08228
2102 0.06776
2103 0.07744
2104 0.09075
2105 0.08954
2106 0.09801
2107 0.09196
2108 0.08591
2109 0.0847
2110 0.08954
2111 0.06655
2112 -0.16214
2113 -0.10285
2114 -0.01936
2115 -0.03025
2116 -0.02783
2117 -0.02178
2118 -0.02178
2119 -0.02783
2120 -0.03388
2121 -0.03751
2122 -0.0363
2123 -0.02904
2124 -0.0242
2125 -0.02178
2126 -0.02057
2127 -0.01815
2128 -0.01573
2129 -0.01331
2130 -0.01089
2131 -0.01089
2132 -0.00968
2133 -0.00726
2134 -0.00726
2135 -0.00605
2136 -0.00605
2137 -0.00605
2138 -0.00484
2139 -0.00363
2140 -0.00363
2141 -0.00484
2142 -0.00363
2143 -0.00242
2144 -0.00363
2145 -0.00363
2146 -0.00242
2147 -0.00242
2148 -0.00242
2149 -0.00242
2150 -0.00242
2151 -0.00242
2152 -0.00242
2153 -0.00242
2154 -0.00242
2155 -0.00242
2156 -0.00242
2157 -0.00242
2158 -0.00242
2159 -0.00242
2160 -0.00242
2161 -0.00242
2162 -0.00242
2163 -0.00242
2164 -0.00242
2165 -0.00242
2166 -0.00242
2167 -0.00242
2168 -0.00242
2169 -0.00242
2170 -0.00242
2171 -0.00242
2172 -0.00242
2173 -0.00242
2174 -0.00242
2175 -0.00242
2176 -0.00242
2177 -0.00242
2178 -0.00242
2179 -0.00242
2180 -0.00242
2181 -0.00242
2182 -0.00242
2183 -0.00242
2184 -0.00242
2185 -0.00242
2186 -0.00242
2187 -0.00242
2188 -0.00242
2189 -0.00242
2190 -0.00242
2191 -0.00242
2192 -0.00242
2193 -0.00242
2194 -0.00242
2195 -0.00242
2196 -0.00242
2197 -0.00242
2198 -0.00242
2199 -0.00242
2200 -0.00242
2201 -0.00242
2202 -0.00242
2203 -0.00242
2204 -0.00242
2205 -0.00242
2206 -0.00242
2207 -0.00242
2208 -0.00242
2209 -0.00242
2210 -0.00242
2211 -0.00242
2212 -0.00242
2213 -0.00242
2214 -0.00242
2215 -0.00242
2216 -0.00242
2217 -0.00242
2218 -0.00242
2219 -0.00242
2220 -0.00242
2221 -0.00242
2222 -0.00242
2223 -0.00242
2224 -0.00242
2225 -0.00242
2226 -0.00242
2227 -0.00242
2228 -0.00242
2229 -0.00242
2230 -0.00242
2231 -0.00242
2232 -0.00242
2233 -0.00242
2234 -0.00242
2235 -0.00242
2236 -0.00242
2237 -0.00242
2238 -0.00242
2239 -0.00242
2240 -0.00242
2241 -0.00242
2242 -0.00242
2243 -0.00242
2244 -0.00242
2245 -0.00242
2246 -0.00242
2247 -0.00242
2248 -0.00242
2249 -0.00242
2250 -0.00242
2251 -0.00242
2252 -0.00242
2253 -0.00242
2254 -0.00242
2255 -0.00242
2256 -0.33759
2257 -0.2541
2258 -0.14278
2259 -0.10285
2260 -0.07865
2261 -0.08228
2262 -0.07502
2263 -0.07744
2264 -0.08833
2265 -0.08833
2266 -0.09075
2267 -0.08591
2268 -0.07986
2269 -0.08712
2270 -0.0847
2271 -0.09438
2272 0.20207
2273 0.13068
2274 0.02178
2275 -0.00605
2276 0.03751
2277 0.01573
2278 0.01331
2279 0.01694
2280 0.02904
2281 0.0363
2282 0.03751
2283 0.03751
2284 0.02904
2285 0.02662
2286 0.02299
2287 0.02178
2288 0.02057
2289 0.01936
2290 0.01694
2291 0.01452
2292 0.01331
2293 0.01331
2294 0.0121
2295 0.01089
2296 0.00968
2297 0.00968
2298 0.00968
2299 0.00968
2300 0.00847
2301 0.00847
2302 0.00726
2303 0.00847
2304 0.00726
2305 0.00726
2306 0.00726
2307 0.00726
2308 0.00726
2309 0.00726
2310 0.00605
2311 0.00605
2312 0.00605
2313 0.00605
2314 0.00605
2315 0.00605
2316 0.00605
2317 0.00605
2318 0.00605
2319 0.00605
2320 0.00605
2321 0.00605
2322 0.00605
2323 0.00605
2324 0.00605
2325 0.00605
2326 0.00605
2327 0.00605
2328 0.00605
2329 0.00605
2330 0.00605
2331 0.00605
2332 0.00605
2333 0.00605
2334 0.00605
2335 0.00605
2336 0.00605
2337 0.00605
2338 0.00605
2339 0.00605
2340 0.00605
2341 0.00605
2342 0.00605
2343 0.00605
2344 0.00605
2345 0.00605
2346 0.00605
2347 0.00605
2348 0.00605
2349 0.00605
2350 0.00605
2351 0.00605
2352 0.00605
2353 0.00605
2354 0.00605
2355 0.00605
2356 0.00605
2357 0.00605
2358 0.00605
2359 0.00605
2360 0.00605
2361 0.00605
2362 0.00605
2363 0.00605
2364 0.00605
2365 0.00605
2366 0.00605
2367 0.00605
2368 0.00605
2369 0.00605
2370 0.00605
2371 0.00605
2372 0.00605
2373 0.00605
2374 0.00605
2375 0.00605
2376 0.00605
2377 0.00605
2378 0.00605
2379 0.00605
2380 0.00605
2381 0.00605
2382 0.00605
2383 0.00605
2384 0.00605
2385 0.00605
2386 0.00605
2387 0.00605
2388 0.00726
2389 0.00605
2390 0.00605
2391 0.00605
2392 0.00605
2393 0.00605
2394 0.00605
2395 0.00605
2396 0.00605
2397 0.00605
2398 0.00605
2399 0.00605
2400 0.00726
2401 0.00605
2402 0.00605
2403 0.00605
2404 0.00605
2405 0.00605
2406 0.00605
2407 0.00605
2408 0.00605
2409 0.00605
2410 0.00605
2411 0.00605
2412 0.00605
2413 0.00605
2414 0.00605
2415 0.00605
2416 0.35453
2417 0.27346
2418 0.1573
2419 0.11011
2420 0.09317
2421 0.07502
2422 0.07502
2423 0.07502
2424 0.08712
2425 0.08833
2426 0.0968
2427 0.09075
2428 0.08833
2429 0.08107
2430 0.08228
2431 0.08712
2432 -0.32307
2433 -0.14278
2434 -0.05445
2435 0.01089
2436 -0.03751
2437 -0.02662
2438 -0.01936
2439 -0.02541
2440 -0.03146
2441 -0.0363
2442 -0.03751
2443 -0.03388
2444 -0.02541
2445 -0.02299
2446 -0.02057
2447 -0.01936
2448 -0.01694
2449 -0.01452
2450 -0.0121
2451 -0.01089
2452 -0.01089
2453 -0.00847
2454 -0.00726
2455 -0.00605
2456 -0.00605
2457 -0.00605
2458 -0.00484
2459 -0.00363
2460 -0.00363
2461 -0.00484
2462 -0.00363
2463 -0.00363
2464 -0.00363
2465 -0.00363
2466 -0.00363
2467 -0.00242
2468 -0.00242
2469 -0.00242
2470 -0.00242
2471 -0.00242
2472 -0.00242
2473 -0.00242
2474 -0.00242
2475 -0.00242
2476 -0.00242
2477 -0.00242
2478 -0.00242
2479 -0.00242
2480 -0.00242
2481 -0.00242
2482 -0.00242
2483 -0.00242
2484 -0.00242
2485 -0.00242
2486 -0.00242
2487 -0.00242
2488 -0.00242
2489 -0.00242
2490 -0.00242
2491 -0.00242
2492 -0.00242
2493 -0.00242
2494 -0.00242
2495 -0.00242
2496 -0.00242
2497 -0.00242
2498 -0.00242
2499 -0.00242
2500 -0.00242
2501 -0.00242
2502 -0.00242
2503 -0.00242
2504 -0.00242
2505 -0.00242
2506 -0.00242
2507 -0.00242
2508 -0.00242
2509 -0.00242
2510 -0.00242
2511 -0.00242
2512 -0.00242
2513 -0.00242
2514 -0.00242
2515 -0.00242
2516 -0.00242
2517 -0.00242
2518 -0.00242
2519 -0.00242
2520 -0.00242
2521 -0.00242
2522 -0.00242
2523 -0.00242
2524 -0.00242
2525 -0.00242
2526 -0.00242
2527 -0.00242
2528 -0.00242
2529 -0.00242
2530 -0.00242
2531 -0.00242
2532 -0.00242
2533 -0.00242
2534 -0.00242
2535 -0.00242
2536 -0.00242
2537 -0.00242
2538 -0.00242
2539 -0.00242
2540 -0.00242
2541 -0.00242
2542 -0.00242
2543 -0.00242
2544 -0.00242
2545 -0.00242
2546 -0.00242
2547 -0.00242
2548 -0.00242
2549 -0.00242
2550 -0.00242
2551 -0.00242
2552 -0.00242
2553 -0.00242
2554 -0.00242
2555 -0.00242
2556 -0.00242
2557 -0.00242
2558 -0.00242
2559 -0.00242
2560 -0.00242
2561 -0.00242
2562 -0.00242
2563 -0.00242
2564 -0.00242
2565 -0.00242
2566 -0.00242
2567 -0.00242
2568 -0.00242
2569 -0.00242
2570 -0.00242
2571 -0.00242
2572 -0.00242
2573 -0.00242
2574 -0.00242
2575 -0.00242
2576 -0.41503
2577 -0.2904
2578 -0.18634
2579 -0.11374
2580 -0.09801
2581 -0.07623
2582 -0.07623
2583 -0.07623
2584 -0.0847
2585 -0.09196
2586 -0.09317
2587 -0.09317
2588 -0.08591
2589 -0.08107
2590 -0.07986
2591 -0.09438
2592 0.19844
2593 0.1573
2594 0.07623
2595 0.00242
2596 0.03751
2597 0.02057
2598 0.01815
2599 0.01331
2600 0.02178
2601 0.03388
2602 0.03751
2603 0.03751
2604 0.03388
2605 0.02783
2606 0.02541
2607 0.02299
2608 0.02178
2609 0.01936
2610 0.01815
2611 0.01573
2612 0.01331
2613 0.01331
2614 0.01331
2615 0.0121
2616 0.01089
2617 0.00968
2618 0.00968
2619 0.00968
2620 0.00847
2621 0.00847
2622 0.00847
2623 0.00847
2624 0.00847
2625 0.00726
2626 0.00726
2627 0.00726
2628 0.00726
2629 0.00726
2630 0.00726
2631 0.00605
2632 0.00605
2633 0.00605
2634 0.00605
2635 0.00605
2636 0.00605
2637 0.00605
2638 0.00605
2639 0.00605
2640 0.00605
2641 0.00605
2642 0.00605
2643 0.00605
2644 0.00605
2645 0.00605
2646 0.00605
2647 0.00605
2648 0.00605
2649 0.00605
2650 0.00605
2651 0.00605
2652 0.00605
2653 0.00605
2654 0.00605
2655 0.00605
2656 0.00605
2657 0.00605
2658 0.00605
2659 0.00605
2660 0.00605
2661 0.00605
2662 0.00605
2663 0.00605
2664 0.00605
2665 0.00605
2666 0.00605
2667 0.00605
2668 0.00605
2669 0.00605
2670 0.00605
2671 0.00605
2672 0.00605
2673 0.00605
2674 0.00605
2675 0.00605
2676 0.00605
2677 0.00605
2678 0.00605
2679 0.00605
2680 0.00605
2681 0.00605
2682 0.00605
2683 0.00605
2684 0.00605
2685 0.00605
2686 0.00605
2687 0.00605
2688 0.00605
2689 0.00605
2690 0.00605
2691 0.00605
2692 0.00605
2693 0.00605
2694 0.00605
2695 0.00605
2696 0.00605
2697 0.00605
2698 0.00605
2699 0.00605
2700 0.00605
2701 0.00605
2702 0.00605
2703 0.00605
2704 0.00605
2705 0.00605
2706 0.00605
2707 0.00605
2708 0.00605
2709 0.00605
2710 0.00605
2711 0.00605
2712 0.00605
2713 0.00605
2714 0.00605
2715 0.00605
2716 0.00605
2717 0.00605
2718 0.00605
2719 0.00605
2720 0.00605
2721 0.00605
2722 0.00605
2723 0.00605
2724 0.00605
2725 0.00605
2726 0.00605
2727 0.00605
2728 0.00605
2729 0.00605
2730 0.00605
2731 0.00605
2732 0.00605
2733 0.00605
2734 0.00605
2735 0.00605
2736 0.00605
