0 0
1 0
2 0.000378665
3 0
4 0
5 0
6 0
7 0.000378665
8 0.000378665
9 0.000378665
10 0
11 0.000378665
12 -0.000378665
13 0.000378665
14 0
15 0
16 -0.000378665
17 0.000378665
18 0
19 0
20 -0.000757566
21 0.000378665
22 -0.000378665
23 -0.000378665
24 0
25 0.000378665
26 -0.0011367
27 0
28 0
29 -0.000378665
30 -0.000378665
31 0
32 0
33 0.000757566
34 0.000378665
35 0
36 -0.000378665
37 -0.000757566
38 0.000378665
39 -0.000378665
40 0
41 -0.000378665
42 0.000378665
43 0
44 0
45 0
46 0
47 0.000378665
48 0.000378665
49 0.000378665
50 0
51 0
52 0
53 0
54 -0.000378665
55 0
56 0
57 -0.000378665
58 0.000378665
59 0.000378665
60 0.000378665
61 -0.000378665
62 0
63 -0.000378665
64 0.000378665
65 0
66 0.000757566
67 -0.000378665
68 0
69 0
70 0
71 0.000378665
72 0.000378665
73 0
74 0.000378665
75 0.000378665
76 0
77 -0.000378665
78 -0.000378665
79 0
80 -0.000378665
81 -0.000378665
82 0
83 0
84 0.000757566
85 0
86 -0.000757566
87 0
88 0.000378665
89 0.000378665
90 0
91 0.000378665
92 0.000378665
93 0.000757566
94 0.000378665
95 -0.000378665
96 -0.000378665
97 0
98 0.000378665
99 0
100 -0.0011367
101 0
102 0
103 0
104 0
105 0.000757566
106 -0.000378665
107 -0.000378665
108 -0.000757566
109 0.000378665
110 0.00151537
111 -0.000378665
112 -0.000378665
113 0
114 0
115 0.000378665
116 0
117 0
118 -0.000378665
119 -0.000757566
120 -0.000378665
121 -0.000378665
122 -0.000378665
123 0
124 -0.000378665
125 0
126 0.000378665
127 0.000757566
128 -0.0011367
129 0.000757566
130 -0.000757566
131 -0.000378665
132 0
133 0
134 0
135 0
136 0.000757566
137 0.000378665
138 -0.000378665
139 -0.000378665
140 0
141 -0.0011367
142 0.000378665
143 -0.000378665
144 -0.0011367
145 0.000378665
146 0.000378665
147 0.000378665
148 0
149 -0.000378665
150 -0.000378665
151 -0.000378665
152 0.000757566
153 0
154 0
155 0
156 0.000378665
157 -0.000378665
158 0.000757566
159 0
160 -0.000378665
161 0
162 0
163 -0.000378665
164 -0.000378665
165 -0.000378665
166 0.000378665
167 -0.000378665
168 0.000378665
169 0.000757566
170 0.000378665
171 -0.000757566
172 0
173 -0.0011367
174 0.000378665
175 0
176 -0.000757566
177 0
178 0
179 0.000757566
180 0.000378665
181 0
182 0
183 0
184 0
185 -0.000378665
186 0
187 0
188 0
189 0
190 -0.000757566
191 -0.000378665
192 0.000378665
193 0.000378665
194 0
195 0
196 -0.000378665
197 -0.000378665
198 0
199 -0.000378665
200 0
201 -0.000757566
202 0
203 0
204 0.000378665
205 0
206 0
207 -0.000378665
208 -0.000378665
209 -0.000757566
210 0
211 -0.000757566
212 -0.000378665
213 0.000378665
214 -0.000378665
215 0.000378665
216 -0.000378665
217 0.000378665
218 0
219 0.000378665
220 -0.000378665
221 -0.000378665
222 0
223 0
224 -0.000378665
225 -0.0011367
226 0
227 0.000378665
228 0
229 0.000378665
230 0
231 0.000378665
232 0.000378665
233 -0.000378665
234 0
235 0
236 0
237 -0.000378665
238 0.000757566
239 0
240 0
241 0.000378665
242 0.000757566
243 -0.000757566
244 0
245 -0.000378665
246 -0.000757566
247 0
248 -0.000378665
249 0.000378665
250 -0.000378665
251 0
252 0
253 0
254 0
255 -0.000378665
256 -0.000378665
257 0
258 -0.000378665
259 0
260 0.000757566
261 0.000378665
262 -0.000378665
263 0.000378665
264 0.000757566
265 0
266 0
267 0
268 -0.000378665
269 0
270 0
271 0.000757566
272 0.000378665
273 0
274 0
275 -0.000378665
276 0
277 0
278 -0.000378665
279 0
280 0.000757566
281 0
282 0
283 -0.000757566
284 -0.000378665
285 0
286 0.000378665
287 -0.000378665
288 0.000378665
289 -0.000757566
290 -0.000378665
291 0
292 -0.000378665
293 0
294 0
295 0
296 0
297 0.000378665
298 0
299 0.000757566
300 -0.000378665
301 0
302 0.000378665
303 0
304 0.000378665
305 0
306 0
307 -0.000378665
308 0.000378665
309 0.000378665
310 0
311 0
312 0
313 0
314 -0.000757566
315 0.000378665
316 -0.000378665
317 0
318 -0.000757566
319 0.000757566
320 0
321 0
322 0.000378665
323 0
324 0.000378665
325 0.000378665
326 -0.000378665
327 0.000378665
328 -0.000757566
329 0
330 0.000378665
331 0.000378665
332 -0.000757566
333 -0.000378665
334 0
335 0.000757566
336 -0.000378665
337 0.000378665
338 0.000378665
339 0.000378665
340 0
341 0.000378665
342 0.000378665
343 0.000757566
344 -0.000378665
345 0.000378665
346 0
347 0
348 0.000378665
349 0
350 0
351 -0.000378665
352 0
353 0
354 -0.000378665
355 0
356 0.000378665
357 -0.000378665
358 0
359 0.000757566
360 0
361 0
362 0
363 -0.000757566
364 0
365 0.000757566
366 -0.000757566
367 0.000757566
368 0.000378665
369 0.000378665
370 0
371 0.000757566
372 -0.000378665
373 -0.000378665
374 0
375 0
376 0
377 -0.000378665
378 0.000378665
379 0.000378665
380 -0.000757566
381 0.000378665
382 0
383 -0.000378665
384 0.486509
385 1.81342
386 2.66785
387 2.97324
388 3.03083
389 3.02136
390 3.00658
391 3.00166
392 2.99711
393 3.00924
394 2.99522
395 2.99749
396 3.00507
397 1.22613
398 0.368292
399 0.0640344
400 -0.00871474
401 -0.0215972
402 -0.0178084
403 -0.00985144
404 -0.00606219
405 -0.00454682
406 -0.00227341
407 -0.000378665
408 -0.000378665
409 -0.0011367
410 -0.000378665
411 -0.000378665
412 0.0011367
413 0
414 0.000378665
415 0
416 0
417 0
418 0
419 0.000378665
420 0.000378665
421 0
422 0.000378665
423 0
424 -0.000378665
425 -0.000378665
426 0
427 -0.000378665
428 0
429 0.000378665
430 0
431 -0.000378665
432 0.000378665
433 0
434 -0.000378665
435 0.000757566
436 -0.000378665
437 0
438 0.000378665
439 -0.000378665
440 0.000378665
441 -0.0011367
442 0.000378665
443 0.000378665
444 -0.000757566
445 0.000378665
446 0
447 -0.000378665
448 0.000757566
449 0.000378665
450 0
451 0.000378665
452 -0.000378665
453 0.000378665
454 0
455 -0.000757566
456 -0.000378665
457 0.0011367
458 0.000757566
459 -0.000757566
460 -0.000378665
461 0
462 -0.000378665
463 -0.0011367
464 0
465 -0.000757566
466 -0.000378665
467 0.000757566
468 0
469 0.000757566
470 0.000757566
471 0.000378665
472 -0.000378665
473 -0.000378665
474 0
475 -0.000378665
476 -0.000378665
477 0
478 -0.000378665
479 -0.000378665
480 -0.000757566
481 0.000378665
482 0
483 0
484 0
485 0
486 0
487 0.000757566
488 0.000378665
489 0
490 0.000378665
491 0.000378665
492 0
493 0
494 0
495 0.000378665
496 0
497 0.000378665
498 0.000378665
499 0
500 0
501 0.000378665
502 0.000378665
503 0.000757566
504 0.000378665
505 -0.0011367
506 0
507 0
508 0.000378665
509 0.000757566
510 0
511 -0.000378665
512 0
513 0.000378665
514 0
515 0.000378665
516 0
517 0
518 0.000757566
519 0.000757566
520 0.000757566
521 0
522 -0.000757566
523 0.000757566
524 0
525 0
526 0
527 0
528 0
529 0.000378665
530 -0.000378665
531 0
532 -0.000378665
533 -0.000378665
534 0
535 0
536 0.000378665
537 -0.000378665
538 0
539 0
540 0
541 0.000378665
542 0
543 0.000378665
544 0
545 -1.67209
546 -2.48408
547 -2.92512
548 -3.01492
549 -3.01871
550 -3.01113
551 -3.00924
552 -3.01265
553 -3.00621
554 -3.00962
555 -2.99408
556 -2.99863
557 -2.99825
558 -3.00848
559 -2.99408
560 -2.99863
561 -2.99332
562 -3.00621
563 -3.01075
564 -3.00052
565 -2.99294
566 -3.00583
567 -2.99976
568 -2.99976
569 -3.00848
570 -3.00317
571 -3.00052
572 -2.99522
573 -2.99749
574 -3.0028
575 -2.99673
576 -2.99673
577 -2.99522
578 -3.00583
579 -3.0028
580 -3.00431
581 -3.00393
582 -2.99484
583 -2.99825
584 -3.00545
585 -2.99673
586 -2.99067
587 -3.0009
588 -2.99749
589 -2.99749
590 -3.0028
591 -3.00469
592 -3.00507
593 -2.99105
594 -3.0009
595 -2.99446
596 -3.00128
597 -2.99673
598 -1.95854
599 -0.721807
600 -0.143225
601 0.00416792
602 0.0208394
603 0.0185662
604 0.0113668
605 0.00681999
606 0.00530439
607 0.00340988
608 0.0011367
609 0.0011367
610 -0.000378665
611 0
612 0.0011367
613 -0.000378665
614 0.000378665
615 0.000757566
616 0.000378665
617 0
618 -0.000378665
619 0
620 0
621 0
622 0
623 -0.000757566
624 -0.000378665
625 0
626 -0.000378665
627 -0.000757566
628 0.000378665
629 -0.000378665
630 0
631 0.000378665
632 0
633 0
634 0.000378665
635 0.000757566
636 -0.000378665
637 0.000378665
638 0.000378665
639 -0.000378665
640 0.000378665
641 -0.000378665
642 -0.000378665
643 -0.000378665
644 -0.000378665
645 0
646 0.000378665
647 0
648 0.000378665
649 0
650 0
651 -0.000378665
652 -0.000378665
653 -0.000378665
654 0
655 -0.000378665
656 0
657 0
658 0.00151537
659 0
660 -0.000757566
661 0
662 -0.000378665
663 0.000378665
664 -0.000378665
665 0.000378665
666 0.000378665
667 -0.000378665
668 0.000378665
669 -0.000757566
670 0
671 0
672 -0.000378665
673 0
674 0
675 0.000378665
676 -0.000378665
677 0
678 0.000757566
679 0.000378665
680 0
681 0.000378665
682 0.000378665
683 -0.000378665
684 0.000378665
685 0
686 0.000378665
687 0.000378665
688 0
689 0
690 -0.000378665
691 0.000378665
692 0
693 0
694 0.000378665
695 0.000378665
696 0.000757566
697 0
698 0
699 -0.000378665
700 0.000378665
701 0
702 0
703 0
704 0.000378665
705 0.990828
706 2.30978
707 2.84441
708 3.00734
709 3.03159
710 3.00848
711 3.00621
712 3.00242
713 2.99711
714 3.00431
715 2.99863
716 2.9956
717 2.9956
718 3.00431
719 3.00621
720 3.00658
721 2.99294
722 2.99105
723 3.01795
724 3.00658
725 3.00848
726 2.9937
727 3.00355
728 2.99863
729 3.0009
730 2.99749
731 2.98726
732 2.99181
733 2.99219
734 3.01151
735 2.9937
736 2.99256
737 2.99863
738 3.00242
739 3.0028
740 3.00052
741 3.00166
742 3.00014
743 2.99976
744 2.9865
745 3.0028
746 3.00204
747 2.98574
748 2.99635
749 3.01151
750 2.99256
751 3.00317
752 2.99787
753 3.0009
754 3.00355
755 3.00317
756 2.99711
757 3.00469
758 2.48181
759 1.03933
760 0.290996
761 0.0212183
762 -0.014398
763 -0.022355
764 -0.0162928
765 -0.00871474
766 -0.00606219
767 -0.00378878
768 -0.00189427
769 -0.000378665
770 -0.000757566
771 0
772 -0.000757566
773 0
774 0.000378665
775 0
776 -0.000378665
777 0
778 0.000378665
779 -0.000378665
780 0
781 0
782 0
783 -0.000378665
784 -0.000378665
785 0.000378665
786 0.000378665
787 0
788 0
789 -0.000378665
790 0
791 -0.000378665
792 0
793 0
794 -0.0011367
795 0
796 -0.000378665
797 -0.000378665
798 -0.000378665
799 0.000378665
800 -0.000378665
801 -0.000757566
802 0.000378665
803 0.000378665
804 0
805 -0.000378665
806 -0.000378665
807 0
808 -0.000378665
809 0.000378665
810 0
811 0
812 -0.000378665
813 0.000757566
814 0.000378665
815 0
816 -0.000378665
817 0.000378665
818 -0.000378665
819 0
820 0.000378665
821 0.000378665
822 0.000757566
823 -0.000378665
824 -0.000378665
825 0
826 0
827 0.000378665
828 -0.000378665
829 0.000378665
830 0
831 -0.000378665
832 0.000378665
833 0
834 -0.000378665
835 0
836 -0.000378665
837 0
838 0.000378665
839 0.000378665
840 0
841 0
842 0.000757566
843 0
844 0
845 0
846 -0.000757566
847 0
848 0.000378665
849 0
850 0.000378665
851 -0.000757566
852 0.000378665
853 -0.000757566
854 0
855 -0.000378665
856 0
857 -0.000378665
858 -0.000378665
859 -0.000378665
860 -0.000378665
861 -0.000757566
862 0.000757566
863 -0.000378665
864 -0.000757566
865 -0.509623
866 -1.98885
867 -2.74022
868 -2.99219
869 -3.02704
870 -3.01644
871 -3.00621
872 -3.01795
873 -3.00886
874 -3.00545
875 -2.99522
876 -2.99484
877 -2.99408
878 -2.99825
879 -2.99484
880 -3.00317
881 -2.99029
882 -3.00014
883 -3.00886
884 -3.00469
885 -2.99787
886 -2.99673
887 -3.00469
888 -3.00052
889 -2.99863
890 -2.99863
891 -2.99863
892 -3.00431
893 -2.9956
894 -3.00128
895 -2.9937
896 -2.99976
897 -3.00014
898 -2.9937
899 -3.0028
900 -2.99597
901 -2.99143
902 -2.99749
903 -3.0009
904 -3.00545
905 -3.00583
906 -2.99029
907 -3.00734
908 -3.00393
909 -3.00393
910 -2.99863
911 -3.00545
912 -2.99446
913 -2.99825
914 -3.00545
915 -3.00658
916 -3.00431
917 -2.99901
918 -2.99863
919 -1.29736
920 -0.373218
921 -0.0659289
922 0.00909364
923 0.0219761
924 0.0178084
925 0.00909364
926 0.00568329
927 0.00416792
928 0.00227341
929 0.000757566
930 -0.000378665
931 0
932 0.000378665
933 0.000378665
934 0.000378665
935 -0.000378665
936 0.000378665
937 0
938 0.000757566
939 -0.000757566
940 0.000378665
941 0
942 -0.000378665
943 -0.000757566
944 0.000378665
945 -0.000378665
946 -0.000378665
947 0.000757566
948 0
949 0.000757566
950 0
951 0.000757566
952 0
953 0.000378665
954 0
955 -0.000757566
956 0
957 -0.000378665
958 0
959 0
960 0
961 0.000757566
962 0
963 0
964 0.000378665
965 0
966 -0.000378665
967 0
968 0
969 0
970 0
971 -0.000757566
972 -0.000378665
973 0
974 0.000378665
975 0
976 0
977 0
978 0
979 0.000757566
980 0
981 0
982 0
983 0
984 0.000378665
985 0.000378665
986 0.000378665
987 -0.000378665
988 0
989 0.000378665
990 -0.000378665
991 -0.000757566
992 0.000378665
993 0.000378665
994 0.000757566
995 0
996 0
997 0
998 0
999 0.000378665
1000 0.000378665
1001 0.000378665
1002 0
1003 0
1004 -0.000378665
1005 -0.000378665
