0 88.2905
1 0
2 0
3 0
4 0
5 -88.2905
6 -176.581
7 88.2905
8 88.2905
9 0
10 0
11 0
12 -88.2905
13 0
14 88.2905
15 -88.2905
16 88.2905
17 0
18 -88.2905
19 176.581
20 0
21 88.2905
22 -176.581
23 -88.2905
24 88.2905
25 0
26 -88.2905
27 0
28 0
29 0
30 0
31 -88.2905
32 0
33 88.2905
34 0
35 0
36 -176.581
37 0
38 0
39 176.581
40 88.2905
41 88.2905
42 0
43 -88.2905
44 88.2905
45 0
46 88.2905
47 88.2905
48 0
49 88.2905
50 -88.2905
51 0
52 0
53 88.2905
54 0
55 88.2905
56 0
57 -88.2905
58 0
59 -88.2905
60 88.2905
61 -88.2905
62 88.2905
63 88.2905
64 0
65 -88.2905
66 0
67 0
68 0
69 0
70 176.581
71 -176.581
72 0
73 0
74 -88.2905
75 88.2905
76 88.2905
77 -88.2905
78 -88.2905
79 0
80 -88.2905
81 -88.2905
82 88.2905
83 88.2905
84 0
85 0
86 0
87 -176.581
88 -88.2905
89 -88.2905
90 88.2905
91 0
92 -88.2905
93 0
94 0
95 -88.2905
96 88.2905
97 0
98 88.2905
99 0
100 0
101 -88.2905
102 0
103 0
104 -88.2905
105 0
106 88.2905
107 -88.2905
108 -88.2905
109 0
110 176.581
111 -88.2905
112 0
113 0
114 -88.2905
115 0
116 0
117 -176.581
118 0
119 -88.2905
120 88.2905
121 0
122 176.581
123 -88.2905
124 88.2905
125 -88.2905
126 -176.581
127 88.2905
128 88.2905
129 -88.2905
130 0
131 88.2905
132 -88.2905
133 0
134 0
135 88.2905
136 88.2905
137 176.581
138 0
139 -88.2905
140 -88.2905
141 0
142 0
143 -88.2905
144 0
145 0
146 0
147 0
148 88.2905
149 88.2905
150 88.2905
151 88.2905
152 -88.2905
153 176.581
154 0
155 0
156 88.2905
157 -88.2905
158 0
159 -88.2905
160 -88.2905
161 -88.2905
162 -88.2905
163 0
164 0
165 0
166 88.2905
167 88.2905
168 176.581
169 -88.2905
170 -88.2905
171 88.2905
172 88.2905
173 88.2905
174 -88.2905
175 0
176 -88.2905
177 -88.2905
178 -88.2905
179 0
180 88.2905
181 88.2905
182 0
183 -88.2905
184 0
185 88.2905
186 0
187 -176.581
188 88.2905
189 -88.2905
190 0
191 88.2905
192 0
193 -88.2905
194 -88.2905
195 0
196 0
197 0
198 88.2905
199 0
200 0
201 88.2905
202 -88.2905
203 88.2905
204 0
205 0
206 -264.871
207 176.581
208 0
209 -176.581
210 -88.2905
211 0
212 -88.2905
213 0
214 0
215 0
216 88.2905
217 -176.581
218 -176.581
219 0
220 88.2905
221 88.2905
222 0
223 -88.2905
224 0
225 -88.2905
226 88.2905
227 0
228 0
229 -88.2905
230 88.2905
231 -88.2905
232 88.2905
233 0
234 -88.2905
235 88.2905
236 0
237 0
238 88.2905
239 176.581
240 0
241 0
242 -176.581
243 88.2905
244 -88.2905
245 176.581
246 0
247 88.2905
248 -88.2905
249 -88.2905
250 0
251 0
252 0
253 88.2905
254 176.581
255 176.581
256 0
257 -176.581
258 88.2905
259 0
260 0
261 88.2905
262 88.2905
263 88.2905
264 88.2905
265 0
266 176.581
267 0
268 -88.2905
269 88.2905
270 -176.581
271 -176.581
272 176.581
273 88.2905
274 0
275 0
276 0
277 -88.2905
278 88.2905
279 176.581
280 0
281 0
282 0
283 0
284 0
285 -88.2905
286 0
287 0
288 -176.581
289 0
290 0
291 -88.2905
292 0
293 -264.871
294 88.2905
295 88.2905
296 0
297 88.2905
298 -88.2905
299 88.2905
300 88.2905
301 -176.581
302 -176.581
303 176.581
304 0
305 88.2905
306 -176.581
307 0
308 0
309 0
310 0
311 0
312 88.2905
313 0
314 -176.581
315 0
316 0
317 88.2905
318 88.2905
319 0
320 -88.2905
321 88.2905
322 0
323 -88.2905
324 88.2905
325 -88.2905
326 -88.2905
327 0
328 88.2905
329 88.2905
330 88.2905
331 0
332 0
333 0
334 -176.581
335 -88.2905
336 -88.2905
337 88.2905
338 -88.2905
339 88.2905
340 0
341 0
342 0
343 88.2905
344 88.2905
345 0
346 -88.2905
347 -88.2905
348 -88.2905
349 0
350 88.2905
351 -176.581
352 0
353 88.2905
354 -88.2905
355 -88.2905
356 0
357 88.2905
358 0
359 -88.2905
360 0
361 0
362 88.2905
363 -88.2905
364 88.2905
365 -88.2905
366 88.2905
367 0
368 -88.2905
369 0
370 0
371 -88.2905
372 -88.2905
373 88.2905
374 -88.2905
375 88.2905
376 -88.2905
377 0
378 0
379 176.581
380 0
381 0
382 88.2905
383 88.2905
384 0
385 0
386 0
387 88.2905
388 0
389 0
390 88.2905
391 0
392 0
393 0
394 -176.581
395 88.2905
396 0
397 88.2905
398 0
399 88.2905
400 0
401 176.581
402 88.2905
403 88.2905
404 0
405 0
406 88.2905
407 0
408 0
409 0
410 0
411 0
412 -88.2905
413 88.2905
414 176.581
415 0
416 88.2905
417 0
418 0
419 0
420 88.2905
421 -88.2905
422 176.581
423 0
424 176.581
425 0
426 88.2905
427 0
428 0
429 88.2905
430 88.2905
431 176.581
432 -88.2905
433 0
434 0
435 -88.2905
436 88.2905
437 -88.2905
438 88.2905
439 0
440 0
441 0
442 -88.2905
443 -88.2905
444 88.2905
445 -88.2905
446 0
447 -88.2905
448 88.2905
449 0
450 0
451 -88.2905
452 0
453 -176.581
454 0
455 -88.2905
456 176.581
457 -88.2905
458 -88.2905
459 176.581
460 88.2905
461 0
462 -88.2905
463 -88.2905
464 88.2905
465 0
466 88.2905
467 176.581
468 0
469 0
470 0
471 0
472 88.2905
473 0
474 0
475 0
476 176.581
477 176.581
478 -176.581
479 -176.581
480 0
481 0
482 0
483 -88.2905
484 -88.2905
485 0
486 176.581
487 0
488 -88.2905
489 88.2905
490 -88.2905
491 88.2905
492 -88.2905
493 -264.871
494 0
495 88.2905
496 88.2905
497 0
498 0
499 0
500 0
501 -176.581
502 0
503 -176.581
504 -88.2905
505 0
506 0
507 176.581
508 0
509 0
510 -88.2905
511 -88.2905
512 0
513 88.2905
514 88.2905
515 -88.2905
516 -88.2905
517 88.2905
518 0
519 -176.581
520 88.2905
521 -176.581
522 -264.871
523 176.581
524 -88.2905
525 88.2905
526 176.581
527 0
528 0
529 -88.2905
530 176.581
531 0
532 -88.2905
533 176.581
534 88.2905
535 0
536 -264.871
537 0
538 0
539 -176.581
540 0
541 -88.2905
542 176.581
543 0
544 -88.2905
545 0
546 -88.2905
547 0
548 88.2905
549 0
550 176.581
551 88.2905
552 0
553 0
554 0
555 0
556 0
557 0
558 0
559 0
560 -176.581
561 0
562 -88.2905
563 0
564 0
565 88.2905
566 0
567 0
568 0
569 -88.2905
570 -88.2905
571 -88.2905
572 0
573 0
574 0
575 0
576 0
577 0
578 88.2905
579 0
580 88.2905
581 -88.2905
582 88.2905
583 88.2905
584 0
585 0
586 88.2905
587 176.581
588 176.581
589 0
590 0
591 88.2905
592 88.2905
593 88.2905
594 -88.2905
595 88.2905
596 88.2905
597 0
598 -176.581
599 -88.2905
600 -88.2905
601 -88.2905
602 88.2905
603 -88.2905
604 0
605 -88.2905
606 88.2905
607 0
608 0
609 88.2905
610 0
611 0
612 88.2905
613 -88.2905
614 -88.2905
615 0
616 -88.2905
617 -88.2905
618 0
619 -88.2905
620 -176.581
621 -176.581
622 88.2905
623 88.2905
624 0
625 -88.2905
626 -88.2905
627 0
628 -88.2905
629 -88.2905
630 -88.2905
631 0
632 0
633 -88.2905
634 0
635 -88.2905
636 88.2905
637 0
638 88.2905
639 0
640 0
641 -88.2905
642 0
643 88.2905
644 0
645 -88.2905
646 -176.581
647 -88.2905
648 88.2905
649 88.2905
650 88.2905
651 176.581
652 -88.2905
653 -88.2905
654 0
655 0
656 0
657 0
658 88.2905
659 -88.2905
660 88.2905
661 0
662 264.871
663 88.2905
664 -88.2905
665 0
666 0
667 0
668 0
669 88.2905
670 -88.2905
671 -88.2905
672 -176.581
673 -88.2905
674 0
675 0
676 0
677 88.2905
678 0
679 88.2905
680 0
681 -88.2905
682 0
683 -88.2905
684 0
685 88.2905
686 0
687 176.581
688 0
689 -88.2905
690 -88.2905
691 0
692 0
693 -88.2905
694 -88.2905
695 0
696 0
697 0
698 176.581
699 88.2905
700 -88.2905
701 -88.2905
702 88.2905
703 0
704 0
705 88.2905
706 -88.2905
707 -88.2905
708 0
709 88.2905
710 0
711 88.2905
712 88.2905
713 88.2905
714 0
715 0
716 88.2905
717 0
718 88.2905
719 0
720 0
721 88.2905
722 0
723 -176.581
724 -88.2905
725 0
726 0
727 0
728 0
729 88.2905
730 0
731 88.2905
732 0
733 0
734 0
735 0
736 -88.2905
737 -88.2905
738 0
739 -176.581
740 88.2905
741 -88.2905
742 0
743 88.2905
744 0
745 -176.581
746 0
747 0
748 0
749 -88.2905
750 -88.2905
751 176.581
752 88.2905
753 -88.2905
754 88.2905
755 0
756 88.2905
757 0
758 176.581
759 0
760 0
761 0
762 -176.581
763 176.581
764 -176.581
765 0
766 -88.2905
767 0
768 -88.2905
769 -88.2905
770 0
771 88.2905
772 0
773 0
774 0
775 0
776 0
777 0
778 0
779 0
780 -88.2905
781 -88.2905
782 0
783 0
784 -88.2905
785 0
786 0
787 -88.2905
788 0
789 0
790 0
791 0
792 -88.2905
793 0
794 88.2905
795 0
796 0
797 0
798 -176.581
799 -264.871
800 0
801 0
802 -88.2905
803 -88.2905
804 -176.581
805 0
806 -88.2905
807 -88.2905
808 88.2905
809 0
810 88.2905
811 0
812 0
813 88.2905
814 176.581
815 0
816 -88.2905
817 -264.871
818 0
819 -264.871
820 -88.2905
821 0
822 88.2905
823 0
824 -264.871
825 88.2905
826 0
827 0
828 264.871
829 88.2905
830 0
831 0
832 -88.2905
833 0
834 0
835 -88.2905
836 0
837 -88.2905
838 -88.2905
839 88.2905
840 88.2905
841 88.2905
842 -88.2905
843 176.581
844 -88.2905
845 -88.2905
846 0
847 0
848 176.581
849 -88.2905
850 -88.2905
851 -88.2905
852 0
853 0
854 0
855 88.2905
856 -88.2905
857 88.2905
858 88.2905
859 -88.2905
860 -88.2905
861 88.2905
862 -88.2905
863 -88.2905
864 0
865 0
866 -176.581
867 -88.2905
868 0
869 -88.2905
870 88.2905
871 88.2905
872 0
873 88.2905
874 -88.2905
875 88.2905
876 0
877 0
878 0
879 0
880 0
881 -88.2905
882 0
883 -176.581
884 0
885 0
886 0
887 -88.2905
888 88.2905
889 -176.581
890 0
891 -88.2905
892 88.2905
893 0
894 -88.2905
895 0
896 -176.581
897 0
898 88.2905
899 0
900 0
901 -264.871
902 -88.2905
903 0
904 -176.581
905 176.581
906 176.581
907 88.2905
908 0
909 0
910 88.2905
911 88.2905
912 0
913 -88.2905
914 0
915 0
916 -88.2905
917 88.2905
918 0
919 0
920 -88.2905
921 88.2905
922 0
923 -176.581
924 0
925 -88.2905
926 -176.581
927 176.581
928 176.581
929 176.581
930 0
931 -176.581
932 -176.581
933 0
934 -88.2905
935 -88.2905
936 88.2905
937 88.2905
938 88.2905
939 0
940 88.2905
941 -88.2905
942 0
943 0
944 88.2905
945 176.581
946 0
947 0
948 -88.2905
949 88.2905
950 0
951 0
952 88.2905
953 -88.2905
954 -176.581
955 0
956 0
957 -176.581
958 0
959 176.581
960 -88.2905
961 0
962 88.2905
963 0
964 176.581
965 0
966 0
967 -88.2905
968 0
969 0
970 -88.2905
971 0
972 -88.2905
973 0
974 -88.2905
975 176.581
976 0
977 0
978 88.2905
979 88.2905
980 0
981 -88.2905
982 0
983 0
984 -88.2905
985 -88.2905
986 0
987 -176.581
988 -176.581
989 -88.2905
990 0
991 0
992 0
993 0
994 0
995 176.581
996 88.2905
997 -88.2905
998 88.2905
999 -176.581
1000 -88.2905
1001 88.2905
1002 0
1003 0
1004 88.2905
1005 -88.2905
1006 -88.2905
1007 88.2905
1008 -176.581
1009 -88.2905
1010 -88.2905
1011 88.2905
1012 0
1013 -88.2905
1014 -88.2905
1015 0
1016 -88.2905
1017 -88.2905
1018 0
1019 0
1020 0
1021 88.2905
1022 176.581
1023 0
1024 -88.2905
1025 0
1026 88.2905
1027 88.2905
1028 0
1029 0
1030 -88.2905
1031 0
1032 0
1033 0
1034 0
1035 0
1036 88.2905
1037 88.2905
1038 176.581
1039 0
1040 -88.2905
1041 -88.2905
1042 0
1043 0
1044 0
1045 176.581
1046 -176.581
1047 -88.2905
1048 88.2905
1049 -176.581
1050 -176.581
1051 0
1052 0
1053 88.2905
1054 0
1055 0
1056 88.2905
1057 -88.2905
1058 88.2905
1059 0
1060 -88.2905
1061 88.2905
1062 0
1063 88.2905
1064 -88.2905
1065 0
1066 0
1067 -88.2905
1068 -88.2905
1069 0
1070 -88.2905
1071 0
1072 -88.2905
1073 353.162
1074 -88.2905
1075 -176.581
1076 0
1077 88.2905
1078 88.2905
1079 0
1080 0
1081 176.581
1082 88.2905
1083 0
1084 0
1085 0
1086 88.2905
1087 88.2905
1088 88.2905
1089 0
1090 88.2905
1091 -88.2905
1092 0
1093 176.581
1094 0
1095 0
1096 -88.2905
1097 -88.2905
1098 -88.2905
1099 -176.581
1100 0
1101 176.581
1102 88.2905
1103 176.581
1104 -88.2905
1105 -176.581
1106 0
1107 0
1108 -88.2905
1109 0
1110 0
1111 0
1112 -88.2905
1113 0
1114 0
1115 0
1116 0
1117 88.2905
1118 -176.581
1119 0
1120 0
1121 88.2905
1122 -176.581
1123 0
1124 0
1125 88.2905
1126 -264.871
1127 176.581
1128 88.2905
1129 0
1130 -88.2905
1131 0
1132 0
1133 0
1134 0
1135 0
1136 -88.2905
1137 0
1138 0
1139 0
1140 0
1141 88.2905
1142 -88.2905
1143 -88.2905
1144 0
1145 88.2905
1146 0
1147 0
1148 88.2905
1149 176.581
1150 -88.2905
1151 0
1152 0
1153 0
1154 0
1155 0
1156 0
1157 -88.2905
1158 0
1159 -88.2905
1160 -88.2905
1161 176.581
1162 88.2905
1163 88.2905
1164 -88.2905
1165 88.2905
1166 -176.581
1167 88.2905
1168 88.2905
1169 88.2905
1170 -88.2905
1171 0
1172 88.2905
1173 0
1174 0
1175 0
1176 -88.2905
1177 264.871
1178 -88.2905
1179 -88.2905
1180 0
1181 88.2905
1182 -176.581
1183 -176.581
1184 176.581
1185 -88.2905
1186 -88.2905
1187 0
1188 88.2905
1189 88.2905
1190 -88.2905
1191 88.2905
1192 176.581
1193 -176.581
1194 88.2905
1195 0
1196 88.2905
1197 88.2905
1198 -88.2905
1199 88.2905
1200 -88.2905
1201 88.2905
1202 -88.2905
1203 88.2905
1204 88.2905
1205 0
1206 0
1207 88.2905
1208 0
1209 88.2905
1210 88.2905
1211 -88.2905
1212 -88.2905
1213 -88.2905
1214 0
1215 88.2905
1216 -88.2905
1217 88.2905
1218 0
1219 0
1220 88.2905
1221 88.2905
1222 0
1223 0
1224 0
1225 -88.2905
1226 0
1227 0
1228 0
1229 0
1230 -88.2905
1231 0
1232 176.581
1233 0
1234 88.2905
1235 -88.2905
1236 88.2905
1237 0
1238 88.2905
1239 176.581
1240 -88.2905
1241 264.871
1242 -88.2905
1243 -264.871
1244 0
1245 88.2905
1246 176.581
1247 176.581
1248 88.2905
1249 -176.581
1250 176.581
1251 0
1252 -176.581
1253 0
1254 -88.2905
1255 88.2905
1256 0
1257 -88.2905
1258 -176.581
1259 -88.2905
1260 -88.2905
1261 -88.2905
1262 -88.2905
1263 0
1264 -88.2905
1265 88.2905
1266 88.2905
1267 88.2905
1268 -88.2905
1269 -88.2905
1270 -264.871
1271 264.871
1272 88.2905
1273 88.2905
1274 0
1275 88.2905
1276 0
1277 0
1278 -88.2905
1279 88.2905
1280 0
1281 0
1282 -88.2905
1283 176.581
1284 176.581
1285 -88.2905
1286 -88.2905
1287 176.581
1288 0
1289 0
1290 -88.2905
1291 0
1292 88.2905
1293 0
1294 -88.2905
1295 -176.581
1296 0
1297 88.2905
1298 -88.2905
1299 0
1300 0
1301 -176.581
1302 -88.2905
1303 264.871
1304 88.2905
1305 88.2905
1306 88.2905
1307 -176.581
1308 0
1309 0
1310 0
1311 0
1312 0
1313 88.2905
1314 264.871
1315 0
1316 88.2905
1317 88.2905
1318 88.2905
1319 0
1320 88.2905
1321 0
1322 0
1323 88.2905
1324 88.2905
1325 0
1326 -88.2905
1327 88.2905
1328 -88.2905
1329 0
1330 176.581
1331 176.581
1332 88.2905
1333 -88.2905
1334 -88.2905
1335 176.581
1336 0
1337 0
1338 88.2905
1339 -88.2905
1340 0
1341 -88.2905
1342 -176.581
1343 0
1344 0
1345 -88.2905
1346 0
1347 88.2905
1348 -88.2905
1349 176.581
1350 0
1351 0
1352 0
1353 -88.2905
1354 0
1355 176.581
1356 -88.2905
1357 0
1358 88.2905
1359 0
1360 88.2905
1361 0
1362 264.871
1363 0
1364 -88.2905
1365 0
1366 88.2905
1367 0
1368 -88.2905
1369 88.2905
1370 0
1371 0
1372 0
1373 88.2905
1374 88.2905
1375 88.2905
1376 0
1377 0
1378 -176.581
1379 -88.2905
1380 0
1381 -88.2905
1382 0
1383 88.2905
1384 0
1385 0
1386 88.2905
1387 0
1388 176.581
1389 176.581
1390 0
1391 88.2905
1392 0
1393 -88.2905
1394 0
1395 88.2905
1396 -88.2905
1397 -176.581
1398 88.2905
1399 0
1400 88.2905
1401 88.2905
1402 0
1403 88.2905
1404 0
1405 0
1406 -176.581
1407 0
1408 -176.581
1409 0
1410 0
1411 -88.2905
1412 0
1413 176.581
1414 88.2905
1415 88.2905
1416 -88.2905
1417 0
1418 176.581
1419 -88.2905
1420 0
1421 0
1422 -88.2905
1423 176.581
1424 -88.2905
1425 0
1426 88.2905
1427 176.581
1428 0
1429 88.2905
1430 88.2905
1431 88.2905
1432 176.581
1433 -176.581
1434 88.2905
1435 88.2905
1436 -353.162
1437 0
1438 88.2905
1439 -88.2905
1440 88.2905
1441 0
1442 -88.2905
1443 88.2905
1444 0
1445 -88.2905
1446 -88.2905
1447 0
1448 0
1449 0
1450 -88.2905
1451 0
1452 -88.2905
1453 -176.581
1454 0
1455 -176.581
1456 88.2905
1457 0
1458 88.2905
1459 -88.2905
1460 0
1461 0
1462 0
1463 -88.2905
1464 0
1465 -88.2905
1466 88.2905
1467 -176.581
1468 -88.2905
1469 88.2905
1470 0
1471 0
1472 -88.2905
1473 -176.581
1474 88.2905
1475 0
1476 0
1477 -88.2905
1478 -88.2905
1479 0
1480 0
1481 -88.2905
1482 -88.2905
1483 0
1484 0
1485 0
1486 -88.2905
1487 0
1488 0
1489 88.2905
1490 0
1491 88.2905
1492 88.2905
1493 0
1494 0
1495 -88.2905
1496 0
1497 -88.2905
1498 0
1499 88.2905
1500 0
1501 0
1502 0
1503 -88.2905
1504 0
1505 0
1506 0
1507 -88.2905
1508 0
1509 176.581
1510 -88.2905
1511 -176.581
1512 -176.581
1513 88.2905
1514 0
1515 -88.2905
1516 -88.2905
1517 176.581
1518 0
1519 264.871
1520 0
1521 0
1522 -88.2905
1523 0
1524 0
1525 0
1526 0
1527 0
1528 0
1529 -176.581
1530 0
1531 88.2905
1532 0
1533 88.2905
1534 88.2905
1535 0
1536 0
1537 -88.2905
1538 -88.2905
1539 0
1540 -88.2905
1541 0
1542 0
1543 -176.581
1544 -88.2905
1545 88.2905
1546 88.2905
1547 0
1548 176.581
1549 0
1550 176.581
1551 0
1552 88.2905
1553 0
1554 -176.581
1555 0
1556 0
1557 -88.2905
1558 88.2905
1559 -88.2905
1560 0
1561 -88.2905
1562 -88.2905
1563 -176.581
1564 -88.2905
1565 -176.581
1566 -88.2905
1567 176.581
1568 -88.2905
1569 -176.581
1570 88.2905
1571 0
1572 -176.581
1573 0
1574 0
1575 -88.2905
1576 0
1577 0
1578 0
1579 0
1580 0
1581 88.2905
1582 0
1583 0
1584 88.2905
1585 88.2905
1586 -88.2905
1587 88.2905
1588 176.581
1589 0
1590 -88.2905
1591 88.2905
1592 -88.2905
1593 -176.581
1594 0
1595 -88.2905
1596 176.581
1597 -88.2905
1598 176.581
1599 -176.581
1600 0
1601 -88.2905
1602 88.2905
1603 -88.2905
1604 88.2905
1605 88.2905
1606 176.581
1607 0
1608 -88.2905
1609 88.2905
1610 0
1611 -88.2905
1612 0
1613 -88.2905
1614 -176.581
1615 -88.2905
1616 0
1617 -88.2905
1618 0
1619 88.2905
1620 88.2905
1621 -88.2905
1622 88.2905
1623 88.2905
1624 176.581
1625 0
1626 -88.2905
1627 88.2905
1628 88.2905
1629 0
1630 88.2905
1631 0
1632 88.2905
1633 0
1634 -88.2905
1635 0
1636 -176.581
1637 -88.2905
1638 -176.581
1639 88.2905
1640 88.2905
1641 176.581
1642 88.2905
1643 0
1644 88.2905
1645 88.2905
1646 -88.2905
1647 -88.2905
1648 -88.2905
1649 0
1650 0
1651 0
1652 -176.581
1653 88.2905
1654 0
1655 0
1656 0
1657 0
1658 88.2905
1659 -88.2905
1660 88.2905
1661 88.2905
1662 -88.2905
1663 88.2905
1664 0
1665 176.581
1666 0
1667 0
1668 0
1669 0
1670 0
1671 88.2905
1672 -88.2905
1673 -88.2905
1674 88.2905
1675 0
1676 88.2905
1677 176.581
1678 0
1679 264.871
1680 0
1681 -88.2905
1682 -88.2905
1683 -176.581
1684 -88.2905
1685 -176.581
1686 88.2905
1687 -88.2905
1688 -176.581
