0 0
1 0
2 0
3 0
4 0
5 0
6 0
7 0
8 0
9 0
10 0
11 0
12 0
13 0
14 0
15 0
16 0
17 0
18 0
19 0
20 0
21 0
22 0
23 0
24 0
25 0
26 0
27 0
28 0
29 0
30 0
31 0
32 0
33 0
34 0
35 0
36 0
37 0
38 0
39 0
40 0
41 0
42 0
43 0
44 0
45 0
46 0
47 0
48 0
49 0
50 0
51 0
52 0
53 0
54 0
55 0
56 0
57 0
58 0
59 0
60 0
61 0
62 0
63 0
64 0
65 0
66 0
67 0
68 0
69 0
70 0
71 0
72 0
73 0
74 0
75 0
76 0
77 0
78 0
79 0
80 0
81 0
82 0
83 0
84 0
85 0
86 0
87 0
88 0
89 0
90 0
91 0
92 0
93 0
94 0
95 0
96 0
97 0
98 0
99 0
100 0
101 0
102 0
103 0
104 0
105 0
106 0
107 0
108 0
109 0
110 0
111 -0.00121
112 0
113 -0.00121
114 -0.00121
115 -0.00121
116 -0.00121
117 -0.00121
118 -0.00121
119 -0.00121
120 -0.00121
121 -0.00121
122 -0.00121
123 -0.00121
124 -0.00121
125 -0.00121
126 -0.00242
127 -0.00242
128 -0.00242
129 -0.00242
130 -0.00242
131 -0.00242
132 -0.00242
133 -0.00242
134 -0.00242
135 -0.00242
136 -0.00242
137 -0.00242
138 -0.00242
139 -0.00242
140 -0.00242
141 -0.00242
142 -0.00242
143 -0.00242
144 -0.00242
145 -0.00242
146 -0.00242
147 -0.00242
148 -0.00242
149 -0.00242
150 -0.00242
151 -0.00242
152 -0.00242
153 -0.00242
154 -0.00242
155 -0.00242
156 -0.00242
157 -0.00242
158 -0.00242
159 -0.00242
160 -0.00242
161 -0.00242
162 -0.00242
163 -0.00242
164 -0.00242
165 -0.00242
166 -0.00242
167 -0.00242
168 -0.00242
169 -0.00242
170 -0.00242
171 -0.00242
172 -0.00242
173 -0.00242
174 -0.00242
175 -0.00242
176 -0.00242
177 -0.00242
178 -0.00242
179 -0.00242
180 -0.00242
181 -0.00242
182 -0.00242
183 -0.00242
184 -0.00242
185 -0.00242
186 -0.00242
187 -0.00242
188 -0.00242
189 -0.00242
190 -0.00242
191 -0.00242
192 -0.00242
193 -0.00242
194 -0.00242
195 -0.00242
196 -0.00242
197 -0.00242
198 -0.00242
199 -0.00242
200 -0.00242
201 -0.00242
202 -0.00242
203 -0.00242
204 -0.00242
205 -0.00242
206 -0.00242
207 -0.00242
208 -0.00242
209 -0.00242
210 -0.00242
211 -0.00242
212 -0.00242
213 -0.00242
214 -0.00242
215 -0.00242
216 -0.00242
217 -0.00242
218 -0.00242
219 -0.00242
220 -0.00242
221 -0.00242
222 -0.00242
223 -0.00242
224 -0.00242
225 -0.00242
226 -0.00242
227 -0.00605
228 -0.00847
229 -0.00968
230 -0.0121
231 -0.01331
232 -0.01452
233 -0.01573
234 -0.01694
235 -0.01694
236 -0.01815
237 -0.01815
238 -0.01936
239 -0.01936
240 -0.02057
241 -0.02057
242 -0.02057
243 -0.02057
244 -0.02178
245 -0.02178
246 -0.02178
247 -0.02178
248 -0.02178
249 -0.02178
250 -0.02178
251 -0.02178
252 -0.02178
253 -0.02178
254 -0.02178
255 -0.02178
256 -0.02178
257 -0.02178
258 -0.02178
259 -0.02178
260 -0.02178
261 -0.02178
262 -0.02178
263 -0.02178
264 -0.02178
265 -0.02178
266 -0.02178
267 -0.02178
268 -0.02178
269 -0.02178
270 -0.02178
271 -0.02178
272 -0.02178
273 -0.02178
274 -0.02057
275 -0.02057
276 -0.02057
277 -0.02057
278 -0.02057
279 -0.02057
280 -0.02057
281 -0.02057
282 -0.02057
283 -0.02057
284 -0.02057
285 -0.02057
286 -0.02057
287 -0.02057
288 -0.02057
289 -0.02057
290 -0.02057
291 -0.02057
292 -0.02057
293 -0.02057
294 -0.02057
295 -0.02057
296 -0.02057
297 -0.02057
298 -0.02057
299 -0.02057
300 -0.02057
301 -0.02057
302 -0.02057
303 -0.02057
304 -0.02057
305 -0.02057
306 -0.02057
307 -0.01936
308 -0.02057
309 -0.01936
310 -0.02057
311 -0.02057
312 -0.02057
313 -0.02057
314 -0.02057
315 -0.01936
316 -0.02057
317 -0.01936
318 -0.01936
319 -0.01936
320 -0.02057
321 -0.01936
322 -0.01936
323 -0.01936
324 -0.01936
325 -0.01936
326 -0.01936
327 -0.01936
328 -0.01936
329 -0.01936
330 -0.01936
331 -0.01936
332 -0.01936
333 -0.01936
334 -0.01936
335 -0.01936
336 -0.01936
337 -0.01936
338 -0.01936
339 -0.01936
340 -0.01936
341 -0.01936
342 -0.01936
343 -0.01936
344 -0.01936
345 -0.01936
346 -0.01936
347 -0.01936
348 -0.01936
349 -0.01936
350 -0.01936
351 -0.01936
352 -0.01936
353 -0.01936
354 -0.01936
355 -0.01936
356 -0.01936
357 -0.01936
358 -0.01936
359 -0.01936
360 -0.01936
361 -0.01936
362 -0.01936
363 -0.01936
364 -0.01936
365 -0.01936
366 -0.01936
367 -0.01936
368 -0.01936
369 -0.01936
370 -0.01936
371 -0.01936
372 -0.01936
373 -0.01936
374 -0.01936
375 -0.01936
376 -0.01936
377 -0.01936
378 -0.01936
379 -0.01936
380 -0.01936
381 -0.01936
382 -0.01936
383 -0.01936
384 -0.01936
385 -0.01936
386 -0.01936
387 -0.10285
388 -0.18271
389 -0.24805
390 -0.17182
391 -0.11616
392 -0.09801
393 -0.08954
394 -0.08591
395 -0.08833
396 -0.08228
397 -0.08107
398 -0.08591
399 0.00121
400 0.07623
401 0.11374
402 0.02904
403 -0.00726
404 0.02178
405 0.03388
406 0.02904
407 0.02662
408 0.02662
409 0.02662
410 0.02662
411 0.02541
412 0.02541
413 0.02541
414 0.0242
415 0.0242
416 0.02299
417 0.02299
418 0.02178
419 0.02178
420 0.02057
421 0.02057
422 0.02057
423 0.01936
424 0.01936
425 0.01936
426 0.01815
427 0.01815
428 0.01815
429 0.01694
430 0.01694
431 0.01694
432 0.01694
433 0.01694
434 0.01573
435 0.01573
436 0.01573
437 0.01573
438 0.01573
439 0.01573
440 0.01573
441 0.01573
442 0.01573
443 0.01452
444 0.01452
445 0.01452
446 0.01452
447 0.01452
448 0.01452
449 0.01452
450 0.01452
451 0.01452
452 0.01452
453 0.01452
454 0.01452
455 0.01452
456 0.01452
457 0.01452
458 0.01452
459 0.01452
460 0.01452
461 0.01452
462 0.01452
463 0.01452
464 0.01452
465 0.01452
466 0.01452
467 0.01452
468 0.01452
469 0.01452
470 0.01452
471 0.01452
472 0.01452
473 0.01452
474 0.01452
475 0.01452
476 0.01452
477 0.01452
478 0.01452
479 0.01452
480 0.01452
481 0.01331
482 0.01452
483 0.01331
484 0.01452
485 0.01331
486 0.01452
487 0.01452
488 0.01331
489 0.01331
490 0.01452
491 0.01452
492 0.01331
493 0.01331
494 0.01331
495 0.01331
496 0.01452
497 0.01331
498 0.01331
499 0.01452
500 0.01452
501 0.01331
502 0.01452
503 0.01331
504 0.01331
505 0.01331
506 0.01331
507 0.01452
508 0.01331
509 0.01331
510 0.01452
511 0.01452
512 0.01452
513 0.01331
514 0.01331
515 0.01452
516 0.01452
517 0.01331
518 0.01452
519 0.01452
520 0.01331
521 0.01452
522 0.01452
523 0.01452
524 0.01452
525 0.01452
526 0.01452
527 0.01452
528 0.01452
529 0.01331
530 0.01331
531 0.01331
532 0.01331
533 0.01331
534 0.01331
535 0.01331
536 0.01452
537 0.01331
538 0.01331
539 0.01331
540 0.01331
541 0.01452
542 0.01331
543 0.01331
544 0.01331
545 0.01331
546 0.01331
547 0.01331
548 0.15367
549 0.22748
550 0.21175
551 0.13794
552 0.11011
553 0.09196
554 0.08954
555 0.09559
556 0.09801
557 0.08954
558 0.09317
559 0.03146
560 -0.04719
561 -0.09922
562 -0.04114
563 -0.00242
564 0.00605
565 -0.02904
566 -0.03388
567 -0.02904
568 -0.03025
569 -0.03025
570 -0.03025
571 -0.02904
572 -0.02904
573 -0.02783
574 -0.02662
575 -0.02662
576 -0.02541
577 -0.02541
578 -0.0242
579 -0.0242
