0 13.9373
1 13.9373
2 13.9373
3 13.9373
4 13.9373
5 13.9373
6 13.9373
7 13.9373
8 13.9373
9 13.9373
10 13.9373
11 13.9373
12 13.9373
13 13.9373
14 13.9373
15 13.9373
16 13.9373
17 13.9373
18 13.9373
19 13.9373
20 13.9373
21 13.9373
22 13.9373
23 13.9373
24 13.9373
25 13.9373
26 13.9373
27 13.9373
28 13.9373
29 13.9373
30 13.9373
31 13.9373
32 13.9373
33 13.9373
34 13.9373
35 13.9373
36 13.9373
37 13.9373
38 13.9373
39 13.9373
40 13.9373
41 13.9373
42 13.9373
43 13.9373
44 13.9373
45 13.9373
46 13.9373
47 13.9373
48 13.9373
49 13.9373
50 13.9373
51 13.9373
52 13.9373
53 13.9373
54 13.9373
55 13.9373
56 13.9373
57 13.9373
58 13.9373
59 13.9373
60 13.9373
61 13.9373
62 13.9373
63 13.9373
64 13.9373
65 13.9373
66 13.9373
67 13.9373
68 13.9373
69 13.9373
70 13.9373
71 13.9373
72 13.9373
73 13.9373
74 13.9373
75 13.9373
76 13.9373
77 13.9373
78 13.9373
79 13.9373
80 13.9373
81 13.9373
82 13.9373
83 13.9373
84 13.9373
85 13.9373
86 13.9373
87 13.9373
88 13.9373
89 13.9373
90 13.9373
91 13.9373
92 13.9373
93 13.9373
94 13.9373
95 13.9373
96 13.9373
97 13.9373
98 13.9373
99 13.9373
100 13.9373
101 13.9373
102 13.9373
103 13.9373
104 13.9373
105 13.9373
106 13.9373
107 13.9373
108 13.9373
109 13.9373
110 13.9373
111 13.9373
112 13.9373
113 13.9373
114 13.9373
115 13.9373
116 13.9373
117 13.9373
118 13.9373
119 13.9373
120 13.9373
121 13.9373
122 13.9373
123 13.9373
124 13.9373
125 13.9373
126 13.9373
127 13.9373
128 13.9373
129 13.9373
130 13.9373
131 13.9373
132 13.9373
133 13.9373
134 13.9373
135 13.9373
136 13.9373
137 13.9373
138 13.9373
139 13.9373
140 13.9373
141 13.9373
142 13.9373
143 13.9373
144 13.9373
145 13.9373
146 13.9373
147 13.9373
148 13.9373
149 13.9373
150 13.9373
151 13.9373
152 13.9373
153 13.9373
154 13.9373
155 13.9373
156 13.9373
157 13.9373
158 13.9373
159 13.9373
160 13.9373
161 13.9373
162 13.9373
163 13.9373
164 13.9373
165 13.9373
166 13.9373
167 13.9373
168 13.9373
169 13.9373
170 13.9373
171 13.9373
172 13.9373
173 13.9373
174 13.9373
175 13.9373
176 13.9373
177 13.9373
178 13.9373
179 13.9373
180 13.9373
181 13.9373
182 13.9373
183 13.9373
184 13.9373
185 13.9373
186 13.9373
187 13.9373
188 13.9373
189 13.9373
190 13.9373
191 13.9373
192 13.9373
193 13.9373
194 13.9373
195 13.9373
196 13.9373
197 13.9373
198 13.9373
199 13.9373
200 13.9373
201 13.9373
202 13.9373
203 13.9373
204 13.9373
205 13.9373
206 13.9373
207 13.9373
208 13.9373
209 13.9373
210 13.9373
211 13.9373
212 13.9373
213 13.9373
214 13.9373
215 13.9373
216 13.9373
217 13.9373
218 13.9373
219 13.9373
220 13.9373
221 13.9373
222 13.9373
223 13.9373
224 13.9373
225 13.9373
226 13.9373
227 13.9373
228 13.9373
229 13.9373
230 13.9373
231 13.9373
232 13.9373
233 13.9373
234 13.9373
235 13.9373
236 13.9373
237 13.9373
238 13.9373
239 13.9373
240 13.9373
241 13.9373
242 13.9373
243 13.9373
244 13.9373
245 13.9373
246 13.9373
247 13.9373
248 13.9373
249 13.9373
250 13.9373
251 13.9373
252 13.9373
253 13.9373
254 13.9373
255 13.9373
256 13.9373
257 13.9373
258 13.9373
259 13.9373
260 13.9373
261 13.9373
262 13.9373
263 13.9373
264 13.9373
265 13.9373
266 13.9373
267 13.9373
268 13.9373
269 13.9373
270 13.9373
271 13.9373
272 13.9373
273 13.9373
274 13.9373
275 13.9373
276 13.9373
277 13.9373
278 13.9373
279 13.9373
280 13.9373
281 13.9373
282 13.9373
283 13.9373
284 13.9373
285 13.9373
286 13.9373
287 13.9373
288 13.9373
289 13.9373
290 13.9373
291 13.9373
292 13.9373
293 13.9373
294 13.9373
295 13.9373
296 13.9373
297 13.9373
298 13.9373
299 13.9373
300 13.9373
301 13.9373
302 13.9633
303 14.4485
304 15.6879
305 17.4971
306 20.0635
307 22.6181
308 25.2001
309 27.4124
310 29.1022
311 29.8257
312 30.0255
313 30.0477
314 30.0373
315 30.0221
316 30.0111
317 30.0048
318 30.0022
319 30.001
320 30.0004
321 30.0001
322 30
323 29.9999
324 29.9998
325 29.9998
326 29.9998
327 29.9998
328 29.9998
329 29.9998
330 29.9998
331 29.9998
332 29.9998
333 29.9999
334 29.9999
335 29.9999
336 29.9999
337 29.9999
338 29.9999
339 29.9999
340 29.9999
341 29.9999
342 29.9999
343 29.9999
344 29.9999
345 29.9999
346 29.9999
347 29.9999
348 29.9999
349 29.9999
350 30
351 30
352 30
353 30
354 30
355 30
356 30
357 30
358 30
359 30
360 30
361 30
362 30
363 30
364 30
365 30
366 30
367 30
368 30
369 30
370 30
371 30
372 30
373 30
374 30
375 30
376 30
377 30
378 30
379 30
380 30
381 30
382 30
383 30
384 30
385 30
386 30
387 30
388 30
389 30
390 30
391 30
392 30
393 30
394 30
395 30
396 30
397 30
398 30
399 30
400 30
401 30
402 30
403 30
404 30
405 30
406 30
407 30
408 30
409 30
410 30
411 30
412 30
413 30
414 30
415 30
416 30
417 30
418 30
419 30
420 30
421 30
422 30
423 30
424 30
425 30
426 30
427 30
428 30
429 30
430 30
431 30
432 30
433 30
434 30
435 30
436 30
437 30
438 30
439 30
440 30
441 30
442 30
443 30
444 30
445 30
446 30
447 30
448 30
449 30
450 30
451 30
452 30
453 30
454 30
455 30
456 30
457 30
458 30
459 30
460 30
461 30
462 29.9932
463 29.6984
464 28.6957
465 26.7156
466 24.5939
467 21.6343
468 19.3242
469 16.6401
470 13.89
471 11.3826
472 8.87717
473 6.32107
474 3.66548
475 1.78867
476 0.502426
477 0.0532459
478 -0.0395076
479 -0.0459795
480 -0.0305674
481 -0.0161962
482 -0.00764055
483 -0.00326116
484 -0.00141662
485 -0.000582561
486 -0.000236814
487 -3.76533e-05
488 6.29924e-05
489 0.00011817
490 0.000142325
491 0.000155823
492 0.000157955
493 0.000157955
494 0.000152745
495 0.000150377
496 0.000143746
497 0.000138299
498 0.000133089
499 0.000126695
500 0.000119828
501 0.000112486
502 0.000105382
503 9.96985e-05
504 9.30677e-05
505 8.66737e-05
506 8.05166e-05
507 7.53067e-05
508 7.19913e-05
509 6.41765e-05
510 6.06243e-05
511 5.51775e-05
512 5.13885e-05
513 4.73627e-05
514 4.33369e-05
515 3.90742e-05
516 3.62325e-05
517 3.14962e-05
518 3.03121e-05
519 2.65231e-05
520 2.60495e-05
521 2.20237e-05
522 1.96555e-05
523 1.84715e-05
524 1.63401e-05
525 1.3972e-05
526 1.25511e-05
527 1.04198e-05
528 1.0183e-05
529 8.7621e-06
530 6.39396e-06
531 6.86759e-06
532 7.57803e-06
533 4.97308e-06
534 4.02583e-06
535 3.78902e-06
536 2.13132e-06
537 9.47254e-07
538 9.47254e-07
539 -2.36814e-07
540 1.18407e-06
541 1.65769e-06
542 0
543 -2.36814e-07
544 -9.47254e-07
545 -9.47254e-07
546 -2.36814e-07
547 -1.65769e-06
548 -1.89451e-06
549 -1.42088e-06
550 -2.13132e-06
551 -3.07858e-06
552 -2.84176e-06
553 -3.31539e-06
554 -3.07858e-06
555 -3.5522e-06
556 -3.5522e-06
557 -2.60495e-06
558 -2.84176e-06
559 -2.84176e-06
560 -3.07858e-06
561 -4.02583e-06
562 -3.07858e-06
563 -3.31539e-06
564 -2.36814e-06
565 -3.5522e-06
566 -3.31539e-06
567 -4.49946e-06
568 -4.49946e-06
569 -2.84176e-06
570 -3.5522e-06
571 -3.07858e-06
572 -2.60495e-06
573 -3.31539e-06
574 -3.07858e-06
575 -2.84176e-06
576 -3.78902e-06
577 -3.5522e-06
578 -3.78902e-06
579 -4.02583e-06
580 -4.49946e-06
581 -3.31539e-06
582 -2.84176e-06
583 -4.02583e-06
584 -3.31539e-06
585 -4.02583e-06
586 -4.73627e-06
587 -2.60495e-06
588 -3.5522e-06
589 -3.78902e-06
590 -3.07858e-06
591 -4.26264e-06
592 -3.07858e-06
593 -4.26264e-06
594 -3.5522e-06
595 -4.26264e-06
596 -3.78902e-06
597 -2.84176e-06
598 -3.07858e-06
599 -3.78902e-06
600 -3.31539e-06
601 -2.60495e-06
602 -3.78902e-06
603 -3.07858e-06
604 -4.02583e-06
605 -3.31539e-06
606 -4.26264e-06
607 -4.02583e-06
608 -4.02583e-06
609 -4.73627e-06
610 -3.78902e-06
611 -2.84176e-06
612 -3.5522e-06
613 -3.78902e-06
614 -5.2099e-06
615 -3.78902e-06
616 -2.84176e-06
617 -4.49946e-06
618 -4.02583e-06
619 -3.07858e-06
620 -4.97308e-06
621 -3.07858e-06
622 0.000322303
623 0.189727
624 1.01349
625 2.72458
626 5.16698
627 7.69142
628 10.2591
629 12.8296
630 15.6433
631 17.8924
632 20.4914
633 23.2235
634 25.8582
635 27.8504
636 29.2399
637 29.8891
638 30.0314
639 30.0484
640 30.0365
641 30.0207
642 30.0098
643 30.0043
644 30.0019
645 30.0008
646 30.0003
647 30
648 29.9999
649 29.9998
650 29.9998
651 29.9998
652 29.9998
653 29.9998
654 29.9998
655 29.9998
656 29.9998
657 29.9998
658 29.9998
659 29.9998
660 29.9998
661 29.9999
662 29.9999
663 29.9999
664 29.9999
665 29.9999
666 29.9999
667 29.9999
668 29.9999
669 29.9999
670 29.9999
671 29.9999
672 29.9999
673 29.9999
674 29.9999
675 29.9999
676 30
677 30
678 30
679 30
680 30
681 30
682 30
683 30
684 30
685 30
686 30
687 30
688 30
689 30
690 30
691 30
692 30
693 30
694 30
695 30
696 30
697 30
698 30
699 30
700 30
701 30
702 30
703 30
704 30
705 30
706 30
707 30
708 30
709 30
710 30
711 30
712 30
713 30
714 30
715 30
716 30
717 30
718 30
719 30
720 30
721 30
722 30
723 30
724 30
725 30
726 30
727 30
728 30
729 30
730 30
731 30
732 30
733 30
734 30
735 30
736 30
737 30
738 30
739 30
740 30
741 30
742 30
743 30
744 30
745 30
746 30
747 30
748 30
749 30
750 30
751 30
752 30
753 30
754 30
755 30
756 30
757 30
758 30
759 30
760 30
761 30
762 30
763 30
764 30
765 30
766 30
767 30
768 30
769 30
770 30
771 30
772 30
773 30
774 30
775 30
776 30
777 30
778 30
779 30
780 30
781 30
782 30
783 29.9165
784 29.2141
785 27.5931
786 25.5947
787 23.1127
788 20.2821
789 17.5966
790 15.2591
791 12.6772
792 9.95371
793 7.14883
794 4.88787
795 2.59115
796 0.956217
797 0.162785
798 -0.018318
799 -0.0487249
800 -0.0393672
801 -0.0230005
802 -0.01083
803 -0.00443907
804 -0.00194471
805 -0.000787168
806 -0.000334618
807 -9.68567e-05
808 4.54682e-05
809 0.00011817
810 0.000154402
811 0.000165769
812 0.000169795
813 0.000169795
814 0.000164349
815 0.000159849
816 0.000155113
817 0.000148245
818 0.000141851
819 0.000135221
820 0.000126932
821 0.000121249
822 0.000113434
823 0.000105382
824 9.92249e-05
825 9.30677e-05
826 8.47792e-05
827 7.86221e-05
828 7.31754e-05
829 6.74918e-05
830 6.25188e-05
831 5.77825e-05
832 5.16253e-05
833 4.90204e-05
834 4.28632e-05
835 3.9311e-05
836 3.64693e-05
837 3.33907e-05
838 3.12594e-05
839 2.72336e-05
840 2.39182e-05
841 2.17868e-05
842 1.91819e-05
843 1.7761e-05
844 1.61033e-05
845 1.23143e-05
846 1.16039e-05
847 1.08934e-05
848 1.0183e-05
849 8.05166e-06
850 7.81485e-06
851 6.39396e-06
852 5.44671e-06
853 4.73627e-06
854 4.02583e-06
855 4.02583e-06
856 3.07858e-06
857 2.60495e-06
858 2.13132e-06
859 9.47254e-07
860 0
861 0
862 2.36814e-07
863 -7.10441e-07
864 -4.73627e-07
865 -1.65769e-06
866 -9.47254e-07
867 -2.13132e-06
868 -2.36814e-06
869 -1.65769e-06
870 -1.42088e-06
871 -2.84176e-06
872 -3.78902e-06
873 -2.60495e-06
874 -2.36814e-06
875 -2.60495e-06
876 -3.5522e-06
877 -2.36814e-06
878 -3.31539e-06
879 -5.2099e-06
880 -4.02583e-06
881 -3.78902e-06
882 -2.13132e-06
883 -3.07858e-06
884 -4.02583e-06
885 -4.26264e-06
886 -4.02583e-06
887 -3.5522e-06
888 -4.02583e-06
889 -3.5522e-06
890 -2.60495e-06
891 -2.13132e-06
892 -2.84176e-06
893 -5.92034e-06
894 -4.73627e-06
895 -4.26264e-06
896 -4.49946e-06
897 -3.31539e-06
898 -4.02583e-06
899 -3.07858e-06
900 -4.97308e-06
901 -3.78902e-06
902 -4.02583e-06
903 -4.02583e-06
904 -4.49946e-06
905 -3.07858e-06
906 -2.84176e-06
907 -3.31539e-06
908 -3.07858e-06
909 -3.31539e-06
910 -3.78902e-06
911 -5.2099e-06
912 -3.78902e-06
913 -4.73627e-06
914 -3.5522e-06
915 -9.47254e-07
916 2.13132e-06
917 4.26264e-06
918 5.92034e-06
919 1.1367e-05
920 9.23573e-06
921 4.73627e-06
922 -2.36814e-07
923 -6.86759e-06
924 -3.31539e-06
925 2.84176e-06
926 -9.47254e-07
927 -4.49946e-06
928 -6.15715e-06
929 -5.2099e-06
930 -5.2099e-06
931 -6.39396e-06
932 -4.49946e-06
933 -5.68352e-06
934 -5.44671e-06
935 -6.39396e-06
936 -4.49946e-06
937 -6.39396e-06
938 -6.86759e-06
939 -7.10441e-06
940 -7.10441e-06
941 -7.81485e-06
942 -1.04198e-05
943 0.0676823
944 0.57052
945 1.78009
946 3.94086
947 6.46722
948 9.19704
949 11.5188
950 14.1803
951 16.8356
952 19.3109
953 22.1267
954 24.6924
955 27.1187
956 28.8701
957 29.7575
958 29.9894
959 30.0488
960 30.0433
961 30.0258
962 30.0131
963 30.006
964 30.0028
965 30.0011
966 30.0004
967 30.0001
968 29.9999
969 29.9998
970 29.9998
971 29.9998
972 29.9998
973 29.9998
974 29.9998
975 29.9998
976 29.9998
977 29.9998
978 29.9998
979 29.9998
980 29.9998
981 29.9998
982 29.9998
983 29.9999
984 29.9999
985 29.9999
986 29.9999
987 29.9999
988 29.9999
989 29.9999
990 29.9999
991 29.9999
992 29.9999
993 29.9999
994 29.9999
995 29.9999
996 29.9999
997 29.9999
998 30
999 30
1000 30
1001 29.9999
1002 29.9999
1003 29.9999
1004 29.9999
1005 29.9999
1006 29.9999
1007 29.9999
1008 29.9999
1009 29.9999
1010 29.9999
1011 29.9999
1012 29.9999
1013 29.9999
1014 29.9999
1015 29.9999
1016 29.9999
1017 29.9999
1018 29.9999
1019 29.9999
1020 29.9999
1021 30
1022 30
1023 30
1024 30.0001
1025 30.0001
1026 30.0001
1027 30.0001
1028 30.0001
1029 30
1030 30
1031 30
1032 30
1033 30
1034 30
1035 30
1036 30
1037 30
1038 30
1039 30
1040 30
1041 30
1042 30
1043 30
1044 30
1045 30
1046 30
1047 30
1048 30
1049 30
1050 30
1051 30
1052 30
1053 30
1054 30
1055 30
1056 30
1057 30
1058 30
1059 30
1060 30
1061 30
1062 30
1063 30
1064 30
1065 30
1066 30
1067 30
1068 30
1069 30
1070 30
1071 30
1072 30
1073 30
1074 30
1075 30
1076 30
1077 30
1078 30
1079 30
1080 30
1081 30
1082 30
1083 30
1084 30
1085 30
1086 30
1087 30
1088 30
1089 30
1090 30
1091 30
1092 30
1093 30
1094 30
1095 30
1096 30
1097 30
1098 30
1099 30
1100 30
1101 30
1102 29.9999
1103 29.9906
1104 29.6572
1105 28.4595
1106 26.7427
1107 24.374
1108 21.8315
1109 19.0117
1110 16.4218
1111 13.838
1112 11.31
1113 8.58729
1114 6.35207
1115 3.76872
1116 1.57328
1117 0.520673
1118 0.0535336
1119 -0.0448089
1120 -0.0468256
1121 -0.0311223
1122 -0.0158691
1123 -0.00743192
1124 -0.00300753
1125 -0.00120088
1126 -0.000594402
1127 -0.000238708
1128 -5.56512e-05
1129 3.74165e-05
1130 8.88051e-05
1131 0.000117933
1132 0.000133089
1133 0.000135694
1134 0.000136878
1135 0.000131432
1136 0.000127406
1137 0.000122669
1138 0.000109645
1139 0.000100172
1140 8.85683e-05
1141 7.98062e-05
1142 7.43594e-05
1143 6.91495e-05
1144 6.41765e-05
1145 6.10979e-05
1146 5.63616e-05
1147 4.87836e-05
1148 4.90204e-05
1149 4.80731e-05
1150 4.45209e-05
1151 4.26264e-05
1152 4.23896e-05
1153 4.00215e-05
1154 3.97847e-05
1155 3.78902e-05
1156 3.64693e-05
1157 3.59957e-05
1158 3.50484e-05
1159 3.29171e-05
1160 3.12594e-05
1161 2.7944e-05
1162 2.67599e-05
1163 2.46286e-05
1164 2.17868e-05
1165 1.79978e-05
1166 1.65769e-05
1167 1.65769e-05
1168 1.25511e-05
1169 8.7621e-06
1170 7.34122e-06
1171 6.63078e-06
1172 5.2099e-06
1173 4.02583e-06
1174 3.78902e-06
1175 4.26264e-06
1176 3.07858e-06
1177 2.84176e-06
1178 1.65769e-06
1179 1.89451e-06
1180 2.84176e-06
1181 3.07858e-06
1182 4.73627e-06
1183 4.73627e-06
1184 4.97308e-06
1185 3.5522e-06
1186 3.31539e-06
1187 2.36814e-06
1188 2.84176e-06
1189 2.13132e-06
1190 1.42088e-06
1191 2.36814e-07
1192 -3.5522e-06
1193 -4.26264e-06
1194 -4.97308e-06
1195 -4.49946e-06
1196 -3.31539e-06
1197 -3.07858e-06
1198 -4.73627e-07
1199 9.47254e-07
1200 3.78902e-06
1201 5.2099e-06
1202 3.31539e-06
1203 2.13132e-06
1204 2.60495e-06
1205 5.2099e-06
1206 3.78902e-06
1207 2.84176e-06
1208 2.36814e-06
1209 -2.36814e-07
1210 1.18407e-06
1211 4.73627e-07
1212 7.10441e-07
1213 1.18407e-06
1214 1.18407e-06
1215 -2.36814e-07
1216 -2.36814e-07
1217 -7.10441e-07
1218 9.47254e-07
1219 -7.10441e-07
1220 -7.10441e-07
1221 -4.73627e-07
1222 7.10441e-07
1223 0
1224 -4.73627e-07
1225 -4.73627e-07
1226 -1.89451e-06
1227 -2.13132e-06
1228 -4.73627e-07
1229 -1.42088e-06
1230 -1.42088e-06
1231 -1.42088e-06
1232 -1.18407e-06
1233 -3.31539e-06
1234 -4.26264e-06
1235 -3.5522e-06
1236 -2.36814e-06
1237 -2.84176e-06
1238 -2.84176e-06
1239 -3.31539e-06
1240 -2.60495e-06
1241 -2.13132e-06
1242 -2.84176e-06
1243 -1.65769e-06
1244 -2.84176e-06
1245 -2.36814e-06
1246 -2.84176e-06
1247 -1.89451e-06
1248 -3.07858e-06
1249 -2.84176e-06
1250 -3.5522e-06
1251 -3.78902e-06
1252 -4.49946e-06
1253 -5.44671e-06
1254 -5.44671e-06
1255 -5.68352e-06
1256 -4.26264e-06
1257 -5.44671e-06
1258 -4.02583e-06
1259 -4.02583e-06
1260 -2.84176e-06
1261 -4.26264e-06
1262 -1.89451e-06
1263 0.000469601
1264 0.203706
1265 1.01742
1266 2.90095
1267 5.19615
1268 7.64959
1269 10.2275
1270 12.9231
1271 15.5812
1272 18.1516
1273 20.7086
1274 23.4508
1275 25.6628
1276 27.9814
1277 29.3029
1278 29.8894
1279 30.0397
1280 30.0477
1281 30.0368
1282 30.0197
1283 30.0093
1284 30.0045
1285 30.002
1286 30.0009
1287 30.0003
1288 30
1289 29.9999
1290 29.9998
1291 29.9998
1292 29.9998
1293 29.9998
1294 29.9998
1295 29.9998
1296 29.9998
1297 29.9998
1298 29.9998
1299 29.9998
1300 29.9999
1301 29.9999
1302 29.9999
1303 29.9999
1304 29.9999
1305 29.9999
1306 29.9999
1307 29.9999
1308 29.9999
1309 29.9999
1310 29.9999
1311 29.9999
1312 29.9999
1313 29.9999
1314 29.9999
1315 30
1316 30
1317 30
1318 30
1319 30
1320 30
1321 30
1322 30
1323 30
1324 30
1325 30
1326 30
1327 30
1328 30
1329 30
1330 30
1331 30
1332 30
1333 30
1334 30
1335 30
1336 30
1337 30
1338 30
1339 30
1340 30
1341 30
1342 30
1343 30
1344 30
1345 30
1346 30
1347 30
1348 30
1349 30
1350 30
1351 30
1352 30
1353 30
1354 30
1355 30
1356 30
1357 30
1358 30
1359 30
1360 30
1361 30
1362 30
1363 30
1364 30
1365 30
1366 30
1367 30
1368 30
1369 30
1370 30
1371 30
1372 30
1373 30
1374 30
1375 30
1376 30
1377 30
1378 30
1379 30
1380 30
1381 30
1382 30
1383 30
1384 30
1385 30
1386 30
1387 30
1388 30
1389 30
1390 30
1391 30
1392 30
1393 30
1394 30
1395 30
1396 30
1397 30
1398 30
1399 30
1400 30
1401 30
1402 30
1403 30
1404 30
1405 30
1406 30
1407 30
1408 30
1409 30
1410 30
1411 30
1412 30
1413 30
1414 30
1415 30
1416 30
1417 30
1418 30
1419 30
1420 30
1421 30
1422 30
1423 30
1424 29.9232
1425 29.2651
1426 27.7964
1427 25.5757
1428 23.0921
1429 20.2717
1430 17.5343
1431 15.3734
1432 12.5529
1433 9.86054
1434 7.63519
1435 5.06103
1436 2.79676
1437 0.98955
1438 0.183973
1439 -0.0196882
1440 -0.0489823
1441 -0.039954
1442 -0.0221686
1443 -0.0108397
1444 -0.00488688
1445 -0.00199089
1446 -0.000906049
1447 -0.000308568
1448 -2.91281e-05
1449 0.00010775
1450 0.000189214
1451 0.000220947
1452 0.000218105
1453 0.000218816
1454 0.000211001
1455 0.000209106
1456 0.000208159
1457 0.000223552
1458 0.000221184
1459 0.000166243
1460 0.000135221
1461 0.000122196
1462 0.000119117
1463 0.000110592
1464 0.000101593
1465 9.141e-05
1466 8.50161e-05
1467 7.76748e-05
1468 7.05704e-05
1469 6.32292e-05
1470 5.63616e-05
1471 5.16253e-05
1472 4.64154e-05
1473 4.26264e-05
1474 3.76533e-05
1475 3.45748e-05
1476 3.07858e-05
1477 2.77072e-05
1478 2.46286e-05
1479 2.13132e-05
1480 1.94187e-05
1481 1.75242e-05
1482 1.3972e-05
1483 1.20775e-05
1484 1.16039e-05
1485 1.04198e-05
1486 7.81485e-06
1487 6.15715e-06
1488 5.68352e-06
1489 3.5522e-06
1490 3.78902e-06
1491 2.84176e-06
1492 2.60495e-06
1493 1.89451e-06
1494 -2.36814e-07
1495 1.18407e-06
1496 7.10441e-07
1497 -2.36814e-07
1498 -1.89451e-06
1499 -9.47254e-07
1500 -2.13132e-06
1501 -1.65769e-06
1502 -2.36814e-06
1503 -3.31539e-06
1504 -4.02583e-06
1505 -3.78902e-06
1506 -3.5522e-06
1507 -3.31539e-06
1508 -4.26264e-06
1509 -4.73627e-06
1510 -4.02583e-06
1511 -3.78902e-06
1512 -4.73627e-06
1513 -4.26264e-06
1514 -4.02583e-06
1515 -2.84176e-06
1516 -4.73627e-06
1517 -3.78902e-06
1518 -3.78902e-06
1519 -4.02583e-06
1520 -4.26264e-06
1521 -4.26264e-06
1522 -4.26264e-06
1523 -4.02583e-06
1524 -4.02583e-06
1525 -4.49946e-06
1526 -4.73627e-06
1527 -4.97308e-06
1528 -4.02583e-06
1529 -4.26264e-06
1530 -3.78902e-06
1531 -4.02583e-06
1532 -3.78902e-06
1533 -4.02583e-06
1534 -3.78902e-06
1535 -2.84176e-06
1536 -3.78902e-06
1537 -3.78902e-06
1538 -3.78902e-06
1539 -3.31539e-06
1540 -4.49946e-06
1541 -4.26264e-06
1542 -3.78902e-06
1543 -3.78902e-06
1544 -2.84176e-06
1545 -4.02583e-06
1546 -3.78902e-06
1547 -4.02583e-06
1548 -2.84176e-06
1549 -4.02583e-06
1550 -4.49946e-06
1551 -3.5522e-06
1552 -2.84176e-06
1553 -3.78902e-06
1554 -4.26264e-06
1555 -3.31539e-06
1556 -4.02583e-06
1557 -3.07858e-06
1558 -4.02583e-06
1559 -4.26264e-06
1560 -3.07858e-06
1561 -3.5522e-06
1562 -3.78902e-06
1563 -3.5522e-06
1564 -2.36814e-06
1565 -3.07858e-06
1566 -3.07858e-06
1567 -3.78902e-06
1568 -3.78902e-06
1569 -4.49946e-06
1570 -4.02583e-06
1571 -4.49946e-06
1572 -3.07858e-06
1573 -3.31539e-06
1574 -4.26264e-06
1575 -3.07858e-06
1576 -4.26264e-06
1577 -3.07858e-06
1578 -2.60495e-06
1579 -3.78902e-06
1580 -3.07858e-06
1581 -4.26264e-06
1582 -2.36814e-06
1583 -4.02583e-06
1584 0.0322571
1585 0.549398
1586 1.625
1587 3.68134
1588 6.0195
1589 8.65637
1590 11.1754
1591 14.1389
1592 16.7943
1593 19.0419
1594 21.7542
1595 24.2378
1596 26.7539
1597 28.4579
1598 29.6405
1599 29.9809
1600 30.0473
1601 30.0437
1602 30.0264
1603 30.0155
1604 30.0072
1605 30.0032
1606 30.0013
1607 30.0005
1608 30.0001
1609 29.9999
1610 29.9998
1611 29.9998
1612 29.9998
1613 29.9998
1614 29.9998
1615 29.9998
1616 29.9998
1617 29.9998
1618 29.9998
1619 29.9998
1620 29.9998
1621 29.9998
1622 29.9998
1623 29.9999
1624 29.9999
1625 29.9999
1626 29.9999
1627 29.9999
1628 29.9999
1629 29.9999
1630 29.9999
1631 29.9999
1632 29.9999
1633 29.9999
1634 29.9999
1635 29.9999
1636 29.9999
1637 30
1638 30
1639 30
1640 30
1641 30
1642 30
1643 30
1644 30
1645 30
1646 30
1647 30
1648 30
1649 30
1650 30
1651 30
1652 30
1653 30
1654 30
1655 30
1656 30
1657 30
1658 30
1659 30
1660 30
1661 30
1662 30
1663 30
1664 30
1665 30
1666 30
1667 30
1668 30
1669 30
1670 30
1671 30
1672 30
1673 30
1674 30
1675 30
1676 30
1677 30
1678 30
1679 30
1680 30
1681 30
1682 30
1683 30
1684 30
1685 30
1686 30
1687 30
1688 30
1689 30
1690 30
1691 30
1692 30
1693 30
1694 30
1695 30
1696 30
1697 30
1698 30
1699 30
1700 30
1701 30
1702 30
1703 30
1704 30
1705 30
1706 30
1707 30
1708 30
1709 30
1710 30
1711 30
1712 30
1713 30
1714 30
1715 30
1716 30
1717 30
1718 30
1719 30
1720 30
1721 30
1722 30
1723 30
1724 30
1725 30
1726 30
1727 30
1728 30
1729 30
1730 30
1731 30
1732 30
1733 30
1734 30
1735 30
1736 30
1737 30
1738 30
1739 30
1740 30
1741 30
1742 30
1743 30
1744 29.9976
1745 29.7109
1746 28.7756
1747 26.8828
1748 24.3837
1749 22.0078
1750 19.5117
1751 16.9415
1752 14.4498
1753 11.7035
1754 8.92888
1755 6.26936
1756 4.1612
1757 1.73512
1758 0.638711
1759 0.0627703
1760 -0.043981
1761 -0.0465438
1762 -0.0339309
1763 -0.0176848
1764 -0.0078596
1765 -0.00327537
1766 -0.0014654
1767 -0.000640107
1768 -0.000186846
1769 1.79978e-05
1770 0.000104672
1771 0.00016127
1772 0.000183057
1773 0.000189688
1774 0.000189924
1775 0.000187556
1776 0.000180926
1777 0.000174532
1778 0.000166954
1779 0.000158665
1780 0.00015085
1781 0.000140194
1782 0.000132616
1783 0.000125274
1784 0.000116039
1785 0.000108461
1786 0.00010183
1787 9.30677e-05
1788 8.80946e-05
1789 7.93325e-05
1790 7.27017e-05
1791 6.77287e-05
1792 6.20451e-05
1793 5.63616e-05
1794 5.23358e-05
1795 4.66523e-05
1796 4.16792e-05
1797 3.83638e-05
1798 3.31539e-05
1799 3.14962e-05
1800 2.77072e-05
1801 2.46286e-05
1802 2.20237e-05
1803 1.96555e-05
1804 1.65769e-05
1805 1.46824e-05
1806 1.3972e-05
1807 1.08934e-05
1808 9.94617e-06
1809 8.99891e-06
1810 8.52529e-06
1811 5.68352e-06
1812 4.02583e-06
1813 4.02583e-06
1814 4.02583e-06
1815 1.89451e-06
1816 2.13132e-06
1817 4.73627e-07
1818 1.89451e-06
1819 -4.73627e-07
1820 7.10441e-07
1821 -2.36814e-07
1822 -1.18407e-06
1823 -1.18407e-06
1824 -1.42088e-06
1825 -1.18407e-06
1826 -1.18407e-06
1827 -2.84176e-06
1828 -2.84176e-06
1829 -2.36814e-06
1830 -2.84176e-06
1831 -3.78902e-06
1832 -3.5522e-06
1833 -3.78902e-06
1834 -3.78902e-06
1835 -3.5522e-06
1836 -3.07858e-06
1837 -3.5522e-06
1838 -2.60495e-06
1839 -3.31539e-06
1840 -2.84176e-06
1841 -2.84176e-06
1842 -3.5522e-06
1843 -3.78902e-06
1844 -3.07858e-06
1845 -3.78902e-06
1846 -3.31539e-06
1847 -2.60495e-06
1848 -3.78902e-06
1849 -4.02583e-06
1850 -3.78902e-06
1851 -3.78902e-06
1852 -3.31539e-06
1853 -4.26264e-06
1854 -4.73627e-06
1855 -4.02583e-06
1856 -2.13132e-06
1857 -4.49946e-06
1858 -3.5522e-06
1859 -3.5522e-06
1860 -4.02583e-06
1861 -4.26264e-06
1862 -3.78902e-06
1863 -4.26264e-06
1864 -3.5522e-06
1865 -4.49946e-06
1866 -3.07858e-06
1867 -4.49946e-06
1868 -3.78902e-06
1869 -3.5522e-06
1870 -3.5522e-06
1871 -4.49946e-06
1872 -2.60495e-06
1873 -3.31539e-06
1874 -4.02583e-06
1875 -3.78902e-06
1876 -3.78902e-06
1877 -3.78902e-06
1878 -2.84176e-06
1879 -3.31539e-06
1880 -2.84176e-06
1881 -3.31539e-06
1882 -3.07858e-06
1883 -4.26264e-06
1884 -3.07858e-06
1885 -3.31539e-06
1886 -3.07858e-06
1887 -3.07858e-06
1888 -3.31539e-06
1889 -3.31539e-06
1890 -2.84176e-06
1891 -3.5522e-06
1892 -3.5522e-06
1893 -4.26264e-06
1894 -3.5522e-06
1895 -4.02583e-06
1896 -4.49946e-06
1897 -2.13132e-06
1898 -4.49946e-06
1899 -3.5522e-06
1900 -2.60495e-06
1901 -3.78902e-06
1902 -4.26264e-06
1903 -3.5522e-06
1904 -3.31539e-06
1905 0.158619
1906 1.00311
1907 2.55155
1908 4.81239
1909 7.43296
1910 9.91543
1911 12.2682
1912 14.9796
1913 17.6231
1914 20.2948
1915 22.8925
1916 25.3642
1917 27.6615
1918 29.2278
1919 29.8645
1920 30.0329
1921 30.0488
1922 30.0381
1923 30.0218
1924 30.0099
1925 30.005
1926 30.0021
1927 30.0009
1928 30.0003
1929 30
1930 29.9998
1931 29.9998
1932 29.9998
1933 29.9998
1934 29.9998
1935 29.9998
1936 29.9998
1937 29.9998
1938 29.9998
1939 29.9998
1940 29.9998
1941 29.9998
1942 29.9998
1943 29.9998
1944 29.9999
1945 29.9999
1946 29.9999
1947 29.9999
1948 29.9999
1949 29.9999
1950 29.9999
1951 29.9999
1952 29.9999
1953 29.9999
1954 29.9999
1955 29.9999
1956 29.9999
1957 30
1958 30
1959 30
1960 30
1961 30
1962 30
1963 30
1964 30
1965 30
1966 30
1967 30
1968 30
1969 30
1970 30
1971 30
1972 30
1973 30
1974 30
1975 30
1976 30
1977 30
1978 30
1979 30
1980 30
1981 30
1982 30
1983 30
1984 30
1985 30
1986 30
1987 30
1988 30
1989 30
1990 30
1991 30
1992 30
1993 30
1994 30
1995 30
1996 30
1997 30
1998 30
1999 30
2000 30
2001 30
2002 30
2003 30
2004 30
2005 30
2006 30
2007 30
2008 30
2009 30
2010 30
2011 30
2012 30
2013 30
2014 30
2015 30
2016 30
2017 30
2018 30
2019 30
2020 30
2021 30
2022 30
2023 30
2024 30
2025 30
2026 30
2027 30
2028 30
2029 30
2030 30
2031 30
2032 30
2033 30
2034 30
2035 30
2036 30
2037 30
2038 30
2039 30
2040 30
2041 30
2042 30
2043 30
2044 30
2045 30
2046 30
2047 30
2048 30
2049 30
2050 30
2051 30
2052 30
2053 30
2054 30
2055 30
2056 30
2057 30
2058 30
2059 30
2060 30
2061 30
2062 30
2063 30
2064 30
2065 29.9122
2066 29.4081
2067 28.0788
2068 25.937
2069 23.2562
2070 20.6048
2071 18.0231
2072 15.4978
2073 12.76
2074 10.4402
2075 7.91468
2076 5.03053
2077 2.96642
2078 1.16131
2079 0.257341
2080 -0.00518124
2081 -0.0489415
2082 -0.0405583
2083 -0.026161
2084 -0.0128059
2085 -0.00528378
2086 -0.00217963
2087 -0.000928783
2088 -0.000334144
2089 -6.44133e-05
2090 6.51237e-05
2091 0.000138773
2092 0.000175716
2093 0.000186372
2094 0.000187319
2095 0.000186609
2096 0.000181162
2097 0.0001769
2098 0.000168374
2099 0.000159849
2100 0.000152271
2101 0.000145403
2102 0.000134984
2103 0.000127879
2104 0.000120064
2105 0.000110592
2106 0.000103724
2107 9.73304e-05
2108 8.92787e-05
2109 8.09902e-05
2110 7.72012e-05
2111 6.96232e-05
2112 6.44133e-05
2113 5.87298e-05
2114 5.18622e-05
2115 4.80731e-05
2116 4.42841e-05
2117 3.97847e-05
2118 3.52852e-05
2119 3.36275e-05
2120 2.93649e-05
2121 2.51022e-05
2122 2.34445e-05
2123 1.91819e-05
2124 1.75242e-05
2125 1.63401e-05
2126 1.34984e-05
2127 1.18407e-05
2128 1.06566e-05
2129 8.52529e-06
2130 9.23573e-06
2131 6.15715e-06
2132 4.73627e-06
2133 4.02583e-06
2134 2.60495e-06
2135 3.31539e-06
2136 2.60495e-06
2137 2.60495e-06
2138 1.89451e-06
2139 1.65769e-06
2140 9.47254e-07
2141 2.36814e-07
2142 -2.36814e-07
2143 2.36814e-07
2144 -1.42088e-06
2145 -1.65769e-06
2146 -1.89451e-06
2147 -2.13132e-06
2148 -1.89451e-06
2149 -1.89451e-06
2150 -1.18407e-06
2151 -2.13132e-06
2152 -3.07858e-06
2153 -1.42088e-06
2154 -2.60495e-06
2155 -3.5522e-06
2156 -2.84176e-06
2157 -3.31539e-06
2158 -2.60495e-06
2159 -3.31539e-06
2160 -3.78902e-06
2161 -3.5522e-06
2162 -3.78902e-06
2163 -4.26264e-06
2164 -4.26264e-06
2165 -4.97308e-06
2166 -4.26264e-06
2167 -3.5522e-06
2168 -3.78902e-06
2169 -3.78902e-06
2170 -2.60495e-06
2171 -4.02583e-06
2172 -3.78902e-06
2173 -3.07858e-06
2174 -2.36814e-06
2175 -2.84176e-06
2176 -4.02583e-06
2177 -3.31539e-06
2178 -4.26264e-06
2179 -4.02583e-06
2180 -3.31539e-06
2181 -4.02583e-06
2182 -3.07858e-06
2183 -4.26264e-06
2184 -4.02583e-06
2185 -4.73627e-06
2186 -4.02583e-06
2187 -4.26264e-06
2188 -2.60495e-06
2189 -3.78902e-06
2190 -3.5522e-06
2191 -3.31539e-06
2192 -3.78902e-06
2193 -3.07858e-06
2194 -4.02583e-06
2195 -3.78902e-06
2196 -4.26264e-06
2197 -3.07858e-06
2198 -3.5522e-06
2199 -2.60495e-06
2200 -4.02583e-06
2201 -3.78902e-06
2202 -3.78902e-06
2203 -2.36814e-06
2204 -3.78902e-06
2205 -3.78902e-06
2206 -3.5522e-06
2207 -3.07858e-06
2208 -3.31539e-06
2209 -3.5522e-06
2210 -3.07858e-06
2211 -4.02583e-06
2212 -4.02583e-06
2213 -3.31539e-06
2214 -3.5522e-06
2215 -3.07858e-06
2216 -4.26264e-06
2217 -4.02583e-06
2218 -2.84176e-06
2219 -4.26264e-06
2220 -4.02583e-06
2221 -3.78902e-06
2222 -3.07858e-06
2223 -4.02583e-06
2224 -4.26264e-06
2225 0.0150973
2226 0.415252
2227 1.55375
2228 3.44495
2229 5.87785
2230 8.67715
2231 11.0089
2232 13.8169
2233 16.5663
2234 18.721
2235 21.5366
2236 24.0927
2237 26.6733
2238 28.4641
2239 29.5121
2240 29.9441
2241 30.046
2242 30.0452
2243 30.0301
2244 30.016
2245 30.0071
2246 30.0032
2247 30.0014
2248 30.0005
2249 30.0001
2250 29.9999
2251 29.9998
2252 29.9998
2253 29.9998
2254 29.9998
2255 29.9998
2256 29.9998
2257 29.9998
2258 29.9998
2259 29.9998
2260 29.9998
2261 29.9998
2262 29.9998
2263 29.9998
2264 29.9998
2265 29.9999
2266 29.9999
2267 29.9999
2268 29.9999
2269 29.9999
2270 29.9999
2271 29.9999
2272 29.9999
2273 29.9999
2274 29.9999
2275 29.9999
2276 29.9999
2277 29.9999
2278 30
2279 30
2280 30
2281 30
2282 30
2283 30
2284 30
2285 30
2286 30
2287 30
2288 30
2289 30
2290 30
2291 30
2292 30
2293 30
2294 30
2295 30
2296 30
2297 30
2298 30
2299 30
2300 30
2301 30
2302 30
2303 30
2304 30
2305 30
2306 30
2307 30
2308 30
2309 30
2310 30
2311 30
2312 30
2313 30
2314 30
2315 30
2316 30
2317 30
2318 30
2319 30
2320 30
2321 30
2322 30
2323 30
2324 30
2325 30
2326 30
2327 30
2328 30
2329 30
2330 30
2331 30
2332 30
2333 30
2334 30
2335 30
2336 30
2337 30
2338 30
2339 30
2340 30
2341 30
2342 30
2343 30
2344 30
2345 30
2346 30
2347 30
2348 30
2349 30
2350 30
2351 30
2352 30
2353 30
2354 30
2355 30
2356 30
2357 30
2358 30
2359 30
2360 30
2361 30
2362 30
2363 30
2364 30
2365 30
2366 30
2367 30
2368 30
2369 30
2370 30
2371 30
2372 30
2373 30
2374 30
2375 30
2376 30
2377 30
2378 30
2379 30
2380 30
2381 30
2382 30
2383 30
2384 30
2385 29.9951
2386 29.6844
2387 28.8894
2388 27.0129
2389 24.5939
2390 21.8316
2391 19.5013
2392 16.8168
2393 14.1699
2394 11.6104
2395 9.04264
2396 6.47617
2397 3.80628
2398 1.88437
2399 0.610959
2400 0.0939003
2401 -0.0415705
2402 -0.046797
2403 -0.0322611
2404 -0.0176417
2405 -0.0083607
2406 -0.00335517
2407 -0.00142159
2408 -0.000552012
2409 -0.000178084
2410 2.72336e-05
2411 0.000120301
2412 0.000165769
2413 0.000187556
2414 0.000192766
2415 0.000190398
2416 0.000188977
2417 0.00018282
2418 0.000173584
2419 0.000166717
2420 0.000159849
2421 0.00015085
2422 0.000139246
2423 0.000131432
2424 0.000123853
2425 0.000114618
2426 0.000109408
2427 9.92249e-05
2428 9.30677e-05
2429 8.54897e-05
2430 7.93325e-05
2431 7.29386e-05
2432 6.7255e-05
2433 6.15715e-05
2434 5.63616e-05
2435 5.16253e-05
2436 4.5705e-05
2437 4.16792e-05
2438 3.78902e-05
2439 3.24435e-05
2440 3.14962e-05
2441 2.67599e-05
2442 2.34445e-05
2443 2.24973e-05
2444 1.94187e-05
2445 1.82346e-05
2446 1.32616e-05
2447 1.32616e-05
2448 1.06566e-05
2449 1.04198e-05
2450 7.10441e-06
2451 6.63078e-06
2452 7.10441e-06
2453 4.97308e-06
2454 3.78902e-06
2455 3.31539e-06
2456 2.36814e-06
2457 1.18407e-06
2458 2.36814e-06
2459 1.42088e-06
2460 1.18407e-06
2461 9.47254e-07
2462 0
2463 4.73627e-07
2464 -4.73627e-07
2465 -1.18407e-06
2466 -1.18407e-06
2467 -1.65769e-06
2468 -1.89451e-06
2469 -1.89451e-06
2470 -1.65769e-06
2471 -1.89451e-06
2472 -2.36814e-06
2473 -2.84176e-06
2474 -3.07858e-06
2475 -2.84176e-06
2476 -2.36814e-06
2477 -3.5522e-06
2478 -3.5522e-06
2479 -3.31539e-06
2480 -3.07858e-06
2481 -4.73627e-06
2482 -3.31539e-06
2483 -3.78902e-06
2484 -4.97308e-06
2485 -3.07858e-06
2486 -3.31539e-06
2487 -2.84176e-06
2488 -4.26264e-06
2489 -4.02583e-06
2490 -4.26264e-06
2491 -3.78902e-06
2492 -3.5522e-06
2493 -4.49946e-06
2494 -4.49946e-06
2495 -4.49946e-06
2496 -3.78902e-06
2497 -3.78902e-06
2498 -4.73627e-06
2499 -4.26264e-06
2500 -2.84176e-06
2501 -4.02583e-06
2502 -4.02583e-06
2503 -3.78902e-06
2504 -4.26264e-06
2505 -4.02583e-06
2506 -3.78902e-06
2507 -4.49946e-06
2508 -2.60495e-06
2509 -3.07858e-06
2510 -3.5522e-06
2511 -3.31539e-06
2512 -3.78902e-06
2513 -4.02583e-06
2514 -4.49946e-06
2515 -3.78902e-06
2516 -3.78902e-06
2517 -3.31539e-06
2518 -4.02583e-06
2519 -4.26264e-06
2520 -3.31539e-06
2521 -4.49946e-06
2522 -3.78902e-06
2523 -3.31539e-06
2524 -2.60495e-06
2525 -4.26264e-06
2526 -2.36814e-06
2527 -2.60495e-06
2528 -3.78902e-06
2529 -3.78902e-06
2530 -2.60495e-06
2531 -4.02583e-06
2532 -4.02583e-06
2533 -3.5522e-06
2534 -3.5522e-06
2535 -4.26264e-06
2536 -3.5522e-06
2537 -3.5522e-06
2538 -3.78902e-06
2539 -2.84176e-06
2540 -3.07858e-06
2541 -2.36814e-06
2542 -4.26264e-06
2543 -3.78902e-06
2544 -4.02583e-06
2545 0.000273756
2546 0.161855
2547 0.920866
2548 2.50306
2549 4.82231
2550 7.65014
2551 9.81135
2552 12.3514
2553 15.0935
2554 17.8301
2555 20.5639
2556 23.0476
2557 25.5835
2558 27.6538
2559 29.1989
2560 29.8371
2561 30.0308
2562 30.0483
2563 30.0365
2564 30.021
2565 30.0098
2566 30.005
2567 30.0021
2568 30.0008
2569 30.0003
2570 30
2571 29.9998
2572 29.9998
2573 29.9998
2574 29.9998
2575 29.9998
2576 29.9998
2577 29.9998
2578 29.9998
2579 29.9998
2580 29.9998
2581 29.9998
2582 29.9998
2583 29.9998
2584 29.9998
2585 29.9999
2586 29.9999
2587 29.9999
2588 29.9999
2589 29.9999
2590 29.9999
2591 29.9999
2592 29.9999
2593 29.9999
2594 29.9999
2595 29.9999
2596 29.9999
2597 29.9999
2598 30
2599 30
2600 30
2601 30
2602 30
2603 30
2604 30
2605 30
2606 30
2607 30
2608 30
2609 30
2610 30
2611 30
2612 30
2613 30
2614 30
2615 30
2616 30
2617 30
2618 30
2619 30
2620 30
2621 30
2622 30
2623 30
2624 30
2625 30
2626 30
2627 30
2628 30
2629 30
2630 30
2631 30
2632 30
2633 30
2634 30
2635 30
2636 30
2637 30
2638 30
2639 30
2640 30
2641 30
2642 30
2643 30
2644 30
2645 30
2646 30
2647 30
2648 30
2649 30
2650 30
2651 30
2652 30
2653 30
2654 30
2655 30
2656 30
2657 30
2658 30
2659 30
2660 30
2661 30
2662 30
2663 30
2664 30
2665 30
2666 30
2667 30
2668 30
2669 30
2670 30
2671 30
2672 30
2673 30
2674 30
2675 30
2676 30
2677 30
2678 30
2679 30
2680 30
2681 30
2682 30
2683 30
2684 30
2685 30
2686 30
2687 30
2688 30
2689 30
2690 30
2691 30
2692 30
2693 30
2694 30
2695 30
2696 30
2697 30
2698 30
2699 30
2700 30
2701 30
2702 30
2703 30
2704 30
2705 30
2706 29.9291
2707 29.3446
2708 27.9913
2709 25.7285
2710 23.1024
2711 20.8963
2712 18.2311
2713 15.4979
2714 12.8431
2715 10.6059
2716 7.69736
2717 4.88791
2718 2.85575
2719 1.21488
2720 0.290667
2721 -0.00572426
2722 -0.0489143
2723 -0.0404878
2724 -0.0245232
2725 -0.0119226
2726 -0.00528378
2727 -0.00225352
2728 -0.0009617
2729 -0.000359246
2730 -6.986e-05
2731 5.73089e-05
2732 0.000128827
2733 0.000163165
2734 0.000178557
2735 0.000180926
2736 0.000180452
2737 0.000174768
2738 0.000169558
2739 0.000165059
2740 0.00015535
2741 0.000148956
2742 0.00014043
2743 0.000134036
2744 0.000124801
2745 0.000116749
2746 0.000108224
2747 0.000101593
2748 9.61463e-05
2749 8.90419e-05
2750 8.02798e-05
2751 7.57803e-05
2752 6.93864e-05
2753 6.10979e-05
2754 5.89666e-05
2755 5.3283e-05
2756 4.831e-05
2757 4.40473e-05
2758 4.12056e-05
2759 3.52852e-05
2760 3.36275e-05
2761 2.98385e-05
2762 2.74704e-05
2763 2.46286e-05
2764 2.01291e-05
2765 1.96555e-05
2766 1.70506e-05
2767 1.61033e-05
2768 1.42088e-05
2769 1.1367e-05
2770 1.04198e-05
2771 9.23573e-06
2772 7.57803e-06
2773 7.34122e-06
2774 6.63078e-06
2775 4.02583e-06
2776 4.97308e-06
2777 3.31539e-06
2778 3.07858e-06
2779 1.65769e-06
2780 7.10441e-07
2781 9.47254e-07
2782 -2.36814e-07
2783 -2.36814e-07
2784 4.73627e-07
2785 -1.89451e-06
2786 -1.42088e-06
2787 -2.60495e-06
2788 -7.10441e-07
2789 -1.42088e-06
2790 -9.47254e-07
2791 -2.60495e-06
2792 -2.84176e-06
2793 -1.89451e-06
2794 -3.31539e-06
2795 -3.07858e-06
2796 -3.31539e-06
2797 -2.60495e-06
2798 -2.36814e-06
2799 -1.42088e-06
2800 -3.07858e-06
2801 -2.60495e-06
2802 -3.07858e-06
2803 -2.60495e-06
2804 -3.78902e-06
2805 -1.89451e-06
2806 -3.31539e-06
2807 -3.78902e-06
2808 -2.60495e-06
2809 -3.07858e-06
2810 -3.78902e-06
2811 -3.5522e-06
2812 -4.49946e-06
2813 -3.78902e-06
2814 -2.60495e-06
2815 -3.31539e-06
2816 -2.60495e-06
2817 -3.78902e-06
2818 -2.36814e-06
2819 -3.5522e-06
2820 -3.78902e-06
2821 -3.31539e-06
2822 -2.84176e-06
2823 -4.26264e-06
2824 -3.5522e-06
2825 -2.84176e-06
2826 -4.02583e-06
2827 -3.07858e-06
2828 -3.07858e-06
2829 -3.31539e-06
2830 -4.02583e-06
2831 -3.31539e-06
2832 -2.60495e-06
2833 -2.84176e-06
2834 -3.78902e-06
2835 -3.78902e-06
2836 -3.07858e-06
2837 -3.78902e-06
2838 -3.07858e-06
2839 -4.26264e-06
2840 -3.78902e-06
2841 -2.36814e-06
2842 -3.31539e-06
2843 -2.84176e-06
2844 -4.02583e-06
2845 -4.02583e-06
2846 -4.26264e-06
2847 -3.5522e-06
2848 -4.02583e-06
2849 -3.31539e-06
2850 -3.31539e-06
2851 -2.84176e-06
2852 -1.89451e-06
2853 -3.5522e-06
2854 -4.02583e-06
2855 -3.07858e-06
2856 -3.5522e-06
2857 -3.07858e-06
2858 -4.02583e-06
2859 -3.07858e-06
2860 -2.84176e-06
2861 -3.31539e-06
2862 -4.02583e-06
2863 -3.78902e-06
2864 -3.5522e-06
2865 -2.84176e-06
2866 0.0310931
2867 0.45133
2868 1.63168
2869 3.80137
2870 6.38568
2871 8.85397
2872 11.2066
2873 13.9517
2874 16.6803
2875 18.9176
2876 21.961
2877 24.3204
2878 26.7893
2879 28.6329
2880 29.636
2881 29.9781
2882 30.0488
2883 30.0441
2884 30.0284
2885 30.0148
2886 30.0064
2887 30.003
2888 30.0013
2889 30.0005
2890 30.0001
2891 29.9999
2892 29.9998
2893 29.9998
2894 29.9998
2895 29.9998
2896 29.9998
2897 29.9998
2898 29.9998
2899 29.9998
2900 29.9998
2901 29.9998
2902 29.9998
2903 29.9998
2904 29.9998
2905 29.9999
2906 29.9999
2907 29.9999
2908 29.9999
2909 29.9999
2910 29.9999
2911 29.9999
2912 29.9999
2913 29.9999
2914 29.9999
2915 29.9999
2916 29.9999
2917 29.9999
2918 29.9999
2919 30
2920 30
2921 30
2922 30
2923 30
2924 30
2925 30
2926 30
2927 30
2928 30
2929 30
2930 30
2931 30
2932 30
2933 30
2934 30
2935 30
2936 30
2937 30
2938 30
2939 30
2940 30
2941 30
2942 30
2943 30
2944 30
2945 30
2946 30
2947 30
2948 30
2949 30
2950 30
2951 30
2952 30
2953 30
2954 30
2955 30
2956 30
2957 30
2958 30
2959 30
2960 30
2961 30
2962 30
2963 30
2964 30
2965 30
2966 30
2967 30
2968 30
2969 30
2970 30
2971 30
2972 30
2973 30
2974 30
2975 30
2976 30
2977 30
2978 30
2979 30
2980 30
2981 30
2982 30
2983 30
2984 30
2985 30
2986 30
2987 30
2988 30
2989 30
2990 30
2991 30
2992 30
2993 30
2994 30
2995 30
2996 30
2997 30
2998 30
2999 30
3000 30
3001 30
3002 30
3003 30
3004 30
3005 30
3006 30
3007 30
3008 30
3009 30
3010 30
3011 30
3012 30
3013 30
3014 30
3015 30
3016 30
3017 30
3018 30
3019 30
3020 30
3021 30
3022 30
3023 30
3024 30
3025 30
3026 29.9854
3027 29.7131
3028 28.6901
3029 26.751
3030 24.1522
3031 22.0493
3032 19.3659
3033 16.505
3034 13.8381
3035 11.2064
3036 8.71146
3037 6.06242
3038 3.47158
3039 1.80882
3040 0.532765
3041 0.0618424
3042 -0.0443241
3043 -0.046042
3044 -0.030535
3045 -0.0180213
3046 -0.00794036
3047 -0.00300185
3048 -0.00127358
3049 -0.000501808
3050 -0.00017761
3051 8.28847e-06
3052 9.82776e-05
3053 0.000151324
3054 0.000169795
3055 0.000176189
3056 0.000177137
3057 0.000173584
3058 0.000168848
3059 0.000163401
3060 0.000156534
3061 0.00015014
3062 0.00013972
3063 0.000132852
3064 0.000125038
3065 0.00011817
3066 0.000111539
3067 0.000103724
3068 9.61463e-05
3069 9.09364e-05
3070 8.09902e-05
3071 7.43594e-05
3072 6.96232e-05
3073 6.46501e-05
3074 5.82561e-05
3075 5.42303e-05
3076 5.04413e-05
3077 4.61786e-05
3078 4.1916e-05
3079 3.74165e-05
3080 3.4338e-05
3081 3.07858e-05
3082 2.77072e-05
3083 2.48654e-05
3084 2.155e-05
3085 1.96555e-05
3086 1.63401e-05
3087 1.51561e-05
3088 1.34984e-05
3089 1.23143e-05
3090 1.11302e-05
3091 9.70935e-06
3092 7.10441e-06
3093 5.68352e-06
3094 6.86759e-06
3095 3.5522e-06
3096 3.31539e-06
3097 3.07858e-06
3098 4.02583e-06
3099 1.18407e-06
3100 1.65769e-06
3101 9.47254e-07
3102 2.36814e-06
3103 7.10441e-07
3104 -7.10441e-07
3105 0
3106 -2.36814e-07
3107 -9.47254e-07
3108 -9.47254e-07
3109 -9.47254e-07
3110 -1.42088e-06
3111 -3.07858e-06
3112 -9.47254e-07
3113 -3.5522e-06
3114 -1.89451e-06
3115 -2.36814e-06
3116 -4.02583e-06
3117 -4.02583e-06
3118 -3.07858e-06
3119 -1.89451e-06
3120 -4.26264e-06
3121 -3.31539e-06
3122 -3.5522e-06
3123 -1.42088e-06
3124 -2.60495e-06
3125 -2.13132e-06
3126 -3.31539e-06
3127 -2.84176e-06
3128 -4.97308e-06
3129 -2.84176e-06
3130 -1.89451e-06
3131 -2.84176e-06
3132 -1.65769e-06
3133 -3.31539e-06
3134 -4.02583e-06
3135 -2.84176e-06
3136 -3.31539e-06
3137 -2.13132e-06
3138 -2.60495e-06
3139 -2.84176e-06
3140 -4.02583e-06
3141 -4.02583e-06
3142 -2.60495e-06
3143 -3.5522e-06
3144 -3.07858e-06
3145 -2.84176e-06
3146 -3.5522e-06
3147 -3.78902e-06
3148 -2.84176e-06
3149 -3.78902e-06
3150 -3.31539e-06
3151 -2.84176e-06
3152 -3.31539e-06
3153 -2.84176e-06
3154 -3.5522e-06
3155 -2.60495e-06
3156 -4.02583e-06
3157 -3.5522e-06
3158 -3.07858e-06
3159 -3.31539e-06
3160 -2.36814e-06
3161 -2.36814e-06
3162 -4.02583e-06
3163 -3.5522e-06
3164 -3.5522e-06
3165 -1.42088e-06
3166 -3.31539e-06
3167 -2.84176e-06
3168 -3.78902e-06
3169 -3.31539e-06
3170 -2.60495e-06
3171 -2.84176e-06
3172 -3.31539e-06
3173 -3.5522e-06
3174 -3.78902e-06
3175 -3.31539e-06
3176 -2.84176e-06
3177 -3.07858e-06
3178 -3.5522e-06
3179 -3.78902e-06
3180 -2.84176e-06
3181 -4.26264e-06
3182 -3.78902e-06
3183 -3.31539e-06
3184 -3.78902e-06
3185 -3.5522e-06
3186 0.000277072
3187 0.0921657
3188 0.807467
3189 2.42286
3190 4.29997
3191 6.95893
3192 9.39475
3193 12.3097
3194 14.471
3195 17.2811
3196 20.0462
3197 22.758
3198 25.1524
3199 27.5127
3200 29.1479
3201 29.8006
3202 30.0215
3203 30.0488
3204 30.0408
3205 30.0235
3206 30.0116
3207 30.0056
3208 30.0023
3209 30.0009
3210 30.0003
3211 30
3212 29.9999
3213 29.9998
3214 29.9998
3215 29.9998
3216 29.9998
3217 29.9998
3218 29.9998
3219 29.9998
3220 29.9998
3221 29.9998
3222 29.9998
3223 29.9998
3224 29.9998
3225 29.9999
3226 29.9999
3227 29.9999
3228 29.9999
3229 29.9999
3230 29.9999
3231 29.9999
3232 29.9999
3233 29.9999
3234 29.9999
3235 29.9999
3236 29.9999
3237 29.9999
3238 29.9999
3239 30
3240 30
3241 30
3242 30
3243 30
3244 30
3245 30
3246 30
3247 30
3248 30
3249 30
3250 30
3251 30
3252 30
3253 30
3254 30
3255 30
3256 30
3257 30
3258 30
3259 30
3260 30
3261 30
3262 30
3263 30
3264 30
3265 30
3266 30
3267 30
3268 30
3269 30
3270 30
3271 30
3272 30
3273 30
3274 30
3275 30
3276 30
3277 30
3278 30
3279 30
3280 30
3281 30
3282 30
3283 30
3284 30
3285 30
3286 30
3287 30
3288 30
3289 30
3290 30
3291 30
3292 30
3293 30
3294 30
3295 30
3296 30
3297 30
3298 30
3299 30
3300 30
3301 30
3302 30
3303 30
3304 30
3305 30
3306 30
3307 30
3308 30
3309 30
3310 30
3311 30
3312 30
3313 30
3314 30
3315 30
3316 30
3317 30
3318 30
3319 30
3320 30
3321 30
3322 30
3323 30
3324 30
3325 30
3326 30
3327 30
3328 30
3329 30
3330 30
3331 30
3332 30
3333 30
3334 30
3335 30
3336 30
3337 30
3338 30
3339 30
3340 30
3341 30
3342 30
3343 30
3344 30
3345 30
3346 30
3347 29.9596
3348 29.5668
3349 28.3615
3350 26.2169
3351 23.7773
3352 21.2605
3353 18.3977
3354 16.1209
3355 13.2369
3356 10.8129
3357 8.10097
3358 5.72092
3359 3.29075
3360 1.30948
3361 0.331542
3362 0.00976311
3363 -0.0484499
3364 -0.0443452
3365 -0.0267817
3366 -0.0145107
3367 -0.00615502
3368 -0.00265421
3369 -0.00105382
3370 -0.000395005
3371 -0.000109408
3372 3.67061e-05
3373 0.000122906
3374 0.000158665
3375 0.000178084
3376 0.00018353
3377 0.000181636
3378 0.000178794
3379 0.000173821
3380 0.000167664
3381 0.000157955
3382 0.000149903
3383 0.000143272
3384 0.000133326
3385 0.000126458
3386 0.000120301
3387 0.000110592
3388 0.000103961
3389 9.56727e-05
3390 8.95155e-05
3391 8.28847e-05
3392 7.53067e-05
3393 7.00968e-05
3394 6.46501e-05
3395 5.94402e-05
3396 5.47039e-05
3397 4.90204e-05
3398 4.47578e-05
3399 4.07319e-05
3400 3.74165e-05
3401 3.31539e-05
3402 2.96017e-05
3403 2.7944e-05
3404 2.39182e-05
3405 2.10764e-05
3406 1.89451e-05
3407 1.70506e-05
3408 1.58665e-05
3409 1.27879e-05
3410 1.08934e-05
3411 8.99891e-06
3412 8.52529e-06
3413 7.57803e-06
3414 8.28847e-06
3415 6.63078e-06
3416 5.92034e-06
3417 4.49946e-06
3418 2.60495e-06
3419 1.42088e-06
3420 1.42088e-06
3421 -2.36814e-07
3422 1.42088e-06
3423 1.42088e-06
3424 1.18407e-06
3425 -9.47254e-07
3426 -2.36814e-07
3427 -9.47254e-07
3428 -4.73627e-07
3429 -1.65769e-06
3430 -2.13132e-06
3431 -2.36814e-06
3432 -3.07858e-06
3433 -2.36814e-06
3434 -1.65769e-06
3435 -3.31539e-06
3436 -3.31539e-06
3437 -2.36814e-06
3438 -3.5522e-06
3439 -3.5522e-06
3440 -2.60495e-06
3441 -3.5522e-06
3442 -3.78902e-06
3443 -3.5522e-06
3444 -3.5522e-06
3445 -4.49946e-06
3446 -3.31539e-06
3447 -2.84176e-06
3448 -3.5522e-06
3449 -4.26264e-06
3450 -2.60495e-06
3451 -4.02583e-06
3452 -3.5522e-06
3453 -4.26264e-06
3454 -4.02583e-06
3455 -3.31539e-06
3456 -3.5522e-06
3457 -4.02583e-06
3458 -4.49946e-06
3459 -4.73627e-06
3460 -3.31539e-06
3461 -6.63078e-06
3462 -4.02583e-06
3463 -4.02583e-06
3464 -4.49946e-06
3465 -3.5522e-06
3466 -4.97308e-06
3467 -3.78902e-06
3468 -4.26264e-06
3469 -3.78902e-06
3470 -2.84176e-06
3471 -3.31539e-06
3472 -4.02583e-06
3473 -3.31539e-06
3474 -3.78902e-06
3475 -4.49946e-06
3476 -4.26264e-06
3477 -5.2099e-06
3478 -1.18407e-05
3479 -7.81485e-06
3480 -3.07858e-06
3481 -4.49946e-06
3482 -4.26264e-06
3483 -6.86759e-06
3484 -4.49946e-06
3485 -3.78902e-06
3486 -4.73627e-06
3487 -4.02583e-06
3488 -3.5522e-06
3489 -4.26264e-06
3490 -3.31539e-06
3491 -4.02583e-06
3492 -5.68352e-06
3493 -5.2099e-06
3494 -4.97308e-06
3495 -4.02583e-06
3496 -3.5522e-06
3497 -3.31539e-06
3498 -3.5522e-06
3499 -4.02583e-06
3500 -3.31539e-06
3501 -4.49946e-06
3502 -2.84176e-06
3503 -3.5522e-06
3504 -3.78902e-06
3505 -4.02583e-06
3506 -3.5522e-06
3507 0.0117703
3508 0.313325
3509 1.41661
3510 3.16939
3511 5.50555
3512 8.09563
3513 10.7902
3514 13.4531
3515 15.7885
3516 18.9177
3517 21.2366
3518 23.803
3519 26.3346
3520 28.3241
3521 29.5652
3522 29.9623
3523 30.0459
3524 30.0464
3525 30.0306
3526 30.0167
3527 30.0078
3528 30.0037
3529 30.0016
3530 30.0006
3531 30.0002
3532 29.9999
3533 29.9998
3534 29.9998
3535 29.9998
3536 29.9998
3537 29.9998
3538 29.9998
3539 29.9998
3540 29.9998
3541 29.9998
3542 29.9998
3543 29.9998
3544 29.9998
3545 29.9998
3546 29.9999
3547 29.9999
3548 29.9999
3549 29.9999
3550 29.9999
3551 29.9999
3552 29.9999
3553 29.9999
3554 29.9999
3555 29.9999
3556 29.9999
3557 29.9999
3558 29.9999
3559 29.9999
3560 30
3561 30
3562 30
3563 30
3564 30
3565 30
3566 30
3567 30
3568 30
3569 30
3570 30
3571 30
3572 30
3573 30
3574 30
3575 30
3576 30
3577 30
3578 30
3579 30
3580 30
3581 30
3582 30
3583 30
3584 30
3585 30
3586 30
3587 30
3588 30
3589 30
3590 30
3591 30
3592 30
3593 30
3594 30
3595 30
3596 30
3597 30
3598 30
3599 30
3600 30
3601 30
3602 30
3603 30
3604 30
3605 30
3606 30
3607 30
3608 30
3609 30
3610 30
3611 30
3612 30
3613 30
3614 30
3615 30
3616 30
3617 30
3618 30
3619 30
3620 30
3621 30
3622 30
3623 30
3624 30
3625 30
3626 30
3627 30
3628 30
3629 30
3630 30
3631 30
3632 30
3633 30
3634 30
3635 30
3636 30
3637 30
3638 30
3639 30
3640 30
3641 30
3642 30
3643 30
3644 30
3645 30
3646 30
3647 30
3648 30
3649 30
3650 30
3651 30
3652 30
3653 30
3654 30
3655 30
3656 30
3657 30
3658 30
3659 30
3660 30
3661 30
3662 30
3663 30
3664 30
3665 30
3666 30
3667 29.999
3668 29.828
3669 28.9867
3670 27.1578
3671 24.8921
3672 22.3703
3673 19.7098
3674 17.1288
3675 14.6158
3676 12.1386
3677 9.3429
3678 6.57967
3679 4.42616
3680 1.96831
3681 0.747745
3682 0.136453
3683 -0.0332074
3684 -0.048126
3685 -0.0355272
3686 -0.0191926
3687 -0.00929683
3688 -0.00390245
3689 -0.00162715
3690 -0.000641528
3691 -0.000219052
3692 -3.03121e-05
3693 8.97523e-05
3694 0.000151324
3695 0.000169795
3696 0.000180689
3697 0.000180215
3698 0.000177847
3699 0.000173584
3700 0.000168611
3701 0.00016056
3702 0.000153692
3703 0.000145167
3704 0.00013901
3705 0.000129063
3706 0.000119828
3707 0.000113434
3708 0.000104672
3709 9.85144e-05
3710 9.18836e-05
3711 8.52529e-05
3712 7.7438e-05
3713 7.15177e-05
3714 6.65446e-05
3715 6.25188e-05
3716 5.63616e-05
3717 5.18622e-05
3718 4.61786e-05
3719 4.23896e-05
3720 3.9311e-05
3721 3.4338e-05
3722 3.07858e-05
3723 2.74704e-05
3724 2.55759e-05
3725 2.27341e-05
3726 1.82346e-05
3727 1.82346e-05
3728 1.63401e-05
3729 1.37352e-05
3730 1.25511e-05
3731 1.04198e-05
3732 9.23573e-06
3733 8.52529e-06
3734 6.39396e-06
3735 5.2099e-06
3736 4.73627e-06
3737 3.78902e-06
3738 3.31539e-06
3739 2.60495e-06
3740 2.36814e-06
3741 3.5522e-06
3742 7.10441e-07
3743 0
3744 2.36814e-07
3745 -1.65769e-06
3746 -1.65769e-06
3747 -1.18407e-06
3748 -1.42088e-06
3749 -2.13132e-06
3750 -2.13132e-06
3751 -1.89451e-06
3752 -2.60495e-06
3753 -2.84176e-06
3754 -3.07858e-06
3755 -1.42088e-06
3756 -3.5522e-06
3757 -2.13132e-06
3758 -3.31539e-06
3759 -2.13132e-06
3760 -2.60495e-06
3761 -3.5522e-06
3762 -3.07858e-06
3763 -3.07858e-06
3764 -4.02583e-06
3765 -2.84176e-06
3766 -3.5522e-06
3767 -2.36814e-06
3768 -2.36814e-06
3769 -4.26264e-06
3770 -3.31539e-06
3771 -3.5522e-06
3772 -4.02583e-06
3773 -3.31539e-06
3774 -2.36814e-06
3775 -3.78902e-06
3776 -4.26264e-06
3777 -3.5522e-06
3778 -4.26264e-06
3779 -3.07858e-06
3780 -4.02583e-06
3781 -4.26264e-06
3782 -4.26264e-06
3783 -4.26264e-06
3784 -2.13132e-06
3785 -2.84176e-06
3786 -4.02583e-06
3787 -3.31539e-06
3788 -2.60495e-06
3789 -1.65769e-06
3790 -3.07858e-06
3791 -4.26264e-06
3792 -3.07858e-06
3793 -4.26264e-06
3794 -3.07858e-06
3795 -4.49946e-06
3796 -1.89451e-06
3797 -3.31539e-06
3798 -3.31539e-06
3799 -2.13132e-06
3800 -4.97308e-06
3801 -1.65769e-06
3802 -3.07858e-06
3803 -2.36814e-06
3804 -3.5522e-06
3805 -3.5522e-06
3806 -2.84176e-06
3807 -3.07858e-06
3808 -2.84176e-06
3809 -4.26264e-06
3810 -2.36814e-06
3811 -4.97308e-06
3812 -4.49946e-06
3813 -3.5522e-06
3814 -4.26264e-06
3815 -2.84176e-06
3816 -3.31539e-06
3817 -4.49946e-06
3818 -4.26264e-06
3819 -3.5522e-06
3820 -4.26264e-06
3821 -2.60495e-06
3822 -4.26264e-06
3823 -3.07858e-06
3824 -3.5522e-06
3825 -3.07858e-06
3826 -3.5522e-06
3827 -1.65769e-06
3828 0.0842438
3829 0.686783
3830 2.32803
3831 4.45333
3832 6.93837
3833 9.66545
3834 12.1224
3835 14.6161
3836 17.2395
3837 20.0359
3838 22.1889
3839 25.1018
3840 27.4167
3841 29.0247
3842 29.81
3843 30.0076
3844 30.0491
3845 30.0417
3846 30.0235
3847 30.0119
3848 30.0055
3849 30.0024
3850 30.0011
3851 30.0003
3852 30
3853 29.9999
3854 29.9998
3855 29.9998
3856 29.9998
3857 29.9998
3858 29.9998
3859 29.9998
3860 29.9998
3861 29.9998
3862 29.9998
3863 29.9998
3864 29.9998
3865 29.9998
3866 29.9998
3867 29.9999
3868 29.9999
3869 29.9999
3870 29.9999
3871 29.9999
3872 29.9999
3873 29.9999
3874 29.9999
3875 29.9999
3876 29.9999
3877 29.9999
3878 29.9999
3879 29.9999
3880 29.9999
3881 30
3882 30
