0 0
1 0
2 0
3 -0.00757803
4 -0.00378902
5 0
6 0.00378902
7 -0.00378902
8 0
9 0
10 0
11 0
12 0.00378902
13 -0.00757803
14 0.00378902
15 0
16 0
17 0.00378902
18 -0.00378902
19 -0.00757803
20 0.00378902
21 -0.00378902
22 0
23 0.00378902
24 -0.00378902
25 0
26 -0.00378902
27 0
28 0
29 -0.00378902
30 0
31 0
32 0.00757803
33 -0.00378902
34 0
35 0
36 -0.00378902
37 0
38 0.00378902
39 0
40 0
41 0.00378902
42 0
43 -0.00378902
44 -0.00757803
45 0
46 -0.00378902
47 0.00378902
48 0.00378902
49 0.00378902
50 0
51 0
52 0
53 0
54 0.00378902
55 0
56 0
57 0
58 0
59 0
60 0
61 0.00378902
62 0
63 0
64 -0.00378902
65 0.00378902
66 -0.00378902
67 0
68 -0.00378902
69 0
70 -0.00378902
71 0
72 0
73 0
74 0
75 0.00378902
76 0
77 0
78 0
79 -0.00378902
80 0
81 0
82 -0.00378902
83 0.00757803
84 0
85 0.00757803
86 -0.00378902
87 0
88 0
89 -0.00378902
90 -0.00378902
91 0.00378902
92 -0.00378902
93 -0.00378902
94 -0.00757803
95 0.00378902
96 0
97 -0.00378902
98 0
99 0
100 0
101 0.00378902
102 0.00378902
103 0
104 -0.00378902
105 0
106 0
107 -0.00378902
108 0
109 -0.00378902
110 -0.00757803
111 -0.011367
112 0
113 0
114 -0.00757803
115 0
116 -0.00378902
117 0
118 -0.00757803
119 0.00378902
120 0.00378902
121 0
122 -0.011367
123 0.00757803
124 0.00378902
125 -0.00378902
126 -0.00378902
127 -0.00378902
128 -0.00378902
129 0
130 -0.00378902
131 0
132 -0.00378902
133 0.00378902
134 0.00378902
135 0
136 0
137 -0.00378902
138 -0.00378902
139 -0.00378902
140 0
141 0.00378902
142 -0.00378902
143 0.00757803
144 0
145 0
146 0
147 -0.00757803
148 0
149 0.00757803
150 0
151 0.00378902
152 0
153 0
154 0
155 0.00378902
156 0.00378902
157 0
158 0
159 0
160 0
161 0.00378902
162 -0.00378902
163 0
164 -0.00378902
165 0
166 -0.00378902
167 0.00378902
168 -0.00378902
169 0
170 0
171 0.00378902
172 -0.00378902
173 0
174 0.00378902
175 -0.00378902
176 0.00378902
177 -0.00757803
178 0
179 -0.00378902
180 0
181 0.00757803
182 0.00378902
183 0
184 -0.00757803
185 -0.00378902
186 0.00757803
187 0
188 0
189 0.00378902
190 0
191 0.00757803
192 0
193 0
194 0
195 0
196 0
197 0
198 -0.00378902
199 0
200 0
201 0.00378902
202 -0.00378902
203 0
204 0.00378902
205 -0.00378902
206 0.00378902
207 0
208 0.00378902
209 -0.00378902
210 0
211 0.00378902
212 0.00378902
213 -0.00378902
214 0
215 0.00378902
216 0
217 -0.00378902
218 -0.00378902
219 0
220 0
221 -0.00378902
222 -0.00378902
223 -0.00378902
224 0.00378902
225 -0.00378902
226 0
227 0.00378902
228 0
229 0
230 0
231 -0.00378902
232 0
233 0.00378902
234 -0.00378902
235 0
236 0
237 0.00378902
238 0.00378902
239 0.00378902
240 0
241 0
242 0.00378902
243 0
244 0
245 0
246 0.00378902
247 0
248 0
249 -0.00378902
250 0
251 0
252 0.00378902
253 0.00757803
254 0.00378902
255 -0.00378902
256 0.00378902
257 -0.00757803
258 0
259 -0.00378902
260 -0.00378902
261 -0.00378902
262 0
263 -0.00378902
264 0
265 -0.00378902
266 -0.00378902
267 0
268 0.00378902
269 0
270 0
271 -0.00378902
272 0
273 0
274 0.00757803
275 0
276 0
277 0
278 -0.00757803
279 0.00378902
280 0
281 0
282 -0.00757803
283 0
284 0
285 0
286 0
287 -0.00378902
288 0
289 0.00378902
290 0.00378902
291 -0.00378902
292 -0.00378902
293 -0.00378902
294 0
295 -0.00378902
296 0
297 0
298 0
299 0
300 -0.00757803
301 0
302 4.346
303 26.5458
304 54.8687
305 72.7681
306 81.3615
307 83.1348
308 81.2668
309 64.8263
310 36.151
311 12.087
312 2.3454
313 -0.0833584
314 -0.530462
315 -0.431948
316 -0.276598
317 -0.128827
318 -0.0568352
319 -0.0378902
320 -0.0151561
321 -0.00378902
322 -0.00378902
323 0
324 0
325 0
326 0
327 0
328 0.00378902
329 0
330 -0.00378902
331 -0.00757803
332 0.00378902
333 0.011367
334 -0.00378902
335 0
336 0
337 -0.011367
338 0
339 0
340 -0.00378902
341 -0.00378902
342 -0.00378902
343 0
344 -0.00378902
345 -0.00378902
346 0
347 0.00757803
348 0
349 -0.00378902
350 -0.00757803
351 -0.00378902
352 0
353 0
354 0
355 0.00757803
356 0
357 0.011367
358 -0.00378902
359 0
360 0
361 0
362 0.00757803
363 -0.00378902
364 -0.00757803
365 0
366 0.00757803
367 0.00757803
368 -0.00757803
369 0
370 0
371 0.00378902
372 -0.00757803
373 -0.00378902
374 0
375 0
376 -0.00378902
377 -0.00757803
378 -0.00378902
379 0
380 0.00378902
381 -0.00757803
382 0.00378902
383 -0.00378902
384 -0.00378902
385 0
386 0.00378902
387 0.00378902
388 0
389 0.00378902
390 0
391 -0.00378902
392 0
393 -0.00757803
394 0
395 0
396 -0.00378902
397 0.00378902
398 0
399 0
400 0
401 -0.00378902
402 -0.00378902
403 -0.00757803
404 -0.00378902
405 -0.00378902
406 0
407 0.00378902
408 0.00378902
409 0.00378902
410 0
411 0.00757803
412 0.00378902
413 0
414 -0.00378902
415 0.00378902
416 0
417 0
418 -0.00378902
419 0
420 0
421 0
422 0.00378902
423 -0.00378902
424 -0.00757803
425 -0.00378902
426 -0.00378902
427 0
428 0
429 0
430 -0.00378902
431 -0.00757803
432 -0.00378902
433 -0.00378902
434 -0.00378902
435 0.00378902
436 0.00378902
437 -0.00378902
438 -0.00378902
439 0.00378902
440 0.00378902
441 0.00378902
442 0
443 -0.00378902
444 0.00757803
445 0
446 -0.00757803
447 0
448 0
449 -0.00378902
450 -0.00378902
451 -0.00757803
452 0
453 -0.00378902
454 0
455 0.00378902
456 0.00378902
457 0.00378902
458 0
459 0.00378902
460 0.00378902
461 0.00378902
462 -2.04228
463 -19.2027
464 -46.3094
465 -70.9986
466 -79.8649
467 -83.1234
468 -83.3697
469 -83.2182
470 -82.9454
471 -82.8999
472 -82.9832
473 -82.6763
474 -74.636
475 -53.9291
476 -23.8178
477 -6.71414
478 -1.29963
479 0.303121
480 0.519095
481 0.375113
482 0.204607
483 0.0909364
484 0.0378902
485 0.0151561
486 0.011367
487 0
488 0
489 0
490 0
491 0
492 0
493 0.00757803
494 -0.00378902
495 0
496 -0.00378902
497 0
498 0.00378902
499 0
500 -0.00378902
501 0
502 -0.00378902
503 0
504 0.00378902
505 0
506 -0.00378902
507 -0.00757803
508 -0.00378902
509 0.00378902
510 0
511 0.00378902
512 0
513 0
514 0
515 0.00378902
516 0.00378902
517 0
518 0
519 -0.00757803
520 0
521 0.00378902
522 0.00757803
523 0
524 0.00378902
525 0
526 0.00378902
527 0
528 0.00378902
529 0
530 -0.00378902
531 0.00378902
532 0.00378902
533 -0.00378902
534 0
535 0
536 0
537 0.00378902
538 0.00378902
539 0
540 0
541 0.00378902
542 0.00378902
543 0
544 -0.00378902
545 0
546 0.00757803
547 0.00378902
548 0.00378902
549 -0.00757803
550 0
551 0
552 0.00378902
553 -0.00378902
554 -0.00378902
555 -0.00378902
556 0.00378902
557 0
558 -0.00378902
559 0.00378902
560 0
561 -0.00378902
562 0
563 -0.00378902
564 0.00757803
565 0
566 0.00378902
567 0
568 0.00378902
569 0
570 0
571 0.00378902
572 0.00757803
573 0
574 0.00378902
575 0.00378902
576 0.00378902
577 -0.00378902
578 -0.00378902
579 0
580 -0.00757803
581 0
582 0.00378902
583 0.00378902
584 0.00378902
585 -0.00378902
586 0
587 -0.00378902
588 0
589 0.00378902
590 0
591 -0.00757803
592 -0.00378902
593 0
594 -0.00378902
595 0.00378902
596 0
597 0
598 -0.00757803
599 0
600 -0.00378902
601 0
602 0
603 0.00378902
604 0
605 0
606 -0.00378902
607 0.00378902
608 -0.00757803
609 -0.00378902
610 0
611 0.00378902
612 0.00757803
613 0
614 -0.00378902
615 -0.00378902
616 0.00378902
617 -0.00757803
618 0.00378902
619 0.00378902
620 -0.011367
621 0.00378902
622 0.19324
623 14.3755
624 39.9097
625 66.7018
626 79.1715
627 82.934
628 83.3735
629 83.2598
630 83.0477
631 82.8582
632 82.934
633 82.6498
634 77.7771
635 59.2678
636 32.1991
637 9.36266
638 2.02712
639 -0.143983
640 -0.549407
641 -0.420581
642 -0.242497
643 -0.106092
644 -0.0530462
645 -0.0265231
646 -0.00757803
647 0
648 0.00378902
649 -0.00757803
650 0
651 0
652 -0.00378902
653 0.00757803
654 0
655 0
656 0.00378902
657 0
658 0
659 0
660 0.00378902
661 -0.00378902
662 -0.00378902
663 0
664 0.00757803
665 0.00378902
666 0
667 0
668 -0.00757803
669 0
670 0.00378902
671 -0.00378902
672 0.00378902
673 0.00378902
674 0.00378902
675 0
676 0
677 0.00378902
678 -0.00378902
679 0
680 0.00378902
681 0
682 0
683 0
684 0
685 -0.00378902
686 0
687 0.00378902
688 0.00378902
689 -0.00378902
690 0
691 -0.00378902
692 -0.00757803
693 -0.00378902
694 0.00378902
695 -0.00757803
696 0
697 0
698 0.00378902
699 0
700 -0.00378902
701 0.00378902
702 0
703 0.00757803
704 0.00378902
705 0.00378902
706 0
707 0
708 -0.00378902
709 0.00378902
710 0
711 0.00378902
712 0.00378902
713 0
714 0
715 0
716 0
717 0
718 0.00378902
719 -0.00378902
720 -0.00378902
721 -0.00378902
722 0
723 0
724 0
725 0.00757803
726 0
727 0
728 -0.00378902
729 0.011367
730 0.00378902
731 -0.00378902
732 0.00378902
733 0.00378902
734 0
735 0
736 0
737 0
738 -0.00378902
739 -0.00757803
740 0
741 0.00378902
742 -0.00378902
743 0
744 0.00757803
745 -0.00378902
746 -0.00378902
747 0
748 0
749 0
750 0
751 0.00378902
752 0
753 -0.00378902
754 0
755 0
756 0
757 0
758 0.00378902
759 -0.00378902
760 -0.00378902
761 0.00378902
762 -0.00378902
763 -0.00378902
764 -0.00378902
765 -0.00378902
766 0
767 -0.00757803
768 0
769 -0.00378902
770 0
771 0
772 0
773 0
774 0.00378902
775 -0.00757803
776 0
777 -0.00378902
778 0
779 -0.00757803
780 0
781 -0.011367
782 -0.011367
783 -8.70337
784 -34.3133
785 -63.5039
786 -76.792
787 -82.2671
788 -83.1803
789 -83.2371
790 -82.9491
791 -82.7748
792 -82.7483
793 -82.862
794 -81.407
795 -64.7126
796 -37.7879
797 -11.674
798 -2.86071
799 0.0795693
800 0.545618
801 0.481205
802 0.26902
803 0.132616
804 0.0492572
805 0.0227341
806 0.011367
807 0.00378902
808 0
809 0.00378902
810 0
811 0.00378902
812 0.00378902
813 0
814 -0.00757803
815 0
816 0.00378902
817 0.00378902
818 0
819 0
820 0.00378902
821 0
822 -0.00378902
823 0.00378902
824 0
825 0
826 0.00378902
827 0
828 -0.00378902
829 -0.00378902
830 0.00378902
831 0
832 0
833 -0.00757803
834 -0.00757803
835 -0.00378902
836 -0.00378902
837 -0.00757803
838 0.00378902
839 0
840 0
841 0
842 0.00378902
843 0
844 0
845 0
846 0.00378902
847 0
848 0.00378902
849 0
850 0.00378902
851 -0.00378902
852 0.00757803
853 0.00378902
854 0
855 0.00757803
856 0.00757803
857 -0.00378902
858 -0.00378902
859 -0.011367
860 0.00378902
861 0
862 0
863 0.00757803
864 0
865 -0.00378902
866 -0.00757803
867 0.00378902
868 0
869 0.00378902
870 0
871 0.00378902
872 0.00757803
873 0
874 0
875 -0.00378902
876 0
877 0.00757803
878 0
879 -0.00757803
880 0.00757803
881 0.011367
882 0.00378902
883 0.00757803
884 -0.00378902
885 0
886 0.00378902
887 0.00757803
888 0
889 -0.00378902
890 0
891 0
892 0
893 -0.00378902
894 -0.011367
895 0.00378902
896 0.00378902
897 0
898 0
899 0.00378902
900 -0.00757803
901 0
902 -0.011367
903 0.00378902
904 0.00378902
905 0
906 0.00378902
907 0.00378902
908 -0.00378902
909 0
910 0.00757803
911 0.00378902
912 0
913 -0.00757803
914 0
915 -0.00757803
916 -0.00757803
917 -0.00378902
918 0.00378902
919 -0.011367
920 0.00378902
921 0.00378902
922 0.00378902
923 -0.00378902
924 0.00378902
925 0.00378902
926 0
927 0
928 0
929 -0.00378902
930 -0.00757803
931 -0.00378902
932 0.00378902
933 -0.00378902
934 0.00757803
935 -0.00378902
936 0
937 0
938 0
939 0.00757803
940 0
941 0
942 0
943 7.66139
944 28.1448
945 55.2363
946 74.7611
947 81.7632
948 83.2447
949 83.3205
950 82.9188
951 82.9226
952 83.0022
953 82.8885
954 82.4831
955 67.8044
956 41.5845
957 14.5536
958 4.55061
959 0.189451
960 -0.473627
961 -0.466049
962 -0.318277
963 -0.151561
964 -0.0682023
965 -0.0303121
966 -0.011367
967 -0.00757803
968 -0.011367
969 0
970 -0.00378902
971 -0.00378902
972 -0.00378902
973 -0.00378902
974 0
975 -0.00378902
976 0.00378902
977 0
978 0.00757803
979 0.00378902
980 0
981 0
982 -0.00378902
983 -0.00378902
984 -0.00757803
985 0
986 -0.00378902
987 0
988 0.011367
989 -0.00757803
990 -0.00378902
991 0
992 0.00378902
993 0
994 0
995 -0.00378902
996 -0.00378902
997 0
998 0
999 0
1000 0
1001 0
1002 0
1003 0
1004 -0.00757803
1005 0
1006 0.00378902
1007 0
1008 -0.00757803
1009 0.00378902
1010 0.00378902
1011 -0.00378902
1012 0.00378902
1013 0.00378902
1014 0
1015 0
1016 0
1017 0
1018 0
1019 0.00378902
1020 0
1021 0
1022 0
1023 -0.00378902
1024 0
1025 -0.00378902
1026 -0.011367
1027 0
1028 0.00378902
1029 0.00378902
1030 0.00757803
1031 0
1032 0
1033 -0.00378902
1034 0
1035 0
1036 0.00378902
1037 0
1038 0
1039 0.00378902
1040 -0.00378902
1041 -0.00378902
1042 0
1043 0
1044 0.00378902
1045 0.00378902
1046 -0.00378902
1047 0
1048 0.00378902
1049 0
1050 -0.00378902
1051 -0.00757803
1052 0.00378902
1053 0.00378902
1054 0
1055 -0.00378902
1056 0.00378902
1057 0.00378902
1058 0.00378902
1059 0
1060 0.00378902
1061 0.00757803
1062 0
1063 0
1064 -0.00378902
1065 -0.00378902
1066 -0.00378902
1067 0.00378902
1068 0
1069 0.00757803
1070 0.00378902
1071 -0.00378902
1072 0.00757803
1073 0
1074 0.00378902
1075 0
1076 0.00757803
1077 -0.00378902
1078 -0.00378902
1079 0.011367
1080 0
1081 0
1082 -0.00378902
1083 -0.00378902
1084 0
1085 -0.00378902
1086 -0.00757803
1087 0.00378902
1088 -0.00757803
1089 -0.00378902
1090 0
1091 -0.00378902
1092 0.00378902
1093 0
1094 0
1095 0
1096 -0.00757803
1097 0
1098 0.00378902
1099 0.00378902
1100 -0.00378902
1101 0
1102 -0.00378902
1103 -2.4136
1104 -20.6918
1105 -50.932
1106 -70.7902
1107 -80.4294
1108 -83.0477
1109 -83.4493
1110 -83.2106
1111 -82.915
1112 -82.987
1113 -82.809
1114 -82.7066
1115 -75.2953
1116 -50.4242
1117 -24.5528
1118 -6.73308
1119 -0.844951
1120 0.234919
1121 0.530462
1122 0.367535
1123 0.19324
1124 0.0833584
1125 0.0303121
1126 0.0189451
1127 0.011367
1128 -0.00757803
1129 -0.00757803
1130 -0.00378902
1131 -0.00378902
1132 0
1133 0
1134 -0.00757803
1135 0
1136 -0.00378902
1137 0
1138 0
1139 0
1140 0
1141 0
1142 0
1143 -0.00378902
1144 -0.00378902
1145 0
1146 0.00378902
1147 0.00378902
1148 0
1149 -0.00378902
1150 0
1151 -0.00378902
1152 0.00378902
1153 -0.00757803
1154 0
1155 -0.00378902
1156 0.00378902
1157 0.00378902
1158 0
1159 0
1160 0.00757803
1161 0.00378902
1162 0
1163 0.00378902
1164 0.00378902
1165 0
1166 -0.00378902
1167 0.00378902
1168 0.011367
1169 -0.00757803
1170 0.00378902
1171 -0.00757803
1172 -0.00378902
1173 -0.00757803
1174 -0.00757803
1175 0
1176 0
1177 0
1178 0.00378902
1179 0
1180 0
1181 0
1182 0.00378902
1183 0
1184 0.00757803
1185 0
1186 -0.00378902
1187 0
1188 0
1189 0.00757803
1190 0
1191 0.00757803
1192 0
1193 -0.00378902
1194 0.00378902
1195 0.00757803
1196 0
1197 -0.00378902
1198 0.011367
1199 0.00378902
1200 0
1201 0.00757803
1202 0.00378902
1203 0.00378902
1204 0
1205 0.00378902
1206 0
1207 -0.00378902
1208 0.00378902
1209 0
1210 -0.00378902
1211 0.00378902
1212 0.00378902
1213 0.0151561
1214 0.00378902
1215 0
1216 -0.00378902
1217 0.00378902
1218 0.00378902
1219 0.00378902
1220 0
1221 0
1222 0.00378902
1223 -0.00378902
1224 0
1225 0
1226 0.00378902
1227 0.00378902
1228 0
1229 -0.00757803
1230 0
1231 0.00757803
1232 -0.00757803
1233 0
1234 0
1235 0
1236 0
1237 -0.00757803
1238 -0.00378902
1239 -0.00378902
1240 0.00378902
1241 0.00378902
1242 -0.00378902
1243 -0.00378902
1244 0.00378902
1245 0.00757803
1246 0
1247 0
1248 -0.011367
1249 0
1250 -0.00378902
1251 0.00378902
1252 -0.00378902
1253 -0.00378902
1254 0.011367
1255 -0.00378902
1256 0.00378902
1257 -0.00378902
1258 0
1259 0
1260 0
1261 0.00378902
1262 0.00378902
1263 0.265231
1264 15.1333
1265 39.9438
1266 68.0128
1267 79.2586
1268 82.9264
1269 83.1537
1270 83.0666
1271 83.0477
1272 82.809
1273 82.9984
1274 82.7635
1275 78.8267
1276 57.4263
1277 30.494
1278 9.21868
1279 1.29205
1280 -0.170506
1281 -0.545618
1282 -0.416792
1283 -0.238708
1284 -0.11746
1285 -0.0530462
1286 -0.0265231
1287 -0.011367
1288 -0.00757803
1289 -0.011367
1290 0.00378902
1291 -0.00378902
1292 -0.00757803
1293 0
1294 0.00757803
1295 0
1296 0
1297 0
1298 0.00757803
1299 0.00378902
1300 -0.00378902
1301 0
1302 0
1303 -0.00378902
1304 0.00378902
1305 0
1306 -0.00378902
1307 0
1308 -0.00378902
1309 0
1310 0
1311 0
1312 0.00378902
1313 0.00378902
1314 0.00757803
1315 0
1316 0.00757803
1317 -0.00378902
1318 0.00378902
1319 -0.00378902
1320 0
1321 -0.00378902
1322 0
1323 0.00757803
1324 -0.00757803
1325 0.00378902
1326 0
1327 0.00378902
1328 0
1329 -0.00378902
1330 0
1331 -0.00378902
1332 -0.00378902
1333 0.00378902
1334 0.00378902
1335 0.00757803
1336 -0.00378902
1337 0.00378902
1338 0
1339 0.00378902
1340 -0.00378902
1341 0
1342 -0.00757803
1343 -0.00378902
1344 -0.00378902
1345 -0.00757803
1346 0.00378902
1347 0
1348 -0.00378902
1349 -0.00757803
1350 0
1351 0
1352 0
1353 0
1354 -0.00378902
1355 0.00378902
1356 0.00378902
1357 -0.00757803
1358 -0.00757803
1359 -0.00378902
1360 -0.00378902
1361 0
1362 0.00378902
1363 -0.00378902
1364 -0.00378902
1365 0
1366 0.00378902
1367 0.00378902
1368 0
1369 -0.00378902
1370 0
1371 -0.00378902
1372 0.00378902
1373 0
1374 0
1375 0
1376 -0.00378902
1377 0
1378 0
1379 -0.00757803
1380 0
1381 0.00378902
1382 0
1383 -0.00378902
1384 -0.00378902
1385 -0.00378902
1386 -0.00378902
1387 0.00378902
1388 0.00378902
1389 0
1390 0
1391 -0.00757803
1392 -0.00378902
1393 0.00378902
1394 -0.00378902
1395 0
1396 -0.00378902
1397 0
1398 0
1399 0
1400 -0.00378902
1401 0
1402 0.00378902
1403 0
1404 0
1405 -0.00378902
1406 0
1407 -0.00378902
1408 0.00378902
1409 0
1410 -0.00378902
1411 -0.00378902
1412 -0.00378902
1413 -0.00378902
1414 0.00378902
1415 0
1416 -0.00378902
1417 0
1418 -0.00378902
1419 0.00378902
1420 0.00378902
1421 0
1422 -0.011367
1423 -0.011367
1424 -8.16154
1425 -32.9644
1426 -61.2457
1427 -76.9587
1428 -82.1989
1429 -83.4152
1430 -83.2447
1431 -82.9681
1432 -82.7294
1433 -82.7407
1434 -82.6839
1435 -81.7518
1436 -66.9974
1437 -38.3411
1438 -12.409
1439 -2.81145
1440 0.0757803
1441 0.545618
1442 0.484994
1443 0.291754
1444 0.132616
1445 0.0492572
1446 0.0265231
1447 0.011367
1448 0.011367
1449 0.00378902
1450 0.00378902
1451 0.00378902
1452 0.00378902
1453 0
1454 0.00378902
1455 0.00378902
1456 0
1457 0.011367
1458 0.00378902
1459 0
1460 0.00378902
1461 -0.00757803
1462 0
1463 -0.00378902
1464 0
1465 0.00378902
1466 0.00378902
1467 0
1468 -0.00757803
1469 0
1470 0
1471 -0.00378902
1472 -0.00757803
1473 -0.00378902
1474 0
1475 0.00378902
1476 -0.00378902
1477 0
1478 -0.00378902
1479 0.00378902
1480 -0.00378902
1481 0
1482 0
1483 -0.00378902
1484 0.00378902
1485 0.00378902
1486 0
1487 0
1488 0.00757803
1489 -0.00378902
1490 0.00378902
1491 0.00378902
1492 -0.00757803
1493 -0.00378902
1494 -0.00378902
1495 0.00378902
1496 0
1497 -0.00378902
1498 0
1499 0.00378902
1500 0
1501 0
1502 0.00378902
1503 0.00378902
1504 0
1505 -0.00757803
1506 0.00378902
1507 -0.00378902
1508 0
1509 0
1510 -0.00378902
1511 -0.00757803
1512 -0.00757803
1513 -0.00378902
1514 0.00378902
1515 0
1516 0.00378902
1517 0
1518 0.00378902
1519 0.00378902
1520 -0.00378902
1521 -0.00378902
1522 -0.00378902
1523 0
1524 0
1525 -0.00378902
1526 -0.00378902
1527 -0.00378902
1528 -0.00757803
1529 0.00378902
1530 -0.00378902
1531 -0.00378902
1532 0.00378902
1533 0
1534 0
1535 0.00378902
1536 -0.00378902
1537 -0.00757803
1538 0.00378902
1539 -0.00378902
1540 0.00378902
1541 0
1542 -0.00378902
1543 -0.00378902
1544 0.00378902
1545 0
1546 0
1547 0
1548 0.00757803
1549 0
1550 -0.00378902
1551 -0.00378902
1552 -0.00378902
1553 -0.00378902
1554 -0.00757803
1555 -0.00378902
1556 -0.00378902
1557 0.00757803
1558 0.00378902
1559 -0.00757803
1560 0.00757803
1561 0
1562 -0.00378902
1563 0.00378902
1564 0.00378902
1565 0.011367
1566 -0.00378902
1567 -0.00378902
1568 0
1569 -0.00378902
1570 0
1571 -0.00378902
1572 0
1573 0.00757803
1574 -0.00378902
1575 -0.00378902
1576 -0.00378902
1577 0.00757803
1578 0
1579 0
1580 0.00378902
1581 -0.00378902
1582 0
1583 -0.00757803
1584 4.95224
1585 27.6333
1586 52.5271
1587 73.4273
1588 81.1683
1589 83.1803
1590 83.2561
1591 83.1765
1592 82.8582
1593 82.718
1594 82.9908
1595 82.737
1596 71.1729
1597 49.8672
1598 18.8769
1599 4.91814
1600 0.481205
1601 -0.428159
1602 -0.481205
1603 -0.352379
1604 -0.174295
1605 -0.0833584
1606 -0.0378902
1607 -0.0189451
1608 0
1609 -0.00378902
1610 -0.00378902
1611 0.00378902
1612 -0.00378902
1613 -0.00378902
1614 0
1615 -0.00757803
1616 0
1617 0
1618 -0.00378902
1619 0
1620 -0.00378902
1621 0.00378902
1622 -0.00757803
1623 0.00378902
1624 0.00378902
1625 0
1626 0.00378902
1627 0
1628 0
1629 0.00757803
1630 -0.00378902
1631 0
1632 0
1633 -0.00378902
1634 0.00378902
1635 -0.00757803
1636 -0.00757803
1637 0.00378902
1638 0.00378902
1639 0.00378902
1640 0.011367
1641 0
1642 0.00378902
1643 -0.00378902
1644 0.00757803
1645 0
1646 -0.00378902
1647 -0.00378902
1648 0.00378902
1649 0
1650 -0.00378902
1651 0
1652 -0.00757803
1653 -0.00378902
1654 0.00378902
1655 0
1656 -0.00757803
1657 0.00378902
1658 0
1659 0
1660 0.00378902
1661 0
1662 -0.00757803
1663 -0.00378902
1664 -0.00378902
1665 0
1666 0.00378902
1667 -0.00757803
1668 0.00378902
1669 -0.00757803
1670 0
1671 0
1672 -0.00378902
1673 0
1674 -0.00378902
1675 0.00378902
1676 0
1677 0
1678 -0.00757803
1679 0.00757803
1680 -0.00378902
1681 0
1682 0
1683 0
1684 -0.00378902
1685 0
1686 0
1687 0
1688 -0.00757803
1689 0.00378902
1690 0.00378902
1691 0
1692 0
1693 0
1694 -0.00378902
1695 -0.00757803
1696 0.00378902
1697 0
1698 -0.00378902
1699 0
1700 -0.00378902
1701 -0.00378902
1702 0.00757803
1703 0
1704 -0.00378902
1705 0
1706 -0.00378902
1707 0
1708 -0.00378902
1709 -0.00378902
1710 0
1711 0
1712 -0.00378902
1713 0
1714 0
1715 0.00378902
1716 -0.00757803
1717 0.00378902
1718 -0.00378902
1719 -0.00378902
1720 0
1721 -0.00378902
1722 0.00378902
1723 -0.00378902
1724 -0.00378902
1725 -0.00378902
1726 -0.00757803
1727 0
1728 0.00378902
1729 0.00378902
1730 -0.00378902
1731 0.00757803
1732 0
1733 0.00378902
1734 -0.00378902
1735 0
1736 -0.00378902
1737 0.00757803
1738 0
1739 0.00378902
1740 0
1741 0.00757803
1742 0.00378902
1743 -0.00378902
1744 -0.973777
1745 -18.7556
1746 -44.6498
1747 -69.7103
1748 -80.3802
1749 -82.8961
1750 -83.3091
1751 -83.1197
1752 -83.0401
1753 -82.8127
1754 -82.737
1755 -82.7294
1756 -77.7885
1757 -53.0614
1758 -28.304
1759 -7.05515
1760 -0.916942
1761 0.250075
1762 0.556985
1763 0.405425
1764 0.212185
1765 0.0909364
1766 0.0378902
1767 0.0189451
1768 0.00757803
1769 0.00378902
1770 0.00757803
1771 0.00378902
1772 0
1773 0.00378902
1774 0.00378902
1775 0.00378902
1776 0
1777 -0.00757803
1778 -0.00757803
1779 0.00757803
1780 0
1781 -0.00378902
1782 0
1783 0
1784 -0.00378902
1785 0.00378902
1786 0
1787 -0.00378902
1788 0.00378902
1789 0.00378902
1790 0
1791 0.00378902
1792 0.00378902
1793 -0.00757803
1794 -0.00757803
1795 0.00378902
1796 0
1797 0
1798 -0.00378902
1799 -0.00378902
1800 0
1801 0.00757803
1802 0
1803 0
1804 0
1805 0.00757803
1806 0
1807 0.00378902
1808 0
1809 -0.00757803
1810 0.00378902
1811 -0.00378902
1812 0
1813 -0.00378902
1814 0.00757803
1815 0
1816 0.00378902
1817 0.00378902
1818 0
1819 -0.00757803
1820 0
1821 0
1822 -0.00757803
1823 0
1824 0.00378902
1825 0.00378902
1826 0
1827 0
1828 -0.00378902
1829 0.011367
1830 -0.00378902
1831 -0.00378902
1832 0.00378902
1833 -0.00378902
1834 -0.00378902
1835 0
1836 0.00378902
1837 0
1838 -0.00757803
1839 0.00378902
1840 0
1841 0
1842 -0.00378902
1843 0.00378902
1844 0
1845 -0.00378902
1846 0
1847 0.00378902
1848 0
1849 -0.00378902
1850 0.00378902
1851 -0.00378902
1852 0.00757803
1853 0
1854 -0.00757803
1855 0
1856 0.00757803
1857 0
1858 0
1859 -0.00378902
1860 0
1861 -0.00378902
1862 -0.011367
1863 0.00757803
1864 0
1865 -0.00378902
1866 0
1867 -0.00378902
1868 -0.00757803
1869 0
1870 0
1871 -0.00757803
1872 0.00757803
1873 0.00378902
1874 0
1875 0
1876 -0.00378902
1877 0.00757803
1878 0
1879 0
1880 0
1881 0
1882 0
1883 0
1884 0.00757803
1885 0
1886 0.00378902
1887 0
1888 0
1889 0
1890 0
1891 -0.00378902
1892 -0.00378902
1893 0
1894 0.00378902
1895 -0.00757803
1896 0
1897 0.00378902
1898 0.00378902
1899 -0.00757803
1900 -0.00757803
1901 -0.00757803
1902 0
1903 -0.00378902
1904 0.00757803
1905 12.822
1906 39.5687
1907 64.9741
1908 78.2811
1909 82.5172
1910 83.347
1911 83.2144
1912 82.8961
1913 82.9984
1914 82.809
1915 82.6801
1916 80.2211
1917 61.742
1918 32.6159
1919 10.3213
1920 1.86799
1921 -0.0947254
1922 -0.541829
1923 -0.435737
1924 -0.246286
1925 -0.132616
1926 -0.0568352
1927 -0.0341011
1928 -0.011367
1929 -0.00757803
1930 0.00378902
1931 -0.00378902
1932 -0.00757803
1933 0.00378902
1934 -0.00378902
1935 0.00378902
1936 -0.00378902
1937 0.00378902
1938 0
1939 0
1940 0.00378902
1941 0.00378902
1942 0.00378902
1943 0
1944 0.00757803
1945 0
1946 0.00757803
1947 0
1948 0.00378902
1949 0
1950 0.00378902
1951 0.00757803
1952 0.00378902
1953 0
1954 0
1955 0.00757803
1956 0.00378902
1957 0.00378902
1958 0
1959 0
1960 0.00757803
1961 0
1962 -0.00757803
1963 0.00378902
1964 -0.00378902
1965 0
1966 0.00757803
1967 0.00378902
1968 -0.00378902
1969 0
1970 0
1971 0
1972 -0.00378902
1973 0.00378902
1974 0.011367
1975 -0.00378902
1976 0
1977 0
1978 0.00378902
1979 0.00757803
1980 0.00378902
1981 -0.00378902
1982 0.00378902
1983 -0.00378902
1984 -0.00378902
1985 -0.00378902
1986 0
1987 0
1988 0
1989 -0.00378902
1990 0
1991 0.00757803
1992 0.00378902
1993 0
1994 0
1995 -0.00757803
1996 0
1997 0
1998 -0.00378902
1999 0.00378902
2000 0
2001 0.00378902
2002 -0.00378902
2003 0
2004 0
2005 -0.00757803
2006 -0.00378902
2007 0.00378902
2008 -0.00378902
2009 0
2010 0
2011 -0.00378902
2012 0.00378902
2013 0
2014 0
2015 0
2016 0
2017 0
2018 0
2019 -0.00378902
2020 0.00378902
2021 -0.00378902
2022 0
2023 0
2024 0.00378902
2025 -0.00378902
2026 -0.00378902
2027 0
2028 0
2029 0.00378902
2030 0.00378902
2031 -0.00378902
2032 0.00757803
2033 0.00757803
2034 -0.00378902
2035 -0.00378902
2036 0.00378902
2037 0.00378902
2038 0
2039 -0.00378902
2040 0.00378902
2041 0
2042 0.00378902
2043 0.00378902
2044 0
2045 0.00378902
2046 -0.00757803
2047 -0.00378902
2048 0.00378902
2049 -0.00378902
2050 -0.00378902
2051 -0.00378902
2052 0
2053 -0.00757803
2054 -0.00378902
2055 0.00378902
2056 -0.00378902
2057 0
2058 -0.00378902
2059 0
2060 0.00378902
2061 0
2062 -0.00378902
2063 0
2064 0.00378902
2065 -9.01028
2066 -28.8458
2067 -57.5968
2068 -75.409
2069 -82.0322
2070 -83.2409
2071 -83.2371
2072 -82.8809
2073 -83.0211
2074 -82.7748
2075 -82.7294
2076 -81.8011
2077 -68.6494
2078 -42.3612
2079 -15.1258
2080 -3.55789
2081 0.0378902
2082 0.503939
2083 0.515306
2084 0.333433
2085 0.15535
2086 0.0606243
2087 0.0227341
2088 0.011367
2089 0.00378902
2090 0.00378902
2091 0.00378902
2092 0.00378902
2093 0.00378902
2094 0
2095 0.00757803
2096 -0.00378902
2097 0
2098 0
2099 0.00378902
2100 0
2101 0.00378902
2102 0
2103 -0.00378902
2104 0.00757803
2105 -0.00378902
2106 -0.00378902
2107 0.00378902
2108 0.00757803
2109 0
2110 0.00378902
2111 0
2112 -0.00757803
2113 0
2114 0
2115 0.00378902
2116 0.00378902
2117 0.00378902
2118 0.00378902
2119 0
2120 0
2121 -0.00378902
2122 0.00378902
2123 0
2124 -0.00757803
2125 -0.0151561
2126 0
2127 -0.00378902
2128 0
2129 -0.00757803
2130 0
2131 0.00378902
2132 -0.00378902
2133 0.00378902
2134 -0.011367
2135 0
2136 0.00378902
2137 -0.00757803
2138 -0.00757803
2139 -0.00378902
2140 -0.00378902
2141 0.00378902
2142 0
2143 0
2144 0.00378902
2145 0
2146 -0.00378902
2147 0.00378902
2148 -0.00378902
2149 -0.00378902
2150 0
2151 0
2152 0.00378902
2153 0.00757803
2154 0
2155 -0.00378902
2156 -0.00378902
2157 -0.00378902
2158 -0.00757803
2159 0
2160 -0.00378902
2161 0.00378902
2162 0.00378902
2163 0
2164 -0.0151561
2165 0
2166 0
2167 0
2168 -0.00378902
2169 0.00757803
2170 0.00378902
2171 0
2172 0
2173 0
2174 -0.00378902
2175 0
2176 0
2177 0.00378902
2178 -0.00378902
2179 0
2180 0.00378902
2181 -0.00378902
2182 0
2183 0.00378902
2184 0
2185 -0.00757803
2186 0.00757803
2187 0
2188 0.00378902
2189 -0.00378902
2190 0
2191 -0.00378902
2192 -0.00378902
2193 -0.00378902
2194 -0.00378902
2195 -0.00378902
2196 0
2197 0
2198 -0.00378902
2199 0
2200 -0.00757803
2201 0
2202 0.00378902
2203 0
2204 -0.00378902
2205 0
2206 0
2207 -0.00378902
2208 0.00757803
2209 0
2210 0.00757803
2211 0
2212 0.00378902
2213 -0.00378902
2214 0
2215 -0.00378902
2216 -0.00757803
2217 0.00378902
2218 0.00378902
2219 -0.00757803
2220 0.00378902
2221 0
2222 0.00378902
2223 0.00757803
2224 0.00378902
2225 3.1752
2226 23.3062
2227 51.1328
2228 71.9875
2229 80.85
2230 83.1689
2231 83.3432
2232 83.2598
2233 82.843
2234 82.915
2235 82.6384
2236 82.8355
2237 71.9383
2238 49.8256
2239 23.4123
2240 6.78992
2241 0.700968
2242 -0.378902
2243 -0.530462
2244 -0.371324
2245 -0.178084
2246 -0.0795693
2247 -0.0378902
2248 -0.0227341
2249 -0.00378902
2250 0.00378902
2251 0
2252 0
2253 0.011367
2254 0.00378902
2255 0.00378902
2256 0
2257 -0.00378902
2258 -0.011367
2259 -0.00378902
2260 0
2261 0
2262 0.00378902
2263 0
2264 0.00378902
2265 0
2266 0
2267 0.00757803
2268 0.00378902
2269 0
2270 -0.00378902
2271 0.00757803
2272 0.00378902
2273 0
2274 0
2275 0.00378902
2276 0
2277 -0.011367
2278 0
2279 -0.00378902
2280 0.00378902
2281 0.00378902
2282 -0.00757803
2283 0
2284 -0.00757803
2285 0
2286 0.00378902
2287 0
2288 0
2289 0.00378902
2290 0
2291 0.00378902
2292 0.00378902
2293 -0.00378902
2294 -0.00378902
2295 0
2296 0.00378902
2297 0.00378902
2298 -0.00378902
2299 0
2300 0.00378902
2301 -0.00757803
2302 0
2303 0.00378902
2304 -0.00757803
2305 -0.00378902
2306 0.00378902
2307 -0.00378902
2308 0.011367
2309 0.00378902
2310 0
2311 -0.00378902
2312 0.00378902
2313 0
2314 0.00378902
2315 -0.00757803
2316 0
2317 0
2318 0
2319 0.00757803
2320 0
2321 -0.00378902
2322 -0.00378902
2323 0
2324 0.00378902
2325 0
2326 -0.00757803
2327 -0.00757803
2328 0.00757803
2329 0.00378902
2330 0
2331 -0.00757803
2332 0
2333 -0.00378902
2334 0
2335 -0.00378902
2336 -0.00757803
2337 0.00757803
2338 0
2339 -0.00378902
2340 0.00378902
2341 0
2342 0.00378902
2343 -0.00378902
2344 0
2345 0.00378902
2346 0.00378902
2347 0
2348 0.00378902
2349 0
2350 0
2351 0
2352 0.00378902
2353 0
2354 0
2355 0.00757803
2356 0
2357 -0.00378902
2358 0.00757803
2359 0
2360 -0.00757803
2361 0.00378902
2362 0.00378902
2363 0
2364 -0.00757803
2365 -0.00757803
2366 0
2367 0.00378902
2368 0
2369 0.00757803
2370 -0.00378902
2371 0
2372 -0.00378902
2373 0.00378902
2374 -0.00378902
2375 -0.00378902
2376 0.00378902
2377 0.011367
2378 0.00378902
2379 0
2380 0
2381 -0.00378902
2382 0.00757803
2383 -0.00378902
2384 0.00378902
2385 -1.70127
2386 -19.6877
2387 -42.0694
2388 -68.8047
2389 -79.8459
2390 -83.0136
2391 -83.3205
2392 -83.059
2393 -82.8809
2394 -82.809
2395 -82.8317
2396 -82.7711
2397 -75.5947
2398 -55.4939
2399 -27.3491
2400 -8.47982
2401 -1.14049
2402 0.234919
2403 0.541829
2404 0.405425
2405 0.219763
2406 0.0985144
2407 0.0378902
2408 0.011367
2409 0.00757803
2410 0
2411 0.0151561
2412 0
2413 -0.00757803
2414 0
2415 0.00378902
2416 -0.00378902
2417 0
2418 -0.00378902
2419 0
2420 0
2421 -0.00378902
2422 0
2423 0
2424 -0.00378902
2425 0
2426 0.00378902
2427 0
2428 0
2429 0
2430 0.00378902
2431 -0.00378902
2432 0.00378902
2433 0
2434 -0.00378902
2435 0.00378902
2436 -0.00378902
2437 0.00378902
2438 -0.00757803
2439 0
2440 0
2441 0.00378902
2442 0
2443 0.00378902
2444 0
2445 -0.00757803
2446 0
2447 0
2448 -0.00378902
2449 -0.00378902
2450 -0.00378902
2451 -0.00757803
2452 0
2453 0
2454 0.00757803
2455 -0.00378902
2456 0
2457 -0.00757803
2458 0
2459 0
2460 0
2461 0.00378902
2462 0.00378902
2463 0.00757803
2464 0.00378902
2465 0.00378902
2466 0.00378902
2467 0
2468 0.00757803
2469 0.00757803
2470 0
2471 0.011367
2472 0
2473 0.00378902
2474 0.00378902
2475 0.00378902
2476 0.00378902
2477 0
2478 0
2479 0.00378902
2480 -0.00378902
2481 0
2482 0.00378902
2483 0.00378902
2484 -0.00378902
2485 0
2486 0
2487 0.00378902
2488 0
2489 -0.00378902
2490 -0.00378902
2491 -0.00757803
2492 0.00378902
2493 0
2494 0
2495 0
2496 0
2497 -0.00378902
2498 0
2499 0
2500 0.00378902
2501 -0.00378902
2502 -0.00378902
2503 0
2504 0.00378902
2505 0
2506 0
2507 -0.00378902
2508 0.00378902
2509 0.00757803
2510 0
2511 0.00378902
2512 0
2513 0.00378902
2514 0
2515 0.00757803
2516 -0.00378902
2517 0.011367
2518 -0.00378902
2519 0
2520 0
2521 0.00757803
2522 0
2523 0
2524 0.00378902
2525 -0.00757803
2526 0
2527 0.00378902
2528 0.00378902
2529 -0.00378902
2530 0.00378902
2531 -0.00378902
2532 -0.00378902
2533 -0.00378902
2534 -0.00378902
2535 0.00378902
2536 0
2537 0
2538 0
2539 0
2540 0.00378902
2541 0
2542 -0.00378902
2543 0
2544 0.00378902
2545 0.185662
2546 13.0683
2547 37.8864
2548 64.5307
2549 78.3038
2550 82.7256
2551 83.1613
2552 83.2864
2553 82.9113
2554 82.9378
2555 82.8317
2556 82.7407
2557 79.3079
2558 61.7723
2559 33.4343
2560 11.6588
2561 2.0006
2562 -0.151561
2563 -0.541829
2564 -0.420581
2565 -0.250075
2566 -0.121249
2567 -0.0568352
2568 -0.0265231
2569 -0.00378902
2570 -0.00378902
2571 -0.00378902
2572 -0.00378902
2573 0.00378902
2574 -0.00378902
2575 -0.00378902
2576 0.00757803
2577 0
2578 0.00378902
2579 0.00378902
2580 0.00378902
2581 0.011367
2582 -0.00757803
2583 0.00378902
2584 0.00378902
2585 -0.00378902
2586 0.00378902
2587 0
2588 0
2589 -0.00378902
2590 0.00378902
2591 -0.00757803
2592 0.00378902
2593 -0.00378902
2594 -0.00378902
2595 0
2596 -0.00757803
2597 0
2598 0
2599 0
2600 0
2601 -0.00757803
2602 0
2603 0
2604 0.00378902
2605 -0.00757803
2606 -0.00757803
2607 -0.00378902
2608 0.00757803
2609 0
2610 0
2611 0
2612 -0.00378902
2613 0
2614 -0.00378902
2615 -0.00378902
2616 0
2617 0.00378902
2618 -0.00378902
2619 0
2620 0.00378902
2621 0.00378902
2622 0
2623 -0.00378902
2624 -0.00378902
2625 0.00378902
2626 0.00378902
2627 0.00378902
2628 0.00378902
2629 0
2630 0
2631 0.00378902
2632 -0.00378902
2633 0
2634 0.00757803
2635 0.00378902
2636 0
2637 -0.00378902
2638 -0.00378902
2639 0
2640 0
2641 -0.00757803
2642 0.00378902
2643 0.00378902
2644 -0.00378902
2645 0.00378902
2646 0
2647 0
2648 -0.00378902
2649 0
2650 0.00378902
2651 0
2652 -0.00378902
2653 0.011367
2654 -0.00378902
2655 -0.00378902
2656 0
2657 -0.00378902
2658 0.00378902
2659 0
2660 0
2661 -0.00378902
2662 -0.00378902
2663 0
2664 0
2665 -0.00757803
2666 0.011367
2667 -0.00757803
2668 0
2669 0.00378902
2670 0.00378902
2671 0
2672 0
2673 0.00757803
2674 -0.00378902
2675 0.00378902
2676 -0.00378902
2677 -0.00378902
2678 0.00378902
2679 0.00378902
2680 -0.00378902
2681 -0.00378902
2682 0
2683 0
2684 0
2685 -0.00378902
2686 0.00378902
2687 0
2688 -0.00378902
2689 0.00378902
2690 0
2691 -0.00378902
2692 -0.00378902
2693 -0.00757803
2694 0
2695 0
2696 0.00378902
2697 0.00378902
2698 -0.00757803
2699 -0.00378902
2700 0
2701 0
2702 0
2703 -0.00378902
2704 0
2705 -0.00378902
2706 -7.89252
2707 -30.8047
2708 -58.8927
2709 -76.3032
2710 -82.1118
2711 -83.3243
2712 -83.1083
2713 -82.9226
2714 -82.8847
2715 -82.9491
2716 -82.7066
2717 -81.3426
2718 -67.6794
2719 -43.5699
2720 -16.6792
2721 -3.5541
2722 0.0454682
2723 0.503939
2724 0.50015
2725 0.310699
2726 0.159139
2727 0.0606243
2728 0.0303121
2729 0.00757803
2730 0
2731 0.00757803
2732 0
2733 -0.00378902
2734 0.00378902
2735 0.00378902
2736 0
2737 0.00378902
2738 -0.00757803
2739 -0.00378902
2740 -0.00757803
2741 0.00378902
2742 -0.00757803
2743 0
2744 0
2745 -0.00757803
2746 0.00378902
2747 0.00378902
2748 0
2749 0.00378902
2750 0
2751 0.00757803
2752 -0.00378902
2753 0
2754 0
2755 0.00378902
2756 0
2757 0.00378902
2758 0
2759 0.00378902
2760 0
2761 -0.00378902
2762 -0.00378902
2763 -0.00378902
2764 -0.00378902
2765 0
2766 -0.00757803
2767 0
2768 -0.00378902
2769 -0.00378902
2770 -0.00378902
2771 -0.00378902
2772 0.011367
2773 -0.00757803
2774 0.00378902
2775 0.00757803
2776 0.00378902
2777 0.00378902
2778 0.00378902
2779 0
2780 0.00757803
2781 -0.00378902
2782 0
2783 -0.00757803
2784 0
2785 -0.00378902
2786 -0.00378902
2787 -0.00378902
2788 0.00378902
2789 -0.00378902
2790 0
2791 0.00378902
2792 0.00378902
2793 0.00378902
2794 0
2795 0.00757803
2796 -0.00378902
2797 0
2798 0
2799 0.00378902
2800 0.00378902
2801 0
2802 -0.00378902
2803 -0.00757803
2804 0
2805 0.011367
2806 -0.00757803
2807 0.00757803
2808 0
2809 0
2810 0
2811 0.00378902
2812 -0.00378902
2813 0.00757803
2814 0
2815 0
2816 0.00757803
2817 -0.00378902
2818 0.00378902
2819 -0.00757803
2820 -0.00378902
2821 -0.00378902
2822 0
2823 -0.00378902
2824 -0.00378902
2825 0.00378902
2826 0
2827 0
2828 0.00378902
2829 0
2830 0
2831 0
2832 0
2833 -0.00378902
2834 -0.00378902
2835 0
2836 0.00757803
2837 -0.00378902
2838 0
2839 -0.00378902
2840 -0.011367
2841 0
2842 0.00378902
2843 0
2844 0
2845 -0.00378902
2846 0
2847 0.00757803
2848 0
2849 0.00378902
2850 0
2851 0.00378902
2852 -0.00378902
2853 -0.00378902
2854 -0.00378902
2855 -0.00378902
2856 -0.00378902
2857 -0.00757803
2858 -0.00378902
2859 0
2860 0.00378902
2861 0
2862 0
2863 0.00378902
2864 0.00378902
2865 0
2866 4.88025
2867 24.7991
2868 52.6105
2869 74.0336
2870 81.7291
2871 83.1007
2872 83.3773
2873 83.1689
2874 83.0287
2875 82.6498
2876 82.7938
2877 82.7597
2878 71.0024
2879 46.692
2880 19.2065
2881 5.09244
2882 0.227341
2883 -0.439526
2884 -0.515306
2885 -0.3448
2886 -0.15535
2887 -0.0757803
2888 -0.0341011
2889 -0.0151561
2890 -0.00378902
2891 -0.00378902
2892 -0.00378902
2893 0
2894 0.00378902
2895 -0.00757803
2896 0.00378902
2897 0.00378902
2898 -0.011367
2899 -0.00378902
2900 -0.00757803
2901 0
2902 -0.00757803
2903 -0.00378902
2904 0
2905 0
2906 0
2907 -0.00378902
2908 0.00378902
2909 0
2910 0
2911 -0.00378902
2912 0
2913 -0.00757803
2914 0.00378902
2915 0
2916 0
2917 0.011367
2918 0.00378902
2919 -0.00378902
2920 0.00378902
2921 0.00378902
2922 0
2923 0
2924 0
2925 -0.00378902
2926 0.00378902
2927 0.00757803
2928 -0.00378902
2929 0.00378902
2930 -0.00378902
2931 0
2932 0.00378902
2933 -0.00378902
2934 0.00378902
2935 0.00757803
2936 0
2937 0.00378902
2938 0.00378902
2939 0
2940 0
2941 0
2942 0
2943 0
2944 0.00378902
2945 0
2946 -0.00378902
2947 -0.00378902
2948 0
2949 0.00378902
2950 0
2951 0.00378902
2952 0.00757803
2953 0
2954 0
2955 0.00378902
2956 0
2957 0
2958 0
2959 0
2960 -0.00378902
2961 0.00378902
2962 -0.00757803
2963 0.00378902
2964 0
2965 0
2966 0
2967 -0.00378902
2968 -0.00378902
2969 -0.011367
2970 0
2971 -0.00378902
2972 -0.00378902
2973 0.00757803
2974 -0.00757803
2975 -0.00378902
2976 0
2977 0
2978 0.00378902
2979 0.00378902
2980 0
2981 -0.00378902
2982 0
2983 0
2984 0
2985 0.00378902
2986 0
2987 0
2988 0.00378902
2989 0
2990 -0.00378902
2991 -0.00757803
2992 -0.00757803
2993 -0.00378902
2994 0
2995 0.00378902
2996 0.00378902
2997 -0.00378902
2998 0.00378902
2999 0
3000 -0.00378902
3001 0
3002 -0.00378902
3003 0
3004 0.00757803
3005 0.00757803
3006 -0.00378902
3007 -0.00378902
3008 0.00378902
3009 0
3010 0
3011 0.00378902
3012 -0.00378902
3013 0
3014 -0.00378902
3015 0.00378902
3016 0
3017 0
3018 -0.00378902
3019 0
3020 -0.00757803
3021 0
3022 -0.00378902
3023 0
3024 -0.00378902
3025 0
3026 -3.14109
3027 -18.6154
3028 -46.4344
3029 -70.6879
3030 -80.7098
3031 -82.8317
3032 -83.3584
3033 -83.0893
3034 -83.006
3035 -82.8355
3036 -82.8165
3037 -82.8658
3038 -73.1356
3039 -54.2587
3040 -24.7082
3041 -7.13093
3042 -0.856318
3043 0.287965
3044 0.522884
3045 0.397847
3046 0.215974
3047 0.0795693
3048 0.0303121
3049 0.0151561
3050 0.011367
3051 0
3052 -0.00378902
3053 0.00757803
3054 -0.00757803
3055 -0.00378902
3056 0.00378902
3057 0.00378902
3058 0
3059 0
3060 0.00757803
3061 -0.00757803
3062 -0.00378902
3063 -0.00378902
3064 -0.00378902
3065 -0.00378902
3066 0
3067 0.00378902
3068 0.00757803
3069 0
3070 -0.00378902
3071 -0.00757803
3072 -0.00757803
3073 0.00378902
3074 0
3075 0.00378902
3076 0
3077 0.00757803
3078 0
3079 0.00757803
3080 -0.00378902
3081 0
3082 0
3083 0.00378902
3084 0.00378902
3085 -0.00757803
3086 0
3087 0
3088 -0.00378902
3089 -0.00378902
3090 0.00378902
3091 0
3092 -0.00378902
3093 -0.00378902
3094 0.00757803
3095 0
3096 0.00378902
3097 0.00757803
3098 0.00378902
3099 -0.00757803
3100 0
3101 -0.00378902
3102 0
3103 0.00757803
3104 0.00378902
3105 -0.00757803
3106 0.00378902
3107 -0.00378902
3108 0.00378902
3109 0
3110 0
3111 -0.011367
3112 -0.00757803
3113 -0.011367
3114 -0.00378902
3115 0
3116 0
3117 -0.00757803
3118 0
3119 0
3120 -0.00757803
3121 0.00378902
3122 0.00378902
3123 0
3124 0.00757803
3125 0.00757803
3126 0.00378902
3127 0.00378902
3128 -0.00378902
3129 0.00757803
3130 -0.00378902
3131 -0.00757803
3132 0
3133 0
3134 -0.00378902
3135 0.00757803
3136 -0.00378902
3137 0.00757803
3138 -0.00378902
3139 0
3140 0.00378902
3141 -0.00378902
3142 -0.00757803
3143 -0.00378902
3144 0
3145 0
3146 0
3147 0.00378902
3148 0.00378902
3149 0
3150 0
3151 0.00757803
3152 -0.00757803
3153 0.00757803
3154 0
3155 0
3156 -0.00378902
3157 0.00378902
3158 0.00378902
3159 0
3160 0.00378902
3161 0.00378902
3162 -0.00378902
3163 -0.00757803
3164 0.00378902
3165 0
3166 0
3167 0.00757803
3168 -0.00757803
3169 0
3170 -0.00757803
3171 0
3172 0.00757803
3173 0.00378902
3174 0
3175 0.00378902
3176 0
3177 -0.00378902
3178 0.00757803
3179 0.00378902
3180 0.00378902
3181 0
3182 -0.00378902
3183 0
3184 0
3185 0.00757803
3186 0.185662
3187 9.27172
3188 34.8741
3189 63.7009
3190 76.36
3191 82.2179
3192 83.3962
3193 83.1954
3194 82.9832
3195 82.9075
3196 82.8734
3197 82.7559
3198 81.0887
3199 63.5532
3200 34.9158
3201 13.0001
3202 2.66368
3203 -0.106092
3204 -0.526673
3205 -0.443315
3206 -0.291754
3207 -0.136405
3208 -0.0644133
3209 -0.0416792
3210 -0.0151561
3211 -0.011367
3212 0
3213 -0.00757803
3214 0.00757803
3215 0.00378902
3216 0
3217 0
3218 0.00378902
3219 0
3220 0.00378902
3221 0
3222 0
3223 -0.00378902
3224 0.00378902
3225 -0.00378902
3226 -0.00378902
3227 0
3228 -0.00378902
3229 0
3230 -0.00757803
3231 0.00757803
3232 0
3233 0
3234 0
3235 0
3236 0
3237 0
3238 -0.00378902
3239 -0.00757803
3240 0.00378902
3241 -0.00378902
3242 0
3243 0
3244 0
3245 0.00378902
3246 0.00757803
3247 0
3248 -0.00378902
3249 0
3250 -0.00378902
3251 0.00757803
3252 0
3253 -0.00378902
3254 0
3255 -0.00378902
3256 0
3257 0.00378902
3258 0
3259 -0.00757803
3260 -0.00378902
3261 -0.011367
3262 0.00378902
3263 0.00757803
3264 0.00378902
3265 0.00378902
3266 0
3267 0
3268 -0.00757803
3269 0.00378902
3270 0.00378902
3271 0
3272 0.00378902
3273 0
3274 0
3275 0
3276 -0.00378902
3277 0
3278 -0.00378902
3279 -0.00378902
3280 0.00757803
3281 -0.00378902
3282 -0.00378902
3283 -0.00378902
3284 -0.011367
3285 -0.00757803
3286 -0.00378902
3287 -0.00378902
3288 -0.00378902
3289 -0.00757803
3290 0
3291 0
3292 0.00378902
3293 0.00378902
3294 0
3295 0
3296 0
3297 0
3298 0.00378902
3299 -0.00378902
3300 0.00378902
3301 0.00378902
3302 -0.00378902
3303 -0.00378902
3304 0.00757803
3305 -0.00378902
3306 -0.00757803
3307 0
3308 0.00757803
3309 0
3310 0
3311 0.00378902
3312 -0.00378902
3313 0
3314 0
3315 -0.00378902
3316 0
3317 0
3318 0
3319 0.00378902
3320 0.00378902
3321 -0.00378902
3322 -0.00378902
3323 0
3324 -0.00378902
3325 0
3326 -0.00378902
3327 0
3328 0
3329 -0.00378902
3330 0.00378902
3331 0
3332 0
3333 0.00378902
3334 0
3335 -0.00378902
3336 0.00757803
3337 0
3338 -0.00378902
3339 0
3340 0
3341 0.00378902
3342 0
3343 0
3344 0
3345 0.00757803
3346 -0.00378902
3347 -5.66458
3348 -23.9579
3349 -52.7393
3350 -73.973
3351 -81.3653
3352 -83.0628
3353 -83.3621
3354 -82.987
3355 -82.9264
3356 -82.8052
3357 -82.8203
3358 -82.9454
3359 -71.6238
3360 -45.5553
3361 -18.0319
3362 -4.44831
3363 -0.253864
3364 0.401636
3365 0.50015
3366 0.348589
3367 0.166717
3368 0.0757803
3369 0.0265231
3370 0.0151561
3371 0.00757803
3372 0.00378902
3373 0
3374 0
3375 0.00378902
3376 0
3377 0
3378 0.00378902
3379 0.00378902
3380 -0.011367
3381 0.00378902
3382 -0.00378902
3383 0.00378902
3384 0
3385 0.00378902
3386 0.00378902
3387 -0.00378902
3388 0.00378902
3389 0
3390 0.00378902
3391 -0.00378902
3392 -0.00757803
3393 0.00378902
3394 0
3395 -0.00378902
3396 -0.00757803
3397 0.00757803
3398 0.00378902
3399 -0.00757803
3400 0.00378902
3401 0.00378902
3402 0
3403 -0.00378902
3404 0.00378902
3405 0
3406 0
3407 0
3408 0
3409 -0.00378902
3410 -0.00378902
3411 -0.00378902
3412 -0.00757803
3413 0
3414 0.00757803
3415 0.00378902
3416 0
3417 0
3418 0
3419 0
3420 -0.00378902
3421 -0.00378902
3422 0.00378902
3423 0.00378902
3424 0
3425 0
3426 0.00378902
3427 -0.00378902
3428 0.00757803
3429 -0.00378902
3430 0.00378902
3431 0
3432 -0.00378902
3433 0.00378902
3434 -0.00378902
3435 0.00378902
3436 -0.00378902
3437 -0.011367
3438 -0.00378902
3439 0
3440 0
3441 0
3442 -0.00378902
3443 -0.00378902
3444 -0.00757803
3445 0.00378902
3446 -0.00378902
3447 0
3448 0.00378902
3449 -0.011367
3450 0
3451 0.00378902
3452 -0.011367
3453 0
3454 0.00378902
3455 0
3456 0
3457 -0.00757803
3458 0
3459 0
3460 0.00757803
3461 0
3462 0
3463 -0.00757803
3464 -0.00378902
3465 -0.00378902
3466 0
3467 0.00378902
3468 0.00757803
3469 0
3470 -0.00757803
3471 0.00757803
3472 0.00378902
3473 0
3474 0
3475 -0.00378902
3476 0.00378902
3477 0
3478 0
3479 0.00378902
3480 -0.00378902
3481 0
3482 -0.00757803
3483 0.00757803
3484 0
3485 0.00378902
3486 -0.00378902
3487 0
3488 -0.00378902
3489 0
3490 0.00378902
3491 0
3492 0
3493 0
3494 0
3495 0
3496 0.011367
3497 -0.00378902
3498 0.00378902
3499 -0.00757803
3500 0
3501 0
3502 0.00757803
3503 -0.0151561
3504 -0.00378902
3505 0.00378902
3506 0
3507 2.77356
3508 19.5778
3509 48.5221
3510 70.0854
3511 80.0278
3512 82.9605
3513 83.2826
3514 83.3091
3515 82.8961
3516 82.6536
3517 82.7938
3518 82.9264
3519 74.6512
3520 52.171
3521 21.4458
3522 5.86919
3523 0.700968
3524 -0.272809
3525 -0.530462
3526 -0.367535
3527 -0.19324
3528 -0.0833584
3529 -0.0416792
3530 -0.0151561
3531 -0.011367
3532 -0.00757803
3533 0
3534 0
3535 0.00378902
3536 0.00757803
3537 -0.00378902
3538 0.00378902
3539 0.00757803
3540 0.00378902
3541 0.00378902
3542 0
3543 -0.00378902
3544 0
3545 0
3546 0.00757803
3547 0.00378902
3548 -0.00378902
3549 -0.00378902
3550 0
3551 0
3552 -0.00378902
3553 0
3554 0.00378902
3555 -0.00378902
3556 0
3557 -0.00757803
3558 -0.00378902
3559 0
3560 -0.00378902
3561 -0.00757803
3562 0.00378902
3563 0.00757803
3564 -0.00378902
3565 0.00757803
3566 0.00378902
3567 -0.00757803
3568 0
3569 0.00757803
3570 -0.00378902
3571 0.00378902
3572 0
3573 0
3574 0.00378902
3575 -0.00378902
3576 0
3577 -0.00378902
3578 0
3579 -0.00378902
3580 0.00378902
3581 0.00378902
3582 -0.00378902
3583 0.00378902
3584 0.00378902
3585 -0.00378902
3586 -0.00378902
3587 0.00378902
3588 0
3589 0
3590 0.00378902
3591 0.00378902
3592 0
3593 0
3594 0
3595 0
3596 -0.00378902
3597 -0.00378902
3598 0
3599 0.00757803
3600 0.00378902
3601 -0.00378902
3602 0.00378902
3603 0.00378902
3604 0.00757803
3605 0
3606 0
3607 0
3608 -0.00757803
3609 0.00378902
3610 -0.00757803
3611 -0.00378902
3612 0
3613 0
3614 0
3615 -0.00378902
3616 0.00378902
3617 0
3618 0
3619 -0.00757803
3620 -0.00757803
3621 0
3622 -0.00757803
3623 -0.00378902
3624 -0.00378902
3625 -0.00757803
3626 0.00378902
3627 -0.00378902
3628 -0.00378902
3629 -0.00378902
3630 0.00378902
3631 0
3632 0
3633 -0.00378902
3634 0.00378902
3635 0
3636 0.00378902
3637 -0.00378902
3638 -0.00378902
3639 0
3640 0.00378902
3641 0.00378902
3642 -0.00378902
3643 -0.00378902
3644 0
3645 0
3646 -0.00378902
3647 0
3648 0.00757803
3649 0
3650 0
3651 0.00378902
3652 -0.00378902
3653 0
3654 0
3655 -0.00378902
3656 0.00378902
3657 0
3658 0.00378902
3659 -0.00378902
3660 0
3661 0
3662 0
3663 0
3664 0
3665 -0.00757803
3666 0
3667 -0.496361
3668 -13.595
3669 -40.0461
3670 -67.7287
3671 -79.1639
3672 -82.79
3673 -83.2712
3674 -83.328
3675 -83.0552
3676 -82.8999
3677 -82.9719
3678 -82.6384
3679 -79.2965
3680 -56.6761
3681 -31.9111
3682 -10.4198
3683 -1.86799
3684 0.147772
3685 0.564563
3686 0.42437
3687 0.246286
3688 0.106092
3689 0.0454682
3690 0.0227341
3691 0.0151561
3692 0
3693 0
3694 0.00378902
3695 0
3696 0.00378902
3697 0
3698 0
3699 -0.00378902
3700 -0.00378902
3701 0
3702 -0.00757803
3703 0
3704 0.00757803
3705 0.00378902
3706 0.00378902
3707 0
3708 0
3709 0
3710 0
3711 -0.00378902
3712 0.00378902
3713 0.00378902
3714 -0.00378902
3715 0
3716 0
3717 -0.00378902
3718 -0.00378902
3719 0.00378902
3720 0.00378902
3721 0
3722 -0.00378902
3723 -0.00378902
3724 -0.00757803
3725 0.00757803
3726 0
3727 -0.00378902
3728 0
3729 0.00378902
3730 0
3731 -0.00378902
3732 0
3733 0
3734 0.00378902
3735 -0.00378902
3736 0
3737 0
3738 0
3739 0.00757803
3740 0
3741 0
3742 0
3743 -0.00378902
3744 -0.00378902
3745 0
3746 0.00378902
3747 -0.00378902
3748 0
3749 -0.00378902
3750 -0.00757803
3751 0.00378902
3752 0.00378902
3753 0.00378902
3754 0
3755 0.00378902
3756 -0.00378902
3757 0.00378902
3758 -0.00378902
3759 -0.011367
3760 0
3761 0.00378902
3762 -0.00378902
3763 0
3764 0.00378902
3765 -0.00378902
3766 0
3767 0.00378902
3768 0
3769 -0.00378902
3770 0.00378902
3771 0.00378902
3772 0
3773 -0.011367
3774 0
3775 -0.00757803
3776 -0.00378902
3777 0
3778 -0.00757803
3779 -0.00378902
3780 0
3781 -0.00378902
3782 -0.00757803
3783 -0.00378902
3784 0
3785 0
3786 0.00378902
3787 0.011367
3788 -0.00378902
3789 -0.00378902
3790 -0.00378902
3791 0
3792 0
3793 -0.00757803
3794 0.00757803
3795 -0.00378902
3796 0.00378902
3797 0.00378902
3798 -0.00378902
3799 -0.00378902
3800 0
3801 0.00378902
3802 0.00378902
3803 -0.00378902
3804 0
3805 0.00757803
3806 -0.00378902
3807 -0.00757803
3808 0
3809 -0.00378902
3810 -0.00378902
3811 0
3812 -0.00378902
3813 -0.00378902
3814 -0.0151561
3815 -0.00378902
3816 0
3817 -0.00378902
3818 0
3819 -0.00378902
3820 -0.00378902
3821 0
3822 0.00378902
3823 -0.00378902
3824 0.00378902
3825 -0.00378902
3826 0
3827 0
3828 8.65032
3829 31.6951
3830 62.7651
3831 76.9625
3832 82.0474
3833 83.2939
3834 83.2712
3835 83.1083
3836 82.7786
3837 82.809
3838 82.9037
3839 81.2441
3840 64.6217
3841 38.0304
3842 12.6326
3843 3.52
3844 -0.0871474
3845 -0.515306
3846 -0.450893
3847 -0.299332
3848 -0.140194
3849 -0.0606243
3850 -0.0378902
3851 -0.0151561
3852 -0.011367
3853 -0.00378902
3854 -0.011367
3855 0.00378902
3856 0
3857 0
3858 0
3859 -0.00378902
3860 0
3861 -0.00757803
3862 0
3863 -0.00757803
3864 0.00378902
3865 0
3866 0
3867 0.00378902
3868 0.00378902
3869 -0.00378902
3870 -0.00378902
3871 0
3872 -0.00378902
3873 0
3874 0.00378902
3875 -0.00378902
3876 0.00378902
3877 -0.00378902
3878 0
3879 0
3880 -0.00757803
3881 0
3882 0
