0 0
1 0
2 0
3 0
4 0
5 0
6 0
7 0
8 0
9 0
10 0
11 0
12 0
13 0
14 0
15 0
16 0
17 0
18 0
19 0
20 0
21 0
22 0
23 0
24 0
25 0
26 0
27 0
28 0
29 0
30 0
31 0
32 0
33 0
34 0
35 0
36 0
37 0
38 0
39 0
40 0
41 0
42 0
43 0
44 0
45 0
46 0
47 0
48 0
49 0
50 0
51 0
52 0
53 0
54 0
55 0
56 0
57 0
58 0
59 0
60 0
61 0
62 0
63 0
64 0
65 0
66 0
67 0
68 0
69 0
70 0
71 0
72 0
73 0
74 0
75 0
76 0
77 0
78 0
79 0
80 0
81 0
82 0
83 0
84 0
85 0
86 0
87 0
88 0
89 0
90 0
91 0
92 0
93 0
94 0
95 0
96 0
97 0
98 0
99 0
100 0
101 0
102 0
103 0
104 0
105 0
106 0
107 0
108 0
109 0
110 0.00121
111 0.00121
112 0.00121
113 0.00121
114 0.00121
115 0.00121
116 0.00121
117 0.00121
118 0.00242
119 0.00242
120 0.00242
121 0.00242
122 0.00242
123 0.00242
124 0.00242
125 0.00242
126 0.00242
127 0.00242
128 0.00242
129 0.00242
130 0.00242
131 0.00242
132 0.00242
133 0.00363
134 0.00363
135 0.00242
136 0.00242
137 0.00363
138 0.00242
139 0.00363
140 0.00363
141 0.00363
142 0.00363
143 0.00363
144 0.00363
145 0.00363
146 0.00363
147 0.00363
148 0.00363
149 0.00363
150 0.00363
151 0.00363
152 0.00363
153 0.00363
154 0.00363
155 0.00363
156 0.00363
157 0.00363
158 0.00363
159 0.00363
160 0.00363
161 0.00363
162 0.00363
163 0.00363
164 0.00363
165 0.00363
166 0.00363
167 0.00363
168 0.00363
169 0.00363
170 0.00363
171 0.00363
172 0.00363
173 0.00363
174 0.00363
175 0.00363
176 0.00363
177 0.00363
178 0.00363
179 0.00363
180 0.00363
181 0.00363
182 0.00363
183 0.00363
184 0.00363
185 0.00363
186 0.00363
187 0.00363
188 0.00363
189 0.00363
190 0.00363
191 0.00363
192 0.00363
193 0.00363
194 0.00363
195 0.00363
196 0.00363
197 0.00363
198 0.00363
199 0.00363
200 0.00363
201 0.00363
202 0.00363
203 0.00363
204 0.00363
205 0.00363
206 0.00363
207 0.00363
208 0.00363
209 0.00363
210 0.00363
211 0.00363
212 0.00363
213 0.00363
214 0.00363
215 0.00363
216 0.00363
217 0.00363
218 0.00363
219 0.00363
220 0.00363
221 0.00363
222 0.00363
223 0.00363
224 0.00363
225 0.00363
226 0.00363
227 0.00363
228 0.00363
229 0.00363
230 0.00363
231 0.00363
232 0.00363
233 0.00363
234 0.00363
235 0.00363
236 0.00363
237 0.00363
238 0.00363
239 0.00363
240 0.00363
241 0.00363
242 0.00363
243 0.00363
244 0.00363
245 0.00363
246 0.00363
247 0.00363
248 0.00363
249 0.00363
250 0.00363
251 0.00363
252 0.00363
253 0.00363
254 0.00363
255 0.00363
256 0.00363
257 0.00363
258 0.00363
259 0.00363
260 0.00363
261 0.00363
262 0.00363
263 0.00363
264 0.00363
265 0.00363
266 0.00363
267 0.00363
268 0.00363
269 0.00363
270 0.00363
271 0.00363
272 0.00363
273 0.00363
274 0.00363
275 0.00363
276 0.00363
277 0.00363
278 0.00363
279 0.00363
280 0.00363
281 0.00363
282 0.00363
283 0.00363
284 0.00363
285 0.00363
286 0.00363
287 0.00363
288 0.00363
289 0.00363
290 0.00363
291 0.00363
292 0.00363
293 0.00363
294 0.00363
295 0.00363
296 0.00363
297 0.00363
298 0.00363
299 0.00363
300 0.00363
301 0.00363
302 0.00363
303 0.00363
304 0.00363
305 0.00363
306 0.00363
307 0.00363
308 0.00363
309 0.00363
310 0.00363
311 0.00363
312 0.00363
313 0.00363
314 0.00363
315 0.00363
316 0.00363
317 0.00363
318 0.00363
319 0.00363
320 0.00363
321 0.00363
322 0.00363
323 0.00363
324 0.00363
325 0.00363
326 0.00363
327 0.00363
328 0.00363
329 0.00363
330 0.00363
331 0.00363
332 0.00363
333 0.00363
334 0.00363
335 0.00363
336 0.00363
337 0.00363
338 0.00363
339 0.00363
340 0.00363
341 0.00363
342 0.00363
343 0.00363
344 0.00363
345 0.00363
346 0.00363
347 0.00363
348 0.00363
349 -0.00363
350 -0.00363
351 -0.00363
352 -0.00363
353 -0.00363
354 -0.00363
355 -0.00242
356 -0.00363
357 -0.00363
358 -0.00363
359 -0.00242
360 -0.00242
361 -0.00363
362 -0.00363
363 -0.00363
364 -0.00363
365 -0.00363
366 -0.00363
367 -0.00363
368 -0.00363
369 -0.00363
370 -0.00363
371 -0.00363
372 -0.00363
373 -0.00363
374 -0.00363
375 -0.00363
376 -0.00363
377 -0.00363
378 -0.00363
379 -0.00363
380 -0.00363
381 -0.00363
382 -0.00363
383 -0.00363
384 -0.00363
385 -0.00363
386 -0.00363
387 -0.00363
388 -0.00363
389 -0.00363
390 -0.00363
391 -0.00363
392 -0.00363
393 -0.00363
394 -0.00363
395 -0.00363
396 -0.00363
397 -0.00363
398 -0.00363
399 -0.00363
400 -0.00363
401 -0.00363
402 -0.00363
403 -0.00363
404 -0.00363
405 -0.00363
406 -0.00363
407 -0.00363
408 -0.00363
409 -0.00363
410 -0.00363
411 -0.00363
412 -0.00363
413 -0.00363
414 -0.00363
415 -0.00363
416 -0.00363
417 -0.00363
418 -0.00363
419 -0.00363
420 -0.00363
421 -0.00363
422 -0.00363
423 -0.00363
424 -0.00363
425 -0.00363
426 -0.00363
427 -0.00363
428 -0.00363
429 -0.00363
430 -0.00363
431 -0.00363
432 -0.00363
433 -0.00363
434 -0.00363
435 -0.00363
436 -0.00363
437 -0.00363
438 -0.00363
439 -0.00363
440 -0.00363
441 -0.00363
442 -0.00363
443 -0.00363
444 -0.00363
445 -0.00363
446 -0.00363
447 -0.00363
448 -0.00363
449 -0.00363
450 -0.00363
451 -0.00363
452 -0.00363
453 -0.00363
454 -0.00363
455 -0.00363
456 -0.00363
457 -0.00363
458 -0.00363
459 -0.00363
460 -0.00363
461 -0.00363
462 -0.00363
463 -0.00363
464 -0.00363
465 -0.00363
466 -0.00363
467 -0.00363
468 -0.00363
469 -0.00363
470 -0.00363
471 -0.00363
472 -0.00363
473 -0.00363
474 -0.00363
475 -0.00363
476 -0.00363
477 -0.00363
478 -0.00363
479 -0.00363
480 -0.00363
481 -0.00363
482 -0.00363
483 -0.00363
484 -0.00363
485 -0.00363
486 -0.00363
487 -0.00363
488 -0.00363
489 -0.00363
490 -0.00363
491 -0.00363
492 -0.00363
493 -0.00363
494 -0.00363
495 -0.00363
496 -0.00363
497 -0.00363
498 -0.00363
499 -0.00363
500 -0.00363
501 -0.00363
502 -0.00363
503 -0.00363
504 -0.00363
505 -0.00363
506 -0.00363
507 -0.00363
508 -0.00363
