0 0
1 0
2 -0.000757566
3 0
4 0
5 0
6 0.000378665
7 0
8 -0.000378665
9 -0.000378665
10 0
11 0.000378665
12 -0.000378665
13 0
14 -0.000378665
15 -0.000378665
16 0.000378665
17 0.000378665
18 0
19 0
20 -0.000378665
21 0
22 0
23 0
24 0.000378665
25 0.000378665
26 0
27 0
28 0.000378665
29 0.000757566
30 -0.000378665
31 -0.000378665
32 0.0011367
33 -0.000378665
34 -0.000757566
35 0
36 0
37 0
38 0.000378665
39 0
40 -0.000378665
41 -0.000378665
42 0
43 0.000378665
44 0.000378665
45 0.000378665
46 0
47 -0.000378665
48 -0.000378665
49 -0.000378665
50 -0.000378665
51 0.000378665
52 0
53 0
54 -0.000378665
55 0
56 0.000757566
57 0
58 0.000378665
59 0
60 -0.000378665
61 0
62 0
63 0.000378665
64 0.000757566
65 0.000378665
66 0.000378665
67 0
68 0
69 0.000378665
70 0.000757566
71 0
72 0.000378665
73 0.000378665
74 0.000378665
75 -0.000378665
76 -0.000757566
77 0.000378665
78 0.000378665
79 0
80 0
81 -0.000757566
82 0.000378665
83 0
84 0
85 0.000378665
86 0.000757566
87 -0.000757566
88 0
89 0
90 0
91 0.000378665
92 0.000757566
93 0
94 0.000378665
95 -0.000378665
96 0
97 0.000378665
98 0
99 0.000757566
100 -0.000378665
101 0
102 0
103 0.000378665
104 -0.000378665
105 0
106 0.000757566
107 0.000378665
108 0
109 0.000378665
110 0
111 -0.000378665
112 0.000757566
113 3.10927
114 6.42352
115 8.3563
116 8.99096
117 9.08796
118 9.04097
119 9.02619
120 9.00877
121 9.00573
122 8.99361
123 8.99209
124 8.98679
125 9.00043
126 9.0027
127 8.99437
128 8.99361
129 9.0046
130 9.01975
131 8.99778
132 9.00573
133 8.99664
134 8.98868
135 8.98035
136 8.99778
137 9.00839
138 8.9902
139 8.99437
140 9.00725
141 9.00346
142 9.00384
143 9.00232
144 9.00157
145 8.99361
146 8.98982
147 8.99929
148 8.99134
149 9.02165
150 8.99588
151 9.00725
152 9.0118
153 8.99512
154 9.00649
155 9.00081
156 8.99929
157 9.0027
158 9.00119
159 9.00763
160 8.99967
161 8.98868
162 8.97921
163 9.00422
164 8.98906
165 8.99853
166 9.01331
167 8.9955
168 9.01142
169 8.98414
170 9.00535
171 9.01634
172 8.99209
173 9.00649
174 9.01104
175 9.00157
176 9.00877
177 8.99058
178 8.99285
179 8.98452
180 8.99853
181 8.99247
182 9.00384
183 9.01293
184 8.99816
185 9.01104
186 8.98376
187 8.99323
188 8.9811
189 8.98717
190 9.00308
191 9.00043
192 9.019
193 9.00573
194 9.00611
195 8.99285
196 8.98982
197 9.00384
198 8.99664
199 8.99475
200 9.00763
201 8.99171
202 9.00194
203 8.99096
204 9.01521
205 8.98376
206 8.99209
207 9.01142
208 8.99134
209 8.99588
210 9.00119
211 7.68716
212 2.94558
213 0.781295
214 0.0424367
215 -0.0594873
216 -0.0700968
217 -0.0390269
218 -0.0215972
219 -0.00985144
220 -0.00416792
221 -0.00189427
222 -0.00189427
223 0
224 0
225 0
226 0.000378665
227 -0.000757566
228 0.000378665
229 0
230 0
231 -0.000757566
232 0.000378665
233 0
234 0
235 0
236 0
237 0
238 0.000378665
239 0.000757566
240 0
241 -0.000378665
242 0.000378665
243 -0.000378665
244 0.000378665
245 0.000757566
246 0.000757566
247 -0.000378665
248 0
249 -0.000757566
250 0.000378665
251 0.000378665
252 0
253 -0.000378665
254 0
255 0.000757566
256 0
257 -0.000757566
258 0.000757566
259 0
260 0
261 -0.000378665
262 -0.000378665
263 -0.000757566
264 0.000378665
265 -0.000378665
266 0.000757566
267 -0.000378665
268 0
269 0.000378665
270 0.000378665
271 0
272 0.000378665
273 -1.41141
274 -6.07645
275 -8.26347
276 -8.93223
277 -9.06712
278 -9.05613
279 -9.04703
280 -9.02089
281 -9.02771
282 -8.99058
283 -9.00194
284 -8.99929
285 -8.9974
286 -8.99702
287 -8.99323
288 -9.00119
289 -9.00119
290 -9.0027
291 -8.99702
292 -9.00194
293 -9.01104
294 -8.98717
295 -8.99475
296 -9.00157
297 -8.99626
298 -9.02051
299 -8.9883
300 -8.98641
301 -8.98982
302 -8.9902
303 -9.00839
304 -8.99171
305 -9.00005
306 -8.98527
307 -9.00573
308 -8.99816
309 -9.00763
310 -8.99853
311 -8.99475
312 -8.99588
313 -8.99816
314 -9.01407
315 -8.99096
316 -8.99209
317 -8.99664
318 -8.98906
319 -9.00308
320 -8.99702
321 -8.99702
322 -9.00877
323 -9.01445
324 -9.0027
325 -9.00157
326 -9.00043
327 -8.99967
328 -8.9955
329 -9.0099
330 -8.99437
331 -9.00498
332 -8.99323
333 -9.00952
334 -9.00346
335 -9.00611
336 -9.00422
337 -8.98982
338 -8.99247
339 -9.0046
340 -8.99399
341 -9.00232
342 -8.99437
343 -9.01483
344 -8.99171
345 -9.00839
346 -8.99285
347 -8.98717
348 -9.0046
349 -8.99626
350 -9.0118
351 -9.00346
352 -8.99512
353 -9.01331
354 -9.0046
355 -9.00081
356 -9.01104
357 -8.99437
358 -9.01521
359 -8.99702
360 -8.99399
361 -8.9955
362 -8.99247
363 -8.99967
364 -8.99853
365 -9.00649
366 -9.01293
367 -9.00877
368 -9.01066
369 -8.9955
370 -8.99058
371 -9.01445
372 -8.99853
373 -8.99361
374 -9.00725
375 -8.99512
376 -9.00384
377 -8.99778
378 -8.99626
379 -8.99967
380 -5.56228
381 -1.92255
382 -0.339496
383 0.000757566
384 0.0685812
385 0.0594873
386 0.0306908
387 0.0159139
388 0.00871474
389 0.00378878
390 0.00227341
391 0.000757566
392 0.000378665
393 0
394 0.0011367
395 0
396 0.000378665
397 0.000378665
398 0.000378665
399 -0.000378665
400 0
401 -0.000378665
402 0.000378665
403 0
404 0
405 0
406 0
407 -0.000378665
408 -0.000757566
409 -0.000757566
410 0.000757566
411 0
412 0.000378665
413 -0.000757566
414 -0.000378665
415 0.000378665
416 0.000378665
417 0
418 -0.000378665
419 0
420 -0.000378665
421 0.000378665
422 0.000378665
423 -0.000378665
424 0.000378665
425 0.000757566
426 0
427 0.000378665
428 -0.000757566
429 0
430 -0.000757566
431 0.000757566
432 0.000757566
433 0.0511515
434 4.72831
435 7.70913
436 8.77915
437 9.06446
438 9.06067
439 9.04249
440 9.01596
441 9.00649
442 9.00649
443 9.00422
444 9.01217
445 9.01331
446 9.00119
447 9.00119
448 8.99929
449 8.98376
450 8.99096
451 9.00157
452 8.99588
453 8.99096
454 9.01483
455 8.9811
456 9.00384
457 8.99588
458 8.99588
459 9.00611
460 8.99171
461 9.00763
462 9.00005
463 9.00687
464 8.98868
465 9.01104
466 8.9974
467 8.99588
468 8.99134
469 9.00649
470 8.99967
471 8.983
472 8.98717
473 8.99702
474 9.00005
475 9.00573
476 8.9974
477 9.00346
478 9.00194
479 9.00119
480 8.99361
481 8.99209
482 8.99209
483 9.0027
484 8.9974
485 8.9974
486 9.00346
487 8.98603
488 9.00877
489 9.00384
490 9.0027
491 8.98906
492 9.01255
493 9.00346
494 8.99967
495 8.98717
496 8.9974
497 8.99437
498 9.00346
499 9.00498
500 8.9974
501 8.99702
502 9.00914
503 8.99588
504 9.01066
505 8.9974
506 9.01862
507 8.98906
508 8.99399
509 9.00232
510 8.99437
511 9.00535
512 9.00535
513 8.9974
514 8.99853
515 8.99096
516 9.00611
517 9.00422
518 8.98906
519 8.98944
520 8.99891
521 9.00535
522 9.01558
523 9.00119
524 8.99285
525 9.00081
526 8.99399
527 8.99361
528 9.00573
529 9.01937
530 8.99891
531 9.0099
532 9.00043
533 9.00194
534 9.01558
535 9.00081
536 9.01066
537 8.98148
538 9.01824
539 9.00725
540 7.81106
541 2.90314
542 0.636555
543 0.0670656
544 -0.0564561
545 -0.0685812
546 -0.0382691
547 -0.0200818
548 -0.0102303
549 -0.00530439
550 -0.00265207
551 -0.000757566
552 -0.000378665
553 0
554 0
555 0
556 0
557 0
558 0.000378665
559 0.000378665
560 -0.000378665
561 0
562 0
563 -0.000757566
564 -0.000757566
565 -0.000378665
566 -0.000378665
567 0.000757566
568 0
569 0.000757566
570 0.000378665
571 0
572 0.000757566
573 0
574 0.000378665
575 0.000378665
576 0.000757566
577 -0.000378665
578 0
579 0
580 0.000757566
581 -0.000378665
582 -0.000378665
583 0
584 0
585 0
586 -0.000378665
587 0.000378665
588 0
589 0.000757566
590 0.000757566
591 0.000378665
592 0
593 0
594 -3.27485
595 -6.94943
596 -8.56166
597 -9.02392
598 -9.08303
599 -9.05461
600 -9.0296
601 -9.00877
602 -9.0118
603 -9.01369
604 -9.00194
605 -9.00535
606 -8.99778
607 -8.99134
608 -8.9902
609 -8.99058
610 -8.99058
611 -9.00498
612 -8.99134
613 -9.00194
614 -8.99399
615 -9.00649
616 -9.00119
617 -9.00119
618 -8.99361
619 -9.00346
620 -8.99853
621 -8.99512
622 -8.99437
623 -8.99475
624 -8.99361
625 -9.00725
626 -9.00081
627 -8.99475
628 -9.00952
629 -9.00763
630 -9.01104
631 -8.99664
632 -8.99096
633 -8.99778
634 -8.99816
635 -9.01066
636 -9.00839
637 -8.9955
638 -8.99323
639 -8.99475
640 -9.00535
641 -9.00005
642 -8.99816
643 -9.00005
644 -9.01293
645 -9.00043
646 -9.00801
647 -9.01445
648 -8.98868
649 -8.99361
650 -8.98944
651 -9.0099
652 -8.99929
653 -8.9955
654 -9.00914
655 -9.00081
656 -9.00308
657 -9.00157
658 -8.98452
659 -9.0046
660 -9.00232
661 -9.00119
662 -9.00232
663 -8.9955
664 -9.00422
665 -8.99929
666 -8.99399
667 -8.9955
668 -9.00005
669 -8.98906
670 -8.99816
671 -8.99967
672 -8.99816
673 -8.99399
674 -8.99475
675 -8.99512
676 -9.01142
677 -8.9955
678 -8.98906
679 -9.00005
680 -9.00649
681 -9.00194
682 -9.00914
683 -8.99134
684 -8.99702
685 -8.99475
686 -9.00043
687 -8.99285
688 -9.01066
689 -8.99209
690 -8.99134
691 -8.99475
692 -8.9902
693 -9.0027
694 -9.00194
695 -9.00194
696 -8.99664
697 -8.9902
698 -9.00081
699 -9.02089
700 -8.99702
701 -4.03113
702 -1.54402
703 -0.192482
704 0.0284174
705 0.0685812
706 0.0591084
707 0.019324
708 0.0151558
709 0.00378878
710 0.00378878
711 -0.0011367
712 0.00151537
713 0.000757566
714 0.000757566
715 0
716 0
717 0.000757566
718 -0.000757566
719 0
720 -0.000378665
721 -0.000378665
722 0
723 0
724 -0.000378665
725 0.000757566
726 0
727 0.000378665
728 -0.000378665
729 0
730 0.000378665
731 0
732 -0.000757566
733 0.000378665
734 -0.000757566
735 0.000378665
736 0
737 0.000757566
738 0.000378665
739 -0.000378665
740 0.000378665
741 -0.000378665
742 -0.000757566
743 -0.000378665
744 -0.000757566
745 -0.0011367
746 0.00378878
747 -0.000378665
748 -0.000378665
749 -0.000757566
750 0
751 0
752 0
753 0
754 1.7816
755 6.15412
756 8.4029
757 8.9542
758 9.06143
759 9.06901
760 9.02278
761 9.02013
762 9.00043
763 8.98755
764 9.00877
765 8.9955
766 9.00308
767 8.99475
768 8.99361
769 9.00611
770 8.9902
771 9.01104
772 8.99626
773 8.99209
774 9.00346
775 9.00308
776 9.00384
777 8.99323
778 9.00498
779 9.00194
780 8.98452
781 9.00498
782 9.0027
783 9.0027
784 8.99285
785 8.99664
786 8.98868
787 9.00194
788 9.00687
789 8.99134
790 9.0118
791 9.00649
792 8.9902
793 8.98793
794 8.99058
795 9.00346
796 8.98868
797 9.00081
798 8.99285
799 9.00346
800 9.02051
801 8.98262
802 8.98755
803 8.99588
804 8.99512
805 8.99702
806 8.99626
807 9.0046
808 8.9902
809 8.99096
810 8.99929
811 8.99285
812 9.00194
813 8.98755
814 9.01293
815 9.00232
816 9.00119
817 9.00081
818 8.99816
819 8.99626
820 9.00801
821 9.00498
822 9.01558
823 8.98376
824 8.99778
825 8.9902
826 8.99058
827 9.00422
828 9.00914
829 9.00801
830 9.00877
831 8.99967
832 9.00498
833 8.9955
834 8.99171
835 8.99134
836 9.00877
837 8.9902
838 9.01293
839 9.00384
840 8.98527
841 9.0118
842 8.98489
843 8.99967
844 8.99437
845 9.00611
846 9.00081
847 8.98679
848 9.01255
849 9.00005
850 8.99475
851 9.0046
852 8.98603
853 9.00005
854 8.9902
855 9.01558
856 8.98944
857 8.99702
858 9.01104
859 8.99361
860 8.9902
861 5.37927
862 1.71188
863 0.323961
864 -0.0140191
865 -0.0735069
866 -0.0564561
867 -0.0310699
868 -0.0162928
869 -0.0075778
870 -0.00340988
871 -0.00189427
872 -0.000378665
873 0
874 -0.000378665
875 0
876 0
877 0
878 0.000757566
879 0
880 -0.000378665
881 -0.000378665
882 0.000757566
883 -0.0011367
884 0
885 0
886 -0.000378665
887 0.000757566
888 0.000378665
889 -0.000378665
890 0.000378665
891 0
892 -0.000378665
893 -0.000378665
894 -0.000757566
895 0
896 0.000378665
897 0
898 0
899 0.0011367
900 -0.000378665
901 0
902 0
903 0.000378665
904 0
905 -0.000378665
906 -0.000378665
907 -0.000378665
908 -0.000378665
909 0
910 0.000757566
911 0.000378665
912 0
913 0
914 -0.970367
915 -5.27469
916 -8.08159
917 -8.93298
918 -9.07053
919 -9.05992
920 -9.04135
921 -9.02354
922 -9.01521
923 -9.00308
924 -8.99285
925 -8.98565
926 -8.99399
927 -9.00535
928 -9.00649
929 -9.0027
930 -8.99853
931 -8.98755
932 -9.00346
933 -9.00877
934 -9.01483
935 -9.01255
936 -9.00649
937 -9.01748
938 -8.99588
939 -8.99475
940 -8.9955
941 -9.00763
942 -9.00649
943 -9.00081
944 -9.00498
945 -9.00498
946 -8.99778
947 -9.00535
948 -9.00384
949 -8.99929
950 -8.99209
951 -8.99588
952 -9.00232
953 -9.00422
954 -9.00157
955 -8.98148
956 -9.00535
957 -8.9902
958 -9.01634
959 -8.99399
960 -8.99702
961 -9.00422
962 -8.98982
963 -9.00687
964 -8.99702
965 -9.00308
966 -8.99891
967 -8.99816
968 -8.99853
969 -8.9883
970 -9.00346
971 -8.99096
972 -8.99816
973 -8.99929
974 -9.00081
975 -8.99929
976 -9.00043
977 -8.99285
978 -9.00952
979 -9.00952
980 -9.00498
981 -8.99512
982 -8.9902
983 -8.99967
984 -9.00043
985 -8.9883
986 -8.98944
987 -9.01066
988 -9.0046
989 -9.00194
990 -8.99778
991 -9.00308
992 -9.00308
993 -8.98868
994 -9.00005
995 -9.00649
996 -9.00081
997 -9.00384
998 -9.00573
999 -9.00157
1000 -8.99171
1001 -9.0099
1002 -9.01331
1003 -8.99475
1004 -9.0046
1005 -8.99588
1006 -8.99891
1007 -8.99437
1008 -8.99361
1009 -9.00384
1010 -8.99285
1011 -9.00725
1012 -9.00005
1013 -9.0046
1014 -8.99853
1015 -8.99967
1016 -8.9974
1017 -9.01217
1018 -8.99702
1019 -9.00119
1020 -8.9883
1021 -6.65275
1022 -2.4352
1023 -0.607379
1024 -0.014398
1025 0.0689601
1026 0.0625188
1027 0.0367535
1028 0.0170506
1029 0.00909364
1030 0.00340988
1031 0.00189427
1032 0.00151537
1033 -0.000378665
1034 0.000378665
1035 0
1036 -0.000378665
1037 -0.000378665
1038 0.000378665
1039 0.000757566
1040 0
1041 0.000378665
1042 0
1043 0
1044 -0.000378665
1045 0.000378665
1046 0
1047 0.000757566
1048 0
1049 0
1050 0
1051 0.000378665
1052 -0.000378665
1053 0
1054 0.000378665
1055 0
1056 0.000378665
1057 0.000757566
1058 -0.000757566
1059 -0.000378665
1060 0
1061 0.000378665
1062 0.000378665
1063 -0.000378665
1064 0
1065 -0.000757566
1066 0.000378665
1067 0
1068 -0.000378665
1069 0
1070 0
1071 -0.000378665
1072 0.000378665
1073 0
1074 0.00227341
1075 4.79652
1076 7.5894
1077 8.78446
1078 9.06674
1079 9.06143
1080 9.0387
1081 9.02998
1082 9.0027
1083 9.0118
1084 8.99512
1085 8.99437
1086 9.0099
1087 8.98793
1088 9.00725
1089 9.00043
1090 9.00687
1091 8.99929
1092 9.00232
1093 8.99361
1094 8.99967
1095 8.98982
1096 9.00839
1097 8.99475
1098 8.9955
1099 9.00119
1100 9.00081
1101 9.00119
1102 9.02278
1103 8.99399
1104 8.99475
1105 9.00535
1106 8.99437
1107 8.99664
1108 8.99853
1109 8.9974
1110 9.00535
1111 8.99437
1112 9.00043
1113 8.9758
1114 9.00005
1115 8.99247
1116 8.98717
1117 9.01217
1118 8.98679
1119 9.00157
1120 8.99664
1121 8.99475
1122 9.0046
1123 8.98906
1124 8.99399
1125 8.98868
1126 9.01217
1127 9.00157
1128 8.99285
1129 9.01104
1130 8.99361
1131 9.00194
1132 8.99171
1133 8.98376
1134 9.00005
1135 8.99134
1136 8.99588
1137 8.99891
1138 8.99247
1139 8.99778
1140 8.99929
1141 9.00573
1142 8.98527
1143 9.0027
1144 9.00194
1145 9.01672
1146 9.00308
1147 8.99096
1148 9.00763
1149 8.99058
1150 8.99967
1151 9.00005
1152 8.99626
1153 8.99323
1154 8.99816
1155 8.98944
1156 9.00801
1157 8.98944
1158 9.00725
1159 8.9974
1160 9.00649
1161 8.99702
1162 9.00157
1163 9.00157
1164 9.00573
1165 8.99929
1166 9.01066
1167 9.00763
1168 8.99853
1169 8.99512
1170 9.02165
1171 8.99323
1172 8.99285
1173 8.99475
1174 8.99853
1175 9.01028
1176 8.9883
1177 9.0099
1178 8.99588
1179 8.98186
1180 9.00498
1181 7.36698
1182 3.41239
1183 1.00068
1184 0.101545
1185 -0.0538038
1186 -0.0689601
1187 -0.0416789
1188 -0.0200818
1189 -0.0102303
1190 -0.00530439
1191 -0.00227341
1192 -0.00151537
1193 0
1194 0
1195 0.000757566
1196 0
1197 0
1198 -0.000378665
1199 0.000378665
1200 -0.000757566
1201 0.000378665
1202 -0.000378665
1203 0
1204 0.000757566
1205 -0.000378665
1206 0.000378665
1207 0.000378665
1208 0.000378665
1209 0.000378665
1210 0.000757566
1211 -0.000378665
1212 -0.000378665
1213 0
1214 0.000757566
1215 0.00151537
1216 0
1217 -0.000378665
1218 0.000378665
1219 -0.000757566
1220 -0.000378665
1221 0
1222 -0.000378665
1223 0.000757566
1224 0
1225 -0.000378665
1226 0.000378665
1227 0.000378665
1228 -0.000378665
1229 0.000378665
1230 -0.000378665
1231 0.000378665
1232 0.000378665
1233 -0.000378665
1234 0
1235 -3.57986
1236 -7.03696
1237 -8.63706
1238 -9.01104
1239 -9.08227
1240 -9.04665
1241 -9.02923
1242 -9.00725
1243 -9.00308
1244 -9.0027
1245 -8.99209
1246 -9.00535
1247 -8.99399
1248 -9.0027
1249 -9.00346
1250 -9.00498
1251 -9.00384
1252 -8.9955
1253 -8.99891
1254 -9.0046
1255 -8.98527
1256 -8.99588
1257 -8.99853
1258 -9.00914
1259 -9.00157
1260 -9.00763
1261 -8.99475
1262 -8.99891
1263 -8.99778
1264 -8.99096
1265 -8.97883
1266 -9.00346
1267 -8.9974
1268 -9.01066
1269 -9.00308
1270 -8.99929
1271 -9.00194
1272 -8.99816
1273 -9.00346
1274 -8.99816
1275 -8.99816
1276 -9.00877
1277 -8.99853
1278 -9.00687
1279 -8.99475
1280 -8.99475
1281 -8.99588
1282 -8.99967
1283 -9.00043
1284 -9.0046
1285 -9.01634
1286 -8.99853
1287 -9.0046
1288 -9.00422
1289 -8.99626
1290 -9.00308
1291 -8.98186
1292 -8.99929
1293 -8.99891
1294 -8.99209
1295 -8.99475
1296 -8.98944
1297 -8.99626
1298 -9.00839
1299 -9.0046
1300 -8.98603
1301 -8.99361
1302 -9.00384
1303 -9.00535
1304 -9.00308
1305 -8.98982
1306 -8.98982
1307 -9.00384
1308 -9.00535
1309 -8.99323
1310 -9.00157
1311 -9.00725
1312 -9.01331
1313 -9.00687
1314 -9.00308
1315 -8.99929
1316 -9.01672
1317 -9.00005
1318 -8.99816
1319 -9.00952
1320 -8.99626
1321 -8.99664
1322 -9.00725
1323 -8.99588
1324 -9.00914
1325 -8.99512
1326 -8.98982
1327 -8.98906
1328 -8.9974
1329 -8.99361
1330 -8.99475
1331 -9.00725
1332 -9.0027
1333 -9.01104
1334 -9.00194
1335 -9.01066
1336 -8.99134
1337 -9.00611
1338 -8.99702
1339 -8.99171
1340 -9.00308
1341 -8.88524
1342 -4.31266
1343 -1.21324
1344 -0.158002
1345 0.0375113
1346 0.069339
1347 0.0450891
1348 0.0215972
1349 0.0125035
1350 0.00719889
1351 0.00265207
1352 0.000378665
1353 0.000378665
1354 0
1355 -0.000378665
1356 0.000757566
1357 0.000378665
1358 0
1359 0
1360 -0.000378665
1361 0.000757566
1362 -0.000378665
1363 0
1364 0.000757566
1365 0
1366 0
1367 0
1368 -0.000757566
1369 -0.000757566
1370 0
1371 0
1372 0.000757566
1373 0.000378665
1374 0.000378665
1375 -0.00151537
1376 0
1377 0
1378 0.000757566
1379 -0.000757566
1380 -0.000757566
1381 0
1382 0
1383 0.000378665
1384 0
1385 0
1386 -0.000378665
1387 0.000378665
1388 -0.000378665
1389 0.000378665
1390 -0.000378665
1391 0.000378665
1392 0
1393 0
1394 0
1395 2.04721
1396 6.44928
1397 8.3832
1398 8.9811
1399 9.05878
1400 9.06181
1401 9.0315
1402 9.00422
1403 9.02657
1404 8.99626
1405 8.99626
1406 8.9955
1407 9.00005
1408 8.99323
1409 8.99588
1410 9.00422
1411 8.99588
1412 8.99323
1413 8.99209
1414 8.99929
1415 9.00914
1416 8.99247
1417 9.00422
1418 9.00043
1419 9.01255
1420 8.99134
1421 9.01445
1422 8.99588
1423 8.98982
1424 9.00422
1425 8.98679
1426 9.00573
1427 8.98755
1428 8.99816
1429 9.00611
1430 9.01407
1431 9.00611
1432 8.99475
1433 8.99361
1434 9.0118
1435 8.98906
1436 8.99475
1437 8.98906
1438 9.01786
1439 8.99891
1440 8.98641
1441 9.00725
1442 8.99891
1443 9.00687
1444 8.99929
1445 9.0118
1446 8.99929
1447 8.9902
1448 9.01255
1449 8.98717
1450 9.00005
1451 9.01369
1452 9.00043
1453 9.00043
1454 8.99399
1455 8.99853
1456 8.99816
1457 9.0099
1458 8.99664
1459 8.98679
1460 9.00725
1461 9.00914
1462 8.99778
1463 9.00157
1464 8.9974
1465 9.0027
1466 8.9902
1467 8.98906
1468 8.98906
1469 8.98603
1470 9.00763
1471 9.00119
1472 9.00952
1473 9.00839
1474 9.0027
1475 9.00157
1476 9.00043
1477 9.00801
1478 8.99209
1479 9.00611
1480 9.00232
1481 9.01596
1482 9.00232
1483 8.99475
1484 9.01521
1485 9.01028
1486 8.99209
1487 8.99323
1488 8.98944
1489 9.00914
1490 8.99929
1491 9.00194
1492 8.9955
1493 9.00611
1494 9.00081
1495 8.98982
1496 9.00914
1497 8.99778
1498 9.01558
1499 8.99778
1500 8.98793
1501 9.00801
1502 5.1955
1503 1.72287
1504 0.3035
1505 -0.0189451
1506 -0.0723702
1507 -0.0598662
1508 -0.0303119
1509 -0.014398
1510 -0.00719889
1511 -0.00303098
1512 -0.0011367
1513 0
1514 -0.000378665
1515 0
1516 0
1517 -0.000757566
1518 0
1519 0
1520 0.000378665
1521 0
1522 0.000378665
1523 0.000378665
1524 0
1525 -0.000378665
1526 0.000757566
1527 0.000378665
1528 0.000378665
1529 0
1530 0.000378665
1531 0.000757566
1532 0.000378665
1533 -0.000378665
1534 0
1535 0
1536 0
1537 0.000378665
1538 0
1539 -0.000378665
1540 0.000378665
1541 0.000378665
1542 0.000378665
1543 0
1544 0.000378665
1545 0.000378665
1546 0.000378665
1547 0
1548 0.000378665
1549 0
1550 0.000378665
1551 0.000757566
1552 0
1553 0.000757566
1554 -0.000378665
1555 -0.336464
1556 -5.29401
1557 -8.03271
1558 -8.88259
1559 -9.07469
1560 -9.04969
1561 -9.03074
1562 -9.01521
1563 -9.00498
1564 -8.99399
1565 -9.00535
1566 -9.01255
1567 -8.99778
1568 -8.99437
1569 -9.00535
1570 -9.01028
1571 -9.00725
1572 -8.99475
1573 -8.99967
1574 -8.9974
1575 -9.00877
1576 -9.00611
1577 -9.00498
1578 -8.99475
1579 -8.99664
1580 -9.01104
1581 -8.99058
1582 -8.99058
1583 -8.99323
1584 -8.98868
1585 -8.99247
1586 -9.00422
1587 -8.99626
1588 -8.99209
1589 -9.00914
1590 -9.00573
1591 -8.99967
1592 -9.00194
1593 -8.99475
1594 -9.00232
1595 -9.00308
1596 -8.99323
1597 -8.98755
1598 -8.99778
1599 -9.01066
1600 -8.99437
1601 -8.99285
1602 -9.01028
1603 -9.00422
1604 -8.99929
1605 -8.99285
1606 -8.99588
1607 -9.00611
1608 -9.01596
1609 -9.01483
1610 -8.99171
1611 -8.99512
1612 -9.01293
1613 -9.00801
1614 -9.00119
1615 -8.98262
1616 -8.99323
1617 -8.99702
1618 -8.99437
1619 -8.99967
1620 -9.00422
1621 -8.99967
1622 -9.00081
1623 -8.99626
1624 -8.98755
1625 -9.00839
1626 -9.00232
1627 -8.99171
1628 -9.00498
1629 -8.99058
1630 -8.99702
1631 -9.00081
1632 -8.9883
1633 -9.00308
1634 -8.98906
1635 -8.99399
1636 -8.99437
1637 -8.99778
1638 -8.99588
1639 -9.00005
1640 -8.99967
1641 -8.99778
1642 -8.99096
1643 -9.01217
1644 -8.98717
1645 -9.02051
1646 -9.00611
1647 -9.00194
1648 -9.01407
1649 -9.00687
1650 -9.00119
1651 -8.99437
1652 -9.00232
1653 -8.99475
1654 -8.98565
1655 -8.98868
1656 -8.99853
1657 -9.00649
1658 -9.00081
1659 -8.99929
1660 -9.0027
1661 -9.02354
1662 -5.8779
1663 -2.69285
1664 -0.733174
1665 -0.0322066
1666 0.0682023
1667 0.0621399
1668 0.038648
1669 0.0166717
1670 0.00985144
1671 0.00454682
1672 0.00189427
1673 0.000757566
1674 0.0011367
1675 -0.000378665
1676 0.000378665
1677 0.000378665
1678 0.000378665
1679 -0.0011367
1680 0.000757566
1681 0.000378665
1682 0.000378665
1683 0
1684 0.000378665
1685 -0.000378665
1686 0
1687 -0.000757566
1688 -0.000757566
1689 -0.000378665
1690 0.000378665
1691 0.000378665
1692 0.000378665
1693 -0.000378665
1694 0.000757566
1695 0
1696 0.000757566
1697 0
1698 0
1699 0.000757566
1700 0
1701 -0.000378665
1702 -0.000378665
1703 0
1704 0
1705 -0.000757566
1706 -0.000378665
1707 -0.000378665
1708 0
1709 0
1710 0.000757566
1711 0
1712 0.000378665
1713 -0.000378665
1714 -0.000378665
1715 0.000378665
1716 4.50666
1717 7.38252
1718 8.72876
1719 9.02998
1720 9.08151
1721 9.03794
1722 9.03188
1723 9.00232
1724 9.01142
1725 8.99171
1726 9.00687
1727 8.99853
1728 8.99399
1729 9.00687
1730 8.99475
1731 8.99853
1732 9.00346
1733 8.99778
1734 9.01331
1735 8.98793
1736 8.99853
1737 9.01066
1738 9.00081
1739 9.0046
1740 8.99171
1741 9.01142
1742 9.00725
1743 9.01596
1744 9.01217
1745 8.9974
1746 8.99323
1747 8.99209
1748 8.99588
1749 9.00498
1750 8.99399
1751 9.00422
1752 8.9811
1753 8.99171
1754 8.9883
1755 8.9974
1756 9.01369
1757 9.00194
1758 9.00422
1759 8.99247
1760 8.98679
1761 9.00498
1762 8.98906
1763 8.99096
1764 9.0027
1765 9.01028
1766 8.98527
1767 8.9974
1768 9.00535
1769 8.98868
1770 8.99816
1771 8.98717
1772 8.99929
1773 8.99816
1774 9.00005
1775 9.02468
1776 8.99778
1777 9.00308
1778 8.99134
1779 8.99285
1780 8.99588
1781 8.9902
1782 9.01104
1783 9.00157
1784 9.00611
1785 8.99891
1786 9.00535
1787 9.01634
1788 8.98868
1789 9.00308
1790 9.01028
1791 9.00081
1792 9.00498
1793 8.99437
1794 8.99778
1795 8.99058
1796 8.99778
1797 8.99247
1798 9.00952
1799 8.98641
1800 8.98717
1801 8.99361
1802 9.01066
1803 8.9955
1804 8.99361
1805 8.98186
1806 8.99437
1807 9.00952
1808 8.99171
1809 8.99247
1810 9.00308
1811 9.01521
1812 8.99058
1813 8.9974
1814 9.01672
1815 8.9974
1816 9.00043
1817 8.98186
1818 9.0046
1819 9.01217
1820 8.99512
1821 9.00384
1822 7.94784
1823 3.34305
1824 0.991206
1825 0.0833581
1826 -0.0394058
1827 -0.0670656
1828 -0.0416789
1829 -0.0227339
1830 -0.0117457
1831 -0.00606219
1832 -0.00189427
1833 -0.00189427
1834 0.000757566
1835 -0.000757566
1836 0.000757566
1837 0
1838 -0.000378665
1839 0
1840 0
1841 0.000757566
1842 0.000378665
1843 0.000378665
1844 0.000757566
1845 0
1846 -0.000757566
1847 0
1848 0.000378665
1849 0
1850 0.0011367
1851 0
1852 0.000378665
1853 0.000378665
1854 0
1855 0
1856 0.000378665
1857 -0.000757566
1858 0
1859 -0.000378665
1860 0.000378665
1861 0
1862 0
1863 0.000757566
1864 0
1865 -0.000378665
1866 0.000378665
1867 0
1868 0
1869 -0.000378665
1870 0
1871 0
1872 0.000757566
1873 0.000378665
1874 0.000757566
1875 0.000378665
1876 -2.58032
1877 -6.65692
1878 -8.45216
1879 -8.97883
1880 -9.08151
1881 -9.04438
1882 -9.02013
1883 -9.02392
1884 -9.00346
1885 -9.01483
1886 -8.99399
1887 -9.00422
1888 -9.00763
1889 -8.99247
1890 -8.99588
1891 -8.99361
1892 -9.00119
1893 -9.00725
1894 -8.99437
1895 -8.99778
1896 -9.0046
1897 -8.98982
1898 -8.99399
1899 -9.0027
1900 -9.00384
1901 -8.99058
1902 -9.00384
1903 -9.00119
1904 -8.99853
1905 -9.00081
1906 -9.0046
1907 -9.0027
1908 -8.98186
1909 -9.00308
1910 -8.99475
1911 -8.99475
1912 -8.99626
1913 -8.98755
1914 -8.99702
1915 -9.00422
1916 -9.00346
1917 -9.01521
1918 -8.98641
1919 -9.00498
1920 -9.01028
1921 -9.00346
1922 -8.99778
1923 -8.9883
1924 -9.00157
1925 -8.99702
1926 -9.00232
1927 -9.00081
1928 -9.00384
1929 -8.99853
1930 -8.98414
1931 -9.00157
1932 -9.01369
1933 -8.98982
1934 -9.00346
1935 -8.99399
1936 -9.00232
1937 -8.99058
1938 -9.00687
1939 -8.99475
1940 -9.00498
1941 -9.00687
1942 -8.9955
1943 -8.99929
1944 -8.99816
1945 -9.00157
1946 -9.00043
1947 -8.99361
1948 -8.99816
1949 -8.99475
1950 -8.99512
1951 -9.00081
1952 -9.00308
1953 -9.00877
1954 -8.99134
1955 -9.00308
1956 -8.99361
1957 -9.00535
1958 -9.00725
1959 -8.99664
1960 -9.00384
1961 -9.01331
1962 -8.99134
1963 -8.99816
1964 -8.99778
1965 -9.00422
1966 -8.98679
1967 -8.99891
1968 -8.99209
1969 -8.99361
1970 -9.00573
1971 -8.98793
1972 -9.01066
1973 -9.00573
1974 -9.00611
1975 -9.00194
1976 -9.01066
1977 -9.00081
1978 -9.00232
1979 -9.00535
1980 -8.99399
1981 -9.00498
1982 -8.98982
1983 -4.90261
1984 -1.61033
1985 -0.264094
1986 0.026144
1987 0.0708546
1988 0.0575928
1989 0.026144
1990 0.0128824
1991 0.00681999
1992 0.00416792
1993 0.00227341
1994 0.000757566
1995 0.000378665
1996 -0.000378665
1997 0
1998 0.000378665
1999 0.000378665
2000 0.000378665
2001 -0.000378665
2002 0
2003 0
2004 0
2005 0
2006 -0.000378665
2007 0
2008 0
2009 0
2010 -0.000378665
2011 0.000378665
2012 0.000378665
2013 0
2014 -0.000757566
2015 0.0011367
2016 0
2017 0.000378665
2018 0
2019 0
2020 -0.000378665
2021 0.000378665
2022 0.000378665
2023 -0.0011367
2024 0
2025 -0.000757566
2026 -0.000378665
2027 0.000378665
2028 0
2029 -0.000378665
2030 0
2031 0.000378665
2032 0.000378665
2033 0
2034 0.000757566
2035 -0.000378665
2036 1.42505
2037 5.9946
2038 8.02173
2039 8.92503
2040 9.06257
2041 9.06598
2042 9.04665
2043 9.03226
2044 8.99778
2045 8.99134
2046 8.9955
2047 9.0118
2048 8.99512
2049 9.00952
2050 8.9902
2051 9.02127
2052 8.99247
2053 8.98906
2054 9.00535
2055 8.98906
2056 8.99664
2057 8.98906
2058 9.00157
2059 8.99437
2060 9.00611
2061 8.99967
2062 8.99512
2063 9.00611
2064 8.99967
2065 8.99891
2066 9.00384
2067 8.98793
2068 8.98868
2069 9.0046
2070 9.00081
2071 9.01028
2072 9.00422
2073 9.01672
2074 8.97732
2075 8.99929
2076 9.00005
2077 8.99778
2078 9.00914
2079 8.99437
2080 8.99891
2081 8.9902
2082 8.98944
2083 9.0046
2084 8.98641
2085 9.00119
2086 9.0046
2087 9.00081
2088 9.0027
2089 9.0099
2090 9.00157
2091 8.99361
2092 9.00422
2093 8.98906
2094 9.00194
2095 9.00308
2096 8.99967
2097 9.00157
2098 9.00005
2099 9.00573
2100 8.98755
2101 9.01104
2102 9.00877
2103 8.99209
2104 9.01293
2105 9.00081
2106 9.01672
2107 9.00801
2108 8.98982
2109 9.00952
2110 9.01066
2111 8.99967
2112 9.00611
2113 9.01255
2114 9.01104
2115 8.99664
2116 9.01066
2117 8.98641
2118 8.99171
2119 9.00043
2120 8.99285
2121 9.00498
2122 8.99323
2123 8.99778
2124 8.98906
2125 8.99891
2126 8.98868
2127 8.99853
2128 9.00157
2129 8.99171
2130 8.98982
2131 9.00877
2132 8.98679
2133 9.0046
2134 8.9902
2135 8.98793
2136 9.0046
2137 9.00877
2138 8.9974
2139 9.00384
2140 8.99816
2141 8.99512
2142 8.99171
2143 5.71952
2144 2.08244
2145 0.540314
2146 0.0151558
2147 -0.0651711
2148 -0.060624
2149 -0.0318277
2150 -0.0166717
2151 -0.0075778
2152 -0.00340988
2153 -0.00151537
2154 -0.0011367
2155 0
2156 -0.000378665
2157 -0.000378665
2158 0
2159 0
2160 -0.000378665
2161 0
2162 0
2163 0
2164 0.000378665
2165 0.000378665
2166 0
2167 0
2168 0
2169 0
2170 0.000378665
2171 0
2172 -0.000378665
2173 0.000378665
2174 0.000378665
2175 0.000378665
2176 0.000757566
2177 0.000378665
2178 -0.000378665
2179 0
2180 -0.000378665
2181 -0.000757566
2182 0.000378665
2183 0
2184 -0.000757566
2185 0
2186 0.000378665
2187 0
2188 0.000757566
2189 0.000378665
2190 0.000378665
2191 0.000757566
2192 -0.000757566
2193 0.000757566
2194 0
2195 -0.000378665
2196 -0.0754014
2197 -5.5744
2198 -7.80765
2199 -8.80643
2200 -9.07053
2201 -9.07128
2202 -9.03567
2203 -9.03188
2204 -8.99702
2205 -9.01407
2206 -8.9902
2207 -8.99134
2208 -8.99361
2209 -8.98679
2210 -9.0046
2211 -8.98452
2212 -8.99437
2213 -9.01217
2214 -9.0171
2215 -9.00763
2216 -8.98489
2217 -8.99134
2218 -9.00573
2219 -8.99323
2220 -9.00725
2221 -9.00801
2222 -9.00498
2223 -8.99285
2224 -9.00043
2225 -8.98906
2226 -8.99058
2227 -8.99134
2228 -8.98603
2229 -8.99058
2230 -8.97959
2231 -9.00649
2232 -9.00422
2233 -8.99058
2234 -9.01028
2235 -9.00611
2236 -8.99891
2237 -9.00839
2238 -9.00384
2239 -9.00914
2240 -9.01331
2241 -9.01028
2242 -8.99929
2243 -8.99361
2244 -9.00194
2245 -9.00232
2246 -8.98527
2247 -8.9902
2248 -9.00839
2249 -8.99778
2250 -9.00232
2251 -8.99929
2252 -8.98565
2253 -8.99285
2254 -8.99399
2255 -9.00801
2256 -9.00535
2257 -8.97163
2258 -9.01217
2259 -9.00763
2260 -9.00043
2261 -8.98603
2262 -8.99096
2263 -9.00194
2264 -9.00308
2265 -9.00914
2266 -9.00081
2267 -9.00611
2268 -8.99134
2269 -8.99058
2270 -9.00384
2271 -9.00157
2272 -9.00384
2273 -9.00801
2274 -8.99588
2275 -9.00952
2276 -8.98527
2277 -9.00839
2278 -9.00725
2279 -9.00043
2280 -9.0118
2281 -9.00839
2282 -9.00877
2283 -9.01028
2284 -8.99437
2285 -8.99891
2286 -9.0046
2287 -9.00232
2288 -8.99512
2289 -9.01142
2290 -8.983
2291 -8.99853
2292 -8.99512
2293 -8.99247
2294 -9.02127
2295 -8.98868
2296 -9.0171
2297 -8.99588
2298 -8.99323
2299 -9.01142
2300 -8.99664
2301 -9.00611
2302 -8.9955
2303 -7.56288
2304 -2.58828
2305 -0.830931
2306 -0.0390269
2307 0.0466047
2308 0.0636555
2309 0.0390269
2310 0.0197029
2311 0.010609
2312 0.00492572
2313 0.00189427
2314 0.000757566
2315 0.000757566
2316 0.000378665
2317 0
2318 0
2319 0.000378665
2320 0
2321 0.000378665
2322 0.00416792
2323 -0.000757566
2324 0.0011367
2325 -0.00189427
2326 -0.00151537
2327 -0.000378665
2328 -0.0011367
2329 -0.0011367
2330 0.00227341
2331 -0.00189427
2332 0
2333 0.0011367
2334 -0.000378665
2335 0.000378665
2336 0.0011367
2337 0.000378665
2338 -0.000757566
2339 0.000378665
2340 -0.000757566
2341 0
2342 0.000757566
2343 0.000378665
2344 0.000378665
2345 -0.000378665
2346 0
2347 0
2348 0.000757566
2349 0
2350 0.000757566
2351 -0.000757566
2352 0.000378665
2353 -0.000757566
2354 0.000378665
2355 0
2356 0
2357 3.73559
2358 7.40109
2359 8.71701
2360 9.03491
2361 9.08265
2362 9.04893
2363 9.03112
2364 9.00119
2365 9.00194
2366 9.00194
2367 9.00801
2368 9.00535
2369 8.99778
2370 9.00232
2371 9.00535
2372 9.01028
2373 8.99399
2374 8.9777
2375 8.9955
2376 8.98641
2377 8.99437
2378 9.00535
2379 8.98944
2380 8.99626
2381 9.00877
2382 8.9902
2383 8.99588
2384 9.0027
2385 9.01066
2386 9.00535
2387 9.00232
2388 9.00043
2389 9.00573
2390 8.99891
2391 8.98868
2392 8.99967
2393 9.00914
2394 8.98868
2395 8.99702
2396 8.9902
2397 8.99664
2398 8.99702
2399 9.0099
2400 8.99588
2401 9.00308
2402 9.01672
2403 8.99134
2404 9.0099
2405 9.00232
2406 9.00422
2407 8.9974
2408 9.00384
2409 8.99512
2410 8.98793
2411 9.00384
2412 8.98944
2413 8.99626
2414 8.99664
2415 8.98376
2416 9.00573
2417 8.99399
2418 8.99512
2419 9.00422
2420 8.99437
2421 8.99588
2422 8.98755
2423 9.00308
2424 8.98982
2425 8.9777
2426 9.00687
2427 8.98906
2428 9.00346
2429 9.00801
2430 9.00308
2431 9.00877
2432 8.99209
2433 8.99096
2434 8.98906
2435 8.99967
2436 8.9955
2437 9.01634
2438 9.00763
2439 8.98527
2440 9.01255
2441 9.00308
2442 9.00081
2443 8.99816
2444 9.00801
2445 8.99929
2446 8.98224
2447 9.00043
2448 8.99588
2449 9.00573
2450 9.00232
2451 9.00763
2452 9.00232
2453 9.01369
2454 8.99437
2455 9.00801
2456 8.9955
2457 9.00839
2458 9.00157
2459 9.02316
2460 8.99171
2461 9.00081
2462 9.01331
2463 8.84432
2464 3.66095
2465 0.984007
2466 0.10003
2467 -0.0503937
2468 -0.0689601
2469 -0.0352379
2470 -0.0227339
2471 -0.0121246
2472 -0.00681999
2473 -0.00227341
2474 -0.000757566
2475 -0.000757566
2476 -0.000378665
2477 0.000378665
2478 -0.000757566
2479 0
2480 0.0011367
2481 0
2482 -0.000378665
2483 0.000378665
2484 0.000378665
2485 0
2486 -0.0011367
2487 0
2488 -0.000378665
2489 -0.000378665
2490 0
2491 -0.000757566
2492 0
2493 0.000378665
2494 -0.000378665
2495 0.000378665
2496 0
2497 0.000378665
2498 -0.000378665
2499 0.000378665
2500 0
2501 0
2502 0
2503 0.000378665
2504 0.000378665
2505 0
2506 0.000378665
2507 0.000378665
2508 -0.000378665
2509 0.000378665
2510 0
2511 0.000757566
2512 -0.000378665
2513 0
2514 -0.000378665
2515 0.000378665
2516 0
2517 -3.36616
2518 -6.75241
2519 -8.48626
2520 -9.00952
2521 -9.08113
2522 -9.04476
2523 -9.03756
2524 -9.00914
2525 -9.01104
2526 -9.01369
2527 -8.99512
2528 -8.99058
2529 -9.00346
2530 -9.00194
2531 -8.98868
2532 -8.98489
2533 -9.00422
2534 -9.00194
2535 -8.99816
2536 -8.99437
2537 -8.9974
2538 -8.9974
2539 -9.00649
2540 -8.99967
2541 -8.99323
2542 -8.99361
2543 -9.00839
2544 -9.00346
2545 -9.00005
2546 -8.99626
2547 -9.00119
2548 -9.00877
2549 -9.00649
2550 -8.98906
2551 -9.00763
2552 -9.00308
2553 -9.01369
2554 -8.99664
2555 -8.99816
2556 -8.99096
2557 -8.98527
2558 -8.99778
2559 -9.00119
2560 -8.99626
2561 -8.99891
2562 -8.99209
2563 -8.98414
2564 -8.99929
2565 -8.98868
2566 -8.99437
2567 -9.00081
2568 -9.00839
2569 -9.00877
2570 -8.99512
2571 -8.99853
2572 -9.0027
2573 -8.98982
2574 -8.98527
2575 -9.01293
2576 -8.98679
2577 -9.00839
2578 -8.98755
2579 -8.99096
2580 -9.01217
2581 -9.01217
2582 -9.00649
2583 -8.98755
2584 -9.00157
2585 -9.00308
2586 -9.00384
2587 -8.99475
2588 -9.00081
2589 -9.00194
2590 -8.98755
2591 -9.00119
2592 -9.00498
2593 -9.01369
2594 -8.99967
2595 -8.99702
2596 -8.9974
2597 -8.99437
2598 -8.99853
2599 -8.9883
2600 -8.99967
2601 -8.99967
2602 -9.00384
2603 -8.98603
2604 -9.00005
2605 -8.99588
2606 -8.99891
2607 -8.98944
2608 -8.99134
2609 -9.01255
2610 -8.98717
2611 -9.01748
2612 -8.99702
2613 -9.00914
2614 -9.00232
2615 -8.99247
2616 -9.0027
2617 -8.99664
2618 -8.9902
2619 -9.00232
2620 -9.00877
2621 -9.00384
2622 -9.00573
2623 -9.00157
2624 -4.75218
2625 -1.51258
2626 -0.270157
2627 0.0246284
2628 0.0788115
2629 0.0488781
2630 0.029933
2631 0.0189451
2632 0.00568329
2633 0.00340988
2634 0.00189427
2635 0.00151537
2636 0.000378665
2637 0.000757566
2638 -0.000378665
2639 0
2640 -0.000757566
2641 0.000378665
2642 0.000378665
2643 0
2644 -0.000378665
2645 -0.000378665
2646 0
2647 -0.000757566
2648 0
2649 0.000378665
2650 0
2651 0.000757566
2652 0.000378665
2653 0
2654 0.000378665
2655 -0.000378665
2656 -0.000378665
2657 0
2658 -0.000378665
2659 0
2660 0
2661 0
2662 0
2663 0.000378665
2664 0.000378665
2665 -0.000378665
2666 0.000757566
2667 0.000757566
2668 -0.000378665
2669 0.000378665
2670 0.000757566
2671 0.000757566
2672 -0.000378665
2673 -0.0011367
2674 0.000378665
2675 0.000757566
2676 -0.000757566
2677 0.501287
2678 5.75362
2679 8.03196
2680 8.90154
2681 9.06409
2682 9.06636
2683 9.05575
2684 9.02733
2685 9.00157
2686 8.99437
2687 9.00839
2688 9.00725
2689 8.99967
2690 9.00346
2691 8.99778
2692 9.00081
2693 9.01066
2694 9.00611
2695 8.98717
2696 9.00308
2697 9.00839
2698 8.99399
2699 9.00043
2700 9.01293
2701 8.98944
2702 8.99399
2703 8.98755
2704 8.99096
2705 9.01028
2706 9.01142
2707 9.0099
2708 9.00157
2709 8.99702
2710 8.9974
2711 8.99437
2712 9.00573
2713 8.9902
2714 8.9974
2715 8.98868
2716 8.9974
2717 9.00119
2718 8.98982
2719 9.00384
2720 9.00535
2721 8.99967
2722 9.00005
2723 8.98906
2724 8.99626
2725 9.00573
2726 9.00573
2727 8.98793
2728 8.98717
2729 8.98868
2730 8.99929
2731 9.00839
2732 8.99588
2733 8.99853
2734 8.99323
2735 9.00498
2736 9.00081
2737 8.99702
2738 9.00952
2739 8.99853
2740 9.00877
2741 8.99512
2742 9.0027
2743 9.00384
2744 8.9902
2745 9.00384
2746 8.98982
2747 9.02127
2748 8.98906
2749 8.9902
2750 9.00725
2751 9.00194
2752 9.00611
2753 8.99702
2754 8.98906
2755 8.99512
2756 8.99588
2757 9.0046
2758 8.99664
2759 9.00649
2760 9.02013
2761 8.99361
2762 8.99816
2763 8.99626
2764 9.00573
2765 8.98565
2766 9.00839
2767 9.00384
2768 8.99361
2769 8.99437
2770 9.00043
2771 8.99853
2772 9.00346
2773 9.00422
2774 8.99664
2775 9.00043
2776 9.00763
2777 8.99702
2778 9.00573
2779 9.00914
2780 8.99475
2781 8.9902
2782 9.00346
2783 9.00687
2784 6.02491
2785 2.14686
2786 0.438389
2787 -0.00454682
2788 -0.0663078
2789 -0.060624
2790 -0.0443313
2791 -0.0208394
2792 -0.00909364
2793 -0.00378878
2794 -0.00151537
2795 -0.000378665
2796 0
2797 0.000378665
2798 -0.000378665
2799 0.000378665
2800 0.000757566
2801 0.000378665
2802 0.000378665
2803 -0.000378665
2804 0
2805 -0.000378665
2806 0.000378665
2807 0
2808 0.0011367
2809 0.000378665
2810 -0.000378665
2811 -0.000378665
2812 0.0011367
2813 0
2814 0
2815 -0.000378665
2816 -0.000378665
2817 -0.000378665
2818 0
2819 0.000378665
2820 -0.000757566
2821 -0.000757566
2822 -0.000378665
2823 0
2824 -0.000378665
2825 0.000378665
2826 0
2827 0
2828 0.000378665
2829 0.00151537
2830 0
2831 -0.000378665
2832 0.000378665
2833 0
2834 0.000378665
2835 0.000757566
2836 -0.000378665
2837 -0.0401636
2838 -4.4502
2839 -7.67806
2840 -8.789
2841 -9.05916
2842 -9.06636
2843 -9.03529
2844 -9.03453
2845 -9.01369
2846 -9.00119
2847 -8.99891
2848 -8.99285
2849 -8.9883
2850 -8.99475
2851 -9.00498
2852 -9.00649
2853 -9.00308
2854 -9.00346
2855 -8.99778
2856 -9.0027
2857 -8.99512
2858 -8.99171
2859 -8.99171
2860 -8.99626
2861 -8.98868
2862 -9.00384
2863 -9.00877
2864 -9.00573
2865 -9.00952
2866 -8.99323
2867 -8.99361
2868 -9.00308
2869 -8.99588
2870 -9.00422
2871 -9.00005
2872 -9.00384
2873 -9.00952
2874 -9.00005
2875 -9.01369
2876 -8.99702
2877 -9.00194
2878 -9.0027
2879 -8.99891
2880 -9.00573
2881 -9.00043
2882 -9.00725
2883 -8.99437
2884 -9.00081
2885 -9.01142
2886 -9.00043
2887 -9.00649
2888 -8.99664
2889 -9.00611
2890 -9.00308
2891 -8.98755
2892 -8.99778
2893 -8.98717
2894 -8.99891
2895 -9.00725
2896 -9.00157
2897 -9.01028
2898 -8.99171
2899 -9.00952
2900 -9.0099
2901 -9.00346
2902 -8.99323
2903 -8.98603
2904 -9.0046
2905 -9.00535
2906 -9.00839
2907 -8.99512
2908 -9.00384
2909 -8.99816
2910 -9.00005
2911 -9.0171
2912 -8.98679
2913 -9.00573
2914 -9.01293
2915 -8.99891
2916 -9.00877
2917 -9.00839
2918 -8.99816
2919 -8.99058
2920 -9.00043
2921 -9.00687
2922 -8.99247
2923 -8.9974
2924 -9.00611
2925 -8.9974
2926 -9.00081
2927 -9.00498
2928 -9.00914
2929 -8.9974
2930 -8.98982
2931 -8.9955
2932 -8.9955
2933 -8.99475
2934 -9.00346
2935 -8.99664
2936 -9.00119
2937 -9.00346
2938 -8.99209
2939 -9.00308
2940 -9.00119
2941 -9.00232
2942 -9.00914
2943 -8.99929
2944 -7.64169
2945 -2.92739
2946 -0.830552
2947 -0.073128
2948 0.0534249
2949 0.0632766
2950 0.0439523
2951 0.0189451
2952 0.0109879
2953 0.00416792
2954 0.0011367
2955 0.00606219
2956 0.000757566
2957 0.0011367
2958 0
2959 -0.000378665
2960 0
2961 0
2962 0.000757566
2963 0
2964 -0.000378665
2965 -0.000378665
2966 -0.000378665
2967 -0.000378665
2968 0
2969 0
2970 0.000378665
2971 -0.000378665
2972 0.000378665
2973 0.000378665
2974 -0.000757566
2975 0
2976 -0.000378665
2977 0.000378665
2978 0.000378665
2979 0.000378665
2980 0.000378665
2981 0
2982 -0.000757566
2983 -0.000757566
2984 0.000757566
2985 0
2986 -0.000378665
2987 0.000757566
2988 0.000378665
2989 0
2990 0
2991 0
2992 -0.000378665
2993 0.000378665
2994 0
2995 0
2996 -0.000378665
2997 -0.000757566
2998 3.37147
2999 6.91874
3000 8.67988
3001 9.04741
3002 9.06939
3003 9.05992
3004 9.03036
3005 9.02127
3006 9.00611
3007 9.01331
3008 9.00611
3009 9.00081
3010 8.99171
3011 9.00232
3012 9.00952
3013 9.0099
3014 8.99778
3015 9.00232
3016 8.99929
3017 8.99171
3018 9.00119
3019 8.9955
3020 8.99702
3021 9.00535
3022 9.00498
3023 9.01028
3024 9.00232
3025 8.99816
3026 9.00535
3027 8.98793
3028 9.00422
3029 9.00384
3030 8.98982
3031 9.00384
3032 9.00384
3033 9.00346
3034 9.00043
3035 9.01331
3036 9.00725
3037 9.00119
3038 9.0118
3039 8.98793
3040 8.99323
3041 9.00573
3042 8.99323
3043 8.99702
3044 9.00422
3045 8.99929
3046 9.00081
3047 9.00346
3048 9.01445
3049 8.98717
3050 9.01066
3051 9.00308
3052 8.99323
3053 9.00194
3054 8.98414
3055 8.99437
3056 8.99588
3057 9.00535
3058 8.9902
3059 8.99285
3060 9.00763
3061 9.00157
3062 9.0046
3063 9.00081
3064 8.99967
3065 9.00308
3066 9.00649
3067 9.00346
3068 8.99929
3069 8.99096
3070 9.0046
3071 9.00043
3072 9.00308
3073 8.99626
3074 9.00725
3075 9.00043
3076 9.00611
3077 9.00422
3078 9.00119
3079 9.01558
3080 8.99058
3081 9.00839
3082 8.99096
3083 8.9974
3084 8.99853
3085 8.99171
3086 9.00839
3087 8.98755
3088 9.00877
3089 8.9974
3090 8.98906
3091 8.9883
3092 8.99285
3093 9.00535
3094 9.00725
3095 9.01104
3096 8.99702
3097 8.9955
3098 9.00422
3099 9.00119
3100 8.99323
3101 9.00649
3102 8.9902
3103 9.01331
3104 9.00914
3105 3.88601
3106 1.03137
3107 0.174673
3108 -0.0424367
3109 -0.0765381
3110 -0.0500148
3111 -0.0246284
3112 -0.0128824
3113 -0.00340988
3114 0.000378665
3115 -0.000378665
3116 0
3117 0.0011367
3118 0
3119 0.000757566
3120 0.000757566
3121 0.000757566
3122 0.000378665
3123 -0.000378665
3124 0
3125 0.000378665
3126 0.000378665
3127 -0.000378665
3128 -0.000378665
3129 -0.000378665
3130 0.000378665
3131 0
3132 0.000757566
3133 0
3134 -0.000378665
3135 0
3136 0.000378665
3137 0
3138 0.000378665
3139 0.000378665
3140 0.000757566
3141 0.000378665
3142 0.00151537
3143 -0.000378665
3144 0
3145 0
3146 0.000378665
3147 0.000378665
3148 0
3149 0.000378665
3150 -0.000757566
3151 0.000378665
3152 -0.000378665
3153 0.000757566
3154 0
3155 -0.000757566
3156 -0.000757566
3157 -0.000378665
3158 -2.76939
3159 -6.63343
3160 -8.4048
3161 -9.01483
3162 -9.06636
3163 -9.06598
3164 -9.03567
3165 -9.02165
3166 -9.0459
3167 -8.9955
3168 -9.00649
3169 -8.99171
3170 -9.00119
3171 -8.99475
3172 -9.00232
3173 -8.99891
3174 -8.99399
3175 -8.99475
3176 -8.98717
3177 -9.00763
3178 -8.99247
3179 -8.99967
3180 -9.00611
3181 -8.99171
3182 -9.00384
3183 -8.99891
3184 -8.99664
3185 -8.99702
3186 -8.99361
3187 -8.99891
3188 -8.99664
3189 -9.00308
3190 -8.99853
3191 -8.99588
3192 -8.99096
3193 -8.99171
3194 -9.00877
3195 -9.00232
3196 -9.00308
3197 -9.00081
3198 -8.99475
3199 -8.99967
3200 -9.00081
3201 -9.01104
3202 -9.00801
3203 -9.00384
3204 -9.00877
3205 -9.00914
3206 -9.0046
3207 -8.98906
3208 -8.99853
3209 -8.99702
3210 -9.00043
3211 -9.00384
3212 -8.98452
3213 -9.00005
3214 -8.99816
3215 -8.99664
3216 -8.99967
3217 -9.00232
3218 -8.99209
3219 -9.00043
3220 -8.99247
3221 -8.99853
3222 -9.00573
3223 -9.00043
3224 -8.983
3225 -9.00043
3226 -9.00611
3227 -9.00346
3228 -9.00157
3229 -9.00157
3230 -9.00043
3231 -8.99588
3232 -8.97845
3233 -8.9902
3234 -9.00498
3235 -9.00346
3236 -9.00308
3237 -9.00535
3238 -8.99778
3239 -8.99475
3240 -9.0171
3241 -8.99816
3242 -9.00914
3243 -9.01104
3244 -9.00687
3245 -9.01521
3246 -8.99929
3247 -9.00498
3248 -9.00498
3249 -8.9955
3250 -8.99778
3251 -8.99512
3252 -9.00877
3253 -8.98527
3254 -8.99816
3255 -8.99171
3256 -8.99778
3257 -9.0046
3258 -8.98906
3259 -8.9902
3260 -9.01558
3261 -9.00422
3262 -9.00422
3263 -9.00043
3264 -9.00952
3265 -5.05227
3266 -1.65125
3267 -0.254622
3268 0.0234917
3269 0.0678234
3270 0.053046
3271 0.0291752
3272 0.014398
3273 0.00871474
3274 0.00416792
3275 0.0011367
3276 0.000378665
3277 -0.000378665
3278 0.000757566
3279 0
3280 0
3281 -0.000757566
3282 0
3283 0.000757566
3284 0
3285 -0.000378665
3286 0
3287 -0.00151537
3288 -0.000757566
3289 0.000757566
3290 -0.000378665
3291 -0.000757566
3292 0
3293 -0.0011367
3294 0
3295 0.000378665
3296 0
3297 0
3298 0
3299 0
3300 0
3301 0
3302 -0.000378665
3303 0.000757566
3304 -0.000378665
3305 0.000757566
3306 0
3307 0
3308 0
3309 0
3310 0
3311 0.000378665
3312 0.000757566
3313 0
3314 0.000378665
3315 0
3316 0
3317 0.000378665
3318 1.18596
3319 5.79037
3320 8.06909
3321 8.91328
3322 9.04893
3323 9.06977
3324 9.02695
3325 9.00725
3326 9.02013
3327 9.00384
3328 8.99816
3329 8.99967
3330 9.01634
3331 8.99437
3332 9.00422
3333 8.99626
3334 8.99929
3335 9.00308
3336 8.98906
3337 9.00384
3338 8.9974
3339 9.00043
3340 9.01407
3341 9.00194
3342 8.98944
3343 9.00498
3344 9.00232
3345 8.99475
3346 9.00384
3347 9.00422
3348 8.99399
3349 9.00649
3350 9.00725
3351 8.99664
3352 9.00232
3353 9.01862
3354 8.99929
3355 8.99096
3356 9.00877
3357 9.00801
3358 9.00649
3359 8.98603
3360 9.01445
3361 8.99171
3362 8.99967
3363 8.99929
3364 8.99512
3365 8.9974
3366 8.99171
3367 8.9955
3368 8.98376
3369 9.00005
3370 8.99437
3371 9.00081
3372 9.00194
3373 9.00043
3374 9.00839
3375 8.99816
3376 9.00157
3377 9.00422
3378 8.99967
3379 9.00194
3380 8.99323
3381 9.00157
3382 9.00611
3383 8.98717
3384 8.99967
3385 8.99209
3386 9.00649
3387 8.98906
3388 8.98755
3389 9.00081
3390 9.00914
3391 9.00422
3392 8.99361
3393 8.99171
3394 8.99816
3395 8.99134
3396 8.99816
3397 9.00157
3398 8.99778
3399 8.99475
3400 9.0118
3401 9.00839
3402 9.01104
3403 9.0027
3404 8.98035
3405 8.99399
3406 9.01104
3407 9.00119
3408 9.00952
3409 8.9955
3410 9.00914
3411 9.00308
3412 9.00535
3413 9.00573
3414 8.9902
3415 9.00157
3416 8.99853
3417 9.00232
3418 8.9974
3419 9.01066
3420 9.00649
3421 8.9955
3422 8.98755
3423 9.00952
3424 9.00081
3425 5.60282
3426 2.2503
3427 0.538798
3428 -0.00644109
3429 -0.0659289
3430 -0.0659289
3431 -0.0280385
3432 -0.014398
3433 -0.00530439
3434 -0.00568329
3435 -0.00227341
3436 -0.000378665
3437 -0.000757566
3438 0.000378665
3439 0
3440 0
3441 0.000378665
3442 0.000378665
3443 0
3444 0
3445 0.000757566
3446 0
3447 0.000378665
3448 0.000757566
3449 0.000378665
3450 -0.000378665
3451 0.000378665
3452 0
3453 0
3454 0.000378665
3455 0
3456 0.000757566
3457 -0.000378665
3458 -0.000757566
3459 0.000378665
3460 0
3461 0.000757566
3462 0.000378665
3463 -0.000378665
3464 0.000378665
3465 0.000378665
3466 0
3467 -0.000378665
3468 -0.000378665
3469 0
3470 0
3471 -0.000378665
3472 0.000378665
3473 0.000378665
3474 0.000757566
3475 -0.000378665
3476 0
3477 0.000757566
3478 -0.0356168
3479 -5.02954
3480 -7.74285
3481 -8.78067
3482 -9.05764
3483 -9.07166
3484 -9.05385
3485 -9.01672
3486 -9.00877
3487 -9.01255
3488 -8.99626
3489 -9.00194
3490 -8.99588
3491 -8.99891
3492 -8.99891
3493 -8.9902
3494 -9.00422
3495 -9.00043
3496 -8.99929
3497 -8.99816
3498 -8.98262
3499 -8.99475
3500 -8.99588
3501 -9.00725
3502 -9.00498
3503 -8.99399
3504 -8.99778
3505 -8.99778
3506 -8.99134
3507 -8.98906
3508 -8.99437
3509 -9.01786
3510 -9.00535
3511 -9.0118
3512 -8.99664
3513 -9.00801
3514 -9.00611
3515 -9.01596
3516 -9.0046
3517 -8.99853
3518 -9.00232
3519 -8.99247
3520 -9.00573
3521 -9.00232
3522 -8.99475
3523 -9.0046
3524 -9.00043
3525 -8.98489
3526 -8.99891
3527 -8.98906
3528 -9.00649
3529 -8.98262
3530 -9.00801
3531 -9.00573
3532 -8.99475
3533 -9.01142
3534 -9.0027
3535 -9.00005
3536 -9.01483
3537 -9.00081
3538 -8.99702
3539 -9.00535
3540 -9.00081
3541 -9.00157
3542 -8.99512
3543 -9.00308
3544 -8.98906
3545 -9.00043
3546 -9.00877
3547 -9.00384
3548 -9.02089
3549 -8.99171
3550 -8.99967
3551 -8.99323
3552 -8.99512
3553 -9.00687
3554 -8.99588
3555 -8.99967
3556 -9.00081
3557 -9.01331
3558 -8.99134
3559 -8.99588
3560 -9.00384
3561 -8.98717
3562 -8.99399
3563 -8.99778
3564 -9.00346
3565 -8.99929
3566 -8.99853
3567 -8.99247
3568 -8.99853
3569 -9.01255
3570 -9.01445
3571 -8.99058
3572 -9.00119
3573 -8.99664
3574 -8.99664
3575 -8.99853
3576 -8.98679
3577 -9.00649
3578 -8.99626
3579 -9.0046
3580 -8.99891
3581 -8.9955
3582 -9.00346
3583 -9.00232
3584 -9.00157
3585 -4.87646
3586 -1.71112
3587 -0.298574
3588 0.0204607
3589 0.0678234
3590 0.0541827
3591 0.0287963
3592 0.0147769
3593 0.00795693
3594 0.00416792
3595 0.00189427
3596 0.00189427
3597 0
3598 0
3599 -0.000757566
3600 0.000378665
3601 -0.000757566
3602 -0.000378665
3603 -0.000378665
3604 0
3605 0
3606 0
3607 -0.000378665
3608 -0.000757566
3609 0
3610 -0.00151537
3611 0
3612 0.000378665
3613 0
3614 -0.000378665
3615 0
3616 0
3617 -0.000378665
3618 0
3619 0.000757566
3620 0
3621 0.000378665
3622 0.000378665
3623 0
3624 -0.000378665
3625 0.000378665
3626 0.000378665
3627 -0.000378665
3628 0
3629 0.000378665
3630 -0.000378665
3631 -0.000378665
3632 0
3633 0.000757566
3634 0
3635 0.000757566
3636 0
3637 -0.000378665
3638 1.25416
3639 6.02908
3640 8.1839
3641 8.92995
3642 9.08038
3643 9.05954
3644 9.03036
3645 9.00346
3646 9.01369
3647 8.99929
3648 9.01028
3649 9.00573
3650 8.99058
3651 9.00914
3652 8.98717
3653 8.9955
3654 9.00043
3655 8.99929
3656 9.00194
3657 8.99209
3658 9.00043
3659 8.99096
3660 9.00157
3661 8.99891
3662 9.00119
3663 9.00914
3664 9.00157
3665 9.00081
3666 8.9955
3667 9.00687
3668 9.00422
3669 8.98452
3670 8.98868
3671 8.99285
3672 9.0027
3673 9.01104
3674 8.99588
3675 8.99512
3676 8.99626
3677 8.9902
3678 9.01104
3679 9.00649
3680 9.00498
3681 9.00877
3682 9.00952
3683 9.00043
3684 8.99247
3685 8.98603
3686 8.99891
3687 9.01104
3688 8.9883
3689 8.99891
3690 8.99361
3691 8.98527
3692 8.99171
3693 9.00498
3694 9.00384
3695 9.00384
3696 8.99475
3697 9.0027
3698 8.99209
3699 9.01142
3700 9.00119
3701 9.00005
3702 8.99399
3703 9.00763
3704 9.00573
3705 9.0027
3706 8.99209
3707 9.00157
3708 9.00498
3709 9.00194
3710 8.99967
3711 9.00194
3712 8.9955
3713 8.99702
3714 9.00005
3715 8.9955
3716 9.0099
3717 8.99323
3718 9.00725
3719 8.99323
3720 8.99588
3721 9.00043
3722 8.99399
3723 9.00763
3724 8.98679
3725 9.00384
3726 9.00194
3727 8.99778
3728 9.0046
3729 9.00839
3730 9.00687
3731 9.00157
3732 8.99664
3733 9.00005
3734 9.00194
3735 9.01217
3736 9.00119
3737 8.98906
3738 8.99247
3739 9.00498
3740 9.00422
3741 8.99096
3742 8.99437
3743 8.99702
3744 8.99588
3745 6.00445
3746 2.05175
3747 0.524021
3748 -0.000378665
3749 -0.0678234
3750 -0.0738858
3751 -0.0333433
3752 -0.0189451
3753 -0.00947254
3754 -0.00454682
3755 -0.00189427
3756 0
3757 -0.000757566
3758 0.000378665
3759 0.000378665
3760 0.000378665
3761 0.000378665
3762 0
3763 -0.000378665
3764 0.000757566
3765 0
3766 0.000378665
3767 0.000757566
3768 0.000378665
3769 -0.000378665
3770 0.000378665
3771 0
3772 -0.000378665
3773 0.000757566
3774 0.000378665
3775 0.000378665
3776 0
3777 0
3778 0.000757566
3779 0
3780 0.000378665
3781 -0.000378665
3782 -0.000757566
3783 0
3784 -0.000378665
3785 -0.000757566
3786 -0.000757566
3787 0
3788 0.000378665
3789 0
3790 -0.000378665
3791 0
3792 0.0011367
3793 0.000757566
3794 0.000378665
3795 0.000378665
3796 -0.000757566
3797 0
3798 -0.010609
3799 -4.81584
3800 -7.63487
3801 -8.80681
3802 -9.05044
3803 -9.06143
3804 -9.04362
3805 -9.02998
3806 -8.98717
3807 -9.00877
3808 -9.00157
3809 -8.98944
3810 -9.00346
3811 -9.00081
3812 -8.98868
3813 -8.99399
3814 -8.99134
3815 -9.00232
3816 -9.00157
3817 -9.00119
3818 -9.01066
3819 -8.99058
3820 -8.99929
3821 -8.9955
3822 -9.00081
3823 -9.00346
3824 -9.00346
3825 -8.99816
3826 -8.99853
3827 -9.00194
3828 -9.00422
3829 -9.0046
3830 -8.98603
3831 -9.00611
3832 -8.99209
3833 -9.0027
3834 -9.00232
3835 -9.00005
3836 -8.98982
3837 -8.98338
3838 -8.98868
3839 -9.00763
3840 -8.99475
3841 -9.00346
3842 -8.99247
3843 -9.00611
3844 -9.00498
3845 -9.00119
3846 -9.00081
3847 -8.99096
3848 -9.00535
3849 -9.00232
3850 -9.01331
3851 -9.00839
3852 -8.9955
3853 -8.99626
3854 -9.00005
3855 -9.00952
3856 -8.99285
3857 -8.99323
3858 -9.00725
3859 -9.00535
3860 -9.00043
3861 -8.99816
3862 -8.9883
3863 -9.0027
3864 -9.00687
3865 -9.00877
3866 -9.00801
3867 -9.00119
3868 -8.99285
3869 -8.99285
3870 -8.99512
3871 -9.00839
3872 -8.99702
3873 -8.99588
3874 -9.00346
3875 -9.00232
3876 -9.00535
3877 -9.00308
3878 -9.00043
3879 -9.00801
3880 -8.98679
3881 -9.00649
3882 -8.99512
3883 -9.00801
3884 -9.0046
3885 -8.99664
3886 -9.00498
3887 -8.99967
3888 -9.00877
3889 -8.9902
3890 -9.00119
3891 -9.01407
3892 -8.99967
3893 -8.99399
3894 -9.01824
3895 -8.99361
3896 -9.00535
3897 -8.99437
3898 -9.00308
3899 -9.00877
3900 -9.01142
3901 -8.99626
3902 -8.99096
3903 -8.99778
3904 -8.99967
3905 -7.33288
3906 -2.92588
3907 -0.680128
3908 -0.0416789
3909 0.0666867
3910 0.0670656
3911 0.0325855
3912 0.0215972
3913 0.0117457
3914 0.00568329
3915 0.00189427
3916 0.00151537
3917 0.000757566
3918 0.000378665
3919 0.000378665
3920 -0.000378665
3921 0.000378665
3922 -0.000378665
3923 0.000378665
3924 -0.000378665
3925 0.000757566
3926 0.000757566
3927 0.000378665
3928 0
3929 0.000378665
3930 0.000378665
3931 0
3932 -0.0011367
3933 0.000378665
3934 0
3935 0
3936 0
3937 0
3938 0.000378665
3939 0.000378665
3940 -0.000757566
3941 0
3942 -0.000378665
3943 0.000378665
3944 0
3945 0
3946 0.000378665
3947 0
3948 0
3949 0.000757566
3950 0.000378665
3951 0.000378665
3952 0
3953 0
3954 0
3955 0.000378665
3956 0
3957 -0.000757566
3958 0
3959 4.04515
3960 7.14267
3961 8.64275
3962 9.019
3963 9.07204
3964 9.0512
3965 9.02165
3966 9.01862
3967 9.00384
3968 9.00384
3969 8.98755
3970 9.00422
3971 8.98641
3972 9.00877
3973 8.98717
3974 9.0027
3975 9.00839
3976 8.98982
3977 9.00005
3978 8.99626
3979 9.0099
3980 9.00573
3981 8.9902
3982 8.99967
3983 8.99929
3984 9.00119
3985 8.99967
3986 9.0027
3987 8.99399
3988 8.99058
3989 9.00081
3990 9.01445
3991 8.99209
3992 8.99891
3993 9.00611
3994 9.00535
3995 8.98982
3996 9.00687
3997 8.99702
3998 8.99626
3999 9.00535
4000 9.01028
4001 8.99512
4002 9.00157
4003 8.99399
4004 9.00914
4005 9.0027
4006 8.98452
4007 8.99058
4008 9.00232
4009 9.00611
4010 8.99361
4011 9.00005
4012 8.99247
4013 8.99891
4014 9.00384
4015 8.99853
4016 9.00346
4017 8.9974
4018 8.99209
4019 9.00384
4020 9.00194
4021 9.00839
4022 8.98982
4023 9.00308
4024 8.99361
4025 8.99626
4026 8.99816
4027 8.99323
4028 9.00498
4029 8.97694
4030 9.0027
4031 8.99285
4032 8.98944
4033 9.00573
4034 8.99702
4035 8.99778
4036 9.01217
4037 9.00611
4038 9.00005
4039 8.99588
4040 9.00384
4041 8.99361
4042 9.00763
4043 9.00573
4044 8.99512
4045 9.0027
4046 8.99702
4047 9.00422
4048 8.9974
4049 8.99778
4050 8.99209
4051 8.99512
4052 9.00914
4053 8.99475
4054 9.00194
4055 9.00573
4056 8.99626
4057 9.01483
4058 9.00877
4059 9.00043
4060 8.98565
4061 9.00194
4062 9.0118
4063 8.99475
4064 9.00573
4065 8.98641
4066 3.89283
4067 1.0954
4068 0.162549
4069 -0.0356168
4070 -0.0742647
4071 -0.0318277
4072 -0.0322066
4073 -0.0121246
4074 -0.00530439
4075 -0.00189427
4076 -0.00151537
4077 -0.000757566
4078 0.000378665
4079 0
4080 0
4081 0.000378665
4082 -0.000378665
4083 0
4084 -0.000378665
4085 -0.000378665
4086 0.000757566
4087 -0.000757566
4088 0.000378665
4089 0.000378665
4090 0
4091 0
4092 0.000757566
4093 0
4094 0.000378665
4095 0
4096 0.000757566
4097 0
4098 0
4099 -0.000378665
4100 0
4101 0.000378665
4102 -0.000757566
4103 0
4104 0
4105 0
4106 0.000378665
4107 0
4108 0.000378665
4109 0
4110 0.000378665
4111 0
4112 0
4113 0.000378665
4114 -0.000757566
4115 0.000378665
4116 -0.000378665
4117 0
4118 0.000757566
4119 -2.61821
4120 -6.32538
4121 -8.38509
4122 -8.97201
4123 -9.07697
4124 -9.06181
4125 -9.019
4126 -9.00763
4127 -9.01824
4128 -8.99778
4129 -9.0099
4130 -8.99247
4131 -9.01634
4132 -8.99664
4133 -9.01104
4134 -9.01521
4135 -8.9974
4136 -9.00763
4137 -8.99323
4138 -9.00422
4139 -8.9902
4140 -8.99967
4141 -8.99247
4142 -8.99853
4143 -9.01104
4144 -8.99323
4145 -9.00081
4146 -9.01445
4147 -8.99853
4148 -9.00687
4149 -8.9902
4150 -8.99323
4151 -9.00081
4152 -8.99134
4153 -9.01104
4154 -9.00043
4155 -9.01066
4156 -8.99475
4157 -8.99475
4158 -9.00081
4159 -8.99816
4160 -9.00384
4161 -8.98679
4162 -9.00611
4163 -9.00914
4164 -8.983
4165 -9.0171
4166 -8.98641
4167 -9.01104
4168 -8.9955
4169 -9.00194
4170 -9.00535
4171 -8.99512
4172 -8.9974
4173 -8.98868
4174 -9.01255
4175 -9.00119
4176 -9.00725
4177 -8.99967
4178 -8.99664
4179 -9.00005
4180 -9.0046
4181 -8.9955
4182 -9.00498
4183 -8.99361
4184 -9.01142
4185 -8.99891
4186 -8.99058
4187 -8.99399
4188 -9.00498
4189 -9.00649
4190 -9.0046
4191 -9.00194
4192 -9.00308
4193 -8.99626
4194 -9.00763
4195 -9.00763
4196 -9.0027
4197 -8.9955
4198 -9.01066
4199 -8.99323
4200 -8.99891
4201 -9.01483
4202 -8.9883
4203 -9.00081
4204 -9.00763
4205 -9.00346
4206 -9.01634
4207 -8.99967
4208 -9.01028
4209 -9.0046
4210 -8.99134
4211 -9.0046
4212 -8.99399
4213 -8.99816
4214 -8.99285
4215 -9.00043
4216 -8.99096
4217 -8.98527
4218 -9.00535
4219 -8.99475
4220 -8.99361
4221 -8.99209
4222 -9.00611
4223 -8.99778
4224 -8.99058
4225 -8.99967
4226 -4.91511
4227 -1.67058
4228 -0.307668
4229 0.0121246
4230 0.0697179
4231 0.053046
4232 0.0280385
4233 0.0162928
4234 0.0075778
4235 0.00303098
4236 0.00151537
4237 0.000757566
4238 0.000378665
4239 -0.000378665
4240 -0.000378665
4241 0
4242 0
4243 0
4244 0
4245 0
4246 0
4247 -0.000378665
4248 0
4249 0.000378665
4250 -0.000378665
4251 0.000378665
4252 0
4253 0
4254 -0.0011367
4255 -0.000378665
4256 0.000757566
4257 0.000378665
4258 0
4259 -0.000378665
4260 -0.000378665
4261 0.000378665
4262 0
4263 0
4264 0.000378665
4265 0
4266 -0.000757566
4267 0
4268 -0.000378665
4269 0.000378665
4270 0.000378665
4271 0.000378665
4272 -0.000378665
4273 -0.000378665
4274 0
4275 -0.000378665
4276 -0.000378665
4277 0
4278 -0.000757566
4279 0.950664
4280 5.70436
4281 8.15624
4282 8.96936
4283 9.07545
4284 9.05726
4285 9.05234
4286 9.01937
4287 9.01331
4288 8.99891
4289 9.00119
4290 9.00005
4291 8.99588
4292 8.99247
4293 8.99399
4294 8.98906
4295 8.9974
4296 8.99967
4297 9.00005
4298 8.99929
4299 9.02051
4300 8.99285
4301 8.9955
4302 8.99323
4303 8.99323
4304 9.00649
4305 9.00573
4306 9.00194
4307 8.99323
4308 8.99702
4309 9.00005
4310 8.98906
4311 9.0027
4312 8.99588
4313 9.00346
4314 8.99929
4315 8.9902
4316 8.99285
4317 8.99816
4318 9.00346
4319 9.00725
4320 9.00498
4321 9.00914
4322 8.99588
4323 9.00573
4324 9.00119
4325 8.9883
4326 9.00611
4327 8.98755
4328 9.01445
4329 8.99171
4330 9.00535
4331 9.00725
4332 8.98982
4333 9.00081
4334 8.99134
4335 9.0027
4336 8.99853
4337 8.99437
4338 9.00081
4339 8.99702
4340 8.9902
4341 9.00384
4342 8.99399
4343 8.99588
4344 8.99209
4345 9.00308
4346 8.9955
4347 9.01369
4348 8.99247
4349 9.00194
4350 8.99778
4351 8.99891
4352 9.00194
4353 8.99853
4354 9.00081
4355 9.01862
4356 9.00308
4357 8.99816
4358 8.98414
4359 9.0099
4360 8.99058
4361 8.99664
4362 9.00498
4363 8.99929
4364 9.00157
4365 9.01066
4366 8.9974
4367 9.00877
4368 9.00005
4369 9.00043
4370 8.99891
4371 8.99058
4372 9.0118
4373 8.99929
4374 9.02127
4375 9.00043
4376 9.00119
4377 9.00725
4378 8.9974
4379 9.00308
4380 8.99134
4381 9.00005
4382 8.99475
4383 8.99209
4384 9.00346
4385 9.00119
4386 6.38298
4387 2.24007
4388 0.532357
4389 0.0162928
4390 -0.0678234
4391 -0.069339
4392 -0.0306908
4393 -0.0166717
4394 -0.00681999
4395 -0.00265207
4396 -0.00227341
4397 -0.000378665
4398 0.000378665
4399 0
4400 0
4401 0.000757566
4402 -0.000378665
4403 -0.0117457
4404 0
4405 0
4406 0.0011367
4407 0.000757566
4408 -0.00227341
4409 -0.00189427
4410 -0.00189427
4411 0.00151537
4412 0.000378665
4413 0
4414 0
4415 0
4416 0
4417 0
4418 0
4419 0
4420 0
4421 0
4422 0
4423 0
4424 0
4425 0
4426 0
4427 0
4428 0
4429 0
4430 0
4431 0
4432 0
4433 0
4434 0
4435 0
4436 0
4437 0
4438 0
4439 0
4440 0
4441 0
4442 0
4443 0
4444 0
4445 0
4446 0
4447 0
4448 0
4449 0
4450 0
4451 0
4452 0
4453 0
4454 0
4455 0
4456 0
4457 0
4458 0
4459 0
4460 0
4461 0
4462 0
4463 0
4464 0
4465 0
4466 0
4467 0
4468 0
4469 0
4470 0
4471 0
4472 0
4473 0
4474 0
4475 0
4476 0
4477 0
4478 0
4479 0
4480 0
4481 0
4482 0
4483 0
4484 0
4485 0
4486 0
4487 0
4488 0
4489 0
4490 0
4491 0
4492 0
4493 0
4494 0
4495 0
4496 0
4497 0
4498 0
4499 0
4500 0
4501 0
4502 0
4503 0
4504 0
4505 0
4506 0
4507 0
4508 0
4509 0
4510 0
4511 0
4512 0
4513 0
4514 0
4515 0
4516 0
4517 0
4518 0
4519 0
4520 0
4521 0
4522 0
4523 0
4524 0
4525 0
4526 0
4527 0
4528 0
4529 0
4530 0
4531 0
4532 0
4533 0
4534 0
4535 0
4536 0
4537 0
4538 0
4539 0
4540 0
4541 0
4542 0
4543 0
4544 0
4545 0
4546 0
4547 0
4548 0
4549 0
4550 0
4551 0
4552 0
4553 0
4554 0
4555 0
4556 0
4557 0
4558 0
4559 0
4560 0
4561 0
4562 0
4563 0
4564 0
4565 0
4566 0
4567 0
4568 0
4569 0
4570 0
4571 0
4572 0
4573 0
4574 0
4575 0
4576 0
4577 0
4578 0
4579 0
4580 0
4581 0
4582 0
4583 0
4584 0
4585 0
4586 0
4587 0
4588 0
4589 0
4590 0
4591 0
4592 0
4593 0
4594 0
4595 0
4596 0
4597 0
4598 0
4599 0
4600 0
4601 0
4602 0
4603 0
4604 0
4605 0
4606 0
4607 0
4608 0
4609 0
4610 0
4611 0
4612 0
4613 0
4614 0
4615 0
4616 0
4617 0
4618 0
4619 0
4620 0
4621 0
4622 0
4623 0
4624 0
4625 0
4626 0
4627 0
4628 0
4629 0
4630 0
4631 0
4632 0
4633 0
4634 0
4635 0
4636 0
4637 0
4638 0
4639 0
4640 0
4641 0
4642 0
4643 0
4644 0
4645 0
4646 0
4647 0
4648 0
4649 0
4650 0
4651 0
4652 0
4653 0
4654 0
4655 0
4656 0
4657 0
4658 0
4659 0
4660 0
4661 0
4662 0
4663 0
4664 0
4665 0
4666 0
4667 0
4668 0
4669 0
4670 0
4671 0
4672 0
4673 0
4674 0
4675 0
4676 0
4677 0
4678 0
4679 0
4680 0
4681 0
4682 0
4683 0
4684 0
4685 0
4686 0
4687 0
4688 0
4689 0
4690 0
4691 0
4692 0
4693 0
4694 0
4695 0
4696 0
4697 0
4698 0
4699 0
4700 0
4701 0
4702 0
4703 0
4704 0
4705 0
4706 0
4707 0
4708 0
4709 0
4710 0
4711 0
4712 0
4713 0
4714 0
4715 0
4716 0
4717 0
4718 0
4719 0
4720 0
4721 0
4722 0
4723 0
4724 0
4725 0
4726 0
4727 0
4728 0
4729 0
4730 0
4731 0
4732 0
4733 0
4734 0
4735 0
4736 0
4737 0
4738 0
4739 0
4740 0
4741 0
4742 0
4743 0
4744 0
4745 0
4746 0
4747 0
4748 0
4749 0
4750 0
4751 0
4752 0
4753 0
4754 0
4755 0
4756 0
4757 0
4758 0
4759 0
4760 0
4761 0
4762 0
4763 0
4764 0
4765 0
4766 0
4767 0
4768 0
4769 0
4770 0
4771 0
4772 0
4773 0
4774 0
4775 0
4776 0
4777 0
4778 0
4779 0
4780 0
4781 0
4782 0
4783 0
4784 0
4785 0
4786 0
4787 0
4788 0
4789 0
4790 0
4791 0
4792 0
4793 0
4794 0
4795 0
4796 0
4797 0
4798 0
4799 0
4800 0
4801 0
4802 0
4803 0
4804 0
4805 0
4806 0
4807 0
4808 0
4809 0
4810 0
4811 0
4812 0
4813 0
4814 0
4815 0
4816 0
4817 0
4818 0
4819 0
4820 0
4821 0
4822 0
4823 0
4824 0
4825 0
4826 0
4827 0
4828 0
4829 0
4830 0
4831 0
4832 0
4833 0
4834 0
4835 0
4836 0
4837 0
4838 0
4839 0
4840 0
4841 0
4842 0
4843 0
4844 0
4845 0
4846 0
4847 0
4848 0
4849 0
4850 0
4851 0
4852 0
4853 0
4854 0
4855 0
4856 0
4857 0
4858 0
4859 0
4860 0
4861 0
4862 0
4863 0
4864 0
4865 0
4866 0
4867 0
4868 0
4869 0
4870 0
4871 0
4872 0
4873 0
4874 0
4875 0
4876 0
4877 0
4878 0
4879 0
4880 0
4881 0
4882 0
4883 0
4884 0
4885 0
4886 0
4887 0
4888 0
4889 0
4890 0
4891 0
4892 0
4893 0
4894 0
4895 0
4896 0
4897 0
4898 0
4899 0
4900 0
4901 0
4902 0
4903 0
4904 0
4905 0
4906 0
4907 0
4908 0
4909 0
4910 0
4911 0
4912 0
4913 0
4914 0
4915 0
4916 0
4917 0
4918 0
4919 0
4920 0
4921 0
4922 0
4923 0
4924 0
4925 0
4926 0
4927 0
4928 0
4929 0
4930 0
4931 0
4932 0
4933 0
4934 0
4935 0
4936 0
4937 0
4938 0
4939 0
4940 0
4941 0
4942 0
4943 0
4944 0
4945 0
4946 0
4947 0
4948 0
4949 0
4950 0
4951 0
4952 0
4953 0
4954 0
4955 0
4956 0
4957 0
4958 0
4959 0
4960 0
4961 0
4962 0
4963 0
4964 0
4965 0
4966 0
4967 0
4968 0
4969 0
4970 0
4971 0
4972 0
4973 0
4974 0
4975 0
4976 0
4977 0
4978 0
4979 0
4980 0
4981 0
4982 0
