0 0.000378665
1 -0.000757566
2 -0.000378665
3 -0.000378665
4 -0.000378665
5 0
6 0.000378665
7 0
8 -0.0011367
9 0
10 0
11 0
12 0
13 -0.000378665
14 0.000378665
15 0
16 -0.000378665
17 0
18 0
19 -0.000378665
20 -0.000378665
21 0.000378665
22 0
23 -0.0011367
24 0
25 0
26 0.000378665
27 -0.000378665
28 0.000378665
29 0
30 0.000378665
31 -0.0011367
32 0
33 -0.000378665
34 -0.000378665
35 0.000757566
36 0.000378665
37 0
38 0
39 -0.000378665
40 -0.000378665
41 -0.000378665
42 -0.000757566
43 0
44 0
45 0
46 -0.000757566
47 0.000378665
48 -0.000757566
49 -0.000378665
50 0.000757566
51 -0.000378665
52 0
53 -0.000378665
54 0.000378665
55 -0.000378665
56 0.000378665
57 0
58 0.000757566
59 -0.000378665
60 0
61 0.000378665
62 0.000378665
63 -0.000378665
64 0
65 -0.000378665
66 0.000378665
67 -0.000757566
68 0
69 0
70 -0.000378665
71 0
72 -0.000378665
73 0
74 -0.000378665
75 0.000378665
76 0
77 0.000378665
78 0
79 0
80 -0.0011367
81 0.000378665
82 0
83 -0.000757566
84 0
85 0.000378665
86 -0.000378665
87 -0.000378665
88 -0.000757566
89 -0.000378665
90 -0.000757566
91 0
92 0
93 0.000378665
94 0
95 0
96 0.000378665
97 0
98 -0.000757566
99 0.000757566
100 0
101 -0.000378665
102 0
103 0
104 0
105 0.000378665
106 0.000378665
107 0.000378665
108 -0.000757566
109 0
110 -0.000757566
111 -0.000757566
112 -0.000378665
113 0
114 0.000378665
115 0.000378665
116 0.000378665
117 -0.000757566
118 0.000378665
119 -0.000757566
120 0
121 0
122 0
123 0.000757566
124 -0.000378665
125 -0.000378665
126 -0.000378665
127 0
128 -0.000378665
129 0
130 -0.000378665
131 -0.000378665
132 0.000378665
133 0.0011367
134 0.000757566
135 0.0011367
136 -0.000378665
137 -0.000757566
138 0
139 0
140 -0.000757566
141 -0.000378665
142 -0.000757566
143 0.000378665
144 0
145 0.000378665
146 -0.000757566
147 -0.000757566
148 0
149 0.000757566
150 0.000378665
151 0.000378665
152 0
153 -0.000757566
154 -0.000378665
155 -0.000378665
156 0.000757566
157 0.000757566
158 0
159 0.000378665
160 0
161 0.000378665
162 0
163 -0.000757566
164 0.000378665
165 0.000378665
166 0.000378665
167 0
168 0.000378665
169 0
170 0.000757566
171 0.000757566
172 -0.000378665
173 0.000757566
174 0
175 0.000378665
176 0.000757566
177 0.000378665
178 0.000378665
179 3.22938
180 7.4367
181 9.40737
182 9.91964
183 10.0219
184 9.98671
185 9.96095
186 9.94124
187 9.92343
188 9.942
189 9.92154
190 9.92912
191 9.93632
192 9.93404
193 9.93707
194 9.91813
195 7.20368
196 2.85995
197 0.721807
198 0.0617607
199 -0.0704757
200 -0.0784326
201 -0.0416789
202 -0.0181873
203 -0.00719889
204 -0.00378878
205 -0.00303098
206 -0.00340988
207 -0.00340988
208 -0.000378665
209 0.000378665
210 0
211 0
212 0.000757566
213 0
214 0.000757566
215 0
216 0.000378665
217 -0.000378665
218 0.000378665
219 0.000378665
220 0.000378665
221 0
222 0
223 0.000378665
224 -0.000378665
225 0.000757566
226 -0.000378665
227 -0.000378665
228 0.000378665
229 -0.000757566
230 -0.000757566
231 0
232 0.000378665
233 0.000757566
234 0.000378665
235 0
236 -0.000757566
237 -0.000757566
238 0.000378665
239 -0.000757566
240 0
241 0.000378665
242 0
243 0.000378665
244 -0.000378665
245 0.000757566
246 0.000378665
247 0
248 0
249 -0.000378665
250 -0.000378665
251 0.000757566
252 0
253 -0.000378665
254 0.000378665
255 0
256 0.000378665
257 0.000378665
258 0.000378665
259 0
260 0
261 0.000378665
262 0
263 -0.000378665
264 -0.000378665
265 0
266 0
267 0.000378665
268 0.000378665
269 -0.000378665
270 0.000757566
271 -0.000378665
272 0
273 0.000378665
274 -0.000378665
275 0.000378665
276 0.000757566
277 0
278 0
279 0.000378665
280 -0.000378665
281 0.000378665
282 0.000378665
283 0.000757566
284 0
285 0.000378665
286 0
287 0.000378665
288 -0.000378665
289 0.000757566
290 0
291 0
292 0.000757566
293 0
294 0
295 -0.000378665
296 0
297 -0.000757566
298 0
299 0
300 0
301 0.000378665
302 0.000378665
303 0
304 0
305 -0.000378665
306 -0.000378665
307 -0.000757566
308 0
309 0
310 0.000378665
311 0.000757566
312 0
313 0
314 0.000757566
315 0.000378665
316 0.000378665
317 0.000757566
318 0
319 -0.000378665
320 0
321 0.000378665
322 -0.000757566
323 0
324 0.000378665
325 0
326 -0.000378665
327 0.0011367
328 0.000378665
329 -0.000757566
330 0
331 0.000378665
332 -0.000757566
333 -0.0011367
334 0.000757566
335 -0.000757566
336 -0.000378665
337 0
338 -0.000378665
339 -0.933613
340 -6.34319
341 -8.89055
342 -9.8306
343 -10.0038
344 -9.99618
345 -9.97004
346 -9.95829
347 -9.9276
348 -9.93177
349 -9.92457
350 -9.92305
351 -9.94011
352 -9.92647
353 -9.93328
354 -9.93366
355 -9.92684
356 -4.46687
357 -1.22764
358 -0.128069
359 0.0450891
360 0.0901783
361 0.049257
362 0.0276596
363 0.00947254
364 0.00303098
365 0.00303098
366 0.00265207
367 0.00378878
368 0.00227341
369 0.000378665
370 -0.000378665
371 -0.000757566
372 -0.000378665
373 0
374 0.000378665
375 -0.000378665
376 -0.000757566
377 -0.000378665
378 0
379 0
380 -0.000378665
381 -0.0011367
382 0
383 0
384 0.000378665
385 0
386 -0.000757566
387 -0.000757566
388 0
389 0.000378665
390 0
391 0.000378665
392 0.000378665
393 0
394 0
395 0
396 0
397 0
398 0
399 0.000378665
400 0
401 -0.000378665
402 0.000378665
403 0
404 0.000757566
405 0.000378665
406 -0.000757566
407 0
408 -0.000378665
409 -0.000378665
410 -0.000378665
411 0.000757566
412 0.000757566
413 0
414 0
415 0
416 -0.000378665
417 0
418 0.000378665
419 0.000378665
420 -0.000378665
421 0
422 0.000378665
423 0.000378665
424 -0.000378665
425 -0.000378665
426 0.000378665
427 0.000378665
428 -0.0011367
429 0
430 -0.000378665
431 -0.000378665
432 0.000378665
433 -0.000378665
434 0.000378665
435 -0.000757566
436 -0.000378665
437 0.000378665
438 0
439 0.000378665
440 0
441 0.000378665
442 0
443 0
444 0
445 0
446 -0.000378665
447 0
448 0.000378665
449 0
450 0.000757566
451 0.000378665
452 0.000378665
453 0
454 -0.000378665
455 0.000378665
456 -0.000757566
457 0
458 -0.000378665
459 0
460 -0.000378665
461 -0.000378665
462 0.000757566
463 0
464 0
465 0.000757566
466 0
467 -0.000757566
468 0.000378665
469 0
470 0.000378665
471 0.000378665
472 0.000378665
473 -0.000378665
474 0.000757566
475 0
476 -0.000757566
477 0.000378665
478 0.000378665
479 0.000378665
480 0
481 -0.000757566
482 -0.000757566
483 0
484 0
485 0
486 -0.000378665
487 -0.000378665
488 0
489 0.000378665
490 0.000757566
491 -0.000757566
492 -0.000378665
493 0
494 -0.000378665
495 0.000378665
496 0
497 0
498 0.000378665
499 0.0405425
500 5.06326
501 8.32788
502 9.72981
503 10.0057
504 10.0182
505 9.98785
506 9.95109
507 9.93139
508 9.94048
509 9.92419
510 9.93518
511 9.9492
512 9.91964
513 9.92268
514 9.92533
515 9.92192
516 5.05455
517 1.79145
518 0.284555
519 -0.0178084
520 -0.0863893
521 -0.0625188
522 -0.0325855
523 -0.0125035
524 -0.00568329
525 -0.00416792
526 -0.00227341
527 -0.00303098
528 -0.00189427
529 -0.000378665
530 0.000757566
531 0.000757566
532 -0.000378665
533 -0.000378665
534 0.000757566
535 0.000757566
536 0
537 -0.000378665
538 0
539 -0.000378665
540 0
541 -0.000757566
542 -0.000378665
543 -0.000757566
544 0.000378665
545 0
546 0
547 0.000378665
548 -0.000378665
549 0.000378665
550 -0.000378665
551 -0.000378665
552 -0.000378665
553 0
554 0
555 -0.000378665
556 -0.000378665
557 0.000378665
558 0.000378665
559 0
560 0
561 0
562 -0.000378665
563 0.000757566
564 0
565 0.000378665
566 -0.000378665
567 0
568 0.000757566
569 0.000378665
570 0
571 -0.000378665
572 0
573 0
574 -0.000378665
575 0
576 0
577 -0.000378665
578 0
579 0.000757566
580 -0.000378665
581 0
582 -0.000378665
583 0
584 -0.000757566
585 0.000757566
586 0.000378665
587 -0.000378665
588 -0.000757566
589 -0.000378665
590 0.000378665
591 -0.000378665
592 0.000757566
593 0.000378665
594 0.000378665
595 0.000378665
596 0.000378665
597 0
598 0.000378665
599 0
600 0.0011367
601 0
602 0.000378665
603 0
604 -0.000378665
605 0
606 -0.000757566
607 0
608 0.000757566
609 0.000378665
610 0.000757566
611 -0.000378665
612 0
613 0
614 -0.000378665
615 0.000757566
616 -0.000378665
617 0.000757566
618 -0.000378665
619 0.000757566
620 -0.0011367
621 -0.000378665
622 -0.000757566
623 0
624 0
625 0.000378665
626 -0.000757566
627 -0.000378665
628 -0.000378665
629 0.000378665
630 -0.000757566
631 0
632 0.000378665
633 -0.000378665
634 0
635 0
636 -0.000378665
637 -0.000378665
638 -0.000378665
639 0.000757566
640 0
641 0
642 0
643 0
644 -0.000757566
645 -0.000378665
646 0
647 -0.000757566
648 -0.000378665
649 0
650 -0.000378665
651 0
652 0
653 -0.000378665
654 -0.000378665
655 0.000378665
656 0
657 0.000378665
658 0.000378665
659 0
660 -4.05728
661 -7.87774
662 -9.56954
663 -9.97155
664 -10.0273
665 -9.97383
666 -9.95716
667 -9.95109
668 -9.95375
669 -9.92874
670 -9.93556
671 -9.94162
672 -9.93594
673 -9.9276
674 -9.9276
675 -9.9367
676 -6.58038
677 -2.26053
678 -0.566079
679 0.00909364
680 0.0814639
681 0.0685812
682 0.0367535
683 0.0166717
684 0.00303098
685 0.0011367
686 0.00227341
687 0.00265207
688 0.00568329
689 0.000757566
690 0
691 0
692 -0.000757566
693 -0.000378665
694 0
695 0.0011367
696 0
697 -0.0011367
698 0
699 -0.000378665
700 0.000378665
701 0.000378665
702 -0.000757566
703 -0.000378665
704 0
705 0.000378665
706 0
707 0.000378665
708 0.000378665
709 0.000378665
710 0
711 0.000757566
712 0
713 0
714 0.000378665
715 -0.000378665
716 -0.00151537
717 -0.000378665
718 0
719 0
720 0
721 0
722 0.000378665
723 0.000378665
724 0
725 0.000378665
726 -0.0011367
727 -0.000378665
728 0
729 0.000378665
730 0.000757566
731 0.000757566
732 0
733 0
734 0.000378665
735 -0.000378665
736 0
737 0.000378665
738 0.000378665
739 0
740 0
741 0
742 0.000378665
743 0.000757566
744 0.000378665
745 -0.000378665
746 -0.000378665
747 0
748 0
749 0
750 0
751 0
752 0.000378665
753 0
754 0.000378665
755 0
756 0
757 0.000757566
758 0
759 -0.000378665
760 0
761 0
762 0.000757566
763 -0.000378665
764 0.000378665
765 -0.000378665
766 -0.000378665
767 0.000757566
768 -0.000757566
769 0.000378665
770 0
771 0
772 0
773 0
774 -0.000378665
775 0.000378665
776 0.000757566
777 -0.0011367
778 0.000378665
779 0.000378665
780 0
781 -0.000378665
782 0.000378665
783 0.000378665
784 0.000378665
785 0
786 0
787 0
788 0.000378665
789 0.000378665
790 0
791 -0.000378665
792 0.000378665
793 0
794 0
795 0
796 0
797 -0.000378665
798 0
799 0.000378665
800 0
801 0
802 0
803 0.000378665
804 0.000378665
805 0.000378665
806 0.000757566
807 -0.000378665
808 0.000757566
809 0.000378665
810 0
811 0
812 0.000378665
813 0
814 -0.000378665
815 0
816 -0.000378665
817 -0.000378665
818 0.000757566
819 0.000378665
820 2.7944
821 7.15404
822 9.35015
823 9.9007
824 10.0159
825 10.0094
826 9.96966
827 9.94465
828 9.9223
829 9.92987
830 9.92533
831 9.93101
832 9.92268
833 9.94768
834 9.92836
835 9.92419
836 7.64623
837 2.97589
838 0.711198
839 0.0742647
840 -0.0738858
841 -0.0761592
842 -0.0428156
843 -0.0212183
844 -0.00719889
845 -0.00492572
846 -0.00303098
847 -0.00227341
848 -0.00340988
849 -0.0011367
850 0.000378665
851 0
852 0
853 0
854 0
855 0.000757566
856 0
857 0.000378665
858 -0.0011367
859 -0.000378665
860 0.000378665
861 0.000757566
862 0
863 0
864 0
865 0
866 0
867 -0.000378665
868 -0.000757566
869 -0.000757566
870 -0.000378665
871 0
872 0.000378665
873 -0.000378665
874 0.000378665
875 0
876 0
877 0
878 -0.000378665
879 0
880 0
881 0
882 0
883 0
884 0.0011367
885 -0.000378665
886 -0.000378665
887 0
888 0.000757566
889 -0.000378665
890 0.000757566
891 -0.000378665
892 0
893 -0.000378665
894 0.000378665
895 -0.000378665
896 0
897 -0.000378665
898 0.000378665
899 -0.000378665
900 -0.000378665
901 -0.0011367
902 0
903 -0.000378665
904 0
905 0
906 -0.000378665
907 -0.000378665
908 0
909 -0.000378665
910 -0.000378665
911 0
912 -0.000757566
913 0
914 0.000378665
915 0
916 -0.000757566
917 0
918 0.000378665
919 0.000378665
920 0
921 0.000757566
922 0
923 0
924 0
925 -0.000757566
926 0.000378665
927 -0.000757566
928 0.000757566
929 0.000757566
930 0.000757566
931 0
932 0
933 -0.000378665
934 0
935 0
936 -0.000378665
937 0
938 0.000378665
939 -0.000378665
940 -0.000378665
941 0.000378665
942 -0.000378665
943 0
944 0
945 -0.000378665
946 -0.000757566
947 0.000378665
948 0.000757566
949 -0.000378665
950 0.000378665
951 -0.000378665
952 0.000378665
953 0
954 0.000757566
955 0.000757566
956 0
957 -0.000378665
958 0
959 0.000378665
960 0.000378665
961 0.000378665
962 -0.000378665
963 0.000378665
964 0
965 0
966 0
967 0
968 -0.000378665
969 0
970 -0.000378665
971 0
972 -0.000757566
973 0.000378665
974 0
975 0.000378665
976 0
977 0
978 0.000378665
979 0
980 -0.737342
981 -6.08819
982 -8.98224
983 -9.86395
984 -10.0079
985 -9.99543
986 -9.97269
987 -9.95185
988 -9.94655
989 -9.92798
990 -9.94351
991 -9.93291
992 -9.93783
993 -9.93139
994 -9.92116
995 -9.92457
996 -9.70216
997 -4.11563
998 -1.13746
999 -0.103819
1000 0.0549405
1001 0.0879049
1002 0.0473625
1003 0.0250073
1004 0.00947254
1005 0.00189427
1006 0.00303098
1007 0.00378878
1008 0.00340988
1009 0.00227341
1010 0.000378665
1011 0
1012 -0.000757566
1013 0
1014 0.000757566
1015 0
1016 0
1017 0
1018 0
1019 -0.000757566
1020 -0.000378665
1021 0
1022 0.000378665
1023 -0.000378665
1024 0.0011367
1025 0
1026 -0.000757566
1027 0.000378665
1028 -0.000378665
1029 0.000757566
1030 -0.000757566
1031 0
1032 0
1033 -0.000378665
1034 0.000378665
1035 0.000378665
1036 0
1037 0
1038 0
1039 0.000378665
1040 0
1041 -0.000378665
1042 0
1043 -0.000378665
1044 -0.000378665
1045 0
1046 0.000757566
1047 0
1048 -0.000378665
1049 0
1050 0.000378665
1051 0
1052 -0.000757566
1053 0
1054 -0.000378665
1055 0.000378665
1056 0.000378665
1057 -0.000378665
1058 -0.000378665
1059 0
1060 -0.000378665
1061 -0.000378665
1062 0
1063 -0.000378665
1064 0.000378665
1065 0
1066 0.000378665
1067 0
1068 -0.000378665
1069 0
1070 0.000378665
1071 -0.000378665
1072 -0.000378665
1073 0
1074 0.000378665
1075 -0.000757566
1076 0.000757566
1077 -0.000378665
1078 0
1079 -0.0011367
1080 0
1081 0
1082 -0.000378665
1083 -0.000378665
1084 -0.000757566
1085 0
1086 0.000378665
1087 -0.000378665
1088 0
1089 -0.000378665
1090 0.000378665
1091 0
1092 0.000757566
1093 -0.000378665
1094 0.000378665
1095 -0.000757566
1096 0
1097 0
1098 0
1099 -0.000378665
1100 0.000378665
1101 0
1102 0
1103 -0.000378665
1104 0.000757566
1105 0
1106 0.000378665
1107 -0.000378665
1108 0
1109 0
1110 -0.000378665
1111 0.000378665
1112 -0.000378665
1113 0
1114 0
1115 -0.000378665
1116 0
1117 0
1118 0
1119 0.0011367
1120 0
1121 -0.000378665
1122 0.000378665
1123 0
1124 0.000378665
1125 0.000378665
1126 -0.000378665
1127 0
1128 0
1129 -0.000757566
1130 0
1131 -0.000378665
1132 0
1133 0
1134 0
1135 0
1136 -0.000378665
1137 -0.000378665
1138 -0.000378665
1139 -0.000757566
1140 0.0333433
1141 5.30955
1142 8.65108
1143 9.77149
1144 9.99921
1145 10.025
1146 9.97989
1147 9.9636
1148 9.93215
1149 9.94427
1150 9.94276
1151 9.9473
1152 9.9367
1153 9.9295
1154 9.93707
1155 9.91699
1156 9.92533
1157 5.00415
1158 1.76151
1159 0.273188
1160 -0.0231128
1161 -0.0841159
1162 -0.0560772
1163 -0.0314488
1164 -0.0121246
1165 -0.00492572
1166 -0.00303098
1167 -0.00189427
1168 -0.00303098
1169 -0.00151537
1170 -0.000757566
1171 0.000757566
1172 0.000378665
1173 0.000378665
1174 0
1175 0.000378665
1176 0.000757566
1177 -0.000378665
1178 0
1179 0
1180 0.000757566
1181 0
1182 0.000378665
1183 -0.000757566
1184 0.000378665
1185 -0.000378665
1186 0
1187 0
1188 0.000378665
1189 -0.000378665
1190 0
1191 0
1192 0
1193 0.000378665
1194 0.000378665
1195 -0.000378665
1196 0
1197 0.000757566
1198 0
1199 0
1200 0.000378665
1201 0.000378665
1202 0
1203 -0.000378665
1204 0.000378665
1205 -0.000757566
1206 0.000378665
1207 -0.000378665
1208 0.000378665
1209 0
1210 -0.000378665
1211 0.000757566
1212 -0.000378665
1213 0
1214 0.000378665
1215 -0.000378665
1216 -0.000378665
1217 -0.000757566
1218 0
1219 0.000378665
1220 0
1221 0.000757566
1222 -0.000378665
1223 0.000378665
1224 0
1225 0
1226 0
1227 0.000378665
1228 0
1229 -0.000378665
1230 0
1231 0.000757566
1232 0
1233 0
1234 0
1235 0
1236 0
1237 0
1238 -0.000378665
1239 0
1240 -0.000378665
1241 0.000757566
1242 -0.000757566
1243 0.000757566
1244 0.000378665
1245 -0.000378665
1246 -0.000757566
1247 0.000378665
1248 0
1249 0
1250 0
1251 0.000378665
1252 -0.000378665
1253 0
1254 -0.000757566
1255 -0.000378665
1256 -0.000378665
1257 -0.000378665
1258 0
1259 0
1260 -0.000378665
1261 0
1262 0
1263 -0.000378665
1264 0
1265 0
1266 -0.000378665
1267 -0.000378665
1268 0.000378665
1269 0.000757566
1270 0.000378665
1271 0.000378665
1272 -0.000378665
1273 0
1274 0.000378665
1275 0.000378665
1276 0
1277 -0.000378665
1278 -0.000378665
1279 0
1280 -0.000378665
1281 0.000378665
1282 0.000378665
1283 0
1284 -0.000378665
1285 0
1286 -0.000378665
1287 -0.000378665
1288 -0.000378665
1289 -0.000378665
1290 -0.000757566
1291 -0.000757566
1292 0.000378665
1293 0
1294 0.000378665
1295 0.000757566
1296 0
1297 0.000378665
1298 -0.000378665
1299 -0.000378665
1300 -0.000757566
1301 -4.79083
1302 -7.91829
1303 -9.65138
1304 -9.97155
1305 -10.0231
1306 -9.99429
1307 -9.9689
1308 -9.9617
1309 -9.93745
1310 -9.93139
1311 -9.9223
1312 -9.93859
1313 -9.94124
1314 -9.92798
1315 -9.93328
1316 -9.91964
1317 -5.99195
1318 -2.07979
1319 -0.528189
1320 0.0166717
1321 0.0826006
1322 0.0678234
1323 0.0359957
1324 0.0162928
1325 0.00303098
1326 0.00189427
1327 0.00340988
1328 0.00265207
1329 0.00378878
1330 0.0011367
1331 -0.000378665
1332 -0.000378665
1333 -0.000757566
1334 0.000757566
1335 0
1336 -0.000378665
1337 -0.000378665
1338 -0.000378665
1339 -0.000378665
1340 0
1341 0
1342 -0.000378665
1343 -0.000757566
1344 -0.000757566
1345 -0.000378665
1346 0
1347 -0.000378665
1348 0
1349 0
1350 0
1351 0
1352 -0.000378665
1353 -0.0011367
1354 -0.000378665
