0 -0.00378902
1 0
2 -0.00378902
3 0
4 0
5 0.00757803
6 0
7 0.00378902
8 0.00378902
9 -0.00378902
10 -0.00378902
11 0.011367
12 -0.00378902
13 0
14 -0.00378902
15 0.00378902
16 0
17 -0.00378902
18 0.00378902
19 -0.00757803
20 0
21 -0.00378902
22 0
23 -0.00378902
24 -0.00378902
25 0.00757803
26 0.00757803
27 0.00757803
28 0
29 0.00378902
30 0
31 0
32 -0.011367
33 -0.00378902
34 -0.00757803
35 0.00378902
36 -0.00378902
37 0.00757803
38 0
39 0.00378902
40 -0.00378902
41 0
42 -0.00378902
43 0
44 -0.00378902
45 0.011367
46 0
47 0.00378902
48 -0.00378902
49 -0.00757803
50 0.00378902
51 -0.00378902
52 0.00378902
53 -0.00378902
54 0.00378902
55 0.00378902
56 -0.00378902
57 0.00378902
58 -0.00378902
59 0.00378902
60 0
61 0.00378902
62 0
63 0.00378902
64 -0.00378902
65 -0.00378902
66 0.00378902
67 0.00378902
68 -0.00378902
69 0
70 0.00757803
71 -0.00378902
72 0
73 -0.00757803
74 0.00378902
75 0
76 -0.011367
77 -0.00378902
78 0.00757803
79 -0.00378902
80 -0.00757803
81 0
82 0.00378902
83 -0.00378902
84 0
85 0
86 0
87 -0.00378902
88 -0.00378902
89 -0.00378902
90 -0.00757803
91 0.00378902
92 0
93 0
94 0.00378902
95 0.00378902
96 0
97 0
98 0.00378902
99 -0.011367
100 0
101 0.00378902
102 0
103 0
104 0.00378902
105 -0.00378902
106 0.00757803
107 -0.00378902
108 0.00378902
109 0.00378902
110 -0.00378902
111 0
112 0.00378902
113 0
114 0.00378902
115 0
116 0
117 0
118 0
119 0
120 0
121 0
122 0
123 -0.00757803
124 0.00378902
125 0
126 0
127 0
128 -0.00757803
129 0.00757803
130 0.00378902
131 0
132 0
133 0
134 0
135 0
136 0
137 -0.00378902
138 0
139 -0.00378902
140 0
141 0.00378902
142 0
143 0
144 0.00378902
145 0.00378902
146 0.00757803
147 0
148 0.00378902
149 -0.00378902
150 0
151 -0.00378902
152 0
153 -0.00378902
154 0
155 0.00378902
156 0.00757803
157 -0.00378902
158 0
159 0
160 0.00378902
161 0
162 0.00378902
163 -0.00378902
164 0.00378902
165 0.00378902
166 0
167 0
168 0
169 0
170 -0.00378902
171 -0.00378902
172 0.00378902
173 -0.00378902
174 0.00757803
175 0
176 -0.00378902
177 0.00378902
178 0.011367
179 -0.00378902
180 0.00378902
181 -0.00378902
182 0
183 -0.00378902
184 0
185 0.00378902
186 0.00757803
187 0.00757803
188 0.00757803
189 -0.00378902
190 -0.00378902
191 -0.00757803
192 0
193 -0.00378902
194 -0.00378902
195 0.00378902
196 -0.00378902
197 0
198 -0.00378902
199 -0.00757803
200 0
201 -0.00378902
202 0
203 -0.00378902
204 -0.011367
205 0
206 0.00378902
207 -0.00378902
208 0
209 -0.00378902
210 0
211 -0.00378902
212 0
213 -0.00378902
214 0
215 -0.011367
216 -0.00378902
217 0.00378902
218 -0.00378902
219 0
220 0.00378902
221 0
222 0
223 0.00378902
224 0.00378902
225 0
226 -0.00378902
227 0
228 0
229 -0.00757803
230 0.00378902
231 0.00757803
232 -0.00757803
233 0
234 0
235 -0.00378902
236 -0.00378902
237 0.00378902
238 0
239 -0.00378902
240 0.00378902
241 0.00757803
242 0.00757803
243 0
244 0.00378902
245 0
246 0
247 0
248 -0.00378902
249 0.011367
250 0
251 0.00378902
252 0
253 0
254 0
255 -0.00378902
256 -0.00757803
257 0.00378902
258 0
259 0.00757803
260 0.00757803
261 -0.00378902
262 0
263 0.00378902
264 0
265 0
266 -0.00378902
267 -0.00378902
268 0.00378902
269 0.00378902
270 0
271 -0.00378902
272 0.00757803
273 -0.00378902
274 0
275 -0.00378902
276 -0.00378902
277 0.00378902
278 -0.0303121
279 0.00378902
280 -0.00757803
281 -0.00757803
282 0.00378902
283 0.00378902
284 0
285 0
286 -0.00378902
287 0.00378902
288 0.00378902
289 0
290 0
291 -0.00757803
292 0
293 -0.00378902
294 -0.00378902
295 0
296 0
297 0
298 0
299 0.00757803
300 -0.00757803
301 0
302 0
303 0
304 -0.00378902
305 0.00378902
306 -0.00378902
307 0
308 0.00378902
309 0
310 0
311 0
312 -0.00378902
313 -0.00378902
314 0
315 -0.00378902
316 0
317 0
318 0.00378902
319 0.00757803
320 -0.00757803
321 0
322 0
323 0
324 -0.00378902
325 0.00378902
326 -0.00378902
327 0.00378902
328 0.00378902
329 -0.00378902
330 0
331 0
332 -0.00757803
333 0.00378902
334 0
335 0.00757803
336 0
337 0.00378902
338 0
339 0.00757803
340 0
341 -0.00378902
342 0.00378902
343 0.00378902
344 0.00378902
345 0.00757803
346 0
347 0
348 0.00378902
349 0.00378902
350 0.00378902
351 0.00378902
352 0
353 0.00378902
354 0
355 -0.00378902
356 -0.00378902
357 0.00757803
358 0
359 -0.00757803
360 -0.00757803
361 0.011367
362 0
363 0
364 0
365 -0.00378902
366 0.00757803
367 0.00757803
368 0
369 0
370 -0.00757803
371 0.00378902
372 -0.00378902
373 0
374 0.00378902
375 0.00757803
376 0.00757803
377 0.00757803
378 0.00378902
379 0
380 0
381 0.00378902
382 0.00378902
383 -0.00757803
384 -0.00378902
385 -0.00378902
386 -0.00378902
387 0
388 0.00378902
389 -0.00378902
390 0
391 0.00378902
392 0.00378902
393 -0.00378902
394 0
395 0.00378902
396 0
397 0.00378902
398 0
399 0.00378902
400 0.00378902
401 0.00378902
402 0.00757803
403 0.00378902
404 0.00757803
405 0.011367
406 0.00757803
407 -0.00378902
408 0
409 0.00378902
410 -0.00378902
411 -0.00378902
412 -0.00378902
413 0.00378902
414 0.00378902
415 -0.00378902
416 0.00378902
417 0
418 -0.00378902
419 0.00378902
420 0
421 0.00378902
422 0.00757803
423 0
424 -0.00378902
425 0
426 -0.00757803
427 0.00378902
428 0
429 -0.00378902
430 -0.00378902
431 -0.00378902
432 0
433 -0.00378902
434 -0.00378902
435 0.00757803
436 -0.00378902
437 0
438 0
439 0
440 -0.00378902
441 0
442 0
443 -0.00378902
444 0.00378902
445 -0.00378902
446 0
447 0.00378902
448 0.00378902
449 0
450 0
451 0.00378902
452 -0.00757803
453 -0.00378902
454 0
455 -0.00378902
456 0.00378902
457 0.00757803
458 0
459 -0.00378902
460 -0.00378902
461 -0.00757803
462 0
463 -0.00378902
464 -0.00378902
465 0
466 0.00378902
467 -0.00378902
468 0.00378902
469 0
470 0
471 0
472 0
473 -0.00378902
474 -0.00378902
475 0.00757803
476 -0.00378902
477 0
478 0.00378902
479 0.00378902
480 0
481 0
482 0.00378902
483 0.00378902
484 0.00378902
485 0
486 0.00378902
487 0
488 0
489 0
490 0
491 0
492 -0.00378902
493 0
494 -0.00378902
495 0
496 0.00378902
497 0.00378902
498 0.00378902
499 -0.00757803
500 -0.00378902
501 0
502 0
503 0
504 0.00378902
505 0
506 0.00378902
507 0.00378902
508 0
509 0.00757803
510 0
511 0.00378902
512 0
513 0.00378902
514 0.00378902
515 0.00378902
516 -0.011367
517 0
518 -0.00378902
519 0
520 0
521 -0.00378902
522 -0.00378902
523 0.00378902
524 0
525 0.00757803
526 -0.00378902
527 0.00378902
528 0
529 0
530 0.00378902
531 -0.00757803
532 -0.00378902
533 0
534 -0.00378902
535 0
536 0.00378902
537 -0.00378902
538 0
539 -0.00378902
540 -0.00378902
541 0.00757803
542 0
543 -0.00378902
544 0
545 0
546 0.00757803
547 0
548 0
549 0.00378902
550 -0.00378902
551 0
552 0.00378902
553 0.00757803
554 0
555 -0.00378902
556 0.00378902
557 -0.00378902
558 0
559 0.00378902
560 0
561 -0.00378902
562 0
563 0
564 0
565 -0.00378902
566 -0.00378902
567 0.00378902
568 0.00757803
569 0
570 0
571 0.00378902
572 0
573 0.0757803
574 0.238708
575 0.00378902
576 0.011367
577 0.00378902
578 0.00378902
579 0
580 0
581 0
582 0
583 -0.00378902
584 0.00757803
585 -0.00378902
586 0.00378902
587 0
588 0
589 -0.00378902
590 -0.00378902
591 -0.00378902
592 0.00378902
593 0.00378902
594 0.00757803
595 0
596 -0.00378902
597 0
598 -0.00378902
599 0
600 0
601 0
602 -0.00378902
603 -0.00378902
604 0.00378902
605 0
606 -0.00378902
607 0
608 0
609 -0.00378902
610 0
611 0
612 -0.00378902
613 0
614 0
615 -0.00378902
616 -0.00378902
617 0
618 0.00378902
619 0
620 -0.00378902
621 0.00378902
622 0
623 -0.00378902
624 0.00378902
625 0.00757803
626 -0.011367
627 -0.00378902
628 -0.011367
629 0.00378902
630 -0.00378902
631 -0.00378902
632 0.00378902
633 0
634 -0.00378902
635 -0.00378902
636 0
637 -0.00378902
638 -0.00378902
639 -0.00378902
640 0
641 -0.00378902
642 0.00378902
643 -0.00378902
644 -0.0644133
645 0
646 0.00378902
647 -0.00378902
648 0
649 -0.00378902
650 0.00378902
651 0
652 -0.00378902
653 0.00378902
654 -0.00378902
655 0
656 0
657 -0.00378902
658 0
659 0.00378902
660 0.00378902
661 -0.00378902
662 -0.00378902
663 -0.00378902
664 0
665 0
666 0
667 -0.00378902
668 0
669 0
670 0
671 -0.00757803
672 -0.00378902
673 -0.00378902
674 0
675 -0.00378902
676 0.00378902
677 -0.00378902
678 -0.00378902
679 0.00757803
680 -0.00378902
681 0
682 0
683 -0.00757803
684 0
685 0.00378902
686 0.00378902
687 0.00378902
688 0.00378902
689 -0.00378902
690 0.00757803
691 -0.00378902
692 0
693 0.00378902
