0 0
1 0.00757803
2 0
3 0.00378902
4 -0.00757803
5 0.011367
6 0
7 -0.00757803
8 -0.00378902
9 0
10 0.00757803
11 0
12 0
13 0.011367
14 0
15 -0.00378902
16 -0.00757803
17 -0.00378902
18 0.00378902
19 -0.00378902
20 -0.011367
21 -0.00378902
22 0.00757803
23 -0.00757803
24 -0.00757803
25 0.00757803
26 -0.00378902
27 -0.00378902
28 0
29 0
30 0
31 0
32 0
33 0.00378902
34 -0.00378902
35 0
36 0
37 0.00757803
38 -0.00378902
39 -0.00378902
40 -0.00378902
41 -0.00378902
42 0
43 0
44 0
45 0
46 -0.00757803
47 -0.00378902
48 0
49 0
50 -0.00378902
51 -0.00378902
52 0.00378902
53 -0.00378902
54 0.00757803
55 0
56 0.00378902
57 0
58 0.00378902
59 0.00378902
60 -0.00378902
61 0.00757803
62 0
63 0
64 0
65 0
66 -0.00378902
67 0
68 -0.00378902
69 -0.00378902
70 -0.00378902
71 0.00757803
72 0
73 0.00757803
74 -0.00378902
75 0
76 0
77 0.00378902
78 0.00378902
79 0
80 -0.00378902
81 0
82 -0.00378902
83 -0.00378902
84 0.00378902
85 -0.00378902
86 0
87 0
88 -0.00757803
89 -0.00378902
90 0
91 0
92 0.00378902
93 -0.00378902
94 0
95 -0.011367
96 0
97 0.00378902
98 0
99 0.00378902
100 -0.00378902
101 -0.00378902
102 0.00378902
103 -0.00378902
104 0.00378902
105 -0.00757803
106 -0.00378902
107 -0.00757803
108 -0.00378902
109 0.00378902
110 -0.0151561
111 -0.00378902
112 0.00378902
113 0
114 0.00378902
115 -0.00757803
116 0
117 0.00757803
118 -0.00378902
119 -0.00757803
120 0
121 0.00757803
122 0.00757803
123 -0.00757803
124 0
125 0
126 -0.00378902
127 0
128 0.00757803
129 0
130 -0.00378902
131 0.00378902
132 0
133 0.00378902
134 -0.00757803
135 0.00378902
136 0
137 0
138 0
139 -0.00378902
140 0
141 0.00378902
142 0
143 0.00757803
144 0
145 0
146 0
147 -0.00378902
148 0
149 -0.00378902
150 0
151 0
152 0.00378902
153 -0.00378902
154 -0.00378902
155 0
156 -0.00378902
157 0
158 -0.00757803
159 0
160 -0.00757803
161 0
162 -0.00378902
163 0.00378902
164 -0.00378902
165 0.00378902
166 0
167 0
168 0
169 -0.00757803
170 0.00757803
171 -0.00378902
172 0
173 0.00757803
174 0.00378902
175 -0.00378902
176 -0.00378902
177 0
178 -0.00378902
179 0.00378902
180 0
181 0.00378902
182 0
183 0
184 0
185 0.00378902
186 -0.00378902
187 0
188 0.00378902
189 -0.00378902
190 -0.00378902
191 0
192 0.00757803
193 0.00378902
194 -0.00378902
195 -0.00378902
196 0.00378902
197 0
198 0.00378902
199 0.00378902
200 0.00757803
201 0
202 0
203 0.00378902
204 -0.00378902
205 0.00378902
206 -0.00378902
207 -0.00378902
208 0
209 0.00757803
210 0.00378902
211 0.00378902
212 0
213 0
214 0
215 -0.00378902
216 0
217 0
218 0.00378902
219 0.00757803
220 0.00378902
221 -0.00378902
222 -0.00378902
223 0
224 0.00378902
225 0
226 0.00757803
227 -0.00378902
228 0.00757803
229 0.00757803
230 0.00378902
231 0.00378902
232 -0.00378902
233 0.00378902
234 0.00378902
235 0
236 -0.00378902
237 -0.00378902
238 0.00757803
239 -0.00378902
240 0.00378902
241 -0.00378902
242 -0.00757803
243 0
244 -0.00378902
245 0
246 -0.00378902
247 0.00378902
248 -0.00378902
249 0.00378902
250 0
251 0
252 0
253 0.00757803
254 0.00757803
255 0.00757803
256 -0.00757803
257 0
258 -0.00378902
259 0.00378902
260 0
261 0
262 0.00378902
263 0
264 0.00378902
265 0.00378902
266 0
267 0.00378902
268 0
269 0.00378902
270 0.00378902
271 -0.00378902
272 0.00378902
273 0.00757803
274 0.00378902
275 -0.00378902
276 0.00378902
277 -0.00378902
278 -0.00378902
279 -0.00757803
280 0
281 -0.00378902
282 0
283 0.00378902
284 0
285 0.00378902
286 0.00378902
287 0
288 0.00757803
289 0
290 -0.00378902
291 2.49696
292 6.50195
293 8.47603
294 8.92313
295 9.10122
296 9.28309
297 8.93071
298 9.03301
299 9.12016
300 9.09364
301 8.94966
302 8.95345
303 9.03301
304 8.97997
305 8.83599
306 9.04438
307 9.10501
308 9.10501
309 9.01786
310 9.13911
311 9.02165
312 8.91556
313 9.07469
314 8.80188
315 8.97239
316 8.98376
317 8.96481
318 8.99134
319 8.89282
320 9.13153
321 8.90798
322 9.0368
323 9.06333
324 8.9345
325 8.98376
326 8.85493
327 8.96102
328 8.97618
329 9.0027
330 9.02165
331 8.91177
332 9.06712
333 8.96481
334 8.99891
335 9.04059
336 9.0027
337 9.05575
338 8.98376
339 9.04059
340 8.84735
341 9.0709
342 8.91177
343 8.97997
344 9.12774
345 8.91934
346 8.97997
347 8.93829
348 8.95345
349 8.95345
350 8.92313
351 9.01028
352 9.0709
353 9.02923
354 8.90798
355 9.00649
356 8.99512
357 8.95723
358 9.06333
359 8.98755
360 9.03301
361 9.09364
362 8.93829
363 9.01786
364 8.97997
365 8.91177
366 8.96481
367 8.97618
368 9.04059
369 9.08606
370 8.94966
371 8.97997
372 9.0027
373 9.0027
374 8.89661
375 8.99891
376 8.97997
377 9.02544
378 9.04059
379 8.88524
380 9.06712
381 9.02923
382 9.02923
383 9.05196
384 8.95345
385 9.04059
386 8.87009
387 9.08985
388 9.01407
389 8.84735
390 9.06333
391 9.07469
392 9.01786
393 9.05954
394 9.09743
395 9.08227
396 8.85872
397 9.02923
398 8.98755
399 9.06333
400 9.01407
401 8.95345
402 9.04438
403 8.89282
404 9.00649
405 9.06333
406 9.01407
407 9.03301
408 9.01407
409 8.91556
410 9.01407
411 9.02165
412 9.08606
413 8.98755
414 9.02544
415 8.95345
416 9.09364
417 9.03301
418 8.85872
419 8.98376
420 8.86251
421 9.12016
422 8.9686
423 9.13532
424 9.0709
425 8.94587
426 8.93071
427 8.9004
428 9.02544
429 8.87388
430 8.97997
431 9.0709
432 8.97997
433 9.0027
434 8.92313
435 9.1088
436 8.96481
437 8.97618
438 9.1429
439 9.04438
440 9.10122
441 8.94966
442 9.02923
443 9.06333
444 8.85872
445 9.02165
446 8.94208
447 9.06712
448 9.12395
449 8.92313
450 9.02165
451 9.02544
452 9.01028
453 9.05575
454 9.0027
455 8.91934
456 8.95345
457 9.07848
458 9.07469
459 8.90419
460 9.00649
461 8.90419
462 9.06333
463 8.95345
464 9.01028
465 8.87009
466 8.93071
467 9.07469
468 8.9345
469 9.05954
470 8.93071
471 9.11637
472 8.82841
473 9.03301
474 9.0709
475 8.91934
476 9.08985
477 9.04059
478 8.95723
479 9.03301
480 8.83599
481 8.96481
482 9.08227
483 8.94208
484 8.98376
485 8.84735
486 9.05954
487 8.9004
488 9.14669
489 9.02923
490 8.83599
491 8.9686
492 8.97618
493 9.03301
494 8.88524
495 9.06333
496 9.05954
497 8.94587
498 9.06712
499 8.91934
500 8.94966
501 9.02165
502 8.85493
503 9.03301
504 8.83599
505 9.0027
506 8.99512
507 9.1088
508 8.92692
509 8.84735
510 9.05575
511 9.02165
512 9.06333
513 9.08606
514 8.97239
515 9.04438
516 9.02923
517 8.93071
518 8.97997
519 9.04438
520 8.96102
521 8.99512
522 9.04059
523 8.98376
524 9.08985
525 9.05196
526 8.91177
527 9.04817
528 8.8663
529 9.1088
530 8.99512
531 8.95345
532 8.93829
533 8.90419
534 9.01028
535 8.89282
536 9.01786
537 9.02544
538 9.01028
539 9.0368
540 8.94966
541 8.9686
542 9.0027
543 9.12016
544 9.02544
545 8.90798
546 9.04817
547 8.88524
548 8.9686
549 9.0368
550 9.07469
551 9.02165
552 8.93829
553 9.10122
554 9.02165
555 9.0027
556 9.08606
557 8.96481
558 9.02544
559 8.96102
560 9.04059
561 8.9345
562 8.95723
563 9.04817
564 8.97239
565 9.01028
566 9.07469
567 8.82083
568 9.02165
569 8.99134
570 9.15426
571 8.96481
572 8.94587
573 8.99891
574 8.93829
575 9.00649
576 8.94208
577 9.07848
578 9.0368
579 8.95345
580 9.00649
581 8.9345
582 9.07848
583 8.9345
584 9.01028
585 9.12774
586 8.97618
587 9.08227
588 9.0027
589 9.09364
590 9.0709
591 8.97997
592 9.02165
593 8.93829
594 9.10122
595 8.97618
596 9.12395
597 9.05954
598 8.96481
599 8.91556
600 8.92692
601 9.08606
602 8.99512
603 9.06712
604 9.06712
605 8.90419
606 9.01028
607 8.95723
608 9.06333
609 9.01786
610 8.93071
611 9.05954
612 8.99891
613 9.05196
614 9.01786
615 8.96481
616 9.05196
617 9.0368
618 9.07848
619 9.04059
620 9.0027
621 9.05954
622 9.01786
623 8.97239
624 8.92692
625 8.99134
626 9.0709
627 9.00649
628 9.02165
629 9.04438
630 9.12395
631 8.98755
632 9.05196
633 8.93829
634 8.85493
635 9.09364
636 8.9686
637 8.99134
638 9.03301
639 8.99891
640 9.03301
641 8.98376
642 9.02544
643 9.02165
644 8.98755
645 9.09743
646 8.89661
647 9.05196
648 8.98376
649 9.01407
650 8.95345
651 9.01028
652 9.12016
653 8.97239
654 8.96102
655 9.0709
656 8.91934
657 9.01028
658 8.95723
659 9.03301
660 8.89282
661 9.04817
662 9.05196
663 8.97997
664 9.0709
665 8.95723
666 9.00649
667 8.99512
668 8.95723
669 8.99512
670 8.97618
671 9.06333
672 8.98376
673 8.91177
674 8.96481
675 8.88524
676 8.95723
677 8.9686
678 9.04817
679 9.02544
680 9.00649
681 8.96102
682 8.92313
683 9.15426
684 8.96481
685 9.05954
686 9.0027
687 8.92692
688 9.05575
689 9.06712
690 9.03301
691 9.05196
692 8.87388
693 9.02165
694 8.94208
695 8.94208
696 8.96481
697 9.04059
698 9.05575
699 8.9686
700 9.08227
701 8.97239
702 9.12016
703 8.94587
704 8.81704
705 9.02544
706 8.91177
707 9.03301
708 8.94208
709 9.01407
710 9.1088
711 8.94966
712 9.01028
713 8.91556
714 9.09743
715 8.94966
716 8.94966
717 9.08227
718 1.22006
719 -5.61153
720 -8.09334
721 -9.13153
722 -9.16563
723 -9.27172
724 -8.99891
725 -9.02165
726 -8.9345
727 -8.98755
728 -9.10501
729 -8.99891
730 -9.04438
731 -8.94966
732 -9.10501
733 -8.99134
734 -8.97997
735 -8.98376
736 -8.88145
737 -9.0027
738 -8.85872
739 -8.96102
740 -8.99512
741 -8.92692
742 -8.96481
743 -8.94587
744 -9.1429
745 -9.06712
746 -8.94966
747 -9.07469
748 -8.91934
749 -8.94208
750 -8.91556
751 -8.97618
752 -8.9686
753 -8.99134
754 -8.98376
755 -8.91177
756 -8.98755
757 -9.0027
758 -9.02923
759 -8.97239
760 -9.03301
761 -9.04438
762 -9.02165
763 -8.9345
764 -9.01407
765 -8.94208
766 -9.1088
767 -9.0027
768 -9.03301
769 -8.99134
770 -9.02923
771 -9.05954
772 -8.93071
773 -9.04817
774 -8.90798
775 -9.08985
776 -9.01786
777 -8.98755
778 -9.11637
779 -8.99512
780 -9.02165
781 -8.90419
782 -9.02165
783 -9.02544
784 -9.0368
785 -9.04059
786 -8.82083
787 -9.03301
788 -8.98376
789 -8.94966
790 -8.9686
791 -8.99134
792 -9.01786
793 -8.99134
794 -9.04817
795 -9.04438
796 -8.97239
797 -9.0027
798 -9.06712
799 -8.94966
800 -9.04817
801 -8.99512
802 -9.06712
803 -8.99512
804 -8.89282
805 -9.09743
806 -9.06333
807 -9.11637
808 -9.01028
809 -8.90798
810 -9.01407
811 -9.00649
812 -9.08606
813 -8.96102
814 -9.04438
815 -8.96481
816 -8.96102
817 -9.07469
818 -9.1088
819 -9.04817
820 -9.00649
821 -9.05954
822 -8.91934
823 -8.87009
824 -9.06333
825 -4.29674
826 -1.50803
827 -0.215974
828 0.0151561
829 0.0265231
830 0.0341011
831 0.0492572
832 0.0378902
833 0.0265231
834 0.0227341
835 0.00378902
836 0.00757803
837 0
838 -0.00378902
839 0
840 0.00378902
841 -0.00378902
842 0.00378902
843 -0.00757803
844 0
845 -0.00378902
846 -0.00378902
847 -0.00378902
848 -0.00378902
849 -0.00378902
850 0
851 0
852 0.00378902
853 0
854 0
855 0
856 -0.00757803
857 -0.00757803
858 0.00378902
859 -0.00757803
860 0.00757803
861 0.00378902
862 -0.00757803
863 0
864 0
865 0
866 0.00757803
867 -0.00378902
868 0
869 0
870 -0.00378902
871 -0.00378902
872 0
873 0
874 -0.00378902
875 0.00378902
876 -0.00378902
877 0.00757803
878 0
879 -0.00378902
880 -0.00378902
881 0.011367
882 0.00378902
883 0.00378902
884 -0.00757803
885 0
886 -0.011367
887 0
888 0.00757803
889 0
890 0.00378902
891 -0.00378902
892 -0.00757803
893 0.00757803
894 -0.00378902
895 0
896 0.00757803
897 0.00757803
898 0
899 -0.00378902
900 0.00378902
901 -0.00378902
902 0.00757803
903 -0.00378902
904 0.00378902
905 0
906 0
907 0
908 0.00378902
909 0.00378902
910 -0.00757803
911 0
912 0.00378902
913 -0.00378902
914 0.00757803
915 -0.00757803
916 0
917 0.00378902
918 -0.00757803
919 -0.00378902
920 0.00378902
921 0
922 -0.00378902
923 -0.00378902
924 0.011367
925 0.00757803
926 0
927 0
928 -0.00378902
929 0
930 -0.00378902
931 -0.00378902
932 3.14109
933 6.77097
934 8.56318
935 9.09364
936 8.95345
937 9.09364
938 8.99134
939 9.09364
940 8.9686
941 9.00649
942 9.06333
943 8.95345
944 9.01028
945 8.9345
946 9.15426
947 9.07848
948 8.93829
949 8.99891
950 8.92692
951 8.99512
952 8.99891
953 9.0709
954 8.9686
955 8.94208
956 9.07469
957 9.01786
958 9.07469
959 9.04059
960 8.9686
961 8.92692
962 8.9004
963 9.09364
964 9.02544
965 8.88145
966 9.08227
967 8.94966
968 9.0709
969 9.04059
970 9.13153
971 9.00649
972 9.0027
973 9.0027
974 8.99134
975 9.01786
976 9.09364
977 8.98755
978 8.96481
979 8.94208
980 9.08985
981 8.91934
982 9.05575
983 9.06333
984 8.83978
985 9.01028
986 8.8322
987 8.99512
988 8.98376
989 8.90419
990 9.02165
991 9.00649
992 9.02165
993 8.98755
994 9.08985
995 8.98755
996 8.8322
997 9.08985
998 8.91556
999 9.08606
1000 9.0368
1001 9.02165
1002 9.04438
1003 8.9345
1004 9.0368
1005 8.95723
1006 9.04059
1007 9.05575
1008 8.91934
1009 9.02165
1010 8.94208
1011 9.10122
1012 9.01407
1013 9.05954
1014 9.01028
1015 8.96102
1016 9.06712
1017 9.0027
1018 8.96481
1019 9.06712
1020 8.94208
1021 9.04438
1022 8.99134
1023 9.11637
1024 9.02923
1025 8.91556
1026 8.93829
1027 8.97618
1028 8.99134
1029 8.91177
1030 9.01028
1031 9.01407
1032 8.99134
1033 9.04817
1034 8.87388
1035 8.9345
1036 8.93829
1037 9.05575
1038 9.01786
1039 4.4862
1040 1.42467
1041 0.238708
1042 -0.00757803
1043 -0.0227341
1044 -0.0341011
1045 -0.0530462
1046 -0.0378902
1047 -0.0189451
1048 -0.0151561
1049 -0.011367
1050 -0.00378902
1051 -0.00378902
1052 -0.00378902
1053 0.00757803
1054 0
1055 0
1056 -0.00378902
1057 0
1058 -0.00378902
1059 0.00378902
1060 0.00378902
1061 -0.00378902
1062 -0.00378902
1063 0
1064 0
1065 0
1066 0.00378902
1067 0.00378902
1068 -0.00378902
1069 -0.00378902
1070 0
1071 0.011367
1072 0
1073 -0.00378902
1074 0.00378902
1075 0.00378902
1076 0
1077 0.00757803
1078 0.00378902
1079 0
1080 0
1081 -0.00757803
1082 -0.00378902
1083 0.00378902
1084 0.00378902
1085 0
1086 0
1087 0.00757803
1088 0
1089 -0.00378902
1090 0
1091 -0.00378902
1092 -1.67096
1093 -5.56985
1094 -8.13502
1095 -8.83599
1096 -9.0368
1097 -9.06333
1098 -9.1429
1099 -9.02165
1100 -9.02923
1101 -9.01407
1102 -8.96481
1103 -8.97997
1104 -8.94208
1105 -9.09364
1106 -9.04438
1107 -9.06712
1108 -9.00649
1109 -8.96481
1110 -8.88524
1111 -9.04059
1112 -9.10122
1113 -8.96481
1114 -9.03301
1115 -9.02165
1116 -8.95345
1117 -8.99512
1118 -8.80946
1119 -9.07469
1120 -8.99512
1121 -9.05575
1122 -8.97997
1123 -9.04059
1124 -9.08227
1125 -8.95345
1126 -9.0709
1127 -8.92692
1128 -8.84735
1129 -9.11637
1130 -9.0027
1131 -9.06333
1132 -8.92692
1133 -8.99891
1134 -9.15047
1135 -8.99891
1136 -9.04059
1137 -8.87388
1138 -9.15805
1139 -8.97618
1140 -9.02544
1141 -9.0027
1142 -8.9686
1143 -9.12395
1144 -9.01786
1145 -8.94208
1146 -9.03301
1147 -9.03301
1148 -9.09364
1149 -8.9686
1150 -9.10122
1151 -8.89282
1152 -8.98376
1153 -9.01407
1154 -8.90798
1155 -9.09364
1156 -8.92313
1157 -8.85872
1158 -8.9686
1159 -9.00649
1160 -9.03301
1161 -8.97618
1162 -8.98755
1163 -9.0027
1164 -9.07848
1165 -8.98376
1166 -8.99134
1167 -9.06712
1168 -8.92313
1169 -8.93071
1170 -9.0027
1171 -9.04059
1172 -8.96102
1173 -8.94587
1174 -9.05954
1175 -9.05575
1176 -9.02544
1177 -9.05575
1178 -8.98376
1179 -8.97239
1180 -8.95345
1181 -9.03301
1182 -9.02544
1183 -8.88903
1184 -9.02923
1185 -8.9345
1186 -8.91556
1187 -8.94208
1188 -8.92313
1189 -8.97239
1190 -8.96481
1191 -9.06333
1192 -8.98376
1193 -8.99891
1194 -8.8663
1195 -9.04438
1196 -9.06712
1197 -8.93071
1198 -8.98376
1199 -5.51302
1200 -1.98166
1201 -0.405425
1202 0.00757803
1203 0.011367
1204 0.0378902
1205 0.0530462
1206 0.0416792
1207 0.0341011
1208 0.0227341
1209 0.0151561
1210 0.011367
1211 0.00378902
1212 0.00378902
1213 0
1214 0
1215 0.00378902
1216 0
1217 0
1218 -0.00378902
1219 -0.00378902
1220 -0.00378902
1221 0
1222 -0.00378902
1223 0
1224 0.00757803
1225 -0.00378902
1226 -0.00378902
1227 0.00378902
1228 0
1229 0.00757803
1230 -0.00378902
1231 -0.00757803
1232 -0.00378902
1233 -0.011367
1234 0.00757803
1235 0.00378902
1236 0
1237 0.00757803
1238 0
1239 0
1240 -0.00378902
1241 -0.00757803
1242 -0.00378902
1243 0.00378902
1244 -0.00378902
1245 0
1246 0
1247 -0.00378902
1248 -0.00378902
1249 0
1250 0
1251 0.00757803
1252 0.102303
1253 4.7249
1254 7.88115
1255 8.71095
1256 9.11258
1257 9.15805
1258 9.05954
1259 8.9686
1260 9.01028
1261 8.98755
1262 8.94966
1263 8.89661
1264 9.01407
1265 9.05575
1266 9.10501
1267 8.99512
1268 9.06712
1269 8.91556
1270 8.97618
1271 8.9004
1272 8.94966
1273 9.03301
1274 8.93071
1275 9.12016
1276 8.94966
1277 9.0368
1278 8.96102
1279 8.86251
1280 9.01786
1281 8.95723
1282 9.09743
1283 8.97997
1284 8.9686
1285 9.08227
1286 8.94966
1287 9.0027
1288 8.92692
1289 8.99891
1290 9.01407
1291 8.9686
1292 9.08985
1293 9.01407
1294 9.07848
1295 8.98755
1296 8.92692
1297 9.05954
1298 9.02923
1299 9.06333
1300 9.06333
1301 9.01407
1302 9.05575
1303 9.01028
1304 9.01407
1305 9.10501
1306 9.0709
1307 9.09364
1308 8.93071
1309 9.08227
1310 8.9345
1311 9.01407
1312 8.99512
1313 8.99512
1314 9.08985
1315 8.96481
1316 9.05196
1317 8.88903
1318 8.97618
1319 8.95723
1320 8.96102
1321 9.01407
1322 8.94966
1323 9.08606
1324 8.98376
1325 8.9686
1326 9.02544
1327 8.97997
1328 9.01407
1329 8.89661
1330 9.01786
1331 8.97997
1332 8.89661
1333 9.14669
1334 9.02165
1335 9.03301
1336 9.0027
1337 8.9345
1338 9.05196
1339 8.82083
1340 9.06333
1341 9.09364
1342 8.90419
1343 9.05196
1344 8.85493
1345 9.10122
1346 8.99134
1347 9.07469
1348 9.04438
1349 8.95345
1350 8.93071
1351 8.90798
1352 9.00649
1353 8.9345
1354 8.99891
1355 8.85872
1356 8.9686
1357 9.12395
1358 8.7981
1359 6.64215
1360 2.95164
1361 0.738858
1362 0.0606243
1363 -0.0227341
1364 -0.0378902
1365 -0.0568352
1366 -0.0454682
1367 -0.0341011
1368 -0.0227341
1369 -0.00757803
1370 -0.00378902
1371 0
1372 -0.00378902
1373 -0.00378902
1374 0.00378902
1375 -0.00378902
1376 -0.00378902
1377 0
1378 -0.00378902
1379 0
1380 0
1381 0.00378902
1382 0.00378902
1383 0.00378902
1384 -0.00378902
1385 -0.00378902
1386 -0.00378902
1387 0
1388 0
1389 0.00378902
1390 -0.00378902
1391 -0.00378902
1392 0
1393 -0.00378902
1394 -0.00757803
1395 0.00757803
1396 0
1397 0.00378902
1398 0
1399 0.00378902
1400 0.00378902
1401 0
1402 0.00378902
1403 0.00378902
1404 0
1405 0
1406 0
1407 0
1408 0.00378902
1409 0
1410 0.00757803
1411 0
1412 0.00757803
1413 -3.49347
1414 -7.1423
1415 -8.72989
1416 -9.03301
1417 -9.19215
1418 -8.9345
1419 -9.02544
1420 -9.03301
1421 -9.01028
1422 -9.04817
1423 -9.04817
1424 -9.01786
1425 -9.05954
1426 -8.91177
1427 -9.07848
1428 -9.01786
1429 -9.13153
1430 -8.86251
1431 -9.02165
1432 -9.0027
1433 -8.93071
