0 -88.2905
1 -88.2905
2 0
3 -88.2905
4 88.2905
5 -88.2905
6 0
7 176.581
8 -176.581
9 0
10 -88.2905
11 -176.581
12 0
13 88.2905
14 176.581
15 -88.2905
16 88.2905
17 -176.581
18 0
19 0
20 0
21 88.2905
22 -88.2905
23 88.2905
24 0
25 0
26 0
27 0
28 0
29 -88.2905
30 0
31 -88.2905
32 88.2905
33 -88.2905
34 0
35 0
36 -88.2905
37 -176.581
38 0
39 -88.2905
40 0
41 0
42 0
43 88.2905
44 0
45 88.2905
46 0
47 88.2905
48 0
49 88.2905
50 -176.581
51 0
52 88.2905
53 0
54 -264.871
55 0
56 0
57 0
58 0
59 0
60 -88.2905
61 0
62 0
63 0
64 0
65 -88.2905
66 88.2905
67 0
68 88.2905
69 -88.2905
70 0
71 -88.2905
72 -176.581
73 88.2905
74 0
75 0
76 0
77 -88.2905
78 -176.581
79 -176.581
80 -88.2905
81 0
82 -88.2905
83 176.581
84 176.581
85 -88.2905
86 -176.581
87 88.2905
88 -88.2905
89 88.2905
90 -176.581
91 0
92 0
93 -176.581
94 176.581
95 88.2905
96 0
97 -88.2905
98 0
99 88.2905
100 88.2905
101 0
102 88.2905
103 0
104 0
105 -264.871
106 0
107 0
108 0
109 0
110 -264.871
111 0
112 0
113 0
114 0
115 88.2905
116 88.2905
117 -176.581
118 0
119 -176.581
120 88.2905
121 176.581
122 -88.2905
123 88.2905
124 -176.581
125 0
126 -88.2905
127 88.2905
128 88.2905
129 -88.2905
130 88.2905
131 88.2905
132 88.2905
133 0
134 -88.2905
135 -88.2905
136 0
137 0
138 0
139 88.2905
140 -88.2905
141 88.2905
142 -88.2905
143 -88.2905
144 176.581
145 -176.581
146 0
147 88.2905
148 88.2905
149 0
150 88.2905
151 0
152 264.871
153 0
154 -88.2905
155 176.581
156 0
157 0
158 88.2905
159 -88.2905
160 0
161 0
162 -176.581
163 0
164 0
165 88.2905
166 0
167 88.2905
168 -88.2905
169 -88.2905
170 0
171 0
172 0
173 88.2905
174 0
175 0
176 0
177 88.2905
178 0
179 176.581
180 176.581
181 88.2905
182 -88.2905
183 -176.581
184 88.2905
185 -88.2905
186 176.581
187 88.2905
188 0
189 176.581
190 0
191 0
192 88.2905
193 0
194 -176.581
195 88.2905
196 88.2905
197 88.2905
198 176.581
199 -88.2905
200 -88.2905
201 -176.581
202 0
203 -88.2905
204 176.581
205 -176.581
206 0
207 0
208 0
209 88.2905
210 88.2905
211 0
212 -88.2905
213 0
214 0
215 -88.2905
216 0
217 -88.2905
218 0
219 88.2905
220 0
221 88.2905
222 -88.2905
223 88.2905
224 -88.2905
225 -88.2905
226 88.2905
227 88.2905
228 0
229 0
230 88.2905
231 -176.581
232 -88.2905
233 88.2905
234 0
235 176.581
236 -88.2905
237 -176.581
238 88.2905
239 0
240 0
241 -88.2905
242 88.2905
243 -88.2905
244 0
245 88.2905
246 88.2905
247 -88.2905
248 0
249 -88.2905
250 -88.2905
251 0
252 -88.2905
253 264.871
254 -176.581
255 176.581
256 -88.2905
257 0
258 0
259 -88.2905
260 0
261 -88.2905
262 0
263 0
264 0
265 0
266 88.2905
267 -88.2905
268 -88.2905
269 88.2905
270 0
271 88.2905
272 0
273 88.2905
274 -88.2905
275 0
276 0
277 0
278 -88.2905
279 0
280 0
281 0
282 0
283 -88.2905
284 0
285 0
286 88.2905
287 -88.2905
288 -88.2905
289 0
290 0
291 -88.2905
292 176.581
293 -88.2905
294 0
295 -88.2905
296 176.581
297 0
298 0
299 0
300 0
301 88.2905
302 88.2905
303 88.2905
304 176.581
305 0
306 0
307 0
308 -88.2905
309 88.2905
310 176.581
311 88.2905
312 -88.2905
313 0
314 88.2905
315 88.2905
316 -88.2905
317 88.2905
318 0
319 0
320 -88.2905
321 88.2905
322 88.2905
323 0
324 0
325 -88.2905
326 88.2905
327 0
328 -176.581
329 88.2905
330 88.2905
331 -176.581
332 0
333 88.2905
334 88.2905
335 0
336 -88.2905
337 88.2905
338 0
339 0
340 -176.581
341 -88.2905
342 -88.2905
343 88.2905
344 88.2905
345 0
346 0
347 0
348 0
349 176.581
350 -88.2905
351 0
352 -88.2905
353 -88.2905
354 88.2905
355 88.2905
356 88.2905
357 -88.2905
358 0
359 -88.2905
360 0
361 88.2905
362 0
363 88.2905
364 0
365 88.2905
366 -88.2905
367 -88.2905
368 0
369 0
370 88.2905
371 0
372 88.2905
373 0
374 -88.2905
375 -88.2905
376 -176.581
377 88.2905
378 264.871
379 0
380 -88.2905
381 -88.2905
382 -88.2905
383 -88.2905
384 88.2905
385 -88.2905
386 88.2905
387 88.2905
388 -88.2905
389 88.2905
390 0
391 0
392 -176.581
393 0
394 88.2905
395 88.2905
396 0
397 0
398 0
399 264.871
400 0
401 0
402 -88.2905
403 -176.581
404 0
405 0
406 0
407 0
408 176.581
409 0
410 176.581
411 0
412 0
413 -88.2905
414 -88.2905
415 -88.2905
416 88.2905
417 0
418 176.581
419 -88.2905
420 0
421 0
422 -88.2905
423 -88.2905
424 88.2905
425 264.871
426 88.2905
427 0
428 0
429 88.2905
430 0
431 176.581
432 -88.2905
433 176.581
434 -88.2905
435 88.2905
436 -88.2905
437 88.2905
438 88.2905
439 0
440 0
441 -88.2905
442 0
443 0
444 0
445 88.2905
446 176.581
447 88.2905
448 88.2905
449 -88.2905
450 -88.2905
451 0
452 88.2905
453 -176.581
454 -88.2905
455 88.2905
456 88.2905
457 88.2905
458 -88.2905
459 0
460 0
461 -88.2905
462 0
463 0
464 -88.2905
465 -176.581
466 0
467 -88.2905
468 0
469 0
470 -88.2905
471 0
472 0
473 0
474 88.2905
475 88.2905
476 88.2905
477 0
478 -88.2905
479 -88.2905
480 176.581
481 0
482 88.2905
483 0
484 176.581
485 88.2905
486 -88.2905
487 -88.2905
488 88.2905
489 0
490 0
491 176.581
492 88.2905
493 88.2905
494 -176.581
495 0
496 -88.2905
497 -88.2905
498 0
499 -88.2905
500 0
501 -176.581
502 0
503 -88.2905
504 176.581
505 88.2905
506 0
507 0
508 -88.2905
509 0
510 0
511 88.2905
512 88.2905
513 -88.2905
514 0
515 -88.2905
516 88.2905
517 0
518 -88.2905
519 0
520 -88.2905
521 88.2905
522 -176.581
523 176.581
524 88.2905
525 -176.581
526 88.2905
527 88.2905
528 176.581
529 -176.581
530 0
531 -176.581
532 -88.2905
533 -176.581
534 0
535 0
536 0
537 88.2905
538 88.2905
539 88.2905
540 88.2905
541 0
542 0
543 0
544 0
545 264.871
546 0
547 -176.581
548 88.2905
549 88.2905
550 0
551 0
552 -88.2905
553 88.2905
554 0
555 -88.2905
556 0
557 0
558 0
559 0
560 -88.2905
561 88.2905
562 0
563 0
564 88.2905
565 0
566 0
567 -88.2905
568 88.2905
569 0
570 176.581
571 0
572 88.2905
573 0
574 0
575 0
576 0
577 0
578 -176.581
579 0
580 0
581 0
582 -88.2905
583 88.2905
584 88.2905
585 0
586 -176.581
587 88.2905
588 -176.581
589 -88.2905
590 0
591 88.2905
592 0
593 -88.2905
594 0
595 88.2905
596 0
597 0
598 88.2905
599 -176.581
600 176.581
601 88.2905
602 0
603 88.2905
604 88.2905
605 0
606 88.2905
607 88.2905
608 0
609 0
610 0
611 0
612 0
613 88.2905
614 -88.2905
615 0
616 0
617 0
618 0
619 0
620 -88.2905
621 -264.871
622 0
623 -88.2905
624 -88.2905
625 -88.2905
626 -88.2905
627 0
628 88.2905
629 -176.581
630 88.2905
631 0
632 0
633 0
634 0
635 0
636 0
637 -176.581
638 176.581
639 -88.2905
640 0
641 0
642 -176.581
643 0
644 88.2905
645 0
646 -176.581
647 88.2905
648 0
649 -88.2905
650 0
651 -88.2905
652 -88.2905
653 0
654 176.581
655 -88.2905
656 -88.2905
657 0
658 -88.2905
659 0
660 0
661 176.581
662 88.2905
663 88.2905
664 88.2905
665 88.2905
666 0
667 -88.2905
668 -88.2905
669 88.2905
670 88.2905
671 -88.2905
672 88.2905
673 -176.581
674 -88.2905
675 0
676 -88.2905
677 88.2905
678 -88.2905
679 -88.2905
680 0
681 88.2905
682 88.2905
683 0
684 0
685 0
686 -88.2905
687 88.2905
688 -88.2905
689 0
690 -176.581
691 88.2905
692 0
693 -176.581
694 88.2905
695 0
696 0
697 -88.2905
698 0
699 -88.2905
700 0
701 88.2905
702 88.2905
703 0
704 -176.581
705 88.2905
706 -176.581
707 0
708 88.2905
709 -88.2905
710 0
711 88.2905
712 -88.2905
713 0
714 -88.2905
