0 -1.44456e-05
1 -1.44456e-05
2 -1.44456e-05
3 -1.44456e-05
4 -1.44456e-05
5 -1.44456e-05
6 -1.44456e-05
7 -1.44456e-05
8 -1.44456e-05
9 -1.44456e-05
10 -1.44456e-05
11 -1.44456e-05
12 -1.44456e-05
13 -1.44456e-05
14 -1.44456e-05
15 -1.44456e-05
16 -1.44456e-05
17 -1.44456e-05
18 -1.44456e-05
19 -1.44456e-05
20 -1.44456e-05
21 -1.44456e-05
22 -1.44456e-05
23 -1.44456e-05
24 -1.44456e-05
25 -1.44456e-05
26 -1.44456e-05
27 -1.44456e-05
28 -1.44456e-05
29 -1.44456e-05
30 -1.44456e-05
31 -1.44456e-05
32 -1.44456e-05
33 -1.44456e-05
34 -1.44456e-05
35 -1.44456e-05
36 -1.44456e-05
37 -1.44456e-05
38 -1.44456e-05
39 -1.44456e-05
40 -1.44456e-05
41 -1.44456e-05
42 -1.44456e-05
43 -1.44456e-05
44 -1.44456e-05
45 -1.44456e-05
46 -1.44456e-05
47 -1.44456e-05
48 -1.44456e-05
49 -1.44456e-05
50 -1.44456e-05
51 -1.44456e-05
52 -1.44456e-05
53 -1.44456e-05
54 -1.44456e-05
55 -1.44456e-05
56 -1.44456e-05
57 -1.44456e-05
58 -1.44456e-05
59 -1.44456e-05
60 -1.44456e-05
61 -1.44456e-05
62 -1.44456e-05
63 -1.44456e-05
64 -1.44456e-05
65 -1.44456e-05
66 -1.44456e-05
67 -1.44456e-05
68 -1.44456e-05
69 -1.44456e-05
70 -1.44456e-05
71 -1.44456e-05
72 -1.44456e-05
73 -1.44456e-05
74 -1.44456e-05
75 -1.44456e-05
76 -1.44456e-05
77 -1.44456e-05
78 -1.44456e-05
79 -1.44456e-05
80 -1.44456e-05
81 -1.44456e-05
82 -1.44456e-05
83 -1.44456e-05
84 -1.44456e-05
85 -1.44456e-05
86 -1.44456e-05
87 -1.44456e-05
88 -1.44456e-05
89 -1.44456e-05
90 -1.44456e-05
91 -1.44456e-05
92 -1.44456e-05
93 -1.44456e-05
94 -1.44456e-05
95 -1.44456e-05
96 -1.44456e-05
97 -1.44456e-05
98 -1.44456e-05
99 -1.44456e-05
100 -1.44456e-05
101 -1.44456e-05
102 -1.3972e-05
103 -1.42088e-05
104 -1.42088e-05
105 -1.42088e-05
106 -1.42088e-05
107 -1.42088e-05
108 -1.44456e-05
109 -1.42088e-05
110 -2.13132e-05
111 -2.155e-05
112 -2.10764e-05
113 -2.08396e-05
114 -2.0366e-05
115 -2.0366e-05
116 -2.01291e-05
117 -1.96555e-05
118 -1.94187e-05
119 -1.91819e-05
120 -1.89451e-05
121 -1.82346e-05
122 -1.82346e-05
123 -1.82346e-05
124 -1.75242e-05
125 -1.75242e-05
126 -1.75242e-05
127 -1.70506e-05
128 -1.68138e-05
129 -1.65769e-05
130 -1.65769e-05
131 -1.63401e-05
132 -1.61033e-05
133 -1.58665e-05
134 -1.56297e-05
135 -1.56297e-05
136 -1.53929e-05
137 -1.53929e-05
138 -1.51561e-05
139 -1.51561e-05
140 -1.53929e-05
141 -1.51561e-05
142 -1.46824e-05
143 -1.46824e-05
144 -1.49193e-05
145 -1.51561e-05
146 -1.44456e-05
147 -1.44456e-05
148 -1.44456e-05
149 -1.46824e-05
150 -1.46824e-05
151 -1.44456e-05
152 -1.42088e-05
153 -1.42088e-05
154 -1.44456e-05
155 -1.44456e-05
156 -1.42088e-05
157 -1.3972e-05
158 -1.42088e-05
159 -1.44456e-05
160 -1.44456e-05
161 -1.3972e-05
162 -1.3972e-05
163 -1.42088e-05
164 -1.3972e-05
165 -1.42088e-05
166 -1.3972e-05
167 -1.3972e-05
168 0.0218977
169 0.205014
170 0.471855
171 0.763728
172 1.08854
173 1.38888
174 1.69815
175 2.00672
176 2.33591
177 2.64257
178 2.95297
179 3.25844
180 3.58624
181 3.90654
182 4.20689
183 4.51594
184 4.82063
185 4.95562
186 5.00016
187 5.00713
188 5.00582
189 5.00338
190 5.00164
191 5.00077
192 5.00042
193 5.00025
194 5.00013
195 5.00005
196 4.99995
197 4.9999
198 4.99991
199 4.99992
200 4.99993
201 4.99993
202 4.99993
203 4.99994
204 4.99996
205 4.99996
206 4.99996
207 4.99996
208 4.99997
209 4.99998
210 4.99998
211 4.99998
212 4.99998
213 4.99999
214 4.99999
215 4.99999
216 4.99999
217 4.99999
218 4.99999
219 5
220 4.99999
221 4.99999
222 4.99999
223 5
224 5
225 4.99999
226 4.99999
227 5
228 5
229 5
230 5
231 5
232 5
233 5
234 5
235 5
236 5
237 5
238 5
239 5
240 5
241 5
242 5
243 5
244 5
245 5
246 5
247 5
248 5
249 5
250 5
251 5
252 5
253 5
254 5
255 5
256 5
257 5
258 5
259 5
260 5
261 5
262 5
263 5
264 5
265 5
266 5
267 5
268 5
269 5
270 5
271 5
272 5
273 5
274 5
275 5
276 5
277 5
278 5
279 5
280 5
281 5
282 5
283 5
284 5
285 5
286 5
287 5
288 5
289 5
290 5
291 5
292 5
293 5
294 5
295 5
296 5
297 5
298 5
299 5
300 5
301 5
302 5
303 5
304 5
305 5
306 5
307 5
308 5
309 5
310 5
311 5
312 5
313 5
314 5
315 5
316 5
317 5
318 5
319 5
320 5
321 5
322 5
323 5
324 5
325 5
326 5
327 5
328 4.99387
329 4.8854
330 4.64917
331 4.3179
332 3.98531
333 3.67235
334 3.38285
335 3.07289
336 2.73614
337 2.43809
338 2.12892
339 1.81231
340 1.53416
341 1.22628
342 0.923437
343 0.575932
344 0.258923
345 0.0869347
346 0.0112496
347 -0.0066071
348 -0.00650645
349 -0.00412553
350 -0.00206004
351 -0.00096833
352 -0.000420581
353 -0.000315672
354 -0.000239182
355 -0.000149193
356 -6.55973e-05
357 4.5705e-05
358 7.45963e-05
359 7.60171e-05
360 6.41765e-05
361 5.02045e-05
362 4.78363e-05
363 5.02045e-05
364 4.80731e-05
365 3.59957e-05
366 2.155e-05
367 2.06028e-05
368 2.39182e-05
369 2.36814e-05
370 1.84715e-05
371 6.39396e-06
372 5.2099e-06
373 8.52529e-06
374 9.94617e-06
375 7.10441e-06
376 0
377 -7.10441e-07
378 3.07858e-06
379 4.73627e-06
380 1.89451e-06
381 -2.60495e-06
382 -2.60495e-06
383 4.73627e-07
384 1.65769e-06
385 -4.73627e-07
386 -4.02583e-06
387 -4.26264e-06
388 -1.42088e-06
389 -4.73627e-07
390 -2.60495e-06
391 -5.2099e-06
392 -4.97308e-06
393 -3.07858e-06
394 -2.36814e-06
395 -3.78902e-06
396 -5.68352e-06
397 -4.97308e-06
398 -3.5522e-06
399 -2.84176e-06
400 -4.02583e-06
401 -4.97308e-06
402 -4.26264e-06
403 -3.31539e-06
404 -2.84176e-06
405 -3.78902e-06
406 -4.26264e-06
407 -4.02583e-06
408 -3.31539e-06
409 -3.07858e-06
410 -3.78902e-06
411 -4.26264e-06
412 -4.26264e-06
413 -3.5522e-06
414 -3.5522e-06
415 -4.02583e-06
416 -4.49946e-06
417 -4.49946e-06
418 -4.02583e-06
419 -3.78902e-06
420 -3.78902e-06
421 -4.26264e-06
422 -4.26264e-06
423 -3.78902e-06
424 -3.5522e-06
425 -3.5522e-06
426 -4.26264e-06
427 -4.02583e-06
428 -3.5522e-06
429 -3.31539e-06
430 -3.5522e-06
431 -4.02583e-06
432 -4.02583e-06
433 -3.5522e-06
434 -3.5522e-06
435 -3.78902e-06
436 -4.02583e-06
437 -4.02583e-06
438 -3.78902e-06
439 -3.5522e-06
440 -4.02583e-06
441 -4.49946e-06
442 -4.26264e-06
443 -3.78902e-06
444 -3.78902e-06
445 -4.02583e-06
446 -4.02583e-06
447 -4.02583e-06
448 -3.5522e-06
449 -3.5522e-06
450 -3.78902e-06
451 -4.02583e-06
452 -3.78902e-06
453 -3.5522e-06
454 -3.31539e-06
455 -3.5522e-06
456 -4.02583e-06
457 -3.78902e-06
458 -3.31539e-06
459 -3.5522e-06
460 -4.02583e-06
461 -4.26264e-06
462 -4.26264e-06
463 -3.5522e-06
464 -3.5522e-06
465 -4.02583e-06
466 -4.02583e-06
467 -4.02583e-06
468 -3.78902e-06
469 -3.78902e-06
470 -3.78902e-06
471 -3.78902e-06
472 -4.02583e-06
473 -3.78902e-06
474 -3.78902e-06
475 -3.78902e-06
476 -3.78902e-06
477 -3.78902e-06
478 -3.5522e-06
479 -3.5522e-06
480 -3.78902e-06
481 -3.78902e-06
482 -3.78902e-06
483 -3.78902e-06
484 -3.5522e-06
485 -3.78902e-06
486 -4.02583e-06
487 -3.78902e-06
488 0.00019395
489 0.0824573
490 0.300049
491 0.595129
492 0.883344
493 1.18746
494 1.54861
495 1.84754
496 2.17448
497 2.46133
498 2.76922
499 3.0511
500 3.36149
501 3.7191
502 4.02818
503 4.32979
504 4.65744
505 4.88477
506 4.97916
507 5.00455
508 5.00693
509 5.00485
510 5.00262
511 5.00124
512 5.00057
513 5.00033
514 5.0002
515 5.00011
516 5.00002
517 4.99992
518 4.9999
519 4.99991
520 4.99993
521 4.99993
522 4.99993
523 4.99993
524 4.99995
525 4.99996
526 4.99996
527 4.99996
528 4.99996
529 4.99998
530 4.99998
531 4.99998
532 4.99998
533 4.99998
534 4.99999
535 4.99999
536 4.99999
537 4.99999
538 4.99999
539 5
540 5
541 4.99999
542 4.99999
543 5
544 5
545 5
546 4.99999
547 4.99999
548 5
549 5
550 5
551 5
552 5
553 5
554 5
555 5
556 5
557 5
558 5
559 5
560 5
561 5
562 5
563 5
564 5
565 5
566 5
567 5
568 5
569 5
570 5
571 5
572 5
573 5
574 5
575 5
576 5
577 5
578 5
579 5
580 5
581 5
582 5
583 5
584 5
585 5
586 5
587 5
588 5
589 5
590 5
591 5
592 5
593 5
594 5
595 5
596 5
597 5
598 5
599 5
600 5
601 5
602 5
603 5
604 5
605 5
606 5
607 5
608 5
609 5
610 5
611 5
612 5
613 5
614 5
615 5
616 5
617 5
618 5
619 5
620 5
621 5
622 5
623 5
624 5
625 5
626 5
627 5
628 5
629 5
630 5
631 5
632 5
633 5
634 5
635 5
636 5
637 5
638 5
639 5
640 5
641 5
642 5
643 5
644 5
645 5
646 5
647 5
648 5
649 4.96826
650 4.82071
651 4.50456
652 4.25113
653 3.94273
654 3.62238
655 3.30311
656 2.99208
657 2.69017
658 2.33256
659 2.04325
660 1.71174
661 1.44973
662 1.11207
663 0.804289
664 0.466694
665 0.217833
666 0.0621041
667 0.000595349
668 -0.00713803
669 -0.00585853
670 -0.00339354
671 -0.001706
672 -0.00072015
673 -0.000376297
674 -0.000302648
675 -0.000220473
676 -0.000121249
677 -9.47254e-06
678 6.06243e-05
679 7.93325e-05
680 7.27017e-05
681 6.03874e-05
682 4.85468e-05
683 4.92572e-05
684 5.11517e-05
685 4.64154e-05
686 3.19698e-05
687 2.08396e-05
688 2.155e-05
689 2.43918e-05
690 2.29709e-05
691 1.46824e-05
692 5.44671e-06
693 6.63078e-06
694 1.0183e-05
695 9.70935e-06
696 4.73627e-06
697 -1.42088e-06
698 0
699 4.02583e-06
700 4.02583e-06
701 2.36814e-07
702 -3.5522e-06
703 -2.13132e-06
704 1.65769e-06
705 1.18407e-06
706 -2.13132e-06
707 -4.26264e-06
708 -3.07858e-06
709 -4.73627e-07
710 -9.47254e-07
711 -3.31539e-06
712 -5.44671e-06
713 -4.49946e-06
714 -2.60495e-06
715 -2.60495e-06
716 -4.26264e-06
717 -5.44671e-06
718 -4.26264e-06
719 -2.84176e-06
720 -3.31539e-06
721 -4.26264e-06
722 -4.97308e-06
723 -3.78902e-06
724 -2.84176e-06
725 -3.07858e-06
726 -3.78902e-06
727 -4.26264e-06
728 -3.5522e-06
729 -3.31539e-06
730 -3.31539e-06
731 -3.78902e-06
732 -4.02583e-06
733 -3.78902e-06
734 -3.31539e-06
735 -3.78902e-06
736 -4.26264e-06
737 -4.49946e-06
738 -4.26264e-06
739 -3.78902e-06
740 -4.02583e-06
741 -4.02583e-06
742 -4.49946e-06
743 -4.02583e-06
744 -3.78902e-06
745 -3.78902e-06
746 -3.78902e-06
747 -3.78902e-06
748 -4.02583e-06
749 -3.78902e-06
750 -3.31539e-06
751 -3.5522e-06
752 -4.02583e-06
753 -4.02583e-06
754 -3.31539e-06
755 -3.31539e-06
756 -4.02583e-06
757 -3.78902e-06
758 -4.02583e-06
759 -3.78902e-06
760 -3.78902e-06
761 -4.26264e-06
762 -4.26264e-06
763 -4.26264e-06
764 -4.02583e-06
765 -3.78902e-06
766 -4.02583e-06
767 -4.02583e-06
768 -4.02583e-06
769 -3.78902e-06
770 -3.78902e-06
771 -3.5522e-06
772 -3.78902e-06
773 -3.78902e-06
774 -3.5522e-06
775 -3.78902e-06
776 -3.78902e-06
777 -3.78902e-06
778 -3.5522e-06
779 -3.5522e-06
780 -3.78902e-06
781 -4.02583e-06
782 -4.02583e-06
783 -3.78902e-06
784 -3.78902e-06
785 -3.78902e-06
786 -4.02583e-06
787 -3.78902e-06
788 -4.02583e-06
789 -3.5522e-06
790 -3.78902e-06
791 -4.02583e-06
792 -3.78902e-06
793 -3.78902e-06
794 -3.5522e-06
795 -3.5522e-06
796 -3.78902e-06
797 -3.78902e-06
798 -3.5522e-06
799 -3.5522e-06
800 -3.78902e-06
801 -3.78902e-06
802 -3.78902e-06
803 -3.78902e-06
804 -3.78902e-06
805 -4.02583e-06
806 -4.02583e-06
807 -3.78902e-06
808 -3.78902e-06
809 0.00243894
810 0.136636
811 0.37077
812 0.69812
813 0.960842
814 1.28512
815 1.63088
816 1.93212
817 2.22666
818 2.55691
819 2.86112
820 3.18765
821 3.48567
822 3.80225
823 4.06294
824 4.41295
825 4.7189
826 4.91651
827 4.99101
828 5.00601
829 5.00665
830 5.00414
831 5.00208
832 5.00101
833 5.00051
834 5.0003
835 5.00017
836 5.00008
837 4.99999
838 4.99991
839 4.9999
840 4.99992
841 4.99993
842 4.99993
843 4.99993
844 4.99994
845 4.99996
846 4.99996
847 4.99996
848 4.99996
849 4.99997
850 4.99998
851 4.99998
852 4.99998
853 4.99998
854 4.99998
855 4.99999
856 4.99999
857 4.99999
858 4.99999
859 4.99999
860 5
861 4.99999
862 4.99999
863 4.99999
864 5
865 5
866 4.99999
867 4.99999
868 5
869 5
870 5
871 5
872 5
873 5
874 5
875 5
876 5
877 5
878 5
879 5
880 5
881 5
882 5
883 5
884 5
885 5
886 5
887 5
888 5
889 5
890 5
891 5
892 5
893 5
894 5
895 5
896 5
897 5
898 5
899 5
900 5
901 5
902 5
903 5
904 5
905 5
906 5
907 5
908 5
909 5
910 5
911 5
912 5
913 5
914 5
915 5
916 5
917 5
918 5
919 5
920 5
921 5
922 5
923 5
924 5
925 5
926 5
927 5
928 5
929 5
930 5
931 5
932 5
933 5
934 5
935 5
936 5
937 5
938 5
939 5
940 5
941 5
942 5
943 5
944 5
945 5
946 5
947 5
948 5
949 5
950 5
951 5
952 5
953 5
954 5
955 5
956 5
957 5
958 5
959 5
960 5
961 5
962 5
963 5
964 5
965 5
966 5
967 5
968 5
969 4.99997
970 4.90732
971 4.68078
972 4.37437
973 4.11664
974 3.78368
975 3.45515
976 3.11642
977 2.81315
978 2.51135
979 2.21335
980 1.88307
981 1.5975
982 1.27964
983 0.963157
984 0.640477
985 0.342579
986 0.106333
987 0.0174404
988 -0.00577636
989 -0.00697345
990 -0.0050401
991 -0.00246144
992 -0.00122314
993 -0.000543724
994 -0.000332249
995 -0.000264284
996 -0.0001769
997 -8.28847e-05
998 3.22066e-05
999 7.24649e-05
1000 7.93325e-05
1001 6.82023e-05
1002 5.39935e-05
1003 4.90204e-05
1004 5.13885e-05
1005 5.06781e-05
1006 4.14424e-05
1007 2.58127e-05
1008 2.10764e-05
1009 2.39182e-05
1010 2.43918e-05
1011 2.01291e-05
1012 8.99891e-06
1013 5.92034e-06
1014 8.7621e-06
1015 1.04198e-05
1016 7.57803e-06
1017 2.36814e-06
1018 -7.10441e-07
1019 2.60495e-06
1020 4.97308e-06
1021 3.07858e-06
1022 -1.65769e-06
1023 -3.07858e-06
1024 0
1025 1.89451e-06
1026 0
1027 -3.07858e-06
1028 -4.49946e-06
1029 -1.89451e-06
1030 -4.73627e-07
1031 -2.36814e-06
1032 -5.2099e-06
1033 -5.44671e-06
1034 -3.31539e-06
1035 -2.36814e-06
1036 -3.5522e-06
1037 -5.68352e-06
1038 -5.68352e-06
1039 -3.5522e-06
1040 -2.84176e-06
1041 -3.78902e-06
1042 -4.97308e-06
1043 -4.73627e-06
1044 -3.07858e-06
1045 -2.84176e-06
1046 -3.5522e-06
1047 -4.49946e-06
1048 -4.26264e-06
1049 -3.5522e-06
1050 -3.31539e-06
1051 -3.78902e-06
1052 -4.26264e-06
1053 -4.26264e-06
1054 -3.5522e-06
1055 -3.5522e-06
1056 -4.02583e-06
1057 -4.02583e-06
1058 -4.49946e-06
1059 -4.02583e-06
1060 -4.02583e-06
1061 -4.02583e-06
1062 -4.26264e-06
1063 -4.49946e-06
1064 -3.78902e-06
1065 -3.5522e-06
1066 -3.78902e-06
1067 -4.02583e-06
1068 -4.02583e-06
1069 -3.78902e-06
1070 -3.31539e-06
1071 -3.5522e-06
1072 -3.78902e-06
1073 -4.02583e-06
1074 -3.5522e-06
1075 -3.31539e-06
1076 -3.78902e-06
1077 -4.26264e-06
1078 -4.02583e-06
1079 -3.5522e-06
1080 -3.5522e-06
1081 -4.02583e-06
1082 -4.49946e-06
1083 -4.26264e-06
1084 -3.78902e-06
1085 -3.5522e-06
1086 -4.26264e-06
1087 -4.26264e-06
1088 -3.78902e-06
1089 -3.78902e-06
1090 -3.31539e-06
1091 -3.78902e-06
1092 -4.02583e-06
1093 -3.5522e-06
1094 -3.5522e-06
1095 -3.31539e-06
1096 -3.78902e-06
1097 -3.78902e-06
1098 -3.78902e-06
1099 -3.5522e-06
1100 -3.78902e-06
1101 -4.02583e-06
1102 -4.02583e-06
1103 -3.78902e-06
1104 -3.5522e-06
1105 -4.02583e-06
1106 -4.26264e-06
1107 -4.26264e-06
1108 -4.26264e-06
1109 -4.02583e-06
1110 -3.5522e-06
1111 -3.78902e-06
1112 -4.02583e-06
1113 -3.78902e-06
1114 -3.78902e-06
1115 -3.31539e-06
1116 -3.78902e-06
1117 -3.78902e-06
1118 -3.5522e-06
1119 -3.5522e-06
1120 -3.31539e-06
1121 -3.78902e-06
1122 -4.02583e-06
1123 -4.02583e-06
1124 -3.78902e-06
1125 -3.5522e-06
1126 -3.78902e-06
1127 -4.02583e-06
1128 -4.02583e-06
1129 -3.78902e-06
1130 0.0394887
1131 0.23084
1132 0.522791
1133 0.807237
1134 1.11859
1135 1.43134
1136 1.76039
1137 2.05895
1138 2.37565
1139 2.66742
1140 3.00018
1141 3.31183
1142 3.60116
1143 3.92143
1144 4.24417
1145 4.54202
1146 4.82635
1147 4.96438
1148 5.00139
1149 5.00712
1150 5.00583
1151 5.00328
1152 5.0015
1153 5.00072
1154 5.00039
1155 5.00023
1156 5.00012
1157 5.00005
1158 4.99994
1159 4.9999
1160 4.99991
1161 4.99992
1162 4.99993
1163 4.99993
1164 4.99993
1165 4.99995
1166 4.99996
1167 4.99996
1168 4.99996
1169 4.99996
1170 4.99997
1171 4.99998
1172 4.99998
1173 4.99998
1174 4.99998
1175 4.99999
1176 4.99999
1177 4.99999
1178 4.99999
1179 4.99999
1180 5
1181 5
1182 4.99999
1183 4.99999
1184 4.99999
1185 5
1186 5
1187 4.99999
1188 4.99999
1189 5
1190 5
1191 5
1192 5
1193 5
1194 5
1195 5
1196 5
1197 5
1198 5
1199 5
1200 5
1201 5
1202 5
1203 5
1204 5
1205 5
1206 5
1207 5
1208 5
1209 5
1210 5
1211 5
1212 5
1213 5
1214 5
1215 5
1216 5
1217 5
1218 5
1219 5
1220 5
1221 5
1222 5
1223 5
1224 5
1225 5
1226 5
1227 5
1228 5
1229 5
1230 5
1231 5
1232 5
1233 5
1234 5
1235 5
1236 5
1237 5
1238 5
1239 5
1240 5
1241 5
1242 5
1243 5
1244 5
1245 5
1246 5
1247 5
1248 5
1249 5
1250 5
1251 5
1252 5
1253 5
1254 5
1255 5
1256 5
1257 5
1258 5
1259 5
1260 5
1261 5
1262 5
1263 5
1264 5
1265 5
1266 5
1267 5
1268 5
1269 5
1270 5
1271 5
1272 5
1273 5
1274 5
1275 5
1276 5
1277 5
1278 5
1279 5
1280 5
1281 5
1282 5
1283 5
1284 5
1285 5
1286 5
1287 5
1288 5
1289 5
1290 4.9949
1291 4.83309
1292 4.60444
1293 4.3068
1294 3.96653
1295 3.66736
1296 3.32928
1297 3.05921
1298 2.71129
1299 2.40955
1300 2.12396
1301 1.80611
1302 1.50684
1303 1.18656
1304 0.878751
1305 0.570964
1306 0.256666
1307 0.074054
1308 0.00654458
1309 -0.006775
1310 -0.006501
1311 -0.00396568
1312 -0.0018256
1313 -0.000835715
1314 -0.000407319
1315 -0.000315672
1316 -0.000228051
1317 -0.000138536
1318 -3.50484e-05
1319 5.47039e-05
1320 7.81485e-05
1321 7.62539e-05
1322 6.29924e-05
1323 5.09149e-05
1324 5.02045e-05
1325 5.2099e-05
1326 4.90204e-05
1327 3.52852e-05
1328 2.24973e-05
1329 2.20237e-05
1330 2.51022e-05
1331 2.4155e-05
1332 1.58665e-05
1333 6.39396e-06
1334 6.15715e-06
1335 9.70935e-06
1336 9.94617e-06
1337 5.68352e-06
1338 0
1339 2.36814e-07
1340 4.02583e-06
1341 4.49946e-06
1342 1.42088e-06
1343 -2.84176e-06
1344 -2.36814e-06
1345 1.18407e-06
1346 1.65769e-06
1347 -1.18407e-06
1348 -4.26264e-06
1349 -3.31539e-06
1350 -7.10441e-07
1351 -4.73627e-07
1352 -3.78902e-06
1353 -5.44671e-06
1354 -4.49946e-06
1355 -2.60495e-06
1356 -2.36814e-06
1357 -4.26264e-06
1358 -5.44671e-06
1359 -4.73627e-06
1360 -3.31539e-06
1361 -3.31539e-06
1362 -4.26264e-06
1363 -4.97308e-06
1364 -4.02583e-06
1365 -3.07858e-06
1366 -3.07858e-06
1367 -3.78902e-06
1368 -4.26264e-06
1369 -4.02583e-06
1370 -3.31539e-06
1371 -3.07858e-06
1372 -4.02583e-06
1373 -4.26264e-06
1374 -3.78902e-06
1375 -3.5522e-06
1376 -3.78902e-06
1377 -4.02583e-06
1378 -4.49946e-06
1379 -4.26264e-06
1380 -3.78902e-06
1381 -4.02583e-06
1382 -4.26264e-06
1383 -4.26264e-06
1384 -4.26264e-06
1385 -3.5522e-06
1386 -3.5522e-06
1387 -4.02583e-06
1388 -4.26264e-06
1389 -4.02583e-06
1390 -3.5522e-06
1391 -3.5522e-06
1392 -3.5522e-06
1393 -4.02583e-06
1394 -3.78902e-06
1395 -3.5522e-06
1396 -3.5522e-06
1397 -3.78902e-06
1398 -4.02583e-06
1399 -4.02583e-06
1400 -3.5522e-06
1401 -3.5522e-06
1402 -3.78902e-06
1403 -4.26264e-06
1404 -4.02583e-06
1405 -3.78902e-06
1406 -3.78902e-06
1407 -4.26264e-06
1408 -4.02583e-06
1409 -4.02583e-06
1410 -3.78902e-06
1411 -3.78902e-06
1412 -4.02583e-06
1413 -3.78902e-06
1414 -3.78902e-06
1415 -3.5522e-06
1416 -3.5522e-06
1417 -4.02583e-06
1418 -3.78902e-06
1419 -3.78902e-06
1420 -3.78902e-06
1421 -3.78902e-06
1422 -4.26264e-06
1423 -4.02583e-06
1424 -4.02583e-06
1425 -3.5522e-06
1426 -3.78902e-06
1427 -4.02583e-06
1428 -4.02583e-06
1429 -3.78902e-06
1430 -3.78902e-06
1431 -4.02583e-06
1432 -4.02583e-06
1433 -4.02583e-06
1434 -3.78902e-06
1435 -3.5522e-06
1436 -3.78902e-06
1437 -3.78902e-06
1438 -3.78902e-06
1439 -3.78902e-06
1440 -3.31539e-06
1441 -3.78902e-06
1442 -3.78902e-06
1443 -4.02583e-06
1444 -3.78902e-06
1445 -3.5522e-06
1446 -3.78902e-06
1447 -4.02583e-06
1448 -4.02583e-06
1449 -3.78902e-06
1450 0.00107205
1451 0.096251
1452 0.332197
1453 0.632946
1454 0.938317
1455 1.2488
1456 1.56979
1457 1.88236
1458 2.19063
1459 2.48864
1460 2.81518
1461 3.11317
1462 3.44098
1463 3.73399
1464 4.05178
1465 4.34964
1466 4.65868
1467 4.88356
1468 4.98398
1469 5.00566
1470 5.00685
1471 5.00454
1472 5.00223
1473 5.00111
1474 5.00058
1475 5.00031
1476 5.00017
1477 5.00009
1478 5
1479 4.99992
1480 4.9999
1481 4.99991
1482 4.99993
1483 4.99993
1484 4.99993
1485 4.99993
1486 4.99995
1487 4.99996
1488 4.99996
1489 4.99996
1490 4.99996
1491 4.99998
1492 4.99998
1493 4.99998
1494 4.99998
1495 4.99998
1496 4.99999
1497 4.99999
1498 4.99999
1499 4.99999
1500 4.99999
1501 5
1502 4.99999
1503 4.99999
1504 4.99999
1505 5
1506 5
1507 5
1508 4.99999
1509 4.99999
1510 5
1511 5
1512 5
1513 5
1514 5
1515 5
1516 5
1517 5
1518 5
1519 5
1520 5
1521 5
1522 5
1523 5
1524 5
1525 5
1526 5
1527 5
1528 5
1529 5
1530 5
1531 5
1532 5
1533 5
1534 5
1535 5
1536 5
1537 5
1538 5
1539 5
1540 5
1541 5
1542 5
1543 5
1544 5
1545 5
1546 5
1547 5
1548 5
1549 5
1550 5
1551 5
1552 5
1553 5
1554 5
1555 5
1556 5
1557 5
1558 5
1559 5
1560 5
1561 5
1562 5
1563 5
1564 5
1565 5
1566 5
1567 5
1568 5
1569 5
1570 5
1571 5
1572 5
1573 5
1574 5
1575 5
1576 5
1577 5
1578 5
1579 5
1580 5
1581 5
1582 5
1583 5
1584 5
1585 5
1586 5
1587 5
1588 5
1589 5
1590 5
1591 5
1592 5
1593 5
1594 5
1595 5
1596 5
1597 5
1598 5
1599 5
1600 5
1601 5
1602 5
1603 5
1604 5
1605 5
1606 4.992
1607 4.84429
1608 4.5999
1609 4.28705
1610 4.01535
1611 3.69611
1612 3.37787
1613 3.05548
1614 2.7175
1615 2.4505
1616 2.12519
1617 1.81479
1618 1.49442
1619 1.22256
1620 0.893645
1621 0.564765
1622 0.260057
1623 0.0869335
1624 0.00994285
1625 -0.00650195
1626 -0.00647567
1627 -0.00392471
1628 -0.00190067
1629 -0.000993196
1630 -0.000429343
1631 -0.000319461
1632 -0.000233972
1633 -0.000138062
1634 -5.06781e-05
1635 4.71259e-05
1636 7.7438e-05
1637 7.7438e-05
1638 6.48869e-05
1639 5.2099e-05
1640 4.99676e-05
1641 5.28094e-05
1642 4.9494e-05
1643 3.67061e-05
1644 2.32077e-05
1645 2.17868e-05
1646 2.48654e-05
1647 2.43918e-05
1648 1.79978e-05
1649 6.86759e-06
1650 6.39396e-06
1651 9.47254e-06
1652 1.04198e-05
1653 6.86759e-06
1654 2.36814e-07
1655 2.36814e-07
1656 3.78902e-06
1657 4.73627e-06
1658 1.89451e-06
1659 -2.60495e-06
1660 -2.13132e-06
1661 7.10441e-07
1662 1.65769e-06
1663 -9.47254e-07
1664 -4.02583e-06
1665 -3.31539e-06
1666 -4.73627e-07
