0 -79.2676
1 -79.2676
2 -79.2676
3 -79.2676
4 -79.2676
5 -79.2676
6 -79.2676
7 -79.2676
8 -79.2676
9 -79.2676
10 -79.2676
11 -79.2676
12 -79.2676
13 -79.2676
14 -79.2676
15 -79.2676
16 -79.2676
17 -79.2676
18 -79.2676
19 -79.2676
20 -79.2676
21 -79.2676
22 -79.2676
23 -79.2676
24 -79.2676
25 -79.2676
26 -79.2676
27 -79.2676
28 -79.2676
29 -79.2676
30 -79.2676
31 -79.2676
32 -79.2676
33 -79.2676
34 -79.2676
35 -79.2676
36 -79.2676
37 -79.2676
38 -79.2676
39 -79.2676
40 -79.2676
41 -79.2676
42 -79.2676
43 -79.2676
44 -79.2676
45 -79.2676
46 -79.2676
47 -79.2676
48 -79.2676
49 -79.2676
50 -79.2676
51 -79.2676
52 -79.2676
53 -79.2676
54 -79.2676
55 -79.2676
56 -79.2676
57 -79.2676
58 -79.2676
59 -79.2676
60 -79.2676
61 -79.2676
62 -79.2676
63 -79.2676
64 -79.2676
65 -79.2676
66 -79.2676
67 -79.2676
68 -79.2676
69 -79.2676
70 -79.2676
71 -79.2676
72 -79.2676
73 -79.2676
74 -79.2676
75 -79.2676
76 -79.2676
77 -79.2676
78 -79.2676
79 -79.2676
80 -79.2676
81 -79.2676
82 -79.2676
83 -79.2676
84 -79.2676
85 -79.2676
86 -79.2676
87 -79.2676
88 -79.2676
89 -79.2676
90 -79.2676
91 -79.2676
92 -79.2676
93 -79.2676
94 -79.2676
95 -79.2676
96 -79.2676
97 -79.2676
98 -79.2676
99 -79.2676
100 -79.2676
101 -79.2676
102 -79.2676
103 -79.2676
104 -79.2676
105 -79.2676
106 -79.2676
107 -79.2676
108 -79.2676
109 -79.2676
110 -79.2676
111 -79.2676
112 -79.2676
113 -79.2676
114 -79.2676
115 -79.2676
116 -79.2676
117 -79.2676
118 -79.2676
119 -79.2676
120 -79.2676
121 -79.2676
122 -79.2676
123 -79.2676
124 -79.2676
125 -79.2676
126 -79.2676
127 -79.2676
128 -79.2676
129 -79.2676
130 -79.2676
131 -79.2676
132 -79.2676
133 -79.2676
134 -79.2676
135 -79.2676
136 -79.2676
137 -79.2676
138 -79.2676
139 -79.2676
140 -79.2676
141 -79.2676
142 -79.2676
143 -79.2676
144 -79.2676
145 -79.2676
146 -79.2676
147 -79.2676
148 -79.2676
149 -79.2676
150 -79.2676
151 -79.2676
152 -79.2676
153 -79.2676
154 -79.2676
155 -79.2676
156 -79.2676
157 -79.2676
158 -79.2676
159 -79.2676
160 -79.2676
161 -79.2676
162 -79.2676
163 -79.2676
164 -79.2676
165 -79.2676
166 -79.2676
167 -79.2676
168 -79.2676
169 -79.2676
170 -79.2676
171 -79.2676
172 -79.2676
173 -79.2676
174 -79.2676
175 -79.2676
176 -79.2676
177 -79.2676
178 -79.2676
179 -79.2676
180 -79.2676
181 -79.2671
182 -79.1707
183 -78.9654
184 -78.7027
185 -78.4239
186 -78.1415
187 -77.8665
188 -77.5764
189 -77.2699
190 -77.0166
191 -76.7386
192 -76.4506
193 -76.1727
194 -75.8667
195 -75.5787
196 -75.2975
197 -75.0083
198 -74.7485
199 -74.4762
200 -74.168
201 -73.898
202 -73.6077
203 -73.3569
204 -73.0779
205 -72.7797
206 -72.4884
207 -72.2364
208 -71.9484
209 -71.6379
210 -71.3589
211 -71.1069
212 -70.7885
213 -70.5084
214 -70.2485
215 -69.9661
216 -69.6883
217 -69.4093
218 -69.1202
219 -68.8378
220 -68.5599
221 -68.2798
222 -68.0278
223 -67.7016
224 -67.4316
225 -67.1616
226 -66.8826
227 -66.5957
228 -66.3302
229 -66.0422
230 -65.7632
231 -65.4831
232 -65.1962
233 -64.9082
234 -64.6168
235 -64.3334
236 -64.0465
237 -63.8046
238 -63.4986
239 -63.2185
240 -62.9316
241 -62.638
242 -62.3871
243 -62.1081
244 -61.8213
245 -61.5411
246 -61.2475
247 -60.9764
248 -60.6906
249 -60.4117
250 -60.1124
251 -59.8492
252 -59.5544
253 -59.2844
254 -59.0111
255 -58.7309
256 -58.4249
257 -58.1369
258 -57.8939
259 -57.6015
260 -57.3146
261 -57.0502
262 -56.7532
263 -56.4731
264 -56.1963
265 -55.9128
266 -55.6192
267 -55.338
268 -55.0758
269 -54.798
270 -54.501
271 -54.222
272 -53.9497
273 -53.673
274 -53.376
275 -53.079
276 -52.8315
277 -52.5559
278 -52.2398
279 -51.9776
280 -51.684
281 -51.3949
282 -51.1339
283 -50.8392
284 -50.5601
285 -50.2913
286 -49.9988
287 -49.7198
288 -49.4408
289 -49.1629
290 -48.8659
291 -48.5768
292 -48.2978
293 -48.0368
294 -47.7488
295 -47.4687
296 -47.1863
297 -46.904
298 -46.6092
299 -46.3448
300 -46.0625
301 -45.7879
302 -45.4865
303 -45.2075
304 -44.9465
305 -44.6596
306 -44.3727
307 -44.0915
308 -43.808
309 -43.5312
310 -43.2376
311 -42.9665
312 -42.6965
313 -42.4175
314 -42.1295
315 -41.8516
316 -41.5693
317 -41.2993
318 -41.0135
319 -40.7244
320 -40.4634
321 -40.1619
322 -39.8582
323 -39.5893
324 -39.3283
325 -39.0335
326 -38.7365
327 -38.4564
328 -38.1887
329 -37.9108
330 -37.6138
331 -37.3269
332 -37.0592
333 -36.7723
334 -36.4742
335 -36.1952
336 -35.9522
337 -35.6383
338 -35.3391
339 -35.1051
340 -34.8205
341 -34.5291
342 -34.2501
343 -33.979
344 -33.6854
345 -33.4154
346 -33.1195
347 -32.8416
348 -32.5716
349 -32.2982
350 -32.0013
351 -31.7234
352 -31.4534
353 -31.162
354 -30.8628
355 -30.5928
356 -30.3205
357 -30.0348
358 -29.7468
359 -29.4757
360 -29.19
361 -28.9289
362 -28.605
363 -28.344
364 -28.0739
365 -27.7837
366 -27.4878
367 -27.2178
368 -26.9377
369 -26.6677
370 -26.3853
371 -26.0973
372 -25.8161
373 -25.527
374 -25.239
375 -24.9724
376 -24.6922
377 -24.4133
378 -24.1432
379 -23.835
380 -23.5605
381 -23.2894
382 -22.998
383 -22.7302
384 -22.4153
385 -22.1408
386 -21.8888
387 -21.6109
388 -21.3308
389 -21.009
390 -20.766
391 -20.4668
392 -20.1855
393 -19.9065
394 -19.6084
395 -19.3294
396 -19.0583
397 -18.7759
398 -18.4801
399 -18.2371
400 -17.9288
401 -17.6577
402 -17.3607
403 -17.093
404 -16.8218
405 -16.5395
406 -16.2335
407 -15.959
408 -15.6879
409 -15.4089
410 -15.1029
411 -14.8272
412 -14.5415
413 -14.2693
414 -14.0195
415 -13.7124
416 -13.43
417 -13.1409
418 -12.8552
419 -12.6133
420 -12.323
421 -12.0418
422 -11.7347
423 -11.4647
424 -11.1958
425 -10.9078
426 -10.6198
427 -10.3386
428 -10.0629
429 -9.76706
430 -9.48019
431 -9.24617
432 -8.91995
433 -8.66005
434 -8.37882
435 -8.0717
436 -7.80058
437 -7.54071
438 -7.25158
439 -6.96361
440 -6.68461
441 -6.40674
442 -6.11312
443 -5.82511
444 -5.55512
445 -5.27723
446 -4.98699
447 -4.70687
448 -4.41663
449 -4.1635
450 -3.86987
451 -3.58977
452 -3.31076
453 -3.03628
454 -2.74042
455 -2.4704
456 -2.18243
457 -1.90342
458 -1.62442
459 -1.35107
460 -1.07206
461 -0.791957
462 -0.502825
463 -0.227202
464 0.0607981
465 0.333066
466 0.623294
467 0.902323
468 1.17228
469 1.46817
470 1.75727
471 2.04414
472 2.30965
473 2.60665
474 2.88566
475 3.15452
476 3.43465
477 3.71587
478 4.00838
479 4.28291
480 4.56187
481 4.833
482 5.12999
483 5.40335
484 5.67339
485 5.94335
486 6.24036
487 6.54635
488 6.81409
489 7.07397
490 7.36196
491 7.66686
492 7.95484
493 8.22486
494 8.52296
495 8.76031
496 9.06632
497 9.34867
498 9.60631
499 9.9123
500 10.1823
501 10.4647
502 10.7617
503 11.0497
504 11.3073
505 11.5852
506 11.8923
507 12.1702
508 12.4311
509 12.7068
510 13.0004
511 13.2614
512 13.5685
513 13.8317
514 14.1467
515 14.3897
516 14.6597
517 14.9882
518 15.2234
519 15.535
520 15.8196
521 16.1065
522 16.3596
523 16.6307
524 16.9525
525 17.2225
526 17.4846
527 17.8018
528 18.0369
529 18.3328
530 18.6197
531 18.9077
532 19.1867
533 19.4567
534 19.7706
535 20.0383
536 20.315
537 20.594
538 20.855
539 21.1532
540 21.4366
541 21.6976
542 22.0138
543 22.2905
544 22.5695
545 22.8586
546 23.114
547 23.4031
548 23.6731
549 23.9386
550 24.2547
551 24.5338
552 24.8071
553 25.0884
554 25.3752
555 25.6553
556 25.9344
557 26.2313
558 26.5216
559 26.795
560 27.0728
561 27.3619
562 27.6027
563 27.9177
564 28.1787
565 28.4746
566 28.7738
567 29.0528
568 29.3295
569 29.6085
570 29.8307
571 29.8273
572 29.6277
573 29.3633
574 29.1127
575 28.7945
576 28.5129
577 28.2507
578 27.9576
579 27.6963
580 27.3822
581 27.1201
582 26.8321
583 26.5622
584 26.273
585 26.0052
586 25.7251
587 25.4338
588 25.1593
589 24.8938
590 24.5867
591 24.3133
592 24.0366
593 23.7666
594 23.4651
595 23.1861
596 22.9251
597 22.6113
598 22.3233
599 22.0455
600 21.7732
601 21.4965
602 21.2085
603 20.9194
604 20.6562
605 20.3772
606 20.0701
607 19.7854
608 19.5233
609 19.2444
610 18.9552
611 18.6853
612 18.3973
613 18.1318
614 17.8494
615 17.5513
616 17.2634
617 16.9956
618 16.6919
619 16.4117
620 16.1384
621 15.8504
622 15.577
623 15.3071
624 15.0123
625 14.7513
626 14.4588
627 14.1877
628 13.8919
629 13.6219
630 13.335
631 13.0639
632 12.7905
633 12.5116
634 12.2056
635 11.9345
636 11.669
637 11.3731
638 11.0896
639 10.8196
640 10.5339
641 10.2358
642 9.97819
643 9.66321
644 9.39321
645 9.13112
646 8.81386
647 8.54165
648 8.27615
649 7.98029
650 7.68331
651 7.45719
652 7.13548
653 6.87446
654 6.58649
655 6.29963
656 6.0139
657 5.75292
658 5.47615
659 5.18369
660 4.91369
661 4.60097
662 4.31299
663 4.05197
664 3.77189
665 3.50526
666 3.20715
667 2.93604
668 2.62668
669 2.38371
670 2.09457
671 1.80884
672 1.52083
673 1.24972
674 0.942643
675 0.679385
676 0.384676
677 0.155536
678 0.0300531
679 -0.00125511
680 -0.00635015
681 -0.00495011
682 -0.00282992
683 -0.00144456
684 -0.000695284
685 -0.000314725
686 -0.00015085
687 -6.67814e-05
688 -2.24973e-05
689 -7.10441e-07
690 9.70935e-06
691 1.37352e-05
692 1.51561e-05
693 1.53929e-05
694 1.49193e-05
695 1.46824e-05
696 1.30247e-05
697 1.23143e-05
698 1.1367e-05
699 1.0183e-05
700 9.47254e-06
701 8.52529e-06
702 8.05166e-06
703 6.39396e-06
704 6.15715e-06
705 4.97308e-06
706 4.49946e-06
707 4.02583e-06
708 3.07858e-06
709 2.36814e-06
710 1.89451e-06
711 1.18407e-06
712 9.47254e-07
713 4.73627e-07
714 2.36814e-07
715 0
716 -7.10441e-07
717 -9.47254e-07
718 -1.18407e-06
719 -1.18407e-06
720 -1.65769e-06
721 -1.65769e-06
722 -2.13132e-06
723 -2.13132e-06
724 -2.36814e-06
725 -2.36814e-06
726 -2.84176e-06
727 -2.84176e-06
728 -2.60495e-06
729 -3.07858e-06
730 -3.31539e-06
731 -3.31539e-06
732 -3.5522e-06
733 -3.31539e-06
734 -3.5522e-06
735 -3.31539e-06
736 -2.84176e-06
737 -3.31539e-06
738 -3.5522e-06
739 -3.5522e-06
740 -3.5522e-06
741 -3.78902e-06
742 -3.5522e-06
743 -3.78902e-06
744 -3.5522e-06
745 -3.5522e-06
746 -3.5522e-06
747 -3.78902e-06
748 -3.5522e-06
749 -3.5522e-06
750 -3.5522e-06
751 -3.5522e-06
752 -3.5522e-06
753 -3.78902e-06
754 -4.02583e-06
755 -3.78902e-06
756 -3.78902e-06
757 -3.5522e-06
758 -3.5522e-06
759 -3.5522e-06
760 -3.5522e-06
761 -3.5522e-06
762 -3.78902e-06
763 -3.5522e-06
764 -4.02583e-06
765 -3.78902e-06
766 -3.78902e-06
767 -3.78902e-06
768 -3.78902e-06
769 -3.78902e-06
770 -3.78902e-06
771 -3.78902e-06
772 -3.78902e-06
773 -4.02583e-06
774 -3.5522e-06
775 -3.78902e-06
776 -3.31539e-06
777 -3.78902e-06
778 -4.02583e-06
779 -3.78902e-06
780 -4.02583e-06
781 -3.78902e-06
782 -3.78902e-06
783 -4.02583e-06
784 -3.78902e-06
785 -3.78902e-06
786 -3.78902e-06
787 -3.78902e-06
788 -3.78902e-06
789 -4.02583e-06
790 -3.78902e-06
791 -3.78902e-06
792 -3.78902e-06
793 -3.78902e-06
794 -3.5522e-06
795 -4.02583e-06
796 -3.78902e-06
797 -3.78902e-06
798 -3.78902e-06
799 -3.78902e-06
800 -3.78902e-06
801 -3.78902e-06
802 -3.5522e-06
803 -3.78902e-06
804 -3.78902e-06
805 -3.78902e-06
806 -3.78902e-06
807 -3.78902e-06
808 -3.5522e-06
809 -3.5522e-06
810 -3.78902e-06
811 -4.02583e-06
812 -3.78902e-06
813 -3.5522e-06
814 -4.02583e-06
815 -3.5522e-06
816 -3.5522e-06
817 -3.78902e-06
818 -3.5522e-06
819 -3.78902e-06
820 -3.78902e-06
821 -4.02583e-06
822 0.000836662
823 0.101782
824 0.307275
825 0.569301
826 0.848166
827 1.1476
828 1.42701
829 1.68883
830 1.99758
831 2.28467
832 2.57497
833 2.83263
834 3.13079
835 3.38726
836 3.68538
837 3.96435
838 4.26583
839 4.49982
840 4.79681
841 5.09156
842 5.33903
843 5.64501
844 5.94312
845 6.21423
846 6.51011
847 6.75535
848 7.04896
849 7.32794
850 7.62944
851 7.90279
852 8.17276
853 8.4585
854 8.75998
855 9.02996
856 9.29995
857 9.57442
858 9.86243
859 10.1504
860 10.4249
861 10.7039
862 10.9885
863 11.2607
864 11.6027
865 11.8356
866 12.1067
867 12.398
868 12.6838
869 12.9515
870 13.2418
871 13.5264
872 13.7953
873 14.0978
874 14.3768
875 14.6536
876 14.9382
