0 0
1 0
2 0
3 0
4 0
5 0
6 0
7 0
8 0
9 0
10 0
11 0
12 0
13 0
14 0
15 0
16 0
17 0
18 0
19 0
20 0
21 0
22 0
23 0
24 0
25 0
26 0
27 0
28 0
29 0
30 0
31 0
32 0
33 0
34 0
35 0
36 0
37 0
38 0
39 0
40 0
41 0
42 0
43 0
44 0
45 0
46 0
47 0
48 0
49 0
50 0
51 0
52 0
53 0
54 0
55 0
56 0
57 0
58 0
59 0
60 0
61 0
62 0
63 0
64 0
65 0
66 0
67 0
68 0
69 0
70 0
71 0
72 0
73 0
74 0
75 0
76 0
77 0
78 0
79 0
80 0
81 0
82 0
83 0
84 0
85 0
86 0
87 0
88 0
89 0
90 0
91 0
92 0
93 0
94 0
95 0
96 0
97 0
98 0
99 0
100 0
101 0
102 0
103 0
104 0
105 0
106 0
107 0.00121
108 0.00121
109 0.00121
110 0.00121
111 0.00121
112 0.00121
113 0.00121
114 0.00121
115 0.00121
116 0.00121
117 0.00121
118 0.00121
119 0.00121
120 0.00121
121 0.00121
122 0.00121
123 0.00121
124 0.00121
125 0.00121
126 0.00121
127 0.00121
128 0.00121
129 0.00121
130 0.00121
131 0.00121
132 0.00121
133 0.00121
134 0.00121
135 0.00121
136 0.00121
137 0.00121
138 0.00121
139 0.00121
140 0.00121
141 0.00121
142 0.00121
143 0.00121
144 0.00121
145 0.00121
146 0.00121
147 0.00121
148 0.00121
149 0.00121
150 0.00121
151 0.00121
152 0.00121
153 0.00121
154 0.00121
155 0.00121
156 0.00121
157 0.00121
158 0.00121
159 0.00121
160 0.00121
161 0.00121
162 0.00121
163 0.00121
164 0.00121
165 0.00121
166 0.00121
167 0.00121
168 0.00121
169 0.00121
170 0.00121
171 0.00121
172 0.00121
173 0.00121
174 0.00121
175 0.00121
176 0.00121
177 0.00121
178 0.00121
179 0.00121
180 0.00121
181 0.00121
182 0.00121
183 0.00121
184 0.00121
185 0.00121
186 0.00121
187 0.00121
188 0.00121
189 0.00121
190 0.00121
191 0.00121
192 0.00121
193 0.00121
194 0.00121
195 0.00121
196 0.00121
197 0.00121
198 0.00121
199 0.00121
200 0.00121
201 0.00121
202 0.00121
203 0.00121
204 0.00121
205 0.00121
206 0.00121
207 0.00121
208 0.00121
209 0.00121
210 0.00121
211 0.00121
212 0.00121
213 0.00121
214 0.00121
215 0.00121
216 0.00121
217 0.00121
218 0.00121
219 0.00121
220 0.00121
221 0.00121
222 0.00121
223 0.00121
224 0.00121
225 0.00121
226 0.00121
227 0.00121
228 0.00121
229 0.00121
230 0.00121
231 0.00121
232 0.00121
233 0.00121
234 0.00121
235 0.00121
236 0.00121
237 0.00121
238 0.00121
239 0.00121
240 0.00121
241 0.00121
242 0.00121
243 0.00121
244 0.00121
245 0.00121
246 0.00121
247 0.00121
248 0.00121
249 0.00121
250 0.00121
251 0.00121
252 0.00121
253 0.00121
254 0.00121
255 0.00121
256 0.00121
257 0.00242
258 0.00121
259 0.00121
260 0.00121
261 0.00121
262 0.00121
263 0.00121
264 0.00121
265 0.00121
266 0.00121
267 0.00121
268 0.00121
269 0.00121
270 0.00121
271 0.00121
272 0.00121
273 0.00121
274 0.00121
275 0.00121
276 0.00121
277 0.00121
278 0.05929
279 0.04719
280 0.04719
281 0.03146
282 0.02662
283 0.03267
284 0.02904
285 0.04114
286 0.03025
287 0.03872
288 0.03388
289 0.03146
290 0.03872
291 0.03146
292 0.04114
293 0.03146
294 0.04477
295 0.03146
296 0.03146
297 0.04114
298 0.03025
299 0.03993
300 0.03509
301 0.04114
302 0.03993
303 0.02904
304 0.04114
305 0.0363
306 0.03993
307 0.03388
308 0.03751
309 0.03388
310 0.03025
311 0.03993
312 0.03388
313 0.0363
314 0.0363
315 0.04114
316 0.03267
317 0.03388
318 0.04356
319 0.03509
320 0.03993
321 0.03146
322 0.04356
323 0.03993
324 0.03025
325 0.04235
326 0.03146
327 0.04356
328 0.03267
329 0.03267
330 0.03267
331 0.03388
332 0.04598
333 0.03388
334 0.04114
335 0.03267
336 0.03509
337 0.03872
338 0.02904
339 0.04235
340 0.03388
341 0.03993
342 0.0363
343 0.03146
344 0.03993
345 0.02904
346 0.04356
347 0.03388
348 0.04477
349 0.03146
350 0.03025
351 0.03146
352 0.03146
353 0.04356
354 0.03388
355 0.04114
356 0.03267
357 0.04114
358 0.03388
359 0.03025
360 0.04598
361 0.03267
362 0.04235
363 0.03025
364 0.03146
365 0.04356
366 0.0363
367 0.04235
368 0.03509
369 0.04356
370 0.0363
371 0.03146
372 0.04114
373 0.03388
374 0.03872
375 0.03509
376 0.04356
377 0.03267
378 0.02904
379 0.04235
380 0.03025
381 0.04235
382 0.03146
383 0.03388
384 0.03388
385 0.03146
386 0.03872
387 0.02904
388 0.04114
389 0.03509
390 0.03993
391 0.0363
392 0.02904
393 0.03146
394 0.03509
395 0.04477
396 0.03388
397 0.03267
398 0.03267
399 0.03025
400 0.03872
401 0.03267
402 0.04235
403 0.0363
404 0.03267
405 0.03267
406 0.03388
407 0.03388
408 0.03146
409 0.04114
410 0.03146
411 0.0363
412 0.04114
413 0.03388
414 0.04114
415 0.03267
416 0.04356
417 0.03146
418 0.02904
419 0.03993
420 0.02904
421 0.04235
422 0.03751
423 0.04235
424 0.03388
425 0.03025
426 0.04235
427 0.03388
428 0.03993
429 0.0363
430 0.04598
431 0.03509
432 0.03993
433 0.03025
434 0.02904
435 0.04235
436 0.0363
437 0.04356
438 0.03267
439 0.03872
440 0.03509
441 0.03267
442 0.04356
443 0.03509
444 0.04477
445 0.02904
446 0.04235
447 0.03751
448 0.02904
449 0.04477
450 0.03146
451 0.04114
452 0.03146
453 0.02904
454 0.04114
455 0.03267
456 0.04477
457 0.03025
458 0.03751
459 0.0363
460 0.03509
461 0.03267
462 0.02904
463 0.04114
464 0.03267
465 0.04356
466 0.03267
467 0.03025
468 0.04114
469 0.03388
470 0.03993
471 0.03146
472 0.04477
473 0.03267
474 0.03146
475 0.03146
476 0.03509
477 0.04356
478 0.03146
479 0.0363
480 0.03993
481 0.03025
482 0.04235
483 0.03146
484 0.04235
485 0.03388
486 0.0363
487 0.03146
488 0.03146
489 0.04114
490 0.03509
491 0.04235
492 0.03388
493 0.03388
494 0.03267
495 0.03267
496 0.04235
497 0.03388
498 0.04235
499 0.03146
500 0.03146
501 0.03267
502 0.03146
503 0.04356
504 0.03388
505 0.04477
506 0.03267
507 0.03388
508 0.03509
509 0.02904
510 0.04235
511 0.03509
512 0.03993
513 0.03267
514 0.03872
515 0.03146
516 0.03146
517 0.04356
518 0.0363
519 0.04356
520 0.03267
521 0.03146
522 0.0363
523 0.02783
524 0.04356
525 0.0363
526 0.03993
527 0.03267
528 0.03872
529 0.04114
530 0.03388
531 0.04114
532 0.03509
533 0.03993
534 0.02904
535 0.04356
536 0.04235
537 0.03267
538 0.04356
539 0.03146
540 0.03751
541 0.03146
542 0.0363
543 0.03267
544 0.0363
545 0.04235
546 0.0363
547 0.04356
548 0.03146
549 0.03146
550 0.03025
551 0.02904
552 0.04356
553 0.03751
554 0.04235
555 0.03388
556 0.03146
557 0.04114
558 0.03751
559 0.04356
560 0.03388
561 0.04477
562 0.03509
563 0.03267
564 0.03993
565 0.03388
566 0.04356
567 0.03025
568 0.04114
569 0.03267
570 0.02783
571 0.04235
572 0.0363
573 0.03993
574 0.03388
575 0.03751
576 0.03267
577 0.03025
578 0.03267
579 0.03146
580 0.04477
581 0.03146
582 0.03993
583 0.03267
584 0.03025
585 0.04356
586 0.03388
587 0.04235
588 0.0363
589 0.03993
590 0.03751
591 0.03146
592 0.03751
593 0.03388
594 0.03872
595 0.03509
596 0.03146
597 0.04114
598 0.03146
599 0.04235
600 0.03388
601 0.04356
602 0.03146
603 0.03872
604 0.03267
605 0.02904
606 0.04356
607 0.0363
608 0.04477
609 0.03267
610 0.03146
611 0.0363
612 0.02904
613 0.04235
614 0.03267
615 0.04477
616 0.03388
617 0.02904
618 0.03025
619 0.03146
620 0.04235
621 0.03267
622 0.03993
623 0.03751
624 0.03146
625 0.03146
626 0.0363
627 0.04356
628 0.03388
629 0.03872
630 0.04114
631 0.03993
632 0.03388
633 0.03146
634 0.04477
635 0.03509
636 0.04235
637 0.03146
638 0.03146
639 0.04114
640 0.02904
641 0.04114
642 0.03751
643 0.0363
644 0.03993
645 0.04114
646 0.0363
647 0.03025
648 0.04235
649 0.03146
650 0.02904
651 0.03388
652 0.03267
653 0.04114
654 0.03509
655 0.04235
656 0.03146
657 0.03267
658 0.03267
659 0.02783
660 0.04235
661 0.0363
662 0.03993
663 0.03388
664 0.03146
665 0.03267
666 0.03025
667 0.04356
668 0.03509
669 0.04356
670 0.03388
671 0.03388
672 0.03993
673 0.03509
674 0.04235
675 0.02904
676 0.03993
677 0.03267
678 0.04235
679 0.03267
680 0.03388
681 0.04114
682 0.03388
683 0.04477
684 0.03751
685 0.03993
686 0.03872
687 0.02904
688 0.04356
689 0.03509
690 0.04477
691 0.03388
692 0.03025
693 0.03025
694 0.02904
695 0.04356
696 0.0363
697 0.04114
698 0.03993
699 0.03146
700 0.03872
701 0.02783
702 0.04235
703 0.03509
704 0.04235
705 0.03146
706 0.04356
707 0.03872
708 0.03146
709 0.04235
710 0.03388
711 0.04477
712 0.03509
713 0.03025
714 0.04356
715 0.03267
716 0.04477
717 0.03509
718 0.03751
719 0.03267
720 0.04235
721 0.03388
722 0.03267
723 0.04235
724 0.03388
725 0.04114
726 0.03025
727 0.03872
728 0.03025
729 0.03388
730 0.03993
731 0.03146
732 0.04235
733 0.03509
734 0.03025
735 0.04356
736 -0.02178
737 -0.07139
738 -0.05687
739 -0.03146
740 -0.03751
741 -0.04719
742 -0.03993
743 -0.04477
744 -0.03025
745 -0.03993
746 -0.0363
747 -0.03872
748 -0.04235
749 -0.02904
750 -0.04235
751 -0.03267
752 -0.03872
753 -0.03993
754 -0.03751
755 -0.04477
756 -0.03025
757 -0.0363
758 -0.02904
759 -0.04235
760 -0.04114
761 -0.03025
762 -0.03993
763 -0.02662
764 -0.03872
765 -0.03388
766 -0.0363
767 -0.03388
768 -0.03509
769 -0.04114
770 -0.02783
771 -0.0363
772 -0.03267
773 -0.03993
774 -0.04235
775 -0.03388
776 -0.04114
777 -0.03146
778 -0.04114
779 -0.0363
780 -0.03993
781 -0.04235
782 -0.02783
783 -0.04356
784 -0.03025
785 -0.03872
786 -0.04114
787 -0.03993
788 -0.03267
789 -0.03267
790 -0.03872
791 -0.02541
792 -0.03993
793 -0.03509
794 -0.03872
795 -0.03872
796 -0.03146
797 -0.04114
798 -0.03267
799 -0.03872
800 -0.03267
801 -0.03993
802 -0.0363
803 -0.03509
804 -0.03751
805 -0.0363
806 -0.03993
807 -0.03751
808 -0.03509
809 -0.03751
810 -0.02662
811 -0.04477
812 -0.02783
813 -0.0363
814 -0.04114
815 -0.03025
816 -0.0363
817 -0.02783
818 -0.0363
819 -0.03267
820 -0.03993
821 -0.03267
822 -0.03267
823 -0.03872
824 -0.02662
825 -0.03993
826 -0.03267
827 -0.03751
828 -0.03751
829 -0.03993
830 -0.04356
831 -0.03025
832 -0.03872
833 -0.03388
834 -0.03388
835 -0.03267
836 -0.03267
837 -0.03751
838 -0.02783
839 -0.03993
840 -0.03267
841 -0.0363
842 -0.03388
843 -0.03872
844 -0.04114
845 -0.03025
846 -0.03751
847 -0.03267
848 -0.03872
849 -0.03872
850 -0.02662
851 -0.03751
852 -0.02541
853 -0.03751
854 -0.03388
855 -0.03993
856 -0.03993
857 -0.02662
858 -0.04477
859 -0.02662
860 -0.03751
861 -0.03509
862 -0.03509
863 -0.04235
864 -0.03146
865 -0.03993
866 -0.03025
867 -0.03872
868 -0.03267
869 -0.0363
870 -0.03751
871 -0.03993
872 -0.04235
873 -0.02904
874 -0.03872
875 -0.03872
876 -0.0363
877 -0.03509
878 -0.03146
879 -0.03872
880 -0.02541
881 -0.03751
882 -0.03751
883 -0.03751
884 -0.04114
885 -0.03751
886 -0.04356
887 -0.03267
888 -0.0363
889 -0.03751
890 -0.03993
891 -0.0363
892 -0.03509
893 -0.04114
894 -0.03267
