0 0
1 0
2 0
3 0
4 0
5 0
6 0
7 0
8 0
9 0
10 0
11 0
12 0
13 0
14 0
15 0
16 0
17 0
18 0
19 0
20 0
21 0
22 0
23 0
24 0
25 0
26 0
27 0
28 0
29 0
30 0
31 0
32 0
33 0
34 0
35 0
36 0
37 0
38 0
39 0
40 0
41 0
42 0
43 0
44 0
45 0
46 0
47 0
48 0
49 0
50 0
51 0
52 0
53 0
54 0
55 0
56 0
57 0
58 0
59 0
60 0
61 0
62 0
63 0
64 0
65 0
66 0
67 0
68 0
69 0
70 0
71 0
72 0
73 0
74 0
75 0
76 0
77 0
78 0
79 0
80 0
81 0
82 0
83 0
84 0
85 0
86 0
87 0
88 0
89 0
90 0
91 0
92 0
93 0
94 0
95 0
96 0
97 0
98 0
99 0
100 0
101 0
102 0
103 0
104 0
105 0
106 0
107 0
108 0
109 0
110 0
111 0
112 0
113 0
114 0
115 0
116 0
117 0
118 0
119 0
120 0
121 0
122 0
123 0
124 0
125 0
126 0
127 0
128 0
129 0
130 0
131 0
132 0
133 0
134 0
135 0
136 0
137 0
138 0
139 0
140 0
141 0
142 0
143 0
144 0
145 0
146 0
147 0
148 0
149 0
150 0
151 0
152 0
153 -0.00121
154 0
155 0
156 0
157 0
158 0
159 0
160 0
161 0
162 -0.00121
163 0
164 0
165 -0.00121
166 0
167 -0.00121
168 -0.00121
169 -0.00121
170 -0.00121
171 0
172 0
173 -0.00121
174 -0.00121
175 0
176 -0.00121
177 0
178 0
179 0
180 -0.00121
181 0
182 0
183 0
184 0
185 -0.00121
186 0
187 -0.00121
188 0
189 0
190 0
191 0
192 -0.00121
193 -0.00121
194 0
195 0
196 0
197 -0.00121
198 -0.00121
199 0
200 0
201 -0.00121
202 0
203 0
204 0
205 0
206 0
207 -0.00121
208 -0.00121
209 -0.00121
210 0
211 0
212 -0.00121
213 0
214 -0.00121
215 -0.00121
216 -0.00121
217 -0.00121
218 -0.00121
219 -0.00121
220 0
221 -0.00121
222 -0.00121
223 -0.00121
224 -0.00121
225 -0.00121
226 -0.00121
227 -0.00121
228 -0.00121
229 0
230 -0.00121
231 -0.00121
232 -0.00121
233 -0.00121
234 -0.00121
235 0
236 -0.00121
237 -0.00121
238 -0.00121
239 -0.00121
240 0
241 -0.00121
242 -0.00121
243 -0.00121
244 0
245 -0.00121
246 -0.00121
247 -0.00121
248 -0.00121
249 -0.00121
250 -0.00121
251 -0.00121
252 -0.00121
253 -0.00121
254 -0.00121
255 -0.00121
256 -0.00121
257 -0.00121
258 -0.00121
259 0
260 -0.00121
261 -0.00121
262 -0.00121
263 -0.00121
264 -0.00121
265 -0.00121
266 -0.00121
267 -0.00121
268 -0.00121
269 -0.00121
270 -0.00121
271 -0.00121
272 -0.00121
273 -0.00121
274 -0.00121
275 -0.00121
276 0
277 0
278 -0.00121
279 -0.00121
280 -0.00121
281 -0.00121
282 -0.00121
283 -0.00121
284 -0.00121
285 -0.00121
286 -0.00121
287 -0.00121
288 -0.00121
289 -0.00121
290 -0.00121
291 -0.00121
292 -0.00121
293 -0.00121
294 -0.00121
295 -0.00121
296 -0.00121
297 -0.00121
298 -0.00121
299 -0.00121
300 -0.00121
301 0
302 -0.00121
303 -0.00121
304 -0.00121
305 -0.00121
306 -0.00121
307 0
308 -0.00121
309 0
310 -0.00121
311 -0.00121
312 -0.00121
313 -0.00121
314 -0.00121
315 -0.00121
316 -0.00121
317 0
318 -0.00121
319 0
320 -0.00121
321 -0.00121
322 0
323 -0.00121
324 -0.00121
325 -0.00121
326 -0.00121
327 -0.00121
328 0
329 -0.00121
330 -0.00121
331 -0.00121
332 -0.00121
333 -0.00121
