0 0
1 0
2 0
3 0
4 0
5 -0.000378665
6 0.000378665
7 0
8 -0.000378665
9 0
10 0.000378665
11 0.000378665
12 -0.000757566
13 0.000757566
14 0
15 -0.000378665
16 -0.000378665
17 0
18 -0.000757566
19 -0.000378665
20 -0.000378665
21 0
22 0
23 0.000378665
24 -0.00151537
25 -0.000378665
26 0.000378665
27 -0.000757566
28 -0.000378665
29 0.000378665
30 0.000378665
31 -0.000378665
32 0
33 0.000378665
34 0
35 -0.000378665
36 0
37 -0.000378665
38 0.000378665
39 -0.000378665
40 0.000378665
41 -0.000378665
42 0
43 -0.000378665
44 0
45 0
46 -0.000378665
47 -0.000378665
48 0.000378665
49 0.000378665
50 -0.000378665
51 -0.000378665
52 0
53 0
54 0
55 0.000378665
56 0.000757566
57 -0.000378665
58 0
59 0.000378665
60 0.000378665
61 0
62 0.000757566
63 0.000757566
64 -0.000378665
65 0.000378665
66 0
67 0.000378665
68 -0.000378665
69 0.000378665
70 0
71 0.000378665
72 0
73 0.000378665
74 0
75 -0.000378665
76 0
77 0.000378665
78 0.000378665
79 -0.000378665
80 0.000757566
81 0.000378665
82 0.000757566
83 -0.000378665
84 0.000378665
85 -0.000757566
86 0.000757566
87 0
88 0.000378665
89 0
90 0
91 0
92 0
93 0.000757566
94 0
95 -0.000757566
96 0
97 0
98 -0.000378665
99 -0.000378665
100 0.000378665
101 -0.000378665
102 0
103 0.000757566
104 0
105 0
106 0
107 0
108 -0.000757566
109 0.000378665
110 -0.00265207
111 -0.000757566
112 0
113 -0.000757566
114 0
115 0
116 -0.000378665
117 0.000378665
118 -0.000378665
119 0
120 0
121 0
122 0
123 0.000378665
124 -0.000378665
125 0.000378665
126 0.000378665
127 0.000757566
128 -0.000757566
129 0.000378665
130 0.000378665
131 0.000378665
132 0
133 0
134 0.000757566
135 0
136 -0.000378665
137 -0.000757566
138 0.000757566
139 0
140 0.000378665
141 0
142 0.000757566
143 0
144 -0.000378665
145 0.000378665
146 0.000378665
147 0.000757566
148 0
149 -0.000378665
150 -0.000378665
151 0
152 0.000378665
153 0
154 0
155 0
156 0
157 0.000378665
158 0.000378665
159 0
160 -0.000378665
161 0
162 0.000378665
163 0.000378665
164 0.000378665
165 0.000378665
166 0
167 -0.000378665
168 -0.0011367
169 0
170 -0.0011367
171 0.000757566
172 -0.000378665
173 0
174 -0.000378665
175 0
176 0
177 -0.000378665
178 0.000378665
179 0.000378665
180 0.000378665
181 -0.000378665
182 0
183 0.000378665
184 -0.000378665
185 -0.000378665
186 0.000378665
187 -0.000378665
188 0
189 0
190 0.000378665
191 0.000378665
192 0
193 0
194 -0.000378665
195 -0.000378665
196 -0.000378665
197 -0.000378665
198 0
199 -0.000378665
200 0
201 0.0011367
202 -0.000378665
203 0.000378665
204 0.000378665
205 -0.0011367
206 0
207 0.00151537
208 0.000378665
209 0
210 -0.000378665
211 -0.000378665
212 0
213 -0.000378665
214 0
215 0.000378665
216 -0.000378665
217 0.000757566
218 -0.000757566
219 -0.000378665
220 0.000378665
221 0
222 -0.000757566
223 -0.000378665
224 0.000378665
225 0.000378665
226 -0.000378665
227 0
228 0
229 0
230 0.000757566
231 -0.000378665
232 -0.000378665
233 -0.000378665
234 0.000378665
235 -0.000378665
236 0
237 -0.000378665
238 -0.000378665
239 0
240 0.000378665
241 -0.000378665
242 0.000757566
243 0.000378665
244 -0.000378665
245 0.000378665
246 0.000378665
247 -0.000757566
248 0.000378665
249 -0.000378665
250 0.000378665
251 0
252 -0.000378665
253 -0.000378665
254 0
255 0.000378665
256 0
257 0.000378665
258 0.000757566
259 -0.000378665
260 -0.000378665
261 0.000378665
262 0
263 0.000378665
264 -0.000378665
265 0.000378665
266 0
267 0
268 -0.000378665
269 -0.000378665
270 0
271 0.000378665
272 0
273 0
274 0.000378665
275 0
276 0.000378665
277 0
278 0.000378665
279 0.000757566
280 0
281 -0.000757566
282 0.000378665
283 -0.000378665
284 -0.000378665
285 0.000378665
286 0
287 -0.000378665
288 -0.000378665
289 0.000378665
290 -0.000378665
291 0
292 -0.000378665
293 -0.000757566
294 0
295 0.000378665
296 0.000757566
297 0.000378665
298 -0.000378665
299 0
300 0.000378665
301 0.000757566
302 0
303 0
304 0.000378665
305 0
306 0.000378665
307 -0.000378665
308 0.000378665
309 0.000378665
310 0.000378665
311 0
312 -0.0011367
313 0.000757566
314 0.000378665
315 0.000378665
316 0.000757566
317 -0.000378665
318 -0.000378665
319 0.000757566
320 0
321 -0.000757566
322 0
323 -0.000378665
324 0
325 0.000378665
326 0
327 0
328 0
329 -0.000757566
330 0
331 0.000378665
332 0
333 0
334 0.000378665
335 0.000378665
336 0
337 0
338 0.000378665
339 0
340 0.000378665
341 0.000757566
342 0.0011367
343 -0.0011367
344 0
345 -0.000378665
346 0.000378665
347 0.000378665
348 0.000378665
349 0
350 -0.000378665
351 0.000378665
352 0
353 -0.000378665
354 0.000378665
355 0
356 0.000378665
357 0
358 -0.000378665
359 0.000757566
360 0.000757566
361 -0.000378665
362 -0.000378665
363 0
364 0
365 -0.000378665
366 -0.000378665
367 0.000378665
368 -0.000378665
369 -0.000378665
370 0.000757566
371 -0.000757566
372 -0.000757566
373 0
374 0.000378665
375 -0.000378665
376 0
377 0.000378665
378 0.000378665
379 -0.000378665
380 0.000378665
381 0
382 -0.000757566
383 0
384 0
385 0
386 -0.000378665
387 -0.000378665
388 0
389 0
390 0
391 0
392 0
393 0
394 0
395 0.000757566
