0 -2.06688e+06
1 -2.06688e+06
2 -2.06688e+06
3 -2.06688e+06
4 -2.06688e+06
5 -2.06688e+06
6 -2.06688e+06
7 -2.06688e+06
8 -2.06688e+06
9 -2.06688e+06
10 -2.06688e+06
11 -2.06688e+06
12 -2.06688e+06
13 -2.06688e+06
14 -2.06688e+06
15 -2.06688e+06
16 -2.06688e+06
17 -2.06688e+06
18 -2.06688e+06
19 -2.06688e+06
20 -2.06688e+06
21 -2.06688e+06
22 -2.06688e+06
23 -2.06688e+06
24 -2.06688e+06
25 -2.06688e+06
26 -2.06688e+06
27 -2.06688e+06
28 -2.06688e+06
29 -2.06688e+06
30 -2.06688e+06
31 -2.06688e+06
32 -2.06688e+06
33 -2.06688e+06
34 -2.06688e+06
35 -2.06688e+06
36 -2.06688e+06
37 -2.06688e+06
38 -2.06688e+06
39 -2.06688e+06
40 -2.06688e+06
41 -2.06688e+06
42 -2.06688e+06
43 -2.06688e+06
44 -2.06688e+06
45 -2.06688e+06
46 -2.06688e+06
47 -2.06688e+06
48 -2.06688e+06
49 -2.06688e+06
50 -2.06688e+06
51 -2.06688e+06
52 -2.06688e+06
53 -2.06688e+06
54 -2.06688e+06
55 -2.06688e+06
56 -2.06688e+06
57 -2.06688e+06
58 -2.06688e+06
59 -2.06688e+06
60 -2.06688e+06
61 -2.06688e+06
62 -2.06688e+06
63 -2.06688e+06
64 -2.06688e+06
65 -2.06688e+06
66 -2.06688e+06
67 -2.06688e+06
68 -2.06688e+06
69 -2.06688e+06
70 -2.06688e+06
71 -2.06688e+06
72 -2.06688e+06
73 -2.06688e+06
74 -2.06688e+06
75 -2.06688e+06
76 -2.06688e+06
77 -2.06688e+06
78 -2.06688e+06
79 -2.06688e+06
80 -2.06688e+06
81 -2.06688e+06
82 -2.06688e+06
83 -2.06688e+06
84 -2.06688e+06
85 -2.06688e+06
86 -2.06688e+06
87 -2.06688e+06
88 -2.06688e+06
89 -2.06688e+06
90 -2.06688e+06
91 -2.06688e+06
92 -2.06688e+06
93 -2.06688e+06
94 -2.06688e+06
95 -2.06688e+06
96 -2.06688e+06
97 -2.06688e+06
98 -2.06688e+06
99 -2.06688e+06
100 -2.06688e+06
101 -2.06688e+06
102 -2.06688e+06
103 -2.06688e+06
104 -2.06688e+06
105 -2.06688e+06
106 -2.06688e+06
107 -2.06688e+06
108 -2.06688e+06
109 -2.06688e+06
110 -2.06688e+06
111 -2.06688e+06
112 -2.06688e+06
113 -2.06688e+06
114 -2.06688e+06
115 -2.06688e+06
116 -2.06688e+06
117 -2.06688e+06
118 -2.06688e+06
119 -2.06688e+06
120 -2.06688e+06
121 -2.06688e+06
122 -2.06688e+06
123 -2.06688e+06
124 -2.06688e+06
125 -2.06688e+06
126 -2.06688e+06
127 -2.06688e+06
128 -2.06688e+06
129 -2.06688e+06
130 -2.06688e+06
131 -2.06688e+06
132 -2.06688e+06
133 -2.06688e+06
134 -2.06688e+06
135 -2.06688e+06
136 -2.06688e+06
137 -2.06688e+06
138 -2.06688e+06
139 -2.06688e+06
140 -2.06688e+06
141 -2.06688e+06
142 -2.06688e+06
143 -2.06688e+06
144 -2.06688e+06
145 -2.06688e+06
146 -2.06688e+06
147 -2.06688e+06
148 -2.06688e+06
149 -2.06688e+06
150 -2.06688e+06
151 -2.06688e+06
152 -2.06688e+06
153 -2.06688e+06
154 -2.06688e+06
155 -2.06688e+06
156 -2.06688e+06
157 -2.06688e+06
158 -2.06688e+06
159 -2.06688e+06
160 -2.06688e+06
161 -2.06688e+06
162 -2.06688e+06
163 -2.06688e+06
164 -2.06688e+06
165 -2.06688e+06
166 -2.06688e+06
167 -2.06688e+06
168 -2.06688e+06
169 -2.06688e+06
170 -2.06688e+06
171 -2.06688e+06
172 -2.06688e+06
173 -2.06688e+06
174 -2.06688e+06
175 -2.06688e+06
176 -2.06688e+06
177 -2.06688e+06
178 -2.06688e+06
179 -2.06688e+06
180 -2.06688e+06
181 -2.06688e+06
182 -2.06688e+06
183 -2.06688e+06
184 -2.06688e+06
185 -2.06688e+06
186 -2.06688e+06
187 -2.06688e+06
188 -2.06688e+06
189 -2.06688e+06
190 -2.06688e+06
191 -2.06688e+06
192 -2.06688e+06
193 -2.06688e+06
194 -2.06688e+06
195 -2.06688e+06
196 -2.06688e+06
197 -2.06688e+06
198 -2.06688e+06
199 -2.06688e+06
200 -2.06688e+06
201 -2.06688e+06
202 -2.06688e+06
203 -2.06688e+06
204 -2.06688e+06
205 -2.06688e+06
206 -2.06688e+06
207 -2.06688e+06
208 -2.06688e+06
209 -2.06688e+06
210 -2.06688e+06
211 -2.06688e+06
212 -2.06688e+06
213 -2.06688e+06
214 -2.06688e+06
215 -2.06688e+06
216 -2.06688e+06
217 -2.06688e+06
218 -2.06688e+06
219 -2.06688e+06
220 -2.06688e+06
221 -2.06688e+06
222 -2.06688e+06
223 -2.06688e+06
224 -2.06688e+06
225 -2.06688e+06
226 -2.06688e+06
227 -2.06688e+06
228 -2.06688e+06
229 -2.06688e+06
230 -2.06688e+06
231 -2.06688e+06
232 -2.06688e+06
233 -2.06688e+06
234 -2.06688e+06
235 -2.06688e+06
236 -2.06688e+06
237 -2.06688e+06
238 -2.06688e+06
239 -2.06688e+06
240 -2.06688e+06
241 -2.06688e+06
242 -2.06688e+06
243 -2.06688e+06
244 -2.06688e+06
245 -2.06688e+06
246 -2.06688e+06
247 -2.06688e+06
248 -2.06688e+06
249 -2.06688e+06
250 -2.06688e+06
251 -2.06688e+06
252 -2.06688e+06
253 -2.06688e+06
254 -2.06688e+06
255 -2.06688e+06
256 -2.06688e+06
257 -2.06688e+06
258 -2.06688e+06
259 -2.06688e+06
260 -2.06688e+06
261 -2.06688e+06
262 -2.06688e+06
263 -2.06688e+06
264 -2.06688e+06
265 -2.06688e+06
266 -2.06688e+06
267 -2.06688e+06
268 -2.06688e+06
269 -2.06688e+06
270 -2.06688e+06
271 -2.06688e+06
272 -2.06688e+06
273 -2.06688e+06
274 -2.06688e+06
275 -2.06688e+06
276 -2.06688e+06
277 -2.06688e+06
278 -2.06688e+06
279 -2.06688e+06
280 -2.06688e+06
281 -2.06688e+06
282 -2.06688e+06
283 -2.06688e+06
284 -2.06688e+06
285 -2.06688e+06
286 -2.06688e+06
287 -2.06688e+06
288 -2.06688e+06
289 -2.06688e+06
290 -2.06688e+06
291 -2.06688e+06
292 -2.06688e+06
293 -2.06688e+06
294 -2.06688e+06
295 -2.06688e+06
296 -2.06688e+06
297 -2.06688e+06
298 -2.06688e+06
299 -2.06688e+06
300 -2.06688e+06
301 -2.06688e+06
302 -2.06688e+06
303 -2.06688e+06
304 -2.06688e+06
305 -2.06688e+06
306 -2.06688e+06
307 -2.06688e+06
308 -2.06688e+06
309 -2.06688e+06
310 -2.06688e+06
311 -2.06688e+06
312 -2.06688e+06
313 -2.06688e+06
314 -2.06688e+06
315 -2.06688e+06
316 -2.06688e+06
317 -2.06688e+06
318 -2.06688e+06
319 -2.06688e+06
320 -2.06688e+06
321 -2.06688e+06
322 -2.06688e+06
323 -2.06688e+06
324 -2.06688e+06
325 -2.06688e+06
326 -2.06688e+06
327 -2.06688e+06
328 -2.06688e+06
329 -2.06688e+06
330 -2.06688e+06
331 -2.06688e+06
332 -2.06688e+06
333 -2.06688e+06
334 -2.06688e+06
335 -2.06688e+06
336 -2.06688e+06
337 -2.06688e+06
338 -2.06688e+06
339 -2.06688e+06
340 -2.06688e+06
341 -2.06688e+06
342 -2.06688e+06
343 -2.06688e+06
344 -2.06688e+06
345 -2.06688e+06
346 -2.06688e+06
347 -2.06688e+06
348 -2.06688e+06
349 -2.06688e+06
350 -2.06688e+06
351 -2.06688e+06
352 -2.06688e+06
353 -2.06688e+06
354 -2.06688e+06
355 -2.06688e+06
356 -2.06688e+06
357 -2.06688e+06
358 -2.06688e+06
359 -2.06688e+06
360 -2.06688e+06
361 -2.06688e+06
362 -2.06688e+06
363 -2.06688e+06
364 -2.06688e+06
365 -2.06688e+06
366 -2.06688e+06
367 -2.06688e+06
368 -2.06688e+06
369 -2.06688e+06
370 -2.06688e+06
371 -2.06688e+06
372 -2.06688e+06
373 -2.06688e+06
374 -2.06688e+06
375 -2.06688e+06
376 -2.06688e+06
377 -2.06688e+06
378 -2.06688e+06
379 -2.06688e+06
380 -2.06688e+06
381 -2.06688e+06
382 -2.06688e+06
383 -2.06688e+06
384 -2.06688e+06
385 -2.06688e+06
386 -2.06688e+06
387 -2.06688e+06
388 -2.06688e+06
389 -2.06688e+06
390 -2.06688e+06
391 -2.06688e+06
392 -2.06688e+06
393 -2.06688e+06
394 -2.06688e+06
395 -2.06688e+06
396 -2.06688e+06
397 -2.06688e+06
398 -2.06688e+06
399 -2.06688e+06
400 -2.06688e+06
401 -2.06688e+06
402 -2.06688e+06
403 -2.06688e+06
404 -2.06688e+06
405 -2.06688e+06
406 -2.06688e+06
407 -2.06688e+06
408 -2.06688e+06
409 -2.06688e+06
410 -2.06688e+06
411 -2.06688e+06
412 -2.06688e+06
413 -2.06688e+06
414 -2.06688e+06
415 -2.06688e+06
416 -2.06688e+06
417 -2.06688e+06
418 -2.06688e+06
419 -2.06688e+06
420 -2.06688e+06
421 -2.06688e+06
422 -2.06688e+06
423 -2.06688e+06
424 -2.06688e+06
425 -2.06688e+06
426 -2.06688e+06
427 -2.06688e+06
428 -2.06688e+06
429 -2.06688e+06
430 -2.06688e+06
431 -2.06688e+06
432 -2.06688e+06
433 -2.06688e+06
434 -2.06688e+06
435 -2.06688e+06
436 -2.06688e+06
437 -2.06688e+06
438 -2.06688e+06
439 -2.06688e+06
440 -2.06688e+06
441 -2.06688e+06
442 -2.06688e+06
443 -2.06688e+06
444 -2.06688e+06
445 -2.06688e+06
446 -2.06688e+06
447 -2.06688e+06
448 -2.06688e+06
449 -2.06688e+06
450 -2.06688e+06
451 -2.06688e+06
452 -2.06688e+06
453 -2.06688e+06
454 -2.06688e+06
455 -2.06688e+06
456 -2.06688e+06
457 -2.06688e+06
458 -2.06688e+06
459 -2.06688e+06
460 -2.06688e+06
461 -2.06688e+06
462 -2.06688e+06
463 -2.06688e+06
464 -2.06688e+06
465 -2.06688e+06
466 -2.06688e+06
467 -2.06688e+06
468 -2.06688e+06
469 -2.06688e+06
470 -2.06688e+06
471 -2.06688e+06
472 -2.06688e+06
473 -2.06688e+06
474 -2.06688e+06
475 -2.06688e+06
476 -2.06688e+06
477 -2.06688e+06
478 -2.06688e+06
479 -2.06688e+06
480 -2.06688e+06
481 -2.06688e+06
482 -2.06688e+06
483 -2.06688e+06
484 -2.06688e+06
485 -2.06688e+06
486 -2.06688e+06
487 -2.06688e+06
488 -2.06688e+06
489 -2.06688e+06
490 -2.06688e+06
491 -2.06688e+06
492 -2.06688e+06
493 -2.06688e+06
494 -2.06688e+06
495 -2.06688e+06
496 -2.06688e+06
497 -2.06688e+06
498 -2.06688e+06
499 -2.06688e+06
500 -2.06688e+06
501 -2.06688e+06
502 -2.06688e+06
503 -2.06688e+06
504 -2.06688e+06
505 -2.06688e+06
506 -2.06688e+06
507 -2.06688e+06
508 -2.06688e+06
509 -2.06688e+06
510 -2.06688e+06
511 -2.06688e+06
512 -2.06688e+06
513 -2.06688e+06
514 -2.06688e+06
515 -2.06688e+06
516 -2.06688e+06
517 -2.06688e+06
518 -2.06688e+06
519 -2.06688e+06
520 -2.06688e+06
521 -2.06688e+06
522 -2.06688e+06
523 -2.06688e+06
524 -2.06688e+06
525 -2.06688e+06
526 -2.06688e+06
527 -2.06688e+06
528 -2.06688e+06
529 -2.06688e+06
530 -2.06688e+06
531 -2.06688e+06
532 -2.06688e+06
533 -2.06688e+06
534 -2.06688e+06
535 -2.06688e+06
536 -2.06688e+06
537 -2.06688e+06
538 -2.06688e+06
539 -2.06688e+06
540 -2.06688e+06
541 -2.06688e+06
542 -2.06688e+06
543 -2.06688e+06
544 -2.06688e+06
545 -2.06688e+06
546 -2.06688e+06
547 -2.06688e+06
548 -2.06688e+06
549 -2.06688e+06
550 -2.06688e+06
551 -2.06688e+06
552 -2.06688e+06
553 -2.06688e+06
554 -2.06688e+06
555 -2.06688e+06
556 -2.06688e+06
557 -2.06688e+06
558 -2.06688e+06
559 -2.06688e+06
560 -2.06688e+06
561 -2.06688e+06
562 -2.06688e+06
563 -2.06688e+06
564 -2.06688e+06
565 -2.06688e+06
566 -2.06688e+06
567 -2.06688e+06
568 -2.06688e+06
569 -2.06688e+06
570 -2.06688e+06
571 -2.06688e+06
572 -2.06688e+06
573 -2.06688e+06
574 -2.06688e+06
575 -2.06688e+06
576 -2.06688e+06
577 -2.06688e+06
578 -2.06688e+06
579 -2.06688e+06
580 -2.06688e+06
581 -2.06688e+06
582 -2.06688e+06
583 -2.06688e+06
584 -2.06688e+06
585 -2.06688e+06
586 -2.06688e+06
587 -2.06688e+06
588 -2.06688e+06
589 -2.06688e+06
590 -2.06688e+06
591 -2.06688e+06
592 -2.06688e+06
593 -2.06688e+06
594 -2.06688e+06
595 -2.06688e+06
596 -2.06688e+06
597 -2.06688e+06
598 -2.06688e+06
599 -2.06688e+06
600 -2.06688e+06
601 -2.06688e+06
602 -2.06688e+06
603 -2.06688e+06
604 -2.06688e+06
605 -2.06688e+06
606 -2.06688e+06
607 -2.06688e+06
608 -2.06688e+06
609 -2.06688e+06
610 -2.06688e+06
611 -2.06688e+06
612 -2.06688e+06
613 -2.06688e+06
614 -2.06688e+06
615 -2.06688e+06
616 -2.06688e+06
617 -2.06688e+06
618 -2.06688e+06
619 -2.06688e+06
620 -2.06688e+06
621 -2.06688e+06
622 -2.06688e+06
623 -2.06688e+06
624 -2.06688e+06
625 -2.06688e+06
626 -2.06688e+06
627 -2.06688e+06
628 -2.06688e+06
629 -2.06688e+06
630 -2.06688e+06
631 -2.06688e+06
632 -2.06688e+06
633 -2.06688e+06
634 -2.06688e+06
635 -2.06688e+06
636 -2.06688e+06
637 -2.06688e+06
638 -2.06688e+06
639 -2.06688e+06
640 -2.06688e+06
641 -2.06688e+06
642 -2.06688e+06
643 -2.06688e+06
644 -2.06688e+06
645 -2.06688e+06
646 -2.06688e+06
647 -2.06688e+06
648 -2.06688e+06
649 -2.06688e+06
650 -2.06688e+06
651 -2.06688e+06
652 -2.06688e+06
653 -2.06688e+06
654 -2.06688e+06
655 -2.06688e+06
656 -2.06688e+06
657 -2.06688e+06
658 -2.06688e+06
659 -2.06688e+06
660 -2.06688e+06
661 -2.06688e+06
662 -2.06688e+06
663 -2.06688e+06
664 -2.06688e+06
665 -2.06688e+06
666 -2.06688e+06
667 -2.06688e+06
668 -2.06688e+06
669 -2.06688e+06
670 -2.06688e+06
671 -2.06688e+06
672 -2.06688e+06
673 -2.06688e+06
674 -2.06688e+06
675 -2.06688e+06
676 -2.06688e+06
677 -2.06688e+06
678 -2.06688e+06
679 -2.06688e+06
680 -2.06688e+06
681 -2.06688e+06
682 -2.06688e+06
683 -2.06688e+06
684 -2.06688e+06
685 -2.06688e+06
686 -2.06688e+06
687 -2.06688e+06
688 -2.06688e+06
689 -2.06688e+06
690 -2.06688e+06
691 -2.06688e+06
692 -2.06688e+06
693 -2.06688e+06
694 -2.06688e+06
695 -2.06688e+06
696 -2.06688e+06
697 -2.06688e+06
698 -2.06688e+06
699 -2.06688e+06
700 -2.06688e+06
701 -2.06688e+06
702 -2.06688e+06
703 -2.06688e+06
704 -2.06688e+06
705 -2.06688e+06
706 -2.06688e+06
707 -2.06688e+06
708 -2.06688e+06
709 -2.06688e+06
710 -2.06688e+06
711 -2.06688e+06
712 -2.06688e+06
713 -2.06688e+06
714 -2.06688e+06
