0 16.8049
1 16.8049
2 16.8049
3 16.8049
4 16.8049
5 16.8049
6 16.8049
7 16.8049
8 16.8049
9 16.8049
10 16.8049
11 16.8049
12 16.8049
13 16.8049
14 16.8049
15 16.8049
16 16.8049
17 16.8049
18 16.8049
19 16.8049
20 16.8049
21 16.8049
22 16.8049
23 16.8049
24 16.8049
25 16.8049
26 16.8049
27 16.8049
28 16.8049
29 16.8049
30 16.8049
31 16.8049
32 16.8049
33 16.8049
34 16.8049
35 16.8049
36 16.8049
37 16.8049
38 16.8049
39 16.8049
40 16.8049
41 16.8049
42 16.8049
43 16.8049
44 16.8049
45 16.8049
46 16.8049
47 16.8049
48 16.8049
49 16.8049
50 16.8049
51 16.8049
52 16.8049
53 16.8049
54 16.8049
55 16.8049
56 16.8049
57 16.8049
58 16.8049
59 16.8049
60 16.8049
61 16.8049
62 16.8049
63 16.8049
64 16.8049
65 16.8049
66 16.8049
67 16.8049
68 16.8049
69 16.8049
70 16.8049
71 16.8049
72 16.8049
73 16.8049
74 16.8049
75 16.8049
76 16.8049
77 16.8049
78 16.8049
79 16.8049
80 16.8049
81 16.8049
82 16.8049
83 16.8049
84 16.8049
85 16.8049
86 16.8049
87 16.8049
88 16.8049
89 16.8049
90 16.8049
91 16.8049
92 16.8049
93 16.8049
94 16.8049
95 16.8049
96 16.8049
97 16.8049
98 16.8049
99 16.8049
100 16.8049
101 16.8049
102 16.8049
103 16.8049
104 16.8049
105 16.8049
106 16.8049
107 16.8049
108 16.8049
109 16.8049
110 16.8049
111 16.8049
112 16.8049
113 16.8049
114 16.8049
115 16.8049
116 16.8049
117 16.8049
118 16.8049
119 16.8049
120 16.8049
121 16.8049
122 16.8049
123 16.8049
124 16.8049
125 16.8049
126 16.8049
127 16.8049
128 16.8049
129 16.8049
130 16.8049
131 16.8049
132 16.8049
133 16.8049
134 16.8049
135 16.8049
136 16.8049
137 16.8049
138 16.8049
139 16.8049
140 16.8049
141 16.8049
142 16.8049
143 16.8049
144 16.8049
145 16.8049
146 16.8049
147 16.8049
148 16.8049
149 16.8049
150 16.8049
151 16.8049
152 16.8049
153 16.8049
154 16.8049
155 16.8049
156 16.8049
157 16.8049
158 16.8049
159 16.8049
160 16.8049
161 16.8049
162 16.8049
163 16.8049
164 16.8049
165 16.8049
166 16.8049
167 16.8049
168 16.8049
169 16.8049
170 16.8049
171 16.8049
172 16.8049
173 16.8049
174 16.8049
175 16.8049
176 16.8049
177 16.8049
178 16.8049
179 16.8049
180 16.8049
181 16.8049
182 16.8049
183 16.8049
184 16.8049
185 16.8049
186 16.8049
187 16.8049
188 16.8049
189 16.8049
190 16.8049
191 16.8049
192 16.8049
193 16.8049
194 16.8049
195 16.8049
196 16.8049
197 16.8049
198 16.8049
199 16.8049
200 16.8049
201 16.8049
202 16.8049
203 16.8049
204 16.8049
205 16.8049
206 16.8049
207 16.8049
208 16.8049
209 16.8049
210 16.8049
211 16.8049
212 16.8049
213 16.8049
214 16.8049
215 16.8049
216 16.8049
217 16.8049
218 16.8049
219 16.8049
220 16.8049
221 16.8049
222 16.8049
223 16.8049
224 16.8049
225 16.8049
226 16.8049
227 16.8049
228 16.8049
229 16.8049
230 16.8049
231 16.8049
232 16.8049
233 16.8049
234 16.8049
235 16.8049
236 16.8049
237 16.8049
238 16.8049
239 16.8049
240 16.8049
241 16.8049
242 16.8049
243 16.8049
244 16.8049
245 16.8049
246 16.8049
247 16.8313
248 16.9334
249 17.0837
250 17.2326
251 17.3806
252 17.5461
253 17.7061
254 17.852
255 18.0128
256 18.1685
257 18.3185
258 18.4735
259 18.6291
260 18.8041
261 18.9491
262 19.1097
263 19.2497
264 19.4203
265 19.5716
266 19.7316
267 19.8815
268 20.0371
269 20.204
270 20.3559
271 20.5059
272 20.6758
273 20.8258
274 20.9764
275 21.1389
276 21.3083
277 21.4408
278 21.6083
279 21.7595
280 21.9332
281 22.0695
282 22.2351
283 22.3901
284 22.5532
285 22.7088
286 22.8432
287 23.0038
288 23.175
289 23.3306
290 23.4862
291 23.6343
292 23.7999
293 23.9499
294 24.1055
295 24.2605
296 24.4305
297 24.5699
298 24.7186
299 24.8949
300 25.0567
301 25.1979
302 25.3617
303 25.5161
304 25.6679
305 25.8223
306 25.9829
307 26.1335
308 26.2922
309 26.456
310 26.5935
311 26.7678
312 26.9122
313 27.0628
314 27.2378
315 27.3921
316 27.5527
317 27.6896
318 27.8496
319 28.0046
320 28.1646
321 28.3246
322 28.4745
323 28.6308
324 28.7908
325 28.9457
326 29.097
327 29.2595
328 29.4101
329 29.5601
330 29.7351
331 29.8834
332 29.9723
333 29.9964
334 30.0034
335 30.0033
336 30.0022
337 30.0012
338 30.0005
339 30.0002
340 30.0001
341 30
342 30
343 30
344 30
345 30
346 30
347 30
348 30
349 30
350 30
351 30
352 30
353 30
354 30
355 30
356 30
357 30
358 30
359 30
360 30
361 30
362 30
363 30
364 30
365 30
366 30
367 30
368 30
369 30
370 30
371 30
372 30
373 30
374 30
375 30
376 30
377 30
378 30
379 30
380 30
381 30
382 30
383 30
384 30
385 30
386 30
387 30
388 30
389 30
390 30
391 30
392 30
393 30
394 30
395 30
396 30
397 30
398 30
399 30
400 30
401 30
402 30
403 30
404 30
405 30
406 30
407 29.9947
408 29.9064
409 29.776
410 29.6355
411 29.4708
412 29.2995
413 29.1507
414 28.9878
415 28.8532
416 28.6813
417 28.5244
418 28.3687
419 28.2131
420 28.0443
421 27.9093
422 27.7581
423 27.5937
424 27.4287
425 27.2787
426 27.1193
427 26.9693
428 26.8087
429 26.6543
430 26.4943
431 26.34
432 26.1737
433 26.0268
434 25.8818
435 25.7312
436 25.5562
437 25.3987
438 25.2506
439 25.0837
440 24.9225
441 24.7943
442 24.6375
443 24.4631
444 24.2943
445 24.1631
446 23.9893
447 23.8393
448 23.6731
449 23.5212
450 23.3762
451 23.2212
452 23.0631
453 22.8968
454 22.7374
455 22.5812
456 22.4456
457 22.2906
458 22.1237
459 21.97
460 21.805
461 21.6493
462 21.4987
463 21.3443
464 21.18
465 21.0275
466 20.8787
467 20.7237
468 20.5568
469 20.4037
470 20.2512
471 20.0931
472 19.9287
473 19.7743
474 19.6187
475 19.4643
476 19.2975
477 19.1456
478 18.9937
479 18.8381
480 18.6756
481 18.5237
482 18.3637
483 18.2181
484 18.0618
485 17.9068
486 17.7475
487 17.5918
488 17.4281
489 17.2787
490 17.12
491 16.965
492 16.7993
493 16.6537
494 16.5006
495 16.34
496 16.1787
497 16.0243
498 15.8718
499 15.7193
500 15.5618
501 15.4118
502 15.2568
503 15.0956
504 14.9412
505 14.7806
506 14.6281
507 14.465
508 14.2956
509 14.1512
510 13.9918
511 13.8425
512 13.6812
513 13.5187
514 13.365
515 13.2125
516 13.0531
517 12.9031
518 12.7631
519 12.5781
520 12.4481
521 12.2725
522 12.1212
523 11.9712
524 11.8068
525 11.6587
526 11.4937
527 11.3343
528 11.1725
529 11.0175
530 10.865
531 10.71
532 10.5481
533 10.4175
534 10.2581
535 10.0969
536 9.93748
537 9.78247
538 9.63122
539 9.46059
540 9.31372
541 9.15935
542 8.99809
543 8.83809
544 8.67434
545 8.52872
546 8.37247
547 8.22122
548 8.05122
549 7.89872
550 7.75185
551 7.58872
552 7.42309
553 7.28685
554 7.11185
555 6.97497
556 6.79435
557 6.65747
558 6.49685
559 6.33622
560 6.17497
561 6.02185
562 5.86247
563 5.71435
564 5.54248
565 5.40997
566 5.26059
567 5.08684
568 4.92997
569 4.77747
570 4.61934
571 4.47559
572 4.30122
573 4.15122
574 3.99435
575 3.83747
576 3.66871
577 3.5331
578 3.36747
579 3.2081
580 3.05559
581 2.89433
582 2.74872
583 2.59497
584 2.44371
585 2.28183
586 2.13996
587 1.96559
588 1.80309
589 1.64684
590 1.50121
591 1.34372
592 1.17559
593 1.02684
594 0.87121
595 0.724966
596 0.555592
597 0.401218
598 0.246216
599 0.0997752
600 0.0974121
601 0.197189
602 0.337118
603 0.489036
604 0.648504
605 0.816547
606 0.97742
607 1.13533
608 1.273
609 1.43747
610 1.59938
611 1.75002
612 1.90754
613 2.05754
614 2.21629
615 2.37503
616 2.54003
617 2.67567
618 2.84067
619 2.99754
620 3.16066
621 3.30379
622 3.46442
623 3.62817
624 3.79629
625 3.95004
626 4.10004
627 4.26442
628 4.41067
629 4.56566
630 4.72503
631 4.87942
632 5.04066
633 5.18941
634 5.35253
635 5.49441
636 5.66004
637 5.82192
638 5.98004
639 6.11253
640 6.29629
641 6.44817
642 6.59628
643 6.7519
644 6.92066
645 7.07191
646 7.21629
647 7.38254
648 7.53566
649 7.69253
650 7.85004
651 8.00629
652 8.17316
653 8.32691
654 8.48066
655 8.63066
656 8.77316
657 8.94191
658 9.1019
659 9.25816
660 9.41754
661 9.57066
662 9.70753
663 9.86878
664 10.0407
665 10.195
666 10.3507
667 10.5007
668 10.6732
669 10.8107
670 10.9638
671 11.1163
672 11.29
673 11.4407
674 11.5963
675 11.7525
676 11.9119
677 12.0807
678 12.2038
679 12.3707
680 12.5275
681 12.6869
682 12.8394
683 13.0057
684 13.1719
685 13.3157
686 13.465
687 13.6313
688 13.7988
689 13.9307
690 14.0838
691 14.2525
692 14.4082
693 14.5707
694 14.73
695 14.8844
696 15.02
697 15.1819
698 15.3382
699 15.5132
700 15.6775
701 15.81
702 15.9719
703 16.1257
704 16.2907
705 16.4482
706 16.6019
707 16.7538
708 16.9244
709 17.0569
710 17.22
711 17.3732
712 17.5357
713 17.6844
714 17.845
715 18
716 18.1569
717 18.3188
718 18.4688
719 18.6307
720 18.7963
721 18.925
722 19.1069
723 19.2582
724 19.4107
725 19.5707
726 19.7244
727 19.8938
728 20.04
729 20.2013
730 20.3519
731 20.5113
732 20.6482
733 20.8219
734 20.975
735 21.1363
736 21.3007
737 21.4613
738 21.6007
739 21.7475
740 21.9107
741 22.0594
742 22.2138
743 22.3744
744 22.5407
745 22.6907
746 22.8556
747 23.0069
748 23.16
749 23.3188
750 23.4682
751 23.6238
752 23.7806
753 23.9282
754 24.0969
755 24.2469
756 24.4125
757 24.5738
758 24.73
759 24.8782
760 25.0388
761 25.2025
762 25.3363
763 25.4819
764 25.665
765 25.8194
766 25.9744
767 26.11
768 26.285
769 26.445
770 26.595
771 26.7475
772 26.9188
773 27.075
774 27.2269
775 27.3706
776 27.5419
777 27.69
778 27.8575
779 27.9863
780 28.15
781 28.3032
782 28.4782
783 28.6356
784 28.7869
785 28.955
786 29.0875
787 29.2588
788 29.3988
789 29.5694
790 29.7281
791 29.8735
792 29.9116
793 29.8354
794 29.6765
795 29.5376
796 29.3642
797 29.2269
798 29.0583
799 28.9016
800 28.7214
801 28.5869
802 28.4325
803 28.2731
804 28.1331
805 27.965
806 27.8156
807 27.66
808 27.4906
809 27.3406
810 27.1806
811 27.0262
812 26.8875
813 26.7175
814 26.5618
815 26.4018
816 26.2568
817 26.1025
818 25.9493
819 25.7787
820 25.6343
821 25.4593
822 25.3043
823 25.1543
824 24.9893
825 24.8443
826 24.6843
827 24.5337
828 24.365
829 24.215
830 24.0643
831 23.9043
832 23.7393
833 23.5818
834 23.4256
835 23.2756
836 23.11
837 22.9762
838 22.8012
839 22.6556
840 22.5018
841 22.3468
842 22.1868
843 22.0256
844 21.8637
845 21.7187
846 21.5631
847 21.4093
848 21.2443
849 21.0893
850 20.9368
851 20.7775
852 20.6125
853 20.4575
854 20.3075
855 20.1525
856 19.9837
857 19.8537
858 19.6937
859 19.5381
860 19.3693
861 19.2193
862 19.0687
863 18.9006
864 18.7456
865 18.5862
866 18.4218
867 18.2818
868 18.1168
869 17.9593
870 17.8043
871 17.6444
872 17.5118
873 17.3331
874 17.1837
875 17.0281
876 16.8562
877 16.7193
878 16.5681
879 16.41
880 16.245
881 16.09
882 15.9368
883 15.7793
884 15.6118
885 15.4543
886 15.305
887 15.15
888 14.9887
889 14.8406
890 14.6893
891 14.5325
892 14.3731
893 14.2131
894 14.05
895 13.9094
896 13.7394
897 13.5906
898 13.4275
899 13.2718
900 13.1218
901 12.9662
902 12.8162
903 12.6587
904 12.5012
905 12.3356
906 12.1856
907 11.925
908 11.8018
909 11.6368
910 11.4968
911 11.3218
912 11.1668
913 11.0006
914 10.8506
915 10.6875
916 10.5419
917 10.3981
918 10.2281
919 10.0731
920 9.91747
921 9.74872
922 9.61747
923 9.45622
924 9.30559
925 9.13434
926 8.9781
927 8.81559
928 8.66934
929 8.50559
930 8.3506
931 8.19746
932 8.04496
933 7.89247
934 7.7306
935 7.57497
936 7.42184
937 7.25184
938 7.11247
939 6.95497
940 6.79935
941 6.63871
942 6.47809
943 6.32372
944 6.17309
945 6.0081
946 5.87184
947 5.68933
948 5.55434
949 5.38559
950 5.22871
951 5.07121
952 4.91121
953 4.75934
954 4.59622
955 4.43996
956 4.29684
957 4.12872
958 3.96934
959 3.83309
960 3.65559
961 3.49871
962 3.36996
963 3.21059
964 3.04746
965 2.88496
966 2.73247
967 2.56934
968 2.42059
969 2.25247
970 2.11247
971 1.95372
972 1.79872
973 1.63747
974 1.47309
975 1.31747
976 1.1731
977 1.00434
978 0.846836
979 0.696843
980 0.538096
981 0.378722
982 0.213093
983 0.0943879
984 0.106972
985 0.205241
986 0.367607
987 0.497299
988 0.663076
989 0.825359
990 0.995604
991 1.1516
992 1.31053
993 1.46498
994 1.62564
995 1.77752
996 1.93316
997 2.07191
998 2.24066
999 2.39316
1000 2.55315
1001 2.71566
1002 2.87629
1003 3.00816
1004 3.16628
1005 3.32816
1006 3.48629
1007 3.64316
1008 3.79629
1009 3.96253
1010 4.13003
1011 4.27004
1012 4.42504
1013 4.58816
1014 4.75316
1015 4.88816
1016 5.04254
1017 5.19941
1018 5.36941
1019 5.52003
1020 5.67503
1021 5.83504
1022 6.00067
1023 6.15378
1024 6.30566
1025 6.44067
1026 6.59816
1027 6.77441
1028 6.92628
1029 7.0844
1030 7.24691
1031 7.38253
1032 7.5394
1033 7.71253
1034 7.85379
1035 8.02629
1036 8.18003
1037 8.34065
1038 8.47128
1039 8.64816
1040 8.80379
1041 8.96003
1042 9.11503
1043 9.27003
1044 9.42941
1045 9.59378
1046 9.75378
1047 9.91127
1048 10.0507
1049 10.2125
1050 10.3463
1051 10.5163
1052 10.6769
1053 10.8382
1054 10.9857
1055 11.1494
1056 11.3006
1057 11.4688
1058 11.6082
1059 11.77
1060 11.92
1061 12.0794
1062 12.2494
1063 12.3994
1064 12.5507
1065 12.7138
1066 12.8538
1067 13.0319
1068 13.1782
1069 13.3382
1070 13.4788
1071 13.6257
1072 13.8094
1073 13.9482
1074 14.12
1075 14.265
1076 14.415
1077 14.5694
1078 14.7338
1079 14.8938
1080 15.0363
1081 15.215
1082 15.375
1083 15.5257
1084 15.6825
1085 15.8288
1086 15.9938
1087 16.14
1088 16.2944
1089 16.4544
1090 16.6094
1091 16.7688
1092 16.9238
1093 17.08
1094 17.24
1095 17.3975
1096 17.5538
1097 17.7125
1098 17.8625
1099 18.015
1100 18.1725
1101 18.3319
1102 18.4669
1103 18.6544
1104 18.8044
1105 18.9644
1106 19.1082
1107 19.2531
1108 19.4169
1109 19.5782
1110 19.7581
1111 19.8825
1112 20.0506
1113 20.2025
1114 20.3675
1115 20.52
1116 20.6669
1117 20.8319
1118 20.9769
1119 21.1538
1120 21.3088
1121 21.4481
1122 21.6075
1123 21.7663
1124 21.9257
1125 22.0838
1126 22.2438
1127 22.3988
1128 22.5444
1129 22.7082
1130 22.8681
1131 23.0231
1132 23.1769
1133 23.3182
1134 23.4882
1135 23.6425
1136 23.8025
1137 23.9688
1138 24.0975
1139 24.2631
1140 24.4094
1141 24.5831
1142 24.7444
1143 24.8982
1144 25.0588
1145 25.1956
1146 25.3575
1147 25.5132
1148 25.6882
1149 25.8231
1150 25.9881
1151 26.1394
1152 26.29
1153 26.4607
1154 26.6238
1155 26.7769
1156 26.9144
1157 27.075
1158 27.2382
1159 27.3981
1160 27.5538
1161 27.7175
1162 27.855
1163 28.0056
1164 28.1644
1165 28.3344
1166 28.4994
1167 28.6369
1168 28.7919
1169 28.9669
1170 29.1194
1171 29.2538
1172 29.4288
1173 29.5956
1174 29.7313
1175 29.8983
1176 29.9095
1177 29.8039
1178 29.6832
1179 29.5243
1180 29.3724
1181 29.2049
1182 29.0395
1183 28.9035
1184 28.727
1185 28.5894
1186 28.425
1187 28.26
1188 28.1018
1189 27.9368
1190 27.8043
1191 27.6493
