0 0
1 0
2 0
3 0
4 0
5 0
6 0
7 0
8 0
9 0
10 0
11 0
12 0
13 0
14 0
15 0
16 0
17 0
18 0
19 0
20 0
21 0
22 0
23 0
24 0
25 0
26 0
27 0
28 0
29 0
30 0
31 0
32 0
33 0
34 0
35 0
36 0
37 0
38 0
39 0
40 0
41 0
42 0
43 0
44 0
45 0
46 0
47 0
48 0
49 0
50 0
51 0
52 0
53 0
54 0
55 0
56 0
57 0
58 0
59 0
60 0
61 0
62 0
63 0
64 0
65 0
66 0
67 0
68 0
69 0
70 0
71 0
72 0
73 0
74 0
75 0
76 0
77 0
78 0
79 0
80 0
81 0
82 0
83 0
84 0
85 0
86 0
87 0
88 0
89 0
90 0
91 0
92 0
93 0
94 0
95 0
96 0
97 0
98 0
99 0
100 0
101 0
102 0
103 0
104 -0.00121
105 -0.00121
106 -0.00121
107 -0.00121
108 -0.00121
109 -0.00121
110 -0.00121
111 -0.00121
112 -0.00121
113 -0.00121
114 -0.00121
115 -0.00121
116 -0.00121
117 -0.00121
118 -0.00121
119 -0.00121
120 -0.00121
121 -0.00242
122 -0.00242
123 -0.00242
124 -0.00242
125 -0.00242
126 -0.00242
127 -0.00242
128 -0.00242
129 -0.00242
130 -0.00242
131 -0.00242
132 -0.00242
133 -0.00242
134 -0.00242
135 -0.00242
136 -0.00242
137 -0.00242
138 -0.00242
139 -0.00242
140 -0.00242
141 -0.00242
142 -0.00242
143 -0.00242
144 -0.00242
145 -0.00242
146 -0.00242
147 -0.00242
148 -0.00242
149 -0.00242
150 -0.00242
151 -0.00242
152 -0.00242
153 -0.00242
154 -0.00242
155 -0.00242
156 -0.00242
157 -0.00242
158 -0.00242
159 -0.00242
160 -0.00242
161 -0.00242
162 -0.00242
163 -0.00242
164 -0.00242
165 -0.00242
166 -0.00242
167 -0.00242
168 -0.00242
169 -0.00242
170 -0.00242
171 -0.00242
172 -0.00242
173 -0.00242
174 -0.00242
175 -0.00242
176 -0.00242
177 -0.00242
178 -0.00242
179 -0.00242
180 -0.00242
181 -0.00242
182 -0.00242
183 -0.00242
184 -0.00242
185 -0.00242
186 -0.00242
187 -0.00242
188 -0.00242
189 -0.00242
190 -0.00242
191 -0.00242
192 -0.00242
193 -0.00242
194 0.08833
195 0.26983
196 0.17303
197 0.09801
198 0.07502
199 0.06776
200 0.07502
201 0.07018
202 0.07623
203 0.06413
204 0.07381
205 0.0726
206 0.06292
207 0.07502
208 0.06776
209 0.07502
210 0.07018
211 0.06776
212 0.07381
213 0.07018
214 0.07381
215 0.06776
216 0.06655
217 0.07623
218 0.06655
219 0.07623
220 0.06171
221 0.07381
222 0.07018
223 0.06897
224 0.06655
225 0.06655
226 0.07502
227 0.06776
228 0.07381
229 0.06897
230 0.06776
231 0.07139
232 0.06655
233 0.06776
234 0.06897
235 0.06413
236 0.0726
237 0.06776
238 0.07139
239 0.0726
240 0.07744
241 0.07018
242 0.06534
243 0.07502
244 0.06292
245 0.07623
246 0.06655
247 0.06776
248 0.07623
249 0.06413
250 0.07623
251 0.06534
252 0.07744
253 0.07502
254 0.06534
255 0.07502
256 0.06776
257 0.06655
258 -0.16093
259 -0.06655
260 0.02783
261 -0.0242
262 -0.02541
263 -0.02299
264 -0.02541
265 -0.02299
266 -0.02178
267 -0.02178
268 -0.02057
269 -0.01936
270 -0.01815
271 -0.01694
272 -0.01694
273 -0.01573
274 -0.01452
275 -0.01331
276 -0.01331
277 -0.0121
278 -0.01089
279 -0.01089
280 -0.00968
281 -0.00968
282 -0.00968
283 -0.00847
284 -0.00847
285 -0.00847
286 -0.00847
287 -0.00726
288 -0.00726
289 -0.00726
290 -0.00726
291 -0.00726
292 -0.00726
293 -0.00605
294 -0.00605
295 -0.00605
296 -0.00605
297 -0.00605
298 -0.00605
299 -0.00605
300 -0.00605
301 -0.00605
302 -0.00605
303 -0.00605
304 -0.00605
305 -0.00605
306 -0.00605
307 -0.00605
308 -0.00484
309 -0.00484
310 -0.00484
311 -0.00605
312 -0.00605
313 -0.00484
314 -0.00484
315 -0.00484
316 -0.00484
317 -0.00484
318 -0.00484
319 -0.00484
320 -0.00484
321 -0.00605
322 -0.00484
323 -0.00484
324 -0.00484
325 -0.00484
326 -0.00484
327 -0.00605
328 -0.00484
329 -0.00484
330 -0.00484
331 -0.00484
332 -0.00484
333 -0.00484
334 -0.00484
335 -0.00484
336 -0.00484
337 -0.00484
338 -0.00484
339 -0.00484
340 -0.00484
341 -0.00484
342 -0.00484
343 -0.00484
344 -0.00484
345 -0.00484
346 -0.00484
347 -0.00484
348 -0.00484
349 -0.00484
350 -0.00484
351 -0.00484
352 -0.00484
353 -0.00484
354 -0.00484
355 -0.30734
356 -0.19602
357 -0.12221
358 -0.07865
359 -0.06655
360 -0.07018
361 -0.0726
362 -0.06171
363 -0.07139
364 -0.07018
365 -0.07744
366 -0.06897
367 -0.07139
368 -0.06897
369 -0.06413
370 -0.0726
371 -0.06292
372 -0.06655
373 -0.07018
374 -0.06897
375 -0.07381
376 -0.06655
377 -0.0726
378 -0.06776
379 -0.07018
380 -0.06534
381 -0.06171
382 -0.07018
383 -0.06171
384 -0.07018
385 -0.06776
386 -0.0605
387 -0.06897
388 -0.06534
389 -0.0726
390 -0.07139
391 -0.06292
392 -0.07018
393 -0.05929
394 -0.06897
395 -0.06534
396 -0.0726
397 -0.05808
398 -0.06171
399 -0.0726
400 -0.06292
401 -0.06776
402 -0.06171
403 -0.0605
404 -0.06292
405 -0.05929
406 -0.06655
407 -0.0605
408 -0.07018
409 -0.06776
410 -0.06171
411 -0.07018
412 -0.05324
413 -0.0726
414 -0.06776
415 -0.06171
416 -0.06292
417 -0.06292
418 -0.06897
419 -0.06171
420 -0.06897
421 -0.06292
422 -0.06655
423 -0.06534
424 -0.05929
425 -0.07139
426 -0.06655
427 -0.06534
428 -0.06897
429 -0.06171
430 -0.07018
431 -0.06413
432 -0.06897
433 -0.05929
434 -0.06292
435 -0.06171
436 -0.05929
437 -0.06655
438 -0.05808
439 -0.06413
440 -0.06655
441 -0.05808
442 -0.06776
443 -0.05929
444 -0.05808
445 -0.06171
446 -0.06534
447 -0.06897
448 -0.06413
449 -0.06776
450 -0.06292
451 -0.0605
452 -0.06655
453 -0.06413
454 -0.07139
455 -0.06171
456 -0.06534
457 -0.05929
458 -0.06655
459 -0.06655
460 -0.06292
461 0.11132
462 0.16093
463 0.07018
464 -0.01331
465 0.01694
466 0.02662
467 0.02178
468 0.0242
469 0.02783
470 0.02783
471 0.02783
472 0.02783
473 0.02662
474 0.02541
475 0.02541
476 0.0242
477 0.0242
478 0.02299
479 0.02299
480 0.02178
481 0.02057
482 0.02057
483 0.02057
484 0.01936
485 0.01936
486 0.01936
487 0.01815
488 0.01815
489 0.01815
490 0.01815
491 0.01694
492 0.01694
493 0.01694
494 0.01694
495 0.01694
496 0.01573
497 0.01573
498 0.01573
499 0.01573
500 0.01573
501 0.01573
502 0.01573
503 0.01573
504 0.01573
505 0.01573
506 0.01573
507 0.01452
508 0.01452
509 0.01573
510 0.01452
511 0.01452
512 0.01452
513 0.01452
514 0.01452
515 0.33396
516 0.21175
517 0.11616
518 0.08591
519 0.07865
520 0.0726
521 0.07381
522 0.07018
523 0.07381
524 0.06897
525 0.06534
526 0.07865
527 0.06292
528 0.07139
529 0.06534
530 0.0605
531 0.08107
532 0.06534
533 0.07502
534 0.07502
535 0.06897
536 0.06413
537 0.07018
538 0.07381
539 0.06171
540 0.07865
541 0.06292
542 0.06776
543 0.0726
544 0.06292
545 0.07744
546 0.06534
547 0.07623
548 0.06897
549 0.06776
550 0.06776
551 0.0605
552 0.07139
553 0.06655
554 0.06171
555 0.0726
556 0.06534
557 0.07744
558 0.06655
559 0.06776
560 0.07623
561 0.05929
562 0.0726
563 0.06171
564 0.0726
565 0.07018
566 0.0605
567 0.07018
568 0.06292
569 0.07381
570 0.06292
571 0.06534
572 0.06413
573 0.06897
574 0.07381
575 0.06534
576 0.0726
577 0.06655
578 0.06292
579 0.07865
580 0.06413
581 0.07623
582 0.06413
583 0.07018
584 0.06776
585 0.06413
586 0.07381
587 0.06776
588 0.07744
589 0.06897
590 0.06413
591 0.07381
592 0.06413
593 0.0726
594 0.06534
595 0.06897
596 0.07139
597 0.06655
598 0.07502
599 0.06534
600 0.07139
601 0.06292
602 0.07018
603 0.07502
604 0.06897
605 0.06776
606 0.06897
607 0.06413
608 0.06897
609 0.06413
610 0.07502
611 0.06292
612 0.06776
613 0.06897
614 0.06655
615 0.07623
616 0.06534
617 0.07139
618 0.06655
619 0.07381
620 0.06897
621 0.06171
622 -0.19118
623 -0.08712
624 0.01694
625 0.00847
626 -0.02783
627 -0.02178
628 -0.02541
629 -0.0242
630 -0.02299
631 -0.02057
632 -0.02057
633 -0.01936
634 -0.01815
635 -0.01694
636 -0.01573
637 -0.01573
638 -0.01452
639 -0.01331
640 -0.0121
641 -0.0121
642 -0.01089
643 -0.01089
644 -0.00968
645 -0.00968
646 -0.00847
647 -0.00847
648 -0.00847
649 -0.00726
650 -0.00726
651 -0.00726
652 -0.00726
653 -0.00605
654 -0.00605
655 -0.00605
656 -0.00605
657 -0.00605
658 -0.00605
659 -0.00605
660 -0.00605
661 -0.00484
662 -0.00484
663 -0.00605
664 -0.00484
665 -0.00484
666 -0.00484
667 -0.00484
668 -0.00484
669 -0.00484
670 -0.00484
671 -0.00484
672 -0.00484
673 -0.00484
674 -0.00484
675 -0.42834
676 -0.24442
677 -0.16093
678 -0.08712
679 -0.06897
680 -0.07018
681 -0.06655
682 -0.07139
683 -0.06897
684 -0.0726
685 -0.07139
686 -0.06776
687 -0.07744
688 -0.06534
689 -0.07139
690 -0.06776
691 -0.06776
692 -0.06776
693 -0.06413
694 -0.07502
695 -0.06534
696 -0.07139
697 -0.07381
698 -0.07018
699 -0.06776
700 -0.06655
701 -0.06897
702 -0.06171
703 -0.06413
704 -0.06534
705 -0.06171
706 -0.0726
707 -0.06292
708 -0.07139
709 -0.06534
710 -0.06655
711 -0.07502
712 -0.06292
713 -0.06897
714 -0.06776
715 -0.06292
716 -0.06776
717 -0.06897
718 -0.07018
719 -0.0605
720 -0.06413
721 -0.06413
722 -0.05566
723 -0.07018
724 -0.05687
725 -0.06655
726 -0.06534
727 -0.06534
728 -0.06776
729 -0.05445
730 -0.06897
731 -0.06655
732 -0.07018
733 -0.0605
734 -0.06534
735 -0.07139
736 -0.0605
737 -0.07018
738 -0.06171
739 -0.06655
740 -0.06655
741 -0.06534
742 -0.06534
743 -0.06171
744 -0.06655
745 -0.06292
746 -0.0605
747 -0.06655
748 -0.05566
749 -0.06171
750 -0.06292
751 -0.06171
752 -0.06292
753 -0.05687
754 -0.06897
755 -0.06292
756 -0.06534
757 -0.05687
758 -0.06292
759 -0.06655
760 -0.05566
761 -0.07018
762 -0.06292
763 -0.05808
764 -0.06655
765 -0.06292
766 -0.07139
767 -0.06292
768 -0.06292
769 -0.06413
770 -0.06171
771 -0.07744
772 -0.05808
773 -0.06413
774 -0.05566
775 -0.06655
776 -0.06897
777 -0.06413
778 -0.07139
779 -0.0605
780 -0.06171
781 -0.05808
782 0.24563
783 0.11858
784 0.01089
785 -0.01694
786 0.02299
787 0.02662
788 0.02299
789 0.02783
790 0.02783
791 0.02783
792 0.02783
793 0.02662
794 0.02541
795 0.02541
796 0.0242
797 0.0242
798 0.02299
799 0.02178
800 0.02178
801 0.02057
802 0.02057
803 0.02057
804 0.01936
805 0.01936
806 0.01815
807 0.01815
808 0.01815
809 0.01815
810 0.01694
811 0.01694
812 0.01694
813 0.01694
814 0.01573
815 0.01573
816 0.01573
817 0.01573
818 0.01573
819 0.01573
820 0.01452
821 0.01573
822 0.01452
823 0.01452
824 0.01452
825 0.01452
826 0.01452
827 0.01452
828 0.01452
829 0.01452
830 0.01452
831 0.01452
832 0.01452
833 0.01452
834 0.01452
835 0.0242
836 0.27467
837 0.17061
838 0.10527
839 0.06897
840 0.06897
841 0.06655
842 0.06776
843 0.07502
844 0.06292
845 0.06897
846 0.06534
847 0.07502
848 0.06776
849 0.06413
850 0.07502
851 0.05929
852 0.07018
853 0.07018
854 0.06413
855 0.07139
856 0.06534
857 0.06897
858 0.06534
859 0.07018
860 0.07018
861 0.0605
862 0.07018
863 0.06534
864 0.06776
865 0.06655
866 0.06413
867 0.07623
868 0.06171
869 0.07502
870 0.06413
871 0.07018
872 0.06776
873 0.06292
874 0.0726
875 0.05929
876 0.06171
877 0.06413
878 0.06413
879 0.06897
880 0.06413
881 0.07502
882 0.06655
883 0.06655
884 0.07018
885 0.06292
886 0.06897
887 0.06655
888 0.06534
889 0.07018
890 0.0605
891 0.07502
892 0.06413
893 0.0726
894 0.06292
895 0.06655
896 0.0726
897 0.06413
898 0.07139
899 0.0605
900 0.06534
901 0.07018
902 0.06655
903 0.07381
904 0.06655
905 0.06897
906 0.06534
907 0.06292
908 0.0726
909 0.05808
910 0.06897
911 0.0605
912 0.06897
913 0.06655
914 0.05929
915 0.07139
916 0.06413
917 0.0726
918 0.06171
919 0.06413
920 0.06655
921 0.06534
922 0.0726
923 0.0726
924 0.06655
925 0.06534
926 0.06292
927 0.07139
928 0.05808
929 0.06776
930 0.06776
931 0.06171
932 0.06655
933 0.06897
934 0.07139
935 0.06413
936 0.06655
937 0.06776
938 0.06171
939 0.07381
940 0.06171
941 0.07018
942 -0.3872
943 -0.13189
944 -0.04235
945 0.00605
946 -0.02783
947 -0.0242
948 -0.0242
949 -0.02299
950 -0.02299
951 -0.02178
952 -0.02057
953 -0.01936
954 -0.01815
955 -0.01694
956 -0.01573
957 -0.01452
958 -0.01452
959 -0.01331
960 -0.0121
961 -0.0121
962 -0.01089
963 -0.01089
964 -0.00968
965 -0.00968
966 -0.00847
967 -0.00847
968 -0.00847
969 -0.00726
970 -0.00726
971 -0.00726
972 -0.00726
973 -0.00605
974 -0.00605
975 -0.00605
976 -0.00605
977 -0.00605
978 -0.00605
979 -0.00605
980 -0.00484
981 -0.00605
982 -0.00484
983 -0.00484
984 -0.00484
985 -0.00484
986 -0.00484
987 -0.00484
988 -0.00484
989 -0.00484
990 -0.00484
991 -0.00484
992 -0.00484
993 -0.00484
994 -0.00484
995 -0.00484
996 -0.31339
997 -0.2178
998 -0.12705
999 -0.08712
1000 -0.06534
1001 -0.06897
1002 -0.06897
1003 -0.06292
1004 -0.07018
1005 -0.06897
1006 -0.07139
1007 -0.06292
1008 -0.06413
1009 -0.0726
1010 -0.06655
1011 -0.06655
1012 -0.07018
1013 -0.0605
1014 -0.06897
1015 -0.06413
1016 -0.07139
1017 -0.06171
1018 -0.06534
1019 -0.06655
1020 -0.05929
1021 -0.07623
1022 -0.06413
1023 -0.07018
1024 -0.06534
1025 -0.06655
1026 -0.06413
1027 -0.06171
1028 -0.06776
1029 -0.06413
1030 -0.0605
1031 -0.05929
1032 -0.05929
1033 -0.06534
1034 -0.06171
1035 -0.06776
1036 -0.06292
1037 -0.06413
1038 -0.05566
1039 -0.06171
1040 -0.07018
1041 -0.06292
1042 -0.06655
1043 -0.06534
1044 -0.0605
1045 -0.06655
1046 -0.05808
1047 -0.06413
1048 -0.06171
1049 -0.06292
1050 -0.07018
1051 -0.05687
1052 -0.06897
1053 -0.05929
1054 -0.06171
1055 -0.06655
1056 -0.0605
1057 -0.0605
1058 -0.05687
1059 -0.06413
1060 -0.06534
1061 -0.06292
1062 -0.05929
1063 -0.05687
1064 -0.06292
1065 -0.05808
1066 -0.06171
1067 -0.06413
1068 -0.05808
1069 -0.07018
1070 -0.06292
1071 -0.07018
1072 -0.0605
1073 -0.05808
1074 -0.06897
1075 -0.05566
1076 -0.06413
1077 -0.06534
1078 -0.06292
1079 -0.06655
1080 -0.06292
1081 -0.06171
1082 -0.05566
1083 -0.06171
1084 -0.05929
1085 -0.05687
1086 -0.06534
1087 -0.0605
1088 -0.06655
1089 -0.06171
1090 -0.06292
1091 -0.06413
1092 -0.05687
1093 -0.05929
1094 -0.05808
1095 -0.07018
1096 -0.05687
1097 -0.0605
1098 -0.06534
1099 -0.05687
1100 -0.06413
1101 -0.05324
1102 0.00121
1103 0.17182
1104 0.06655
1105 -0.00605
1106 0.01694
1107 0.02541
1108 0.02299
1109 0.02541
1110 0.02662
1111 0.02783
1112 0.02783
1113 0.02783
1114 0.02662
1115 0.02541
1116 0.02541
1117 0.0242
1118 0.02299
1119 0.02299
1120 0.02178
1121 0.02178
1122 0.02057
1123 0.02057
1124 0.01936
1125 0.01936
1126 0.01936
1127 0.01815
1128 0.01815
1129 0.01815
1130 0.01694
1131 0.01694
1132 0.01694
1133 0.01694
1134 0.01573
1135 0.01694
1136 0.01573
1137 0.01573
1138 0.01573
1139 0.01573
1140 0.01573
1141 0.01573
1142 0.01573
1143 0.01573
1144 0.01452
1145 0.01452
1146 0.01452
1147 0.01452
1148 0.01452
1149 0.01452
1150 0.01452
1151 0.01452
1152 0.01452
1153 0.01452
1154 0.01452
1155 0.01452
1156 0.40172
1157 0.22627
1158 0.121
1159 0.08349
1160 0.07139
1161 0.06413
1162 0.07381
1163 0.07018
1164 0.06655
1165 0.06897
1166 0.06534
1167 0.07381
1168 0.07139
1169 0.07018
1170 0.07623
1171 0.06413
1172 0.07865
1173 0.06655
1174 0.06655
1175 0.06534
1176 0.06413
1177 0.07381
1178 0.06413
1179 0.07381
1180 0.06655
1181 0.06534
1182 0.07502
1183 0.06776
1184 0.0726
1185 0.06534
1186 0.06534
1187 0.0726
1188 0.0605
1189 0.07381
1190 0.06655
1191 0.07623
1192 0.07018
1193 0.06413
1194 0.07018
1195 0.06413
1196 0.0726
1197 0.06413
1198 0.06171
1199 0.06776
1200 0.06776
1201 0.07623
1202 0.07381
1203 0.0726
1204 0.06413
1205 0.0726
1206 0.07139
1207 0.06413
1208 0.07139
1209 0.06534
1210 0.06171
1211 0.06413
1212 0.06292
1213 0.07139
1214 0.06413
1215 0.0726
1216 0.06655
1217 0.06897
1218 0.07502
1219 0.06655
1220 0.07623
1221 0.06292
1222 0.0726
1223 0.06776
1224 0.06413
1225 0.07381
1226 0.06292
1227 0.07139
1228 0.06655
1229 0.06413
1230 0.06776
1231 0.06655
1232 0.06534
1233 0.06655
1234 0.06655
1235 0.0726
1236 0.06534
1237 0.07018
1238 0.07018
1239 0.06776
1240 0.06776
1241 0.06655
1242 0.06655
1243 0.06292
1244 0.07139
1245 0.06534
1246 0.06534
1247 0.06413
1248 0.06534
1249 0.06897
1250 0.06292
1251 0.06292
1252 0.07018
1253 0.06534
1254 0.06776
1255 0.06534
1256 0.06534
1257 0.0605
1258 0.06292
1259 0.06776
1260 0.05687
1261 0.07018
1262 0.06171
1263 -0.20207
1264 -0.10164
1265 -0.01331
1266 -0.00121
1267 -0.03025
1268 -0.02178
1269 -0.02541
1270 -0.0242
1271 -0.02178
1272 -0.02178
1273 -0.01936
1274 -0.01936
1275 -0.01815
1276 -0.01694
1277 -0.01573
1278 -0.01452
1279 -0.01331
1280 -0.01331
1281 -0.0121
1282 -0.0121
1283 -0.01089
1284 -0.01089
1285 -0.00968
1286 -0.00968
1287 -0.00847
1288 -0.00847
1289 -0.00726
1290 -0.00726
1291 -0.00726
1292 -0.00726
1293 -0.00605
1294 -0.00605
1295 -0.00605
1296 -0.00605
1297 -0.00605
1298 -0.00605
1299 -0.00605
1300 -0.00605
1301 -0.00484
1302 -0.00484
1303 -0.00484
1304 -0.00484
1305 -0.00484
1306 -0.00484
1307 -0.00484
1308 -0.00484
1309 -0.00484
1310 -0.00484
1311 -0.00484
1312 -0.00484
1313 -0.00484
1314 -0.00484
1315 -0.00484
1316 -0.37026
1317 -0.25531
1318 -0.16335
1319 -0.06413
1320 -0.07139
1321 -0.07139
1322 -0.06292
1323 -0.06897
1324 -0.06534
1325 -0.06655
1326 -0.07381
1327 -0.06534
1328 -0.06534
1329 -0.06534
1330 -0.06776
1331 -0.06897
1332 -0.06171
1333 -0.07139
1334 -0.06655
1335 -0.06534
1336 -0.06534
1337 -0.05687
1338 -0.07381
1339 -0.06413
1340 -0.06655
1341 -0.05929
1342 -0.06776
1343 -0.07018
1344 -0.0605
1345 -0.06897
1346 -0.0605
1347 -0.0605
1348 -0.06171
1349 -0.0605
1350 -0.06534
1351 -0.06171
1352 -0.06534
1353 -0.06292
1354 -0.05929
1355 -0.0726
1356 -0.0605
1357 -0.06776
1358 -0.05929
1359 -0.07018
1360 -0.06171
1361 -0.05566
1362 -0.0726
1363 -0.05566
1364 -0.07018
1365 -0.06897
1366 -0.05566
1367 -0.07018
1368 -0.05808
1369 -0.06776
1370 -0.06171
1371 -0.05687
1372 -0.05929
1373 -0.05808
1374 -0.0726
1375 -0.06413
1376 -0.06534
1377 -0.06171
1378 -0.06171
1379 -0.07018
1380 -0.05929
1381 -0.06171
1382 -0.06292
1383 -0.06292
1384 -0.06655
1385 -0.05929
1386 -0.06897
1387 -0.06292
1388 -0.0605
1389 -0.06413
1390 -0.0605
1391 -0.06897
1392 -0.0605
1393 -0.0605
1394 -0.0605
1395 -0.06413
1396 -0.06776
1397 -0.0605
1398 -0.07018
1399 -0.05929
1400 -0.06655
1401 -0.06413
1402 -0.05929
1403 -0.06655
1404 -0.06413
1405 -0.07018
1406 -0.06413
1407 -0.06292
1408 -0.06413
1409 -0.05808
1410 -0.07139
1411 -0.05929
1412 -0.05808
1413 -0.0605
1414 -0.05445
1415 -0.06655
1416 -0.0605
1417 -0.06897
1418 -0.06171
1419 -0.0605
1420 -0.06292
1421 -0.0605
1422 -0.06292
1423 0.36542
1424 0.12705
1425 0.02783
1426 -0.01694
1427 0.0242
1428 0.02662
1429 0.02178
1430 0.02783
1431 0.02783
1432 0.02904
1433 0.02783
1434 0.02783
1435 0.02662
1436 0.02541
1437 0.02541
1438 0.0242
1439 0.0242
1440 0.02299
1441 0.02178
1442 0.02178
1443 0.02057
1444 0.02057
1445 0.02057
1446 0.01936
1447 0.01936
1448 0.01936
1449 0.01815
1450 0.01815
1451 0.01815
1452 0.01694
1453 0.01694
1454 0.01694
1455 0.01694
1456 0.01694
1457 0.01573
1458 0.01573
1459 0.01573
1460 0.01573
1461 0.01573
1462 0.01573
1463 0.01573
1464 0.01573
1465 0.01573
1466 0.01573
1467 0.01573
1468 0.01573
1469 0.01452
1470 0.01452
1471 0.01452
1472 0.01452
1473 0.01452
1474 0.01452
1475 0.01452
1476 0.01452
1477 0.27588
1478 0.18634
1479 0.10406
1480 0.07744
1481 0.06776
1482 0.07139
1483 0.0605
1484 0.0726
1485 0.0726
1486 0.06897
1487 0.07139
1488 0.06413
1489 0.07139
1490 0.06413
1491 0.06171
1492 0.06897
1493 0.06171
1494 0.07502
1495 0.06171
1496 0.07139
1497 0.07018
1498 0.06897
1499 0.07018
1500 0.06534
1501 0.07018
1502 0.06171
1503 0.07018
1504 0.06655
1505 0.06292
1506 0.07139
1507 0.06171
1508 0.07139
1509 0.06534
1510 0.06292
1511 0.06897
1512 0.05929
1513 0.06897
1514 0.06413
1515 0.07018
1516 0.07139
1517 0.05929
1518 0.07381
1519 0.06534
1520 0.0726
1521 0.06413
1522 0.05929
1523 0.07018
1524 0.06897
1525 0.07139
1526 0.06413
1527 0.06413
1528 0.06534
1529 0.05929
1530 0.07018
1531 0.06292
1532 0.0726
1533 0.07139
1534 0.06655
1535 0.07381
1536 0.05929
1537 0.06776
1538 0.06413
1539 0.06534
1540 0.07018
1541 0.06171
1542 0.06897
1543 0.06292
1544 0.0605
1545 0.06534
1546 0.05929
1547 0.07018
1548 0.05929
1549 0.06534
1550 0.06292
1551 0.0605
1552 0.06776
1553 0.05687
1554 0.07139
1555 0.06292
1556 0.06897
1557 0.06292
1558 0.0605
1559 0.06897
1560 0.0605
1561 0.0726
1562 0.06776
1563 0.06776
1564 0.07139
1565 0.06534
1566 0.0726
1567 0.06171
1568 0.07139
1569 0.06534
1570 0.06171
1571 0.07018
1572 0.05687
1573 0.0726
1574 0.06534
1575 0.06534
1576 0.06776
1577 0.05929
1578 0.06897
1579 0.06534
1580 0.06655
1581 0.06897
1582 0.05566
1583 -0.27104
1584 -0.16093
1585 -0.06292
1586 0.02662
1587 -0.02299
1588 -0.0242
1589 -0.02299
1590 -0.0242
1591 -0.02178
1592 -0.02178
1593 -0.01936
1594 -0.01936
1595 -0.01815
1596 -0.01694
1597 -0.01573
1598 -0.01573
1599 -0.01452
1600 -0.01331
1601 -0.0121
1602 -0.0121
1603 -0.01089
1604 -0.01089
1605 -0.00968
1606 -0.00968
1607 -0.00847
1608 -0.00847
1609 -0.00726
1610 -0.00726
1611 -0.00726
1612 -0.00726
1613 -0.00605
1614 -0.00605
1615 -0.00605
1616 -0.00605
1617 -0.00605
1618 -0.00605
1619 -0.00605
1620 -0.00605
1621 -0.00484
1622 -0.00484
1623 -0.00484
1624 -0.00484
1625 -0.00484
1626 -0.00484
1627 -0.00484
1628 -0.00484
1629 -0.00484
1630 -0.00484
1631 -0.00484
1632 -0.00484
1633 -0.00484
1634 -0.00484
1635 -0.00484
1636 -0.00484
1637 -0.35211
1638 -0.21659
1639 -0.11495
1640 -0.08349
1641 -0.06292
1642 -0.06776
1643 -0.07018
1644 -0.06534
1645 -0.07139
1646 -0.06655
1647 -0.06413
1648 -0.06292
1649 -0.05929
1650 -0.0726
1651 -0.05808
1652 -0.06413
1653 -0.06534
1654 -0.05929
1655 -0.06776
1656 -0.06171
1657 -0.06534
1658 -0.06413
1659 -0.06292
1660 -0.06534
1661 -0.05808
1662 -0.07381
1663 -0.05808
1664 -0.06897
1665 -0.05808
1666 -0.05808
1667 -0.05929
1668 -0.0605
1669 -0.06655
1670 -0.06171
1671 -0.06413
1672 -0.06776
1673 -0.06171
1674 -0.06534
1675 -0.06171
1676 -0.06292
1677 -0.06413
1678 -0.05929
1679 -0.07018
1680 -0.05929
1681 -0.06776
1682 -0.0605
