0 -78.6178
1 -78.6178
2 -78.6178
3 -78.6178
4 -78.6178
5 -78.6178
6 -78.6178
7 -78.6178
8 -78.6178
9 -78.6178
10 -78.6178
11 -78.6178
12 -78.6178
13 -78.6178
14 -78.6178
15 -78.6178
16 -78.6178
17 -78.6178
18 -78.6178
19 -78.6178
20 -78.6178
21 -78.6178
22 -78.6178
23 -78.6178
24 -78.6178
25 -78.6178
26 -78.6178
27 -78.6178
28 -78.6178
29 -78.6178
30 -78.6178
31 -78.6178
32 -78.6178
33 -78.6178
34 -78.6178
35 -78.6178
36 -78.6178
37 -78.6178
38 -78.6178
39 -78.6178
40 -78.6178
41 -78.6178
42 -78.6178
43 -78.6178
44 -78.6178
45 -78.6178
46 -78.6178
47 -78.6178
48 -78.6178
49 -78.6178
50 -78.6178
51 -78.6178
52 -78.6178
53 -78.6178
54 -78.6178
55 -78.6178
56 -78.6178
57 -78.6178
58 -78.6178
59 -78.6178
60 -78.6178
61 -78.6178
62 -78.6178
63 -78.6178
64 -78.6178
65 -78.6178
66 -78.6178
67 -78.6178
68 -78.6178
69 -78.6178
70 -78.6178
71 -78.6178
72 -78.6178
73 -78.6178
74 -78.6178
75 -78.6178
76 -78.6178
77 -78.6178
78 -78.6178
79 -78.6178
80 -78.6178
81 -78.6178
82 -78.6178
83 -78.6178
84 -78.6178
85 -78.6178
86 -78.6178
87 -78.6178
88 -78.6178
89 -78.6178
90 -78.6178
91 -78.6178
92 -78.6178
93 -78.6178
94 -78.6178
95 -78.6178
96 -78.6178
97 -78.6178
98 -78.6178
99 -78.6178
100 -78.6178
101 -78.6178
102 -78.6178
103 -78.6178
104 -78.6178
105 -78.6178
106 -78.6178
107 -78.6178
108 -78.6178
109 -78.6178
110 -78.6178
111 -78.6178
112 -78.6178
113 -78.6178
114 -78.6178
115 -78.6178
116 -78.6178
117 -78.6178
118 -78.6178
119 -78.6178
120 -78.6178
121 -78.6178
122 -78.6178
123 -78.6178
124 -78.6178
125 -78.6178
126 -78.6178
127 -78.6178
128 -78.6178
129 -78.6178
130 -78.6178
131 -78.6178
132 -78.6178
133 -78.6178
134 -78.6178
135 -78.6178
136 -78.6178
137 -78.6178
138 -78.6178
139 -78.6178
140 -78.6178
141 -78.6178
142 -78.6178
143 -78.6178
144 -78.6178
145 -78.6178
146 -78.6178
147 -78.6178
148 -78.6178
149 -78.6178
150 -78.6178
151 -78.6178
152 -78.6178
153 -78.6178
154 -78.6178
155 -78.6178
156 -78.6178
157 -78.6178
158 -78.6178
159 -78.6178
160 -78.6178
161 -78.6178
162 -78.6178
163 -78.6178
164 -78.6178
165 -78.6178
166 -78.6178
167 -78.6178
168 -78.6178
169 -78.6178
170 -78.6178
171 -78.6178
172 -78.6178
173 -78.6178
174 -78.6178
175 -78.6178
176 -78.6178
177 -78.6178
178 -78.6178
179 -78.6178
180 -78.6178
181 -78.6178
182 -78.6178
183 -78.6178
184 -78.6178
185 -78.6178
186 -78.6178
187 -78.6178
188 -78.6178
189 -78.6178
190 -78.6178
191 -78.6178
192 -78.6178
193 -78.6178
194 -78.6178
195 -78.6178
196 -78.6178
197 -78.6178
198 -78.6178
199 -78.6178
200 -78.6178
201 -78.6178
202 -78.6178
203 -78.6178
204 -78.6178
205 -78.6178
206 -78.6178
207 -78.6178
208 -78.6178
209 -78.6178
210 -78.6178
211 -78.6178
212 -78.6178
213 -78.6178
214 -78.6178
215 -78.6178
216 -78.6178
217 -78.6178
218 -78.6178
219 -78.6178
220 -78.6178
221 -78.6178
222 -78.6178
223 -78.6178
224 -78.6178
225 -78.6178
226 -78.6178
227 -78.6178
228 -78.6178
229 -78.6178
230 -78.6178
231 -78.6178
232 -78.6178
233 -78.6178
234 -78.6178
235 -78.6178
236 -78.6178
237 -78.6178
238 -78.6178
239 -78.6178
240 -78.6178
241 -78.6178
242 -78.6178
243 -78.6178
244 -78.6178
245 -78.6178
246 -78.6178
247 -78.6178
248 -78.6178
249 -78.6178
250 -78.6178
251 -78.6178
252 -78.6178
253 -78.6178
254 -78.6178
255 -78.6178
256 -78.6178
257 -78.6178
258 -78.6178
259 -78.6178
260 -78.6178
261 -78.6178
262 -78.6178
263 -78.6178
264 -78.6178
265 -78.6178
266 -78.6178
267 -78.6178
268 -78.6178
269 -78.6178
270 -78.6178
271 -78.6178
272 -78.6178
273 -78.6178
274 -78.6178
275 -78.6178
276 -78.6178
277 -78.6178
278 -78.6178
279 -78.6178
280 -78.6178
281 -78.6178
282 -78.6178
283 -78.6178
284 -78.6178
285 -78.6178
286 -78.6178
287 -78.6178
288 -78.6178
289 -78.6178
290 -78.6178
291 -78.6178
292 -78.6178
293 -78.6178
294 -78.6178
295 -78.6178
296 -78.6178
297 -78.6178
298 -78.6178
299 -78.6178
300 -78.6178
301 -78.6178
302 -78.6178
303 -78.6178
304 -78.6178
305 -78.6178
306 -78.6178
307 -78.6178
308 -78.6178
309 -78.6178
310 -78.6178
311 -78.6178
312 -78.6178
313 -78.6178
314 -78.6178
315 -78.6178
316 -78.6178
317 -78.6178
318 -78.6178
319 -78.6178
320 -78.6178
321 -78.6178
322 -78.6178
323 -78.6178
324 -78.6178
325 -78.6178
326 -78.6178
327 -78.6178
328 -78.6178
329 -78.6178
330 -78.6178
331 -78.6178
332 -78.6178
333 -78.6178
334 -78.6178
335 -78.6178
336 -78.6178
337 -78.6178
338 -78.6178
339 -78.6178
340 -78.6178
341 -78.6178
342 -78.6178
343 -78.6178
344 -78.6178
345 -78.6178
346 -78.6178
347 -78.6178
348 -78.6178
349 -78.6178
350 -78.6178
351 -78.6178
352 -78.6178
353 -78.6178
354 -78.6178
355 -78.6178
356 -78.6178
357 -78.6178
358 -78.6178
359 -78.6178
360 -78.6178
361 -78.6178
362 -78.6178
363 -78.6178
364 -78.6178
365 -78.6178
366 -78.6178
367 -78.6178
368 -78.6178
369 -78.6178
370 -78.6178
371 -78.6178
372 -78.6178
373 -78.6178
374 -78.6178
375 -78.6178
376 -78.6178
377 -78.6178
378 -78.6178
379 -78.6178
380 -78.6178
381 -78.6178
382 -78.6178
383 -78.6178
384 -78.6178
385 -78.6178
386 -78.6178
387 -78.6177
388 -78.5314
389 -78.3309
390 -78.0729
391 -77.8159
392 -77.5634
393 -77.3053
394 -77.0136
395 -76.8012
396 -76.5279
397 -76.2702
398 -76.0249
399 -75.7414
400 -75.4848
401 -75.2355
402 -74.9592
403 -74.7078
404 -74.4574
405 -74.208
406 -73.9504
407 -73.6783
408 -73.4082
409 -73.133
410 -72.8951
411 -72.6354
412 -72.4036
413 -72.1387
414 -71.8469
415 -71.6307
416 -71.3576
417 -71.0948
418 -70.8154
419 -70.5826
420 -70.3095
421 -70.0467
422 -69.8066
423 -69.5252
424 -69.2717
425 -69.0161
426 -68.7503
427 -68.5175
428 -68.2298
429 -67.9815
430 -67.7073
431 -67.4807
432 -67.2169
433 -66.9406
434 -66.6902
435 -66.4223
436 -66.1678
437 -65.8987
438 -65.6494
439 -65.3752
440 -65.1569
441 -64.8848
442 -64.6282
443 -64.3499
444 -64.087
445 -63.8377
446 -63.5791
447 -63.2935
448 -63.0628
449 -62.7948
450 -62.5392
451 -62.2744
452 -62.0509
453 -61.7891
454 -61.5056
455 -61.2759
456 -61.009
457 -60.7348
458 -60.4875
459 -60.202
460 -59.9536
461 -59.6888
462 -59.4301
463 -59.1911
464 -58.951
465 -58.6603
466 -58.4172
467 -58.1699
468 -57.9123
469 -57.6392
470 -57.3826
471 -57.1146
472 -56.8652
473 -56.6169
474 -56.3447
475 -56.0716
476 -55.8192
477 -55.5781
478 -55.3204
479 -55.039
480 -54.799
481 -54.5341
482 -54.2755
483 -54.0013
484 -53.7529
485 -53.5057
486 -53.2449
487 -52.9759
488 -52.711
489 -52.4627
490 -52.2062
491 -51.9475
492 -51.6961
493 -51.4478
494 -51.157
495 -50.8973
496 -50.6314
497 -50.3841
498 -50.1431
499 -49.8782
500 -49.6216
501 -49.3753
502 -49.0857
503 -48.8135
504 -48.5952
505 -48.3304
506 -48.0738
507 -47.8254
508 -47.574
509 -47.3009
510 -47.0194
511 -46.7939
512 -46.529
513 -46.2466
514 -45.9941
515 -45.721
516 -45.4571
517 -45.2419
518 -44.9512
519 -44.6874
520 -44.4628
521 -44.2021
522 -43.9372
523 -43.6796
524 -43.4168
525 -43.1602
526 -42.886
527 -42.6605
528 -42.3625
529 -42.1338
530 -41.8731
531 -41.5917
532 -41.3434
533 -41.093
534 -40.8312
535 -40.5684
536 -40.3263
537 -40.0635
538 -39.7997
539 -39.5193
540 -39.2679
541 -39.0226
542 -38.7743
543 -38.495
544 -38.2456
545 -37.9973
546 -37.7158
547 -37.4189
548 -37.1706
549 -36.9616
550 -36.6947
551 -36.4256
552 -36.1835
553 -35.9301
554 -35.6817
555 -35.4076
556 -35.153
557 -34.8964
558 -34.615
559 -34.3419
560 -34.0946
561 -33.8618
562 -33.599
563 -33.3248
564 -33.0599
565 -32.8106
566 -32.5602
567 -32.285
568 -32.0367
569 -31.7832
570 -31.5183
571 -31.2358
572 -30.9792
573 -30.7578
574 -30.4681
575 -30.196
576 -29.9539
577 -29.6983
578 -29.4459
579 -29.1645
580 -28.9244
581 -28.6492
582 -28.3999
583 -28.1195
584 -27.9115
585 -27.6601
586 -27.3704
587 -27.121
588 -26.8644
589 -26.5851
590 -26.3533
591 -26.0843
592 -25.836
593 -25.5773
594 -25.3207
595 -25.0486
596 -24.791
597 -24.5478
598 -24.2675
599 -23.9902
600 -23.7325
601 -23.4904
602 -23.2504
603 -22.9772
604 -22.7144
605 -22.4423
606 -22.193
607 -21.9219
608 -21.6736
609 -21.417
610 -21.1687
611 -20.8883
612 -20.6317
613 -20.3844
614 -20.1133
615 -19.8899
616 -19.6074
617 -19.3435
618 -19.0828
619 -18.8221
620 -18.5851
621 -18.3203
622 -18.0782
623 -17.7977
624 -17.5412
625 -17.2753
626 -17.029
627 -16.7559
628 -16.4993
629 -16.2499
630 -15.9861
631 -15.715
632 -15.4895
633 -15.1977
634 -14.9494
635 -14.6731
636 -14.459
637 -14.1693
638 -13.9054
639 -13.6799
640 -13.4222
641 -13.1325
642 -12.877
643 -12.6038
644 -12.3803
645 -12.1227
646 -11.8475
647 -11.6116
648 -11.3426
649 -11.0684
650 -10.8139
651 -10.5904
652 -10.2779
653 -10.0296
654 -9.77922
655 -9.50917
656 -9.2857
657 -8.99497
658 -8.73528
659 -8.47764
660 -8.24896
661 -7.99135
662 -7.71095
663 -7.44813
664 -7.18121
665 -6.94323
666 -6.67834
667 -6.40522
668 -6.15381
669 -5.92205
670 -5.63854
671 -5.36333
672 -5.10673
673 -4.85842
674 -4.60804
675 -4.34524
676 -4.10519
677 -3.8486
678 -3.58893
679 -3.32197
680 -3.05606
681 -2.79327
682 -2.53563
683 -2.27695
684 -2.03693
685 -1.76275
686 -1.51546
687 -1.24337
688 -0.995053
689 -0.728086
690 -0.469432
691 -0.190079
692 0.0654908
693 0.298288
694 0.549692
695 0.834234
696 1.09291
697 1.34638
698 1.61125
699 1.86788
700 2.11203
701 2.38518
702 2.65007
703 2.88081
704 3.14565
705 3.41259
706 3.67022
707 3.92471
708 4.20407
709 4.43791
710 4.70484
711 4.96558
712 5.22426
713 5.49638
714 5.71056
715 5.98784
716 6.24031
717 6.51862
718 6.77417
719 7.03389
720 7.29462
721 7.5543
722 7.82022
723 8.09129
724 8.30649
725 8.55688
726 8.84349
727 9.11765
728 9.3577
729 9.61638
730 9.87813
731 10.1596
732 10.412
733 10.6272
734 10.9252
735 11.1849
736 11.4249
737 11.7001
738 11.9495
739 12.1709
740 12.4523
741 12.7162
742 12.9624
743 13.2273
744 13.5025
745 13.7643
746 14.0043
747 14.2775
748 14.5217
749 14.7803
750 15.0462
751 15.3173
752 15.5884
753 15.8067
754 16.0674
755 16.3375
756 16.6023
757 16.8548
758 17.1093
759 17.3659
760 17.6308
761 17.8905
762 18.1471
763 18.4202
764 18.684
765 18.9313
766 19.189
767 19.4652
768 19.7187
769 19.9587
770 20.2164
771 20.4947
772 20.744
773 20.9996
774 21.2614
775 21.5283
776 21.789
777 22.0498
778 22.297
779 22.5619
780 22.8133
781 23.0627
782 23.3276
783 23.5956
784 23.8397
785 24.1057
786 24.3653
787 24.6385
788 24.8765
789 25.1237
790 25.3865
791 25.6597
792 25.9163
793 26.1625
794 26.4108
795 26.6995
796 26.9458
797 27.2023
798 27.461
799 27.7238
800 28.0032
801 28.2432
802 28.5091
803 28.7471
804 29.0119
805 29.2768
806 29.5324
807 29.7883
808 29.8736
809 29.7368
810 29.5084
811 29.252
812 28.9891
813 28.7262
814 28.4609
815 28.1983
816 27.9445
817 27.6794
818 27.43
819 27.163
820 26.9054
821 26.6488
822 26.3995
823 26.1346
824 25.8697
825 25.6142
826 25.3731
827 25.102
828 24.8517
829 24.6095
830 24.3333
831 24.0664
832 23.8046
833 23.5563
834 23.2904
835 23.0369
836 22.7659
837 22.5258
838 22.2558
839 21.9826
840 21.7364
841 21.4808
842 21.2325
843 20.9552
844 20.7142
845 20.4514
846 20.1865
847 19.9206
848 19.6578
849 19.395
850 19.1488
851 18.8715
852 18.6387
853 18.3821
854 18.1162
855 17.8596
856 17.5937
857 17.3455
858 17.0775
859 16.8074
860 16.5829
861 16.3274
862 16.0594
863 15.8018
864 15.5555
865 15.2576
866 14.9948
867 14.7682
868 14.5126
869 14.2478
870 13.9984
871 13.7336
872 13.4749
873 13.1997
874 12.9431
875 12.6948
876 12.4537
877 12.1661
878 11.9064
879 11.6488
880 11.3953
881 11.1522
882 10.8873
883 10.6142
884 10.3493
885 10.101
886 9.85269
887 9.5806
888 9.31675
889 9.0643
890 8.80253
891 8.51595
892 8.29247
893 8.02864
894 7.76275
895 7.51651
896 7.25681
897 6.99815
898 6.75087
899 6.47565
900 6.21081
901 5.9625
902 5.71935
903 5.42967
904 5.2062
905 4.91236
906 4.66817
907 4.39196
908 4.17157
909 3.90876
910 3.6408
911 3.37904
912 3.11314
913 2.86483
914 2.61653
915 2.34338
916 2.0961
917 1.83124
918 1.57464
919 1.30252
920 1.05319
921 0.77385
922 0.532797
923 0.25246
924 0.0813421
925 0.0142199
926 -0.00468938
927 -0.00573775
928 -0.00384561
929 -0.00223291
930 -0.00110142
931 -0.000516253
932 -0.000250549
933 -0.00012409
934 -5.84929e-05
935 -2.24973e-05
936 -4.73627e-06
937 5.68352e-06
938 1.06566e-05
939 1.32616e-05
940 1.3972e-05
941 1.44456e-05
942 1.42088e-05
943 1.32616e-05
944 1.27879e-05
945 1.23143e-05
946 1.1367e-05
947 1.06566e-05
948 9.70935e-06
949 9.23573e-06
950 8.28847e-06
951 7.34122e-06
952 6.86759e-06
953 6.15715e-06
954 5.2099e-06
955 4.73627e-06
956 4.02583e-06
957 3.5522e-06
958 3.07858e-06
959 2.60495e-06
960 2.13132e-06
961 1.42088e-06
962 9.47254e-07
963 7.10441e-07
964 2.36814e-07
965 0
966 -2.36814e-07
967 -4.73627e-07
968 -7.10441e-07
969 -7.10441e-07
970 -1.42088e-06
971 -1.65769e-06
972 -1.65769e-06
973 -1.89451e-06
974 2.13132e-06
975 -6.15715e-06
976 -4.49946e-06
977 -4.73627e-06
978 -4.73627e-06
979 -4.73627e-06
980 -4.73627e-06
981 -4.73627e-06
982 -4.49946e-06
983 -4.49946e-06
984 -4.49946e-06
985 -4.49946e-06
986 -4.49946e-06
987 -4.02583e-06
988 -4.02583e-06
989 -4.02583e-06
990 -4.02583e-06
991 -4.26264e-06
992 -4.02583e-06
993 -4.02583e-06
994 -4.26264e-06
995 -4.02583e-06
996 -4.02583e-06
997 -3.78902e-06
998 -4.02583e-06
999 -4.02583e-06
1000 -4.02583e-06
1001 -4.02583e-06
1002 -4.02583e-06
1003 -3.78902e-06
1004 -3.78902e-06
1005 -4.02583e-06
1006 -3.78902e-06
1007 -3.78902e-06
1008 -3.78902e-06
1009 -3.78902e-06
1010 -3.78902e-06
1011 -3.78902e-06
1012 -3.78902e-06
1013 -3.78902e-06
1014 -3.5522e-06
1015 -3.5522e-06
1016 -3.5522e-06
1017 -3.5522e-06
1018 -3.5522e-06
1019 -3.78902e-06
1020 -3.78902e-06
1021 -3.5522e-06
1022 -3.78902e-06
1023 -3.78902e-06
1024 -3.5522e-06
1025 -3.78902e-06
1026 -3.5522e-06
1027 -3.5522e-06
1028 0.00140407
1029 0.105734
1030 0.308307
1031 0.544963
1032 0.810219
1033 1.07205
1034 1.30622
1035 1.5885
1036 1.84861
1037 2.08468
1038 2.34959
1039 2.61451
1040 2.90217
1041 3.15977
1042 3.41535
1043 3.68023
1044 3.93265
1045 4.19131
1046 4.45
1047 4.68692
1048 4.96833
1049 5.22598
1050 5.47119
1051 5.73602
1052 5.99365
1053 6.24197
1054 6.51404
1055 6.77994
1056 7.02621
1057 7.29208
1058 7.55694
1059 7.78146
1060 8.04013
1061 8.30498
1062 8.57915
1063 8.8161
1064 9.09542
1065 9.34582
1066 9.60036
1067 9.88177
1068 10.1415
1069 10.3629
1070 10.6267
1071 10.9081
1072 11.1471
1073 11.413
1074 11.6841
1075 11.9479
1076 12.2045
1077 12.4693
1078 12.7156
1079 12.9825
1080 13.2505
1081 13.4926
1082 13.7523
1083 14.0172
1084 14.2572
1085 14.5376
1086 14.7776
1087 15.0425
1088 15.3022
1089 15.5588
1090 15.8153
1091 16.0729
1092 16.3202
1093 16.5779
1094 16.8282
1095 17.0869
1096 17.3652
1097 17.6259
1098 17.8815
1099 18.1463
1100 18.3946
1101 18.6595
1102 18.9161
1103 19.181
1104 19.4355
1105 19.6993
1106 19.9476
1107 20.2156
1108 20.4691
1109 20.7298
1110 20.9874
1111 21.244
1112 21.5006
1113 21.7665
1114 22.0127
1115 22.2952
1116 22.558
1117 22.7763
1118 23.0567
1119 23.3371
1120 23.5761
1121 23.8399
1122 24.113
1123 24.3376
1124 24.5962
1125 24.8683
1126 25.127
1127 25.3949
1128 25.6598
1129 25.905
1130 26.1668
1131 26.4347
1132 26.6665
1133 26.9251
1134 27.1879
1135 27.4611
1136 27.7166
1137 27.9732
1138 28.2226
1139 28.4885
1140 28.7688
1141 29.0254
1142 29.2603
1143 29.5334
1144 29.7807
1145 29.9331
1146 29.9943
1147 30.0057
1148 30.0056
1149 30.0035
1150 30.0018
1151 30.0009
1152 30.0004
1153 30.0002
1154 30.0001
1155 30
1156 30
1157 30
1158 30
1159 30
1160 30
1161 30
1162 30
1163 30
1164 30
1165 30
1166 30
1167 30
1168 30
1169 30
1170 30
1171 30
1172 30
1173 30
1174 30
1175 30
1176 30
1177 30
1178 30
1179 30
1180 30
1181 30
1182 30
1183 30
1184 30
1185 30
1186 30
1187 30
1188 30
1189 29.9496
1190 29.7707
1191 29.5119
1192 29.2575
1193 29.0155
1194 28.7281
1195 28.4685
1196 28.2115
1197 27.965
1198 27.7166
1199 27.4351
1200 27.1775
1201 26.924
1202 26.6674
1203 26.4108
1204 26.146
1205 25.8883
1206 25.6307
1207 25.3565
1208 25.1341
1209 24.8651
1210 24.6095
1211 24.3384
1212 24.0736
1213 23.817
1214 23.5563
1215 23.3328
1216 23.0504
1217 22.7886
1218 22.5424
1219 22.2682
1220 22.0313
1221 21.7664
1222 21.5109
1223 21.2315
1224 20.9739
1225 20.7152
1226 20.4597
1227 20.1989
1228 19.9351
1229 19.6671
1230 19.4126
1231 19.1395
1232 18.8984
1233 18.6553
1234 18.3987
1235 18.1317
1236 17.8762
1237 17.6165
1238 17.3568
1239 17.0878
1240 16.8312
1241 16.5912
1242 16.3305
1243 16.0666
1244 15.81
1245 15.5441
1246 15.3103
1247 15.0289
1248 14.7702
1249 14.5064
1250 14.2561
1251 13.986
1252 13.7294
1253 13.4801
1254 13.1997
1255 12.9793
1256 12.6896
1257 12.4465
1258 12.1733
1259 11.9116
1260 11.6529
1261 11.3819
1262 11.1325
1263 10.909
1264 10.61
1265 10.3566
1266 10.1331
1267 9.85062
1268 9.59713
1269 9.33123
1270 9.08292
1271 8.81184
1272 8.55422
1273 8.30489
1274 8.04933
1275 7.78551
1276 7.54548
1277 7.28269
1278 7.00126
1279 6.72709
1280 6.50983
1281 6.22839
1282 5.96354
1283 5.72352
1284 5.47623
1285 5.21138
1286 4.96305
1287 4.69404
1288 4.4364
1289 4.15604
1290 3.90565
1291 3.63456
1292 3.37799
1293 3.12762
1294 2.86897
1295 2.59066
1296 2.36616
1297 2.09817
1298 1.84158
1299 1.56948
1300 1.31185
1301 1.05525
1302 0.798668
1303 0.534842
1304 0.27514
1305 0.0936979
1306 0.0187748
1307 -0.004144
1308 -0.0058313
1309 -0.00425128
1310 -0.00218792
1311 -0.00103535
1312 -0.00054846
1313 -0.000264521
1314 -0.000125038
1315 -6.13347e-05
1316 -2.34445e-05
1317 -4.49946e-06
1318 5.68352e-06
1319 1.1367e-05
1320 1.3972e-05
1321 1.49193e-05
1322 1.49193e-05
1323 1.44456e-05
1324 1.3972e-05
1325 1.34984e-05
1326 1.25511e-05
1327 1.18407e-05
1328 1.11302e-05
1329 9.94617e-06
1330 8.99891e-06
1331 8.52529e-06
1332 7.57803e-06
1333 6.86759e-06
1334 6.39396e-06
1335 5.68352e-06
1336 5.2099e-06
1337 4.26264e-06
1338 3.78902e-06
1339 3.07858e-06
1340 2.60495e-06
1341 1.89451e-06
1342 1.65769e-06
1343 1.18407e-06
1344 9.47254e-07
1345 4.73627e-07
1346 0
1347 -4.73627e-07
1348 -4.73627e-07
1349 0.0365065
1350 0.205624
1351 0.451834
1352 0.667683
1353 0.930188
1354 1.19493
1355 1.46821
1356 1.70875
1357 1.97491
1358 2.25131
1359 2.49863
1360 2.74694
1361 2.99113
1362 3.255
1363 3.53121
1364 3.78677
1365 4.04338
1366 4.30823
1367 4.56274
1368 4.8442
1369 5.10076
1370 5.34182
1371 5.61913
1372 5.85917
1373 6.12501
1374 6.36817
1375 6.64959
1376 6.88135
1377 7.13688
1378 7.40177
1379 7.66662
1380 7.91077
1381 8.15908
1382 8.43123
1383 8.70019
1384 8.95369
1385 9.23307
1386 9.48341
1387 9.7545
1388 9.99457
1389 10.2563
1390 10.5015
1391 10.783
1392 11.0147
1393 11.2981
1394 11.5465
1395 11.8083
1396 12.0555
1397 12.3152
1398 12.5718
1399 12.8428
1400 13.1005
1401 13.3571
1402 13.5981
1403 13.8744
1404 14.1299
1405 14.3886
1406 14.6349
1407 14.9111
1408 15.176
1409 15.448
1410 15.6963
1411 15.9643
1412 16.2188
1413 16.4651
1414 16.7196
1415 16.999
1416 17.2441
1417 17.5049
1418 17.7553
1419 18.0191
1420 18.2839
1421 18.5343
1422 18.793
1423 19.0682
1424 19.3165
1425 19.5721
1426 19.8317
1427 20.0966
1428 20.348
1429 20.6046
1430 20.8446
1431 21.1126
1432 21.3909
1433 21.6402
1434 21.9031
1435 22.1607
1436 22.4193
1437 22.678
1438 22.9418
1439 23.1715
1440 23.4229
1441 23.7147
1442 23.9496
1443 24.2382
1444 24.4855
1445 24.7483
1446 24.9842
1447 25.2604
1448 25.515
1449 25.7798
1450 26.0395
1451 26.3085
1452 26.5403
1453 26.7978
1454 27.0514
1455 27.3162
1456 27.5893
1457 27.847
1458 28.087
1459 28.3581
1460 28.6198
1461 28.8775
1462 29.1351
1463 29.4
1464 29.6276
1465 29.8832
1466 29.9777
1467 30.0014
1468 30.0059
1469 30.0047
1470 30.0027
1471 30.0013
1472 30.0006
1473 30.0002
1474 30.0001
1475 30
1476 30
1477 30
1478 30
1479 30
1480 30
1481 30
1482 30
1483 30
1484 30
1485 30
1486 30
1487 30
1488 30
1489 30
1490 30
1491 30
1492 30
1493 30
1494 30
1495 30
1496 30
1497 30
1498 30
1499 30
1500 30
1501 30
1502 30
1503 30
1504 30
1505 30
1506 30
1507 30
1508 30
1509 29.9902
1510 29.8551
1511 29.631
1512 29.3779
1513 29.1199
1514 28.8592
1515 28.5868
1516 28.3296
1517 28.0779
1518 27.8149
1519 27.5728
1520 27.3296
1521 27.0347
1522 26.7936
1523 26.536
1524 26.2887
1525 26.0094
1526 25.7414
1527 25.4672
1528 25.2634
1529 25.0048
1530 24.7057
1531 24.4761
1532 24.2122
1533 23.9556
1534 23.7032
1535 23.4342
1536 23.1776
1537 22.9241
1538 22.6479
1539 22.3768
1540 22.1378
1541 21.8864
1542 21.5791
1543 21.3463
1544 21.1001
1545 20.8477
1546 20.5828
1547 20.3055
1548 20.0717
1549 19.8016
1550 19.5554
1551 19.2895
1552 19.0329
1553 18.7742
1554 18.5177
1555 18.2497
1556 17.989
1557 17.7334
1558 17.4748
1559 17.1996
1560 16.9523
1561 16.705
1562 16.4484
1563 16.1742
1564 15.9176
1565 15.6776
1566 15.4241
1567 15.1427
1568 14.9027
1569 14.6389
1570 14.3812
1571 14.1164
1572 13.8432
1573 13.5928
1574 13.3497
1575 13.0838
1576 12.8107
1577 12.5458
1578 12.3223
1579 12.0378
1580 11.8143
1581 11.5402
1582 11.2929
1583 11.0115
1584 10.7435
1585 10.4848
1586 10.2262
1587 9.96547
1588 9.71922
1589 9.45848
1590 9.20191
1591 8.94325
1592 8.69286
1593 8.41973
1594 8.15694
1595 7.88896
1596 7.64066
1597 7.39133
1598 7.14095
1599 6.87608
1600 6.62777
1601 6.37739
1602 6.1125
1603 5.83007
1604 5.5797
1605 5.33346
1606 5.07582
1607 4.81097
1608 4.5668
1609 4.31122
1610 4.02153
1611 3.76906
1612 3.50732
1613 3.25179
1614 2.96519
1615 2.74171
1616 2.50272
1617 2.20268
1618 1.96574
1619 1.69258
1620 1.43394
1621 1.1794
1622 0.921777
1623 0.658995
1624 0.404478
1625 0.167831
1626 0.0396104
1627 0.000700021
1628 -0.00592744
1629 -0.005042
1630 -0.00304826
1631 -0.00144669
1632 -0.000786458
1633 -0.000384112
1634 -0.000179031
1635 -8.07534e-05
1636 -3.5522e-05
1637 -9.94617e-06
1638 3.31539e-06
1639 1.04198e-05
1640 1.34984e-05
1641 1.51561e-05
1642 1.53929e-05
1643 1.51561e-05
1644 1.46824e-05
1645 1.37352e-05
1646 1.30247e-05
1647 1.23143e-05
1648 1.16039e-05
1649 1.06566e-05
1650 9.94617e-06
1651 8.99891e-06
1652 8.28847e-06
1653 7.34122e-06
1654 6.63078e-06
1655 6.15715e-06
1656 5.2099e-06
1657 4.73627e-06
1658 3.78902e-06
1659 3.5522e-06
1660 2.84176e-06
1661 2.36814e-06
1662 1.89451e-06
1663 1.42088e-06
1664 7.10441e-07
1665 2.36814e-07
1666 2.36814e-07
1667 0
1668 -4.73627e-07
1669 0.00244747
1670 0.111745
1671 0.330856
1672 0.576747
1673 0.825858
1674 1.09288
1675 1.3166
1676 1.58228
1677 1.8455
1678 2.14158
1679 2.35684
1680 2.62176
1681 2.90527
1682 3.16702
1683 3.39051
1684 3.68125
1685 3.94299
1686 4.19958
1687 4.44793
1688 4.69519
1689 4.94349
1690 5.20838
1691 5.47429
1692 5.72257
1693 5.98744
1694 6.24094
1695 6.53576
1696 6.77684
1697 7.02518
1698 7.28691
1699 7.55487
1700 7.81769
1701 8.08253
1702 8.33291
1703 8.59675
1704 8.85645
1705 9.10472
1706 9.36134
1707 9.61898
1708 9.86728
1709 10.1332
1710 10.3991
1711 10.6288
1712 10.9267
1713 11.1864
1714 11.4275
1715 11.7006
1716 11.9489
1717 12.2014
1718 12.4631
1719 12.7352
1720 12.9815
1721 13.2391
1722 13.4946
1723 13.744
1724 14.0006
1725 14.2613
1726 14.5531
1727 14.8149
1728 15.0632
1729 15.3053
1730 15.5722
1731 15.8474
1732 16.0709
1733 16.3606
1734 16.611
1735 16.8686
1736 17.1159
1737 17.389
1738 17.6373
1739 17.9167
1740 18.166
1741 18.4153
1742 18.6636
1743 18.9306
1744 19.1955
1745 19.4675
1746 19.7024
1747 19.9962
1748 20.199
1749 20.4794
1750 20.736
1751 20.9926
1752 21.274
1753 21.5223
1754 21.783
1755 22.0572
1756 22.2817
1757 22.5425
1758 22.8218
1759 23.0494
1760 23.2988
1761 23.5791
1762 23.8409
1763 24.1141
1764 24.3303
1765 24.6448
1766 24.8797
1767 25.1601
1768 25.3732
1769 25.6474
1770 25.9288
1771 26.2061
1772 26.4213
1773 26.7058
1774 26.9489
1775 27.2231
1776 27.4797
1777 27.7456
1778 28.0053
1779 28.2288
1780 28.4854
1781 28.775
1782 29.0223
1783 29.2624
1784 29.5345
1785 29.7911
1786 29.9392
1787 29.9948
1788 30.0056
1789 30.0055
1790 30.0033
1791 30.0019
1792 30.0008
1793 30.0004
1794 30.0002
1795 30
1796 30
1797 30
1798 30
1799 30
1800 30
1801 30
1802 30
1803 30
1804 30
1805 30
1806 30
1807 30
1808 30
1809 30
1810 30
1811 30
1812 30
1813 30
1814 30
1815 30
1816 30
1817 30
1818 30
1819 30
1820 30
1821 30
1822 30
1823 30
1824 30
1825 30
1826 30
1827 30
1828 30
1829 30
1830 29.9254
1831 29.7303
1832 29.4896
1833 29.2471
1834 28.9801
1835 28.7094
1836 28.4498
1837 28.2011
1838 27.9267
1839 27.7052
1840 27.4072
1841 27.1589
1842 26.9043
1843 26.6312
1844 26.3829
1845 26.1387
1846 25.8573
1847 25.6338
1848 25.3596
1849 25.0824
1850 24.8423
1851 24.5816
1852 24.3353
1853 24.0384
1854 23.787
1855 23.5149
1856 23.308
1857 23.009
1858 22.7793
1859 22.4803
1860 22.2744
1861 21.9909
1862 21.7281
1863 21.4539
1864 21.2294
1865 20.9594
1866 20.7111
1867 20.4359
1868 20.171
1869 19.9216
1870 19.6651
1871 19.3888
1872 19.1405
1873 18.8922
1874 18.6429
1875 18.3656
1876 18.1007
1877 17.8534
1878 17.5969
1879 17.332
1880 17.0847
1881 16.8095
1882 16.555
1883 16.2798
1884 16.0397
1885 15.779
1886 15.539
1887 15.2669
1888 15.0103
1889 14.7454
1890 14.4847
1891 14.2116
1892 13.955
1893 13.7004
1894 13.4428
1895 13.178
1896 12.9038
1897 12.6782
1898 12.4217
1899 12.1609
1900 11.8826
1901 11.6343
1902 11.3746
1903 11.117
1904 10.8935
1905 10.6028
1906 10.3452
1907 10.0751
1908 9.85061
1909 9.57852
1910 9.31675
1911 9.04464
1912 8.79943
1913 8.53974
1914 8.28315
1915 8.00692
1916 7.7524
1917 7.48753
1918 7.24646
1919 6.97127
1920 6.70638
1921 6.46635
1922 6.21391
1923 5.94697
1924 5.68833
1925 5.42141
1926 5.16895
1927 4.92994
1928 4.64749
1929 4.40125
1930 4.14465
1931 3.87356
1932 3.62629
1933 3.36041
1934 3.10486
1935 2.87311
1936 2.5917
1937 2.32786
1938 2.08886
1939 1.81572
1940 1.55809
1941 1.31184
1942 1.02836
1943 0.782113
1944 0.519316
1945 0.277219
1946 0.0769087
1947 0.00971622
1948 -0.00503537
1949 -0.00562882
1950 -0.00391263
1951 -0.00212043
1952 -0.000987512
1953 -0.000494703
1954 -0.000243444
1955 -0.000114855
1956 -5.42303e-05
1957 -1.87083e-05
1958 -1.65769e-06
1959 8.99891e-06
1960 1.30247e-05
1961 1.56297e-05
1962 1.61033e-05
1963 1.56297e-05
1964 1.51561e-05
1965 1.49193e-05
1966 1.3972e-05
1967 1.27879e-05
1968 1.20775e-05
1969 1.1367e-05
1970 1.06566e-05
1971 9.47254e-06
1972 8.7621e-06
1973 8.05166e-06
1974 7.10441e-06
1975 6.39396e-06
1976 5.92034e-06
1977 4.73627e-06
1978 4.02583e-06
1979 3.5522e-06
1980 3.07858e-06
1981 2.60495e-06
1982 2.13132e-06
1983 1.65769e-06
1984 1.18407e-06
1985 9.47254e-07
1986 2.36814e-07
1987 0
1988 -4.73627e-07
1989 -7.10441e-07
1990 0.0495459
1991 0.19983
1992 0.422019
1993 0.712345
1994 0.97922
1995 1.20429
1996 1.46924
1997 1.70979
1998 1.98216
1999 2.26063
2000 2.52552
2001 2.77385
2002 3.01494
2003 3.29429
2004 3.54259
2005 3.81679
2006 4.07131
2007 4.34753
2008 4.59896
2009 4.85248
2010 5.10076
2011 5.38116
2012 5.61809
2013 5.87467
2014 6.13536
2015 6.39923
2016 6.65684
2017 6.91445
2018 7.16173
2019 7.4504
2020 7.67282
2021 7.93044
2022 8.2067
2023 8.47672
2024 8.73433
2025 8.99303
2026 9.25374
2027 9.47928
2028 9.77314
2029 10.0297
2030 10.276
2031 10.5388
2032 10.7788
2033 11.0437
2034 11.3033
2035 11.5724
2036 11.8207
2037 12.07
2038 12.3493
2039 12.6059
2040 12.8635
2041 13.1253
2042 13.3747
2043 13.6405
2044 13.8795
2045 14.1403
2046 14.4124
2047 14.6866
2048 14.9349
2049 15.177
2050 15.4418
2051 15.7212
2052 15.9705
2053 16.2209
2054 16.4827
2055 16.7641
2056 17.0217
2057 17.2659
2058 17.5225
2059 17.7956
2060 18.0098
2061 18.3088
2062 18.5312
2063 18.8137
2064 19.0547
2065 19.3031
2066 19.5938
2067 19.8566
2068 20.0801
2069 20.3739
2070 20.6201
2071 20.8809
2072 21.154
2073 21.4044
2074 21.6434
2075 21.9227
2076 22.1752
2077 22.4317
2078 22.6656
2079 22.9408
2080 23.1932
2081 23.4809
2082 23.7333
2083 23.9765
2084 24.2237
2085 24.5145
2086 24.7679
2087 25.0369
2088 25.2894
2089 25.5408
2090 25.7974
2091 26.0623
2092 26.3054
2093 26.5547
2094 26.8165
2095 27.0928
2096 27.34
2097 27.5883
2098 27.8542
2099 28.1253
2100 28.3891
2101 28.6561
2102 28.8992
2103 29.1754
2104 29.3948
2105 29.6814
2106 29.8911
2107 29.9738
2108 30.0031
2109 30.0059
2110 30.0045
2111 30.0023
2112 30.0012
2113 30.0005
2114 30.0002
2115 30.0001
2116 30
2117 30
2118 30
2119 30
2120 30
2121 30
2122 30
2123 30
2124 30
2125 30
2126 30
2127 30
2128 30
2129 30
2130 30
2131 30
2132 30
2133 30
2134 30
2135 30
2136 30
2137 30
2138 30
2139 30
2140 30
2141 30
2142 30
2143 30
2144 30
2145 30
2146 30
2147 30
2148 30
2149 30
2150 29.9835
2151 29.8245
2152 29.6174
2153 29.3624
2154 29.0886
2155 28.8176
2156 28.5868
2157 28.3244
2158 28.0758
2159 27.8139
2160 27.5386
2161 27.2903
2162 27.0244
2163 26.7936
2164 26.5029
2165 26.237
2166 25.9835
2167 25.73
2168 25.4931
2169 25.2313
2170 24.9758
2171 24.7026
2172 24.4274
2173 24.1698
2174 23.9205
2175 23.6629
2176 23.3918
2177 23.1435
2178 22.8828
2179 22.62
2180 22.3706
2181 22.1109
2182 21.8699
2183 21.5967
2184 21.3401
2185 21.0887
2186 20.8332
2187 20.5486
2188 20.2962
2189 20.0417
2190 19.7851
2191 19.5181
2192 19.2864
2193 18.9915
2194 18.7463
2195 18.469
2196 18.2197
2197 17.9807
2198 17.7189
2199 17.4427
2200 17.2089
2201 16.9533
2202 16.6802
2203 16.4401
2204 16.1784
2205 15.9073
2206 15.6569
2207 15.4003
2208 15.1365
2209 14.881
2210 14.6016
2211 14.3388
2212 14.0822
2213 13.838
2214 13.5784
2215 13.3135
2216 13.0414
2217 12.8045
2218 12.5562
2219 12.2882
2220 12.0388
2221 11.7699
2222 11.504
2223 11.2308
2224 10.9794
2225 10.7228
2226 10.4828
2227 10.2107
2228 9.94374
2229 9.683
2230 9.43676
2231 9.18122
2232 8.91634
2233 8.66078
2234 8.41146
2235 8.14762
2236 7.86413
2237 7.621
2238 7.352
2239 7.09438
2240 6.83883
2241 6.59778
2242 6.34945
2243 6.08146
2244 5.81456
2245 5.54866
2246 5.31069
2247 5.02512
2248 4.76441
2249 4.50884
2250 4.26053
2251 3.99566
2252 3.74526
2253 3.48766
2254 3.24868
2255 2.98174
2256 2.72308
2257 2.45616
2258 2.19336
2259 1.96264
2260 1.705
2261 1.41429
2262 1.16181
2263 0.879369
2264 0.631071
2265 0.396207
2266 0.142324
2267 0.0419098
2268 -0.00124114
2269 -0.00595941
2270 -0.00500269
2271 -0.00277806
2272 -0.00139602
2273 -0.000677287
2274 -0.000330828
2275 -0.000155113
2276 -7.27017e-05
2277 -3.07858e-05
2278 -6.63078e-06
2279 5.92034e-06
2280 1.20775e-05
2281 1.49193e-05
2282 1.63401e-05
2283 1.61033e-05
2284 1.58665e-05
2285 1.51561e-05
2286 1.46824e-05
2287 1.37352e-05
2288 1.25511e-05
2289 1.16039e-05
2290 1.06566e-05
2291 9.94617e-06
2292 8.99891e-06
2293 8.28847e-06
2294 7.57803e-06
2295 6.63078e-06
2296 5.68352e-06
2297 5.2099e-06
2298 4.26264e-06
2299 4.02583e-06
2300 3.31539e-06
2301 2.84176e-06
2302 2.60495e-06
2303 1.65769e-06
2304 1.42088e-06
2305 4.73627e-07
2306 0
2307 0
2308 -2.36814e-07
2309 -4.73627e-07
2310 0.00018282
2311 0.112421
2312 0.316743
2313 0.558289
2314 0.812306
2315 1.05433
2316 1.3332
2317 1.60198
2318 1.85897
2319 2.11364
2320 2.33304
2321 2.63005
2322 2.89492
2323 3.11839
2324 3.42156
2325 3.65332
2326 3.90265
2327 4.19855
2328 4.43965
2329 4.69622
2330 4.95901
2331 5.21873
2332 5.46808
2333 5.73809
2334 5.99468
2335 6.26782
2336 6.51197
2337 6.7696
2338 7.02518
2339 7.28898
2340 7.54142
2341 7.8063
2342 8.03806
2343 8.3205
2344 8.57502
2345 8.8192
2346 9.09127
2347 9.36445
2348 9.61381
2349 9.86831
2350 10.1166
2351 10.3898
2352 10.6329
2353 10.8853
2354 11.1637
2355 11.4472
2356 11.6624
2357 11.9293
2358 12.189
2359 12.4579
2360 12.7083
2361 12.9546
2362 13.2174
2363 13.4998
2364 13.7492
2365 14.0089
2366 14.2489
2367 14.5055
2368 14.7828
2369 15.0259
2370 15.297
2371 15.565
2372 15.8298
2373 16.0864
2374 16.3202
2375 16.6017
2376 16.8489
2377 17.1159
2378 17.3621
2379 17.628
2380 17.8918
2381 18.137
2382 18.4019
2383 18.6667
2384 18.9223
2385 19.1613
2386 19.452
2387 19.72
2388 19.9683
2389 20.2249
2390 20.4794
2391 20.734
2392 20.9854
2393 21.2347
2394 21.5275
2395 21.7479
2396 22.0282
2397 22.2817
2398 22.5394
2399 22.7949
2400 23.0515
2401 23.3071
2402 23.5554
2403 23.8378
2404 24.0779
2405 24.3344
2406 24.59
2407 24.8714
2408 25.1311
2409 25.3722
2410 25.6422
2411 25.9123
2412 26.1688
2413 26.4285
2414 26.6861
2415 26.9562
2416 27.1796
2417 27.4362
2418 27.7104
2419 27.9918
2420 28.2215
2421 28.4854
2422 28.7306
2423 29.0047
2424 29.2634
2425 29.5221
2426 29.7797
2427 29.9396
2428 29.9942
2429 30.0054
2430 30.0054
2431 30.0036
2432 30.0018
2433 30.0008
2434 30.0004
2435 30.0001
2436 30
2437 30
2438 30
2439 30
2440 30
2441 30
2442 30
2443 30
2444 30
2445 30
2446 30
2447 30
2448 30
2449 30
2450 30
2451 30
2452 30
2453 30
2454 30
2455 30
2456 30
2457 30
2458 30
2459 30
2460 30
2461 30
2462 30
2463 30
2464 30
2465 30
2466 30
2467 30
2468 30
2469 30
2470 30
2471 29.9355
2472 29.7587
2473 29.522
2474 29.2627
2475 28.9895
2476 28.7323
2477 28.4695
2478 28.2042
2479 27.9888
2480 27.7001
2481 27.43
2482 27.1899
2483 26.9147
2484 26.6612
2485 26.3963
2486 26.1459
2487 25.8956
2488 25.6224
2489 25.3648
2490 25.103
2491 24.8351
2492 24.6116
2493 24.3426
2494 24.0746
2495 23.8015
2496 23.5594
2497 23.3007
2498 23.0338
2499 22.7793
2500 22.5217
2501 22.2568
2502 22.0064
2503 21.7591
2504 21.4943
2505 21.246
2506 20.9904
2507 20.7018
2508 20.4617
2509 20.2103
2510 19.9268
2511 19.664
2512 19.4209
2513 19.1622
2514 18.9036
2515 18.6377
2516 18.3759
2517 18.1276
2518 17.8638
2519 17.6207
2520 17.3723
2521 17.1096
2522 16.8354
2523 16.5684
2524 16.3305
2525 16.078
2526 15.8214
2527 15.5566
2528 15.3031
2529 15.0382
2530 14.7816
2531 14.5064
2532 14.2529
2533 13.9964
2534 13.7222
2535 13.4894
2536 13.2245
2537 12.9742
2538 12.701
2539 12.4537
2540 12.2054
2541 11.9116
2542 11.6529
2543 11.3881
2544 11.1398
2545 10.8708
2546 10.6349
2547 10.3741
2548 10.1041
2549 9.84751
2550 9.58783
2551 9.36435
2552 9.06636
2553 8.81805
2554 8.57389
2555 8.30074
2556 8.03174
2557 7.77724
2558 7.53719
2559 7.2568
2560 7.00852
2561 6.76538
2562 6.50775
2563 6.24183
2564 5.97905
2565 5.71729
2566 5.46071
2567 5.1824
2568 4.94132
2569 4.68472
2570 4.4364
2571 4.1612
2572 3.90461
2573 3.65422
2574 3.37283
2575 3.14935
2576 2.87518
2577 2.63414
2578 2.37961
2579 2.10024
2580 1.85504
2581 1.58085
2582 1.31597
2583 1.05836
2584 0.810054
2585 0.546213
2586 0.289626
2587 0.0864362
2588 0.0130991
2589 -0.00452432
2590 -0.00575552
2591 -0.00393134
2592 -0.00216542
2593 -0.00110024
2594 -0.000556038
2595 -0.000256469
2596 -0.000124564
2597 -5.39935e-05
2598 -1.87083e-05
2599 -7.10441e-07
2600 9.23573e-06
2601 1.34984e-05
2602 1.56297e-05
2603 1.58665e-05
2604 1.58665e-05
2605 1.53929e-05
2606 1.46824e-05
2607 1.42088e-05
2608 1.32616e-05
2609 1.23143e-05
2610 1.16039e-05
2611 1.06566e-05
2612 9.70935e-06
2613 8.52529e-06
2614 7.81485e-06
2615 7.10441e-06
2616 6.15715e-06
2617 5.44671e-06
2618 4.97308e-06
2619 4.02583e-06
2620 3.78902e-06
2621 2.84176e-06
2622 2.36814e-06
2623 2.13132e-06
2624 1.42088e-06
2625 9.47254e-07
2626 7.10441e-07
2627 2.36814e-07
2628 -4.73627e-07
2629 -4.73627e-07
2630 -7.10441e-07
2631 0.0360731
2632 0.196543
2633 0.411141
2634 0.656284
2635 0.931242
2636 1.18244
2637 1.44849
2638 1.74914
2639 1.95627
2640 2.23268
2641 2.49037
2642 2.74488
2643 3.00148
2644 3.27051
2645 3.51776
2646 3.77539
2647 4.05786
2648 4.32684
2649 4.54929
2650 4.81729
2651 5.09042
2652 5.347
2653 5.59222
2654 5.85399
2655 6.12709
2656 6.3661
2657 6.63616
2658 6.87721
2659 7.1493
2660 7.40177
2661 7.66351
2662 7.92112
2663 8.18082
2664 8.44053
2665 8.69915
2666 8.94955
2667 9.21652
2668 9.48238
2669 9.72449
2670 9.98732
2671 10.2522
2672 10.5098
2673 10.7726
2674 11.0292
2675 11.2981
2676 11.5537
2677 11.8031
2678 12.0596
2679 12.3193
2680 12.5842
2681 12.849
2682 13.1212
2683 13.3467
2684 13.5909
2685 13.862
2686 14.1237
2687 14.401
2688 14.6586
2689 14.9204
2690 15.1604
2691 15.4346
2692 15.6787
2693 15.9271
2694 16.1868
2695 16.4495
2696 16.7144
2697 16.9938
2698 17.2255
2699 17.5059
2700 17.7542
2701 18.0118
2702 18.2643
2703 18.5374
2704 18.793
2705 19.0495
2706 19.3072
2707 19.5752
2708 19.8131
2709 20.078
2710 20.318
2711 20.5839
2712 20.8426
2713 21.1323
2714 21.3734
2715 21.6547
2716 21.9103
2717 22.1348
2718 22.4193
2719 22.6511
2720 22.9284
2721 23.1849
2722 23.425
2723 23.7064
2724 23.962
2725 24.2103
2726 24.4751
2727 24.7472
2728 24.9966
2729 25.2532
2730 25.5026
2731 25.785
2732 26.0374
2733 26.2827
2734 26.5185
2735 26.7999
2736 27.07
2737 27.3328
2738 27.5976
2739 27.8221
2740 28.0777
2741 28.3601
2742 28.6167
2743 28.8889
2744 29.1134
2745 29.4031
2746 29.669
2747 29.8668
2748 29.9755
2749 30.0024
2750 30.0059
2751 30.0044
2752 30.0027
2753 30.0014
2754 30.0006
2755 30.0003
2756 30.0001
2757 30
2758 30
2759 30
2760 30
2761 30
2762 30
2763 30
2764 30
2765 30
2766 30
2767 30
2768 30
2769 30
2770 30
2771 30
2772 30
2773 30
2774 30
2775 30
2776 30
2777 30
2778 30
2779 30
2780 30
2781 30
2782 30
2783 30
2784 30
2785 30
2786 30
2787 30
2788 30
2789 30
2790 30
2791 29.9825
2792 29.8732
2793 29.6349
2794 29.4006
2795 29.1146
2796 28.8477
2797 28.5899
2798 28.3482
2799 28.0779
2800 27.8139
2801 27.5572
2802 27.3089
2803 27.0358
2804 26.7833
2805 26.535
2806 26.2949
2807 26.0125
2808 25.7507
2809 25.4828
2810 25.25
2811 24.9872
2812 24.7223
2813 24.4585
2814 24.1977
2815 23.9577
2816 23.668
2817 23.4559
2818 23.1662
2819 22.9086
2820 22.6365
2821 22.3882
2822 22.1399
2823 21.873
2824 21.6071
2825 21.3505
2826 21.1011
2827 20.859
2828 20.5776
2829 20.321
2830 20.0727
2831 19.7964
2832 19.5492
2833 19.3009
2834 19.0536
2835 18.7804
2836 18.5394
2837 18.2497
2838 17.9869
2839 17.7272
2840 17.4737
2841 17.2171
2842 16.9585
2843 16.6957
2844 16.4639
2845 16.2042
2846 15.9311
2847 15.6466
2848 15.4396
2849 15.1686
2850 14.912
2851 14.6389
2852 14.3802
2853 14.1133
2854 13.865
2855 13.5887
2856 13.3383
2857 13.09
2858 12.8252
2859 12.5603
2860 12.3006
2861 12.0461
2862 11.7844
2863 11.5102
2864 11.2536
2865 11.0146
2866 10.7414
2867 10.5014
2868 10.2189
2869 10.0037
2870 9.74509
2871 9.46262
2872 9.21845
2873 8.9536
2874 8.68871
2875 8.4311
2876 8.15797
2877 7.8931
2878 7.64583
2879 7.37684
2880 7.12853
2881 6.87918
2882 6.61433
2883 6.35772
2884 6.10009
2885 5.84041
2886 5.56935
2887 5.30344
2888 5.06859
2889 4.80684
2890 4.55025
2891 4.29777
2892 4.03395
2893 3.76596
2894 3.53524
2895 3.25799
2896 3.01383
2897 2.73136
2898 2.46134
2899 2.23682
2900 1.95332
2901 1.68533
2902 1.44222
2903 1.16078
2904 0.937298
2905 0.679681
2906 0.43035
2907 0.154681
2908 0.0419186
2909 0.00127335
2910 -0.00588458
2911 -0.00489115
