0 88.2905
1 0
2 88.2905
3 -88.2905
4 88.2905
5 0
6 88.2905
7 0
8 88.2905
9 0
10 -88.2905
11 -88.2905
12 -88.2905
13 -88.2905
14 88.2905
15 -88.2905
16 0
17 0
18 0
19 88.2905
20 88.2905
21 0
22 0
23 88.2905
24 88.2905
25 0
26 0
27 88.2905
28 0
29 0
30 88.2905
31 176.581
32 88.2905
33 88.2905
34 0
35 -88.2905
36 88.2905
37 -176.581
38 0
39 0
40 -88.2905
41 0
42 88.2905
43 -88.2905
44 0
45 88.2905
46 -176.581
47 88.2905
48 -88.2905
49 88.2905
50 0
51 88.2905
52 0
53 0
54 88.2905
55 88.2905
56 -88.2905
57 0
58 0
59 176.581
60 88.2905
61 -176.581
62 0
63 0
64 88.2905
65 88.2905
66 88.2905
67 0
68 -88.2905
69 -176.581
70 0
71 -176.581
72 88.2905
73 -176.581
74 88.2905
75 88.2905
76 88.2905
77 0
78 -88.2905
79 0
80 0
81 0
82 88.2905
83 -88.2905
84 0
85 0
86 88.2905
87 -88.2905
88 -88.2905
89 0
90 88.2905
91 -88.2905
92 0
93 88.2905
94 -88.2905
95 0
96 0
97 0
98 0
99 -176.581
100 0
101 264.871
102 -88.2905
103 0
104 0
105 -88.2905
106 -88.2905
107 0
108 88.2905
109 88.2905
110 88.2905
111 0
112 0
113 0
114 264.871
115 0
116 0
117 0
118 -88.2905
119 88.2905
120 0
121 -88.2905
122 88.2905
123 0
124 -88.2905
125 -176.581
126 -88.2905
127 0
128 0
129 0
130 88.2905
131 0
132 0
133 88.2905
134 0
135 88.2905
136 -88.2905
137 -88.2905
138 88.2905
139 0
140 176.581
141 0
142 0
143 0
144 0
145 0
146 0
147 0
148 -88.2905
149 176.581
150 176.581
151 -88.2905
152 -176.581
153 0
154 -88.2905
155 -88.2905
156 0
157 0
158 88.2905
159 0
160 88.2905
161 0
162 88.2905
163 0
164 0
165 0
166 -88.2905
167 -88.2905
168 88.2905
169 -88.2905
170 0
171 88.2905
172 88.2905
173 88.2905
174 -176.581
175 0
176 -176.581
177 -88.2905
178 0
179 88.2905
180 0
181 0
182 0
183 -88.2905
184 -88.2905
185 0
186 -88.2905
187 -88.2905
188 -176.581
189 0
190 0
191 -88.2905
192 0
193 176.581
194 -88.2905
195 88.2905
196 88.2905
197 0
198 0
199 0
200 88.2905
201 -176.581
202 -88.2905
203 -88.2905
204 0
205 0
206 0
207 0
208 -88.2905
209 0
210 -88.2905
211 0
212 0
