0 -2.06689e+06
1 -2.06689e+06
2 -2.06689e+06
3 -2.06689e+06
4 -2.06689e+06
5 -2.06689e+06
6 -2.06689e+06
7 -2.06689e+06
8 -2.06689e+06
9 -2.06689e+06
10 -2.06689e+06
11 -2.06689e+06
12 -2.06689e+06
13 -2.06689e+06
14 -2.06689e+06
15 -2.06689e+06
16 -2.06689e+06
17 -2.06689e+06
18 -2.06689e+06
19 -2.06689e+06
20 -2.06689e+06
21 -2.06689e+06
22 -2.06689e+06
23 -2.06689e+06
24 -2.06689e+06
25 -2.06689e+06
26 -2.06689e+06
27 -2.06689e+06
28 -2.06689e+06
29 -2.06689e+06
30 -2.06689e+06
31 -2.06689e+06
32 -2.06689e+06
33 -2.06689e+06
34 -2.06689e+06
35 -2.06689e+06
36 -2.06689e+06
37 -2.06689e+06
38 -2.06689e+06
39 -2.06689e+06
40 -2.06689e+06
41 -2.06689e+06
42 -2.06689e+06
43 -2.06689e+06
44 -2.06689e+06
45 -2.06689e+06
46 -2.06689e+06
47 -2.06689e+06
48 -2.06689e+06
49 -2.06689e+06
50 -2.06689e+06
51 -2.06689e+06
52 -2.06689e+06
53 -2.06689e+06
54 -2.06689e+06
55 -2.06689e+06
56 -2.06689e+06
57 -2.06689e+06
58 -2.06689e+06
59 -2.06689e+06
60 -2.06689e+06
61 -2.06689e+06
62 -2.06689e+06
63 -2.06689e+06
64 -2.06689e+06
65 -2.06689e+06
66 -2.06689e+06
67 -2.06689e+06
68 -2.06689e+06
69 -2.06689e+06
70 -2.06689e+06
71 -2.06689e+06
72 -2.06689e+06
73 -2.06689e+06
74 -2.06689e+06
75 -2.06689e+06
76 -2.06689e+06
77 -2.06689e+06
78 -2.06689e+06
79 -2.06689e+06
80 -2.06689e+06
81 -2.06689e+06
82 -2.06689e+06
83 -2.06689e+06
84 -2.06689e+06
85 -2.06689e+06
86 -2.06689e+06
87 -2.06689e+06
88 -2.06689e+06
89 -2.06689e+06
90 -2.06689e+06
91 -2.06689e+06
92 -2.06689e+06
93 -2.06689e+06
94 -2.06689e+06
95 -2.06689e+06
96 -2.06689e+06
97 -2.06689e+06
98 -2.06689e+06
99 -2.06689e+06
100 -2.06689e+06
101 -2.06689e+06
102 -2.06689e+06
103 -2.06689e+06
104 -2.06689e+06
105 -2.06689e+06
106 -2.06689e+06
107 -2.06689e+06
108 -2.06689e+06
109 -2.06689e+06
110 -2.06689e+06
111 -2.06689e+06
112 -2.06689e+06
113 -2.06689e+06
114 -2.06689e+06
115 -2.06689e+06
116 -2.06689e+06
117 -2.06689e+06
118 -2.06689e+06
119 -2.06689e+06
120 -2.06689e+06
121 -2.06689e+06
122 -2.06689e+06
123 -2.06689e+06
124 -2.06689e+06
125 -2.06689e+06
126 -2.06689e+06
127 -2.06689e+06
128 -2.06689e+06
129 -2.06689e+06
130 -2.06689e+06
131 -2.06689e+06
132 -2.06689e+06
133 -2.06689e+06
134 -2.06689e+06
135 -2.06689e+06
136 -2.06689e+06
137 -2.06689e+06
138 -2.06689e+06
139 -2.06689e+06
140 -2.06689e+06
141 -2.06689e+06
142 -2.06689e+06
143 -2.06689e+06
144 -2.06689e+06
145 -2.06689e+06
146 -2.06689e+06
147 -2.06689e+06
148 -2.06689e+06
149 -2.06689e+06
150 -2.06689e+06
151 -2.06689e+06
152 -2.06689e+06
153 -2.06689e+06
154 -2.06689e+06
155 -2.06689e+06
156 -2.06689e+06
157 -2.06689e+06
158 -2.06689e+06
159 -2.06689e+06
160 -2.06689e+06
161 -2.06689e+06
162 -2.06689e+06
163 -2.06689e+06
164 -2.06689e+06
165 -2.06689e+06
166 -2.06689e+06
167 -2.06689e+06
168 -2.06689e+06
169 -2.06689e+06
170 -2.06689e+06
171 -2.06689e+06
172 -2.06689e+06
173 -2.06689e+06
174 -2.06689e+06
175 -2.06689e+06
176 -2.06689e+06
177 -2.06689e+06
178 -2.06689e+06
179 -2.06689e+06
180 -2.06689e+06
181 -2.06689e+06
182 -2.06689e+06
183 -2.06689e+06
184 -2.06689e+06
185 -2.06689e+06
186 -2.06689e+06
187 -2.06689e+06
188 -2.06689e+06
189 -2.06689e+06
190 -2.06689e+06
191 -2.06689e+06
192 -2.06689e+06
193 -2.06689e+06
194 -2.06689e+06
195 -2.06689e+06
196 -2.06689e+06
197 -2.06689e+06
198 -2.06689e+06
199 -2.06689e+06
200 -2.06689e+06
201 -2.06689e+06
202 -2.06689e+06
203 -2.06689e+06
204 -2.06689e+06
205 -2.06689e+06
206 -2.06689e+06
207 -2.06689e+06
208 -2.06689e+06
209 -2.06689e+06
210 -2.06689e+06
211 -2.06689e+06
212 -2.06689e+06
