0 -88.7019
1 -88.7019
2 -88.7019
3 -88.7019
4 -88.7019
5 -88.7019
6 -88.7019
7 -88.7019
8 -88.7019
9 -88.7019
10 -88.7019
11 -88.7019
12 -88.7019
13 -88.7019
14 -88.7019
15 -88.7019
16 -88.7019
17 -88.7019
18 -88.7019
19 -88.7019
20 -88.7019
21 -88.7019
22 -88.7019
23 -88.7019
24 -88.7019
25 -88.7019
26 -88.7019
27 -88.7019
28 -88.7019
29 -88.7019
30 -88.7019
31 -88.7019
32 -88.7019
33 -88.7019
34 -88.7019
35 -88.7019
36 -88.7019
37 -88.7019
38 -88.7019
39 -88.7019
40 -88.7019
41 -88.7019
42 -88.7019
43 -88.7019
44 -88.7019
45 -88.7019
46 -88.7019
47 -88.7019
48 -88.7019
49 -88.7019
50 -88.7019
51 -88.7019
52 -88.7019
53 -88.7019
54 -88.7019
55 -88.7019
56 -88.7019
57 -88.7019
58 -88.7019
59 -88.7019
60 -88.7019
61 -88.7019
62 -88.7019
63 -88.7019
64 -88.7019
65 -88.7019
66 -88.7019
67 -88.7019
68 -88.7019
69 -88.7019
70 -88.7019
71 -88.7019
72 -88.7019
73 -88.7019
74 -88.7019
75 -88.7019
76 -88.7019
77 -88.7019
78 -88.7019
79 -88.7019
80 -88.7019
81 -88.7019
82 -88.7019
83 -88.7019
84 -88.7019
85 -88.7019
86 -88.7019
87 -88.7019
88 -88.7019
89 -88.7019
90 -88.7019
91 -88.7019
92 -88.7019
93 -88.7019
94 -88.7019
95 -88.7019
96 -88.7019
97 -88.7019
98 -88.7019
99 -88.7019
100 -88.7019
101 -88.7019
102 -88.7019
103 -88.7019
104 -88.7019
105 -88.7019
106 -88.7019
107 -88.7019
108 -88.7019
109 -88.7019
110 -88.7019
111 -88.7019
112 -88.7019
113 -88.7019
114 -88.7019
115 -88.7019
116 -88.7019
117 -88.7019
118 -88.7019
119 -88.7019
120 -88.7019
121 -88.7019
122 -88.7019
123 -88.7019
124 -88.7019
125 -88.7019
126 -88.7019
127 -88.7019
128 -88.7019
129 -88.7019
130 -88.7019
131 -88.7019
132 -88.7019
133 -88.7019
134 -88.7019
135 -88.7019
136 -88.7019
137 -88.7019
138 -88.7019
139 -88.7019
140 -88.7019
141 -88.7019
142 -88.7019
143 -88.7019
144 -88.7019
145 -88.7019
146 -88.7019
147 -88.7019
148 -88.7019
149 -88.7019
150 -88.7019
151 -88.7019
152 -88.7019
153 -88.7019
154 -88.7019
155 -88.7019
156 -88.7019
157 -88.7019
158 -88.7019
159 -88.7019
160 -88.7019
161 -88.7019
162 -88.7019
163 -88.7019
164 -88.7019
165 -88.7019
166 -88.7019
167 -88.7019
168 -88.7019
169 -88.7019
170 -88.7019
171 -88.7019
172 -88.7019
173 -88.7019
174 -88.7019
175 -88.7019
176 -88.7019
177 -88.7019
178 -88.7019
179 -88.7019
180 -88.7019
181 -88.7019
182 -88.7019
183 -88.7019
184 -88.7019
185 -88.7019
186 -88.7019
187 -88.7019
188 -88.7019
189 -88.7019
190 -88.7019
191 -88.7019
