0 0
1 0
2 0
3 0
4 0
5 0
6 0
7 0
8 0
9 0
10 0
11 0
12 0
13 0
14 0
15 0
16 0
17 0
18 0
19 0
20 0
21 0
22 0
23 0
24 0
25 0
26 0
27 0
28 0
29 0
30 0
31 0
32 0
33 0
34 0
35 0
36 0
37 0
38 0
39 0
40 0
41 0
42 0
43 0
44 0
45 0
46 0
47 0
48 0
49 0
50 0
51 0
52 0
53 0
54 0
55 0
56 0
57 0
58 0
59 0
60 0
61 0
62 0
63 0
64 0
65 0
66 0
67 0
68 0
69 0
70 0
71 0
72 0
73 0
74 0
75 0
76 0
77 0
78 0
79 0
80 0
81 0
82 0
83 0
84 0
85 0
86 0
87 0
88 0
89 0
90 0
91 0
92 0
93 0
94 0
95 0
96 0
97 0
98 0
99 0
100 0
101 0
102 0
103 0
104 0
105 0
106 0.00121
107 0.00121
108 0.00121
109 0.00121
110 0.00121
111 0.00121
112 0.00121
113 0.00121
114 0.00121
115 0.00121
116 0.00121
117 0.00121
118 0.00121
119 0.00121
120 0.00242
121 0.00242
122 0.00242
123 0.00242
124 0.00121
125 0.00242
126 0.00121
127 0.00242
128 0.00242
129 0.00242
130 0.00242
131 0.00242
132 0.00242
133 0.00242
134 0.00242
135 0.00242
136 0.00242
137 0.00242
138 0.00242
139 0.00242
140 0.00242
141 0.00242
142 0.00242
143 0.00242
144 0.00242
145 0.00242
146 0.00242
147 0.00242
148 0.00242
149 0.00242
150 0.00242
151 0.00242
152 0.00242
153 0.00242
154 0.00242
155 0.00242
156 0.00242
157 0.00242
158 0.00242
159 0.00242
160 0.00242
161 0.00242
162 0.00242
163 0.00242
164 0.00242
165 0.00242
166 0.00242
167 0.00242
168 0.00242
169 0.00242
170 0.00242
171 0.00242
172 0.00242
173 0.00242
174 0.00242
175 0.00242
176 0.00242
177 0.00242
178 0.00242
179 0.00242
180 0.00242
181 0.00242
182 0.00242
183 0.00242
184 0.00242
185 0.00242
186 0.00242
187 0.00242
188 0.00242
189 0.00242
190 0.00242
191 0.00242
192 0.00242
193 0.00242
194 0.00242
195 0.00242
196 0.00242
197 0.00242
198 0.00242
199 0.00242
200 0.00242
201 0.00242
202 0.00242
203 0.00242
204 0.00242
205 0.00242
206 0.00242
207 0.00242
208 0.00242
209 0.00242
210 0.00242
211 0.00242
212 0.00242
213 0.00242
214 0.00242
215 0.00242
216 0.00242
217 0.00242
218 0.00242
219 0.00242
220 0.00242
221 0.00242
222 0.00242
223 0.00242
224 0.00242
225 0.00242
226 0.00242
227 0.00242
228 0.00242
229 0.00242
230 0.00242
231 0.00242
232 0.00242
233 0.00242
234 0.00242
235 0.00242
236 0.00242
237 0.00242
238 0.00242
239 0.00242
240 0.00242
241 0.00242
242 0.00242
243 0.00242
244 0.00242
245 0.00242
246 0.00242
247 0.00242
248 0.00242
249 0.00242
250 0.00242
251 0.00242
252 0.00242
253 0.00242
254 0.00242
255 0.00242
256 0.30129
257 0.22022
258 0.15125
259 0.09559
260 0.08712
261 0.07381
262 0.07018
263 0.07381
264 0.08228
265 0.07986
266 0.0847
267 0.08591
268 0.0847
269 0.07381
270 0.08107
271 0.08107
272 0.08349
273 0.07865
274 0.0847
275 -0.24563
276 -0.11495
277 -0.0484
278 0.00363
279 -0.02904
280 -0.0242
281 -0.02057
282 -0.02662
283 -0.03267
284 -0.03509
285 -0.03509
286 -0.03267
287 -0.02541
288 -0.02299
289 -0.02178
290 -0.02057
291 -0.01815
292 -0.01573
293 -0.01331
294 -0.01331
295 -0.0121
296 -0.01089
297 -0.00968
298 -0.00847
299 -0.00847
300 -0.00847
301 -0.00726
302 -0.00605
303 -0.00605
304 -0.00605
305 -0.00605
306 -0.00605
307 -0.00484
308 -0.00484
309 -0.00484
310 -0.00484
311 -0.00484
312 -0.00484
313 -0.00484
314 -0.00484
315 -0.00484
316 -0.00363
317 -0.00363
318 -0.00363
319 -0.00363
320 -0.00363
321 -0.00363
322 -0.00363
323 -0.00363
324 -0.00363
325 -0.00363
326 -0.00363
327 -0.00363
328 -0.00363
329 -0.00363
330 -0.00363
331 -0.00363
332 -0.00363
333 -0.00363
334 -0.00363
335 -0.00363
336 -0.00363
337 -0.00363
338 -0.00363
339 -0.00363
340 -0.00363
341 -0.00363
342 -0.00363
343 -0.00363
344 -0.00363
345 -0.00363
346 -0.00363
347 -0.00363
348 -0.00363
349 -0.00484
350 -0.00363
351 -0.00484
352 -0.00363
353 -0.00363
354 -0.00363
355 -0.00363
356 -0.00484
357 -0.00363
358 -0.00363
359 -0.00363
360 -0.00363
361 -0.00363
362 -0.00363
363 -0.00363
364 -0.00363
365 -0.00363
366 -0.00363
367 -0.00363
368 -0.00363
369 -0.00484
370 -0.00363
371 -0.00363
372 -0.00363
373 -0.00363
374 -0.00484
375 -0.00484
376 -0.00484
377 -0.00484
378 -0.00484
379 -0.00484
380 -0.00484
381 -0.00363
382 -0.00484
383 -0.00484
384 -0.00484
385 -0.00363
386 -0.00484
387 -0.00484
388 -0.00484
389 -0.00484
390 -0.00363
391 -0.00484
392 -0.00484
393 -0.00484
394 -0.00484
395 -0.00484
396 -0.00484
397 -0.00484
398 -0.00484
399 -0.00363
400 -0.00484
401 -0.00363
402 -0.00363
403 -0.00484
404 -0.00484
405 -0.00484
406 -0.00484
407 -0.00484
408 -0.00484
409 -0.00363
410 -0.00484
411 -0.00484
412 -0.00484
413 -0.00484
414 -0.00363
415 -0.00484
416 -0.1089
417 -0.0847
418 -0.0726
419 -0.05929
420 -0.0484
421 -0.04235
422 -0.05324
423 -0.0484
424 -0.04477
425 -0.0484
426 -0.04598
427 -0.04719
428 -0.05445
429 -0.04235
430 -0.0484
431 -0.04477
432 -0.04235
433 -0.0484
434 -0.04719
435 -0.05445
436 -0.05203
437 -0.04477
438 -0.05203
439 -0.05203
440 -0.05324
441 -0.05324
442 -0.03993
443 -0.04719
444 -0.05445
445 -0.04598
446 -0.05082
447 -0.04114
448 -0.04598
449 -0.05445
450 -0.04235
451 -0.05203
452 -0.05082
453 -0.0484
454 -0.05203
455 -0.05082
456 -0.05324
457 -0.04719
458 -0.04477
459 -0.05324
460 -0.05082
461 -0.04235
462 -0.05324
463 -0.04235
464 -0.05203
465 -0.05203
466 -0.05203
467 -0.05324
468 -0.05324
469 -0.05082
470 -0.05082
471 -0.04235
472 -0.05324
473 -0.05082
474 -0.04477
475 -0.05203
476 -0.04114
477 -0.04114
478 -0.05324
479 -0.04114
480 -0.05203
481 -0.05082
482 -0.04235
483 -0.05445
484 -0.04961
485 -0.0484
486 -0.04598
487 -0.04719
488 -0.05203
489 -0.05203
490 -0.04598
491 -0.05203
492 -0.04719
493 -0.04598
494 -0.05082
495 -0.04477
496 -0.04356
497 -0.05082
498 -0.0484
499 -0.05324
500 -0.03993
501 -0.04114
502 -0.04961
503 -0.04477
504 -0.04477
505 -0.05082
506 -0.04477
507 -0.05082
508 -0.04114
509 -0.04598
510 -0.05203
511 -0.04235
512 0.00847
513 0.00121
514 -0.00605
515 -0.02541
516 -0.0121
517 0.01089
518 0.02178
519 0.02541
520 0.0242
521 0.02299
522 0.0242
523 0.02541
524 0.0242
525 0.0242
526 0.02299
527 0.02299
528 0.02299
529 0.02178
530 0.02178
531 0.02178
532 0.02057
533 0.02057
534 0.01936
535 0.01936
536 0.01936
537 0.01815
538 0.01815
539 0.01815
540 0.01815
541 0.01694
542 0.01694
543 0.01694
544 0.01694
545 0.01694
546 0.01573
547 0.01573
548 0.01573
549 0.01573
550 0.01573
551 0.01573
552 0.01573
553 0.01573
554 0.01452
555 0.01573
556 0.01452
557 0.01452
558 0.01452
559 0.01452
560 0.01452
561 0.01452
562 0.01452
563 0.01452
564 0.01452
565 0.01452
566 0.01452
567 0.01452
568 0.01452
569 0.01452
570 0.01452
571 0.01452
572 0.01331
573 0.01452
574 0.01331
575 0.01452
576 0.01331
577 0.07744
578 0.07139
579 0.06292
580 0.0484
581 0.04235
582 0.05687
583 0.04598
584 0.0484
585 0.04961
586 0.04356
587 0.05566
588 0.05082
589 0.04356
590 0.05566
591 0.04598
592 0.04477
593 0.05566
594 0.0484
595 0.04719
596 0.05445
597 0.04719
598 0.0484
599 0.04598
600 0.04719
601 0.05324
602 0.04356
603 0.04961
604 0.05445
605 0.0484
606 0.0484
607 0.04477
608 0.04477
609 0.04598
610 0.04598
611 0.05687
612 0.04961
613 0.04477
614 0.05566
615 0.04235
616 0.04719
617 0.05687
618 0.04598
619 0.05687
620 0.04719
621 0.04356
622 0.05324
623 0.05203
624 0.05324
625 0.05324
626 0.04477
627 0.05687
628 0.0484
629 0.04598
630 0.05324
631 0.04719
632 0.05687
633 0.04961
634 0.04719
635 0.05445
636 0.04356
637 0.04477
638 0.05687
639 0.04598
640 0.04598
641 0.05324
642 0.04477
643 0.05324
644 0.0484
645 0.0484
646 0.0484
647 0.04356
648 0.04719
649 0.04598
650 0.04598
651 0.05566
652 0.04719
653 0.04477
654 0.05566
655 0.04598
656 0.04719
657 0.04356
658 0.04477
659 0.05566
660 0.0484
661 0.04477
662 0.04961
663 0.04356
664 0.0484
665 0.0484
666 0.0484
667 0.05566
668 0.04598
669 0.05445
670 0.04598
671 0.04719
672 0.0484
673 -0.00726
674 -0.00121
675 0.01452
676 0.01573
677 -0.01089
678 -0.02299
679 -0.02783
680 -0.02662
681 -0.02299
682 -0.02299
683 -0.02299
684 -0.02299
685 -0.02299
686 -0.02178
687 -0.02057
688 -0.02057
689 -0.02057
690 -0.01936
691 -0.01936
692 -0.01815
693 -0.01815
694 -0.01694
695 -0.01694
696 -0.01694
697 -0.01573
698 -0.01573
699 -0.01573
700 -0.01573
701 -0.01573
702 -0.01452
703 -0.01452
704 -0.01452
705 -0.01452
706 -0.01452
707 -0.01452
708 -0.01331
709 -0.01331
710 -0.01331
711 -0.01331
712 -0.01331
713 -0.01331
714 -0.01331
715 -0.01331
716 -0.01331
717 -0.01331
718 -0.01331
719 -0.01331
720 -0.0121
721 -0.0121
722 -0.0121
723 -0.0121
724 -0.0121
725 -0.0121
726 -0.0121
727 -0.0121
728 -0.0121
729 -0.0121
730 -0.0121
731 -0.0121
732 -0.0121
733 -0.0121
734 -0.0121
735 -0.0121
736 -0.0121
737 -0.08712
738 -0.06897
739 -0.05566
740 -0.0484
741 -0.04598
742 -0.04477
743 -0.05445
744 -0.04598
745 -0.04235
746 -0.05324
747 -0.04356
748 -0.04598
749 -0.05324
750 -0.04356
751 -0.05203
752 -0.04114
753 -0.04961
754 -0.05445
755 -0.04235
756 -0.04719
757 -0.04719
758 -0.04356
759 -0.04961
760 -0.04477
761 -0.04961
762 -0.05203
763 -0.04477
764 -0.04477
765 -0.05082
766 -0.04356
767 -0.05203
768 -0.0484
769 -0.0484
770 -0.05324
771 -0.03993
772 -0.0484
773 -0.05203
774 -0.04356
775 -0.05203
776 -0.04477
777 -0.05082
778 -0.05082
779 -0.04477
780 -0.0484
781 -0.05203
782 -0.04235
783 -0.05566
784 -0.05082
785 -0.05203
786 -0.05445
787 -0.04235
788 -0.05082
789 -0.04477
790 -0.05324
791 -0.05324
792 -0.04719
793 -0.04356
794 -0.05324
795 -0.04356
796 -0.04598
797 -0.04477
798 -0.0484
799 -0.05203
800 -0.04114
801 -0.04719
802 -0.05082
803 -0.04598
804 -0.05324
805 -0.05082
806 -0.0484
807 -0.05082
808 -0.04598
809 -0.05324
810 -0.05203
811 -0.04961
812 -0.05203
813 -0.05203
814 -0.04961
815 -0.05445
816 -0.04719
817 -0.04961
818 -0.05203
819 -0.04114
820 -0.05082
821 -0.05203
822 -0.04356
823 -0.0484
824 -0.04235
825 -0.04477
826 -0.04477
827 -0.04477
828 -0.05082
829 -0.04356
830 -0.05082
831 -0.04961
832 -0.04114
833 0.00847
834 0
835 -0.0121
836 -0.02904
837 -0.00484
838 0.01573
839 0.02299
840 0.02541
841 0.02299
842 0.02299
843 0.0242
844 0.0242
845 0.0242
846 0.02299
847 0.02299
848 0.02299
849 0.02178
850 0.02178
851 0.02057
852 0.02057
853 0.01936
854 0.01936
855 0.01936
856 0.01815
857 0.01815
858 0.01815
859 0.01815
860 0.01694
861 0.01694
862 0.01694
863 0.01694
864 0.01573
865 0.01573
866 0.01573
867 0.01573
868 0.01573
869 0.01573
870 0.01573
871 0.01452
872 0.01452
873 0.01452
874 0.01452
875 0.01452
876 0.01452
877 0.01452
878 0.01452
879 0.01452
880 0.01452
881 0.01452
882 0.01331
883 0.01331
884 0.01331
885 0.01331
886 0.01331
887 0.01331
888 0.01331
889 0.01331
890 0.01331
891 0.01331
892 0.01331
893 0.01331
894 0.01331
895 0.01331
896 0.01331
897 0.02057
898 0.07623
899 0.06413
900 0.06171
901 0.04477
902 0.04235
903 0.04719
904 0.04719
905 0.05082
906 0.04719
907 0.05082
908 0.05687
909 0.05082
910 0.04719
911 0.05566
912 0.04961
913 0.05324
914 0.04961
915 0.04477
916 0.05687
917 0.05203
918 0.05687
919 0.05687
920 0.0484
921 0.05203
922 0.04598
923 0.04719
924 0.05808
925 0.04961
926 0.04477
927 0.04961
928 0.04598
929 0.05445
930 0.04719
931 0.05324
932 0.05687
933 0.04477
934 0.04719
935 0.04961
936 0.04477
937 0.0484
938 0.05203
939 0.04961
940 0.05808
941 0.04719
942 0.0484
943 0.04961
944 0.04598
945 0.04719
946 0.04598
947 0.04961
948 0.05687
949 0.05203
950 0.05324
951 0.05082
952 0.04719
953 0.05445
954 0.04598
955 0.05687
956 0.05808
957 0.04598
958 0.05566
959 0.0484
960 0.04356
961 0.05324
962 0.04598
963 0.0484
964 0.05324
965 0.0484
966 0.05324
967 0.04719
968 0.04477
969 0.05203
970 0.04598
971 0.05082
972 0.05808
973 0.0484
974 0.04961
975 0.05203
976 0.04477
977 0.0484
978 0.04598
979 0.05203
980 0.05082
981 0.04598
982 0.05687
983 0.04719
984 0.04598
985 0.05324
986 0.04477
987 0.05687
988 0.05082
989 0.04719
990 0.05445
991 0.0484
992 0.05687
993 0.04477
994 -0.00484
995 0.00726
996 0.02057
997 0.00363
998 -0.01936
999 -0.02541
1000 -0.02783
1001 -0.02541
1002 -0.02299
1003 -0.02178
1004 -0.02299
1005 -0.02299
1006 -0.02178
1007 -0.02057
1008 -0.02057
1009 -0.02057
1010 -0.01936
1011 -0.01936
1012 -0.01815
1013 -0.01815
1014 -0.01694
1015 -0.01694
1016 -0.01694
1017 -0.01573
1018 -0.01573
1019 -0.01573
1020 -0.01573
1021 -0.01452
1022 -0.01452
1023 -0.01452
1024 -0.01452
1025 -0.01452
1026 -0.01331
1027 -0.01331
1028 -0.01331
1029 -0.01331
1030 -0.01331
1031 -0.01331
1032 -0.01331
1033 -0.01331
1034 -0.0121
1035 -0.0121
1036 -0.0121
1037 -0.0121
1038 -0.0121
1039 -0.0121
1040 -0.0121
1041 -0.0121
1042 -0.0121
1043 -0.0121
1044 -0.0121
1045 -0.0121
1046 -0.0121
1047 -0.0121
1048 -0.0121
1049 -0.0121
1050 -0.0121
1051 -0.0121
1052 -0.0121
1053 -0.0121
1054 -0.0121
1055 -0.0121
1056 -0.0121
1057 -0.0121
1058 -0.07744
1059 -0.07865
1060 -0.05324
1061 -0.04961
1062 -0.0484
1063 -0.04356
1064 -0.05203
1065 -0.04235
1066 -0.04961
1067 -0.04598
1068 -0.04235
1069 -0.05445
1070 -0.04477
1071 -0.04719
1072 -0.05082
1073 -0.04961
1074 -0.05445
1075 -0.05203
1076 -0.04356
1077 -0.05445
1078 -0.05203
1079 -0.04356
1080 -0.05324
1081 -0.04235
1082 -0.05445
1083 -0.05082
1084 -0.04114
1085 -0.04961
1086 -0.04598
1087 -0.0484
1088 -0.04235
1089 -0.0484
1090 -0.05566
1091 -0.05203
1092 -0.05082
1093 -0.05203
1094 -0.04719
1095 -0.05082
1096 -0.05566
1097 -0.0484
1098 -0.04961
1099 -0.05082
1100 -0.04477
1101 -0.05324
1102 -0.04598
1103 -0.05082
1104 -0.05445
1105 -0.04961
1106 -0.05203
1107 -0.04114
1108 -0.04356
1109 -0.05203
1110 -0.04235
1111 -0.05445
1112 -0.05445
1113 -0.05082
1114 -0.05203
1115 -0.0484
1116 -0.04598
1117 -0.05445
1118 -0.0484
1119 -0.04719
1120 -0.05203
1121 -0.04961
1122 -0.05203
1123 -0.04477
1124 -0.0484
1125 -0.05324
1126 -0.04598
1127 -0.05445
1128 -0.05445
1129 -0.04961
1130 -0.05566
1131 -0.04598
1132 -0.04598
1133 -0.04356
1134 -0.04477
1135 -0.05445
1136 -0.05324
1137 -0.05082
1138 -0.05324
1139 -0.04235
1140 -0.05324
1141 -0.05324
1142 -0.04356
1143 -0.05445
1144 -0.05082
1145 -0.04235
1146 -0.05445
1147 -0.04477
1148 -0.04719
1149 -0.04961
1150 -0.04961
1151 -0.05203
1152 -0.04235
1153 -0.04598
1154 0.0121
1155 0.00121
1156 -0.02057
1157 -0.01815
1158 0.00605
1159 0.01936
1160 0.0242
1161 0.0242
1162 0.02299
1163 0.02299
1164 0.0242
1165 0.0242
1166 0.0242
1167 0.02299
1168 0.02178
1169 0.02178
1170 0.02178
1171 0.02057
1172 0.02057
1173 0.02057
1174 0.01936
1175 0.01936
1176 0.01815
1177 0.01815
1178 0.01815
1179 0.01694
1180 0.01694
1181 0.01694
1182 0.01694
1183 0.01694
1184 0.01573
1185 0.01573
1186 0.01573
1187 0.01573
1188 0.01452
1189 0.01452
1190 0.01452
1191 0.01452
1192 0.01452
1193 0.01452
1194 0.01452
1195 0.01452
1196 0.01452
1197 0.01452
1198 0.01452
1199 0.01331
1200 0.01331
1201 0.01331
1202 0.01331
1203 0.01331
1204 0.01331
1205 0.01331
1206 0.01331
1207 0.01331
1208 0.01331
1209 0.01331
1210 0.01331
1211 0.01331
1212 0.01331
1213 0.01331
1214 0.01331
1215 0.01331
1216 0.01331
1217 0.01331
1218 0.08833
1219 0.07381
1220 0.05808
1221 0.0484
1222 0.04114
1223 0.04719
1224 0.05445
1225 0.0484
1226 0.04598
1227 0.04598
1228 0.04356
1229 0.05082
1230 0.05082
1231 0.04598
1232 0.0484
1233 0.04961
1234 0.04598
1235 0.04598
1236 0.04598
1237 0.04961
1238 0.0484
1239 0.05203
1240 0.05445
1241 0.04598
1242 0.05687
1243 0.0484
1244 0.04719
1245 0.0484
1246 0.04719
1247 0.05808
1248 0.05566
1249 0.04477
1250 0.05687
1251 0.05082
1252 0.04719
1253 0.05324
1254 0.04719
1255 0.0484
1256 0.04719
1257 0.04477
1258 0.05566
1259 0.0484
1260 0.04356
1261 0.05566
1262 0.0484
1263 0.05082
1264 0.05082
1265 0.04598
1266 0.05445
1267 0.0484
1268 0.04719
1269 0.05082
1270 0.04719
1271 0.05687
1272 0.04961
1273 0.04598
1274 0.05445
1275 0.0484
1276 0.04598
1277 0.04598
1278 0.04719
1279 0.05566
1280 0.05566
1281 0.04477
1282 0.05687
1283 0.04961
1284 0.05687
1285 0.05203
1286 0.04719
1287 0.05687
1288 0.05203
1289 0.04477
1290 0.05687
1291 0.04598
1292 0.04719
1293 0.05687
1294 0.0484
1295 0.05566
1296 0.0484
1297 0.04598
1298 0.05082
1299 0.04598
1300 0.04719
1301 0.04961
1302 0.04356
1303 0.05566
1304 0.04961
1305 0.04598
1306 0.05082
1307 0.04598
1308 0.05203
1309 0.05203
1310 0.04598
1311 0.05324
1312 0.04961
1313 0.05687
1314 -0.00605
1315 0.00968
1316 0.01331
1317 0.0242
1318 -0.00484
1319 -0.02057
1320 -0.02662
1321 -0.02662
1322 -0.0242
1323 -0.02299
1324 -0.02299
1325 -0.02299
1326 -0.02178
1327 -0.02178
1328 -0.02057
1329 -0.02057
1330 -0.01936
1331 -0.01936
1332 -0.01815
1333 -0.01815
1334 -0.01815
1335 -0.01694
1336 -0.01694
1337 -0.01573
1338 -0.01573
1339 -0.01573
1340 -0.01452
1341 -0.01452
1342 -0.01452
1343 -0.01452
1344 -0.01452
1345 -0.01331
1346 -0.01331
1347 -0.01331
1348 -0.01331
1349 -0.01331
1350 -0.01331
1351 -0.01331
1352 -0.01331
1353 -0.0121
1354 -0.0121
1355 -0.0121
1356 -0.0121
1357 -0.0121
1358 -0.0121
1359 -0.0121
1360 -0.0121
1361 -0.0121
1362 -0.0121
1363 -0.0121
1364 -0.0121
1365 -0.0121
1366 -0.0121
1367 -0.0121
1368 -0.0121
1369 -0.0121
1370 -0.0121
1371 -0.0121
1372 -0.0121
1373 -0.0121
1374 -0.01089
1375 -0.01089
1376 -0.01089
1377 -0.01089
1378 -0.13552
1379 -0.08712
1380 -0.06776
1381 -0.05566
1382 -0.04719
1383 -0.04961
1384 -0.0484
1385 -0.05445
1386 -0.04477
1387 -0.04477
1388 -0.05324
1389 -0.05324
1390 -0.05566
1391 -0.04598
1392 -0.04235
1393 -0.05082
1394 -0.04598
1395 -0.05203
1396 -0.05324
1397 -0.04719
1398 -0.04961
1399 -0.05203
1400 -0.0484
1401 -0.05324
1402 -0.04477
1403 -0.05203
1404 -0.05203
1405 -0.04719
1406 -0.0484
1407 -0.05203
1408 -0.04719
1409 -0.05324
1410 -0.04235
1411 -0.05203
1412 -0.05203
1413 -0.04114
1414 -0.05324
1415 -0.05082
1416 -0.04114
1417 -0.05203
1418 -0.04598
1419 -0.05324
1420 -0.05324
1421 -0.05203
1422 -0.05203
1423 -0.04235
1424 -0.0484
1425 -0.05324
1426 -0.04719
1427 -0.05082
1428 -0.05324
1429 -0.04235
1430 -0.05082
1431 -0.05082
1432 -0.0484
1433 -0.05203
1434 -0.04356
1435 -0.05445
1436 -0.05203
1437 -0.04961
1438 -0.05203
1439 -0.04961
1440 -0.04477
1441 -0.05324
1442 -0.04114
1443 -0.05203
1444 -0.05203
1445 -0.04598
1446 -0.05203
1447 -0.04235
1448 -0.04719
1449 -0.05082
1450 -0.0484
1451 -0.04961
1452 -0.04235
1453 -0.04719
1454 -0.05324
1455 -0.04356
1456 -0.0484
1457 -0.05324
1458 -0.0484
1459 -0.05324
1460 -0.05324
1461 -0.0484
1462 -0.05445
1463 -0.04356
1464 -0.04598
1465 -0.04477
1466 -0.04598
1467 -0.05203
1468 -0.05203
1469 -0.04719
1470 -0.05445
1471 -0.04719
1472 -0.04356
1473 -0.04719
1474 0.03751
1475 -0.00121
1476 -0.01089
1477 -0.02662
1478 -0.00968
1479 0.01452
1480 0.02057
1481 0.0242
1482 0.0242
1483 0.02299
1484 0.02299
1485 0.0242
1486 0.0242
1487 0.02299
1488 0.02178
1489 0.02178
1490 0.02178
1491 0.02057
1492 0.02057
1493 0.01936
1494 0.01936
1495 0.01936
1496 0.01815
1497 0.01815
1498 0.01815
1499 0.01694
1500 0.01694
1501 0.01694
1502 0.01694
1503 0.01573
1504 0.01573
1505 0.01573
1506 0.01573
1507 0.01573
1508 0.01452
1509 0.01452
1510 0.01452
1511 0.01452
1512 0.01452
1513 0.01452
1514 0.01452
1515 0.01452
1516 0.01452
1517 0.01331
1518 0.01331
1519 0.01331
1520 0.01331
1521 0.01331
1522 0.01331
1523 0.01331
1524 0.01331
1525 0.01331
1526 0.01331
1527 0.01331
1528 0.01331
1529 0.01331
1530 0.01331
1531 0.01331
1532 0.0121
1533 0.01331
1534 0.01331
1535 0.01331
1536 0.01331
1537 0.0121
1538 0.0121
1539 0.07623
1540 0.07744
1541 0.05324
1542 0.05566
1543 0.04477
1544 0.0484
1545 0.05929
1546 0.04719
1547 0.05566
1548 0.05445
1549 0.04961
1550 0.05445
1551 0.04356
1552 0.0484
1553 0.05808
1554 0.05324
1555 0.05566
1556 0.05687
1557 0.05203
1558 0.05687
1559 0.0484
1560 0.04477
1561 0.05082
1562 0.04719
1563 0.05808
1564 0.04598
1565 0.04598
1566 0.05687
1567 0.04477
1568 0.05324
1569 0.05324
1570 0.04598
1571 0.05808
1572 0.05082
1573 0.05203
1574 0.05324
1575 0.04598
1576 0.04961
1577 0.05808
1578 0.04961
1579 0.05324
1580 0.04719
1581 0.05203
1582 0.05082
1583 0.04477
1584 0.04961
1585 0.0484
1586 0.05324
1587 0.05082
1588 0.04598
1589 0.04598
1590 0.05445
1591 0.04719
1592 0.05687
1593 0.05566
1594 0.04961
1595 0.04719
1596 0.05082
1597 0.05687
1598 0.05929
1599 0.04598
1600 0.05324
1601 0.04719
1602 0.04356
1603 0.0484
1604 0.04719
1605 0.05445
1606 0.05082
1607 0.0484
1608 0.05203
1609 0.05203
1610 0.0484
1611 0.05808
1612 0.04477
1613 0.05082
1614 0.0484
1615 0.04598
1616 0.04961
1617 0.04598
1618 0.04961
1619 0.05808
1620 0.0484
1621 0.05808
1622 0.04598
1623 0.04719
1624 0.05203
1625 0.0484
1626 0.0484
1627 0.05808
1628 0.04961
1629 0.05324
1630 0.04961
1631 0.0484
1632 0.05687
1633 0.04961
1634 0.05566
1635 -0.00847
1636 0.00121
1637 0.01694
1638 0.01573
1639 -0.01331
1640 -0.0242
1641 -0.02783
1642 -0.02662
1643 -0.02299
1644 -0.02178
1645 -0.02299
1646 -0.02299
1647 -0.02178
1648 -0.02057
1649 -0.02057
1650 -0.02057
1651 -0.01936
1652 -0.01936
1653 -0.01815
1654 -0.01815
1655 -0.01694
1656 -0.01694
1657 -0.01694
1658 -0.01573
1659 -0.01573
1660 -0.01573
1661 -0.01452
1662 -0.01452
1663 -0.01452
1664 -0.01452
1665 -0.01331
1666 -0.01331
1667 -0.01331
1668 -0.01331
1669 -0.01331
1670 -0.01331
1671 -0.01331
1672 -0.0121
1673 -0.0121
1674 -0.0121
1675 -0.0121
1676 -0.0121
1677 -0.0121
1678 -0.0121
1679 -0.0121
1680 -0.0121
1681 -0.0121
1682 -0.0121
1683 -0.0121
1684 -0.0121
1685 -0.0121
1686 -0.01089
1687 -0.0121
1688 -0.0121
1689 -0.01089
1690 -0.01089
1691 -0.0121
1692 -0.0121
1693 -0.01089
1694 -0.01089
1695 -0.01089
1696 -0.01089
1697 -0.01089
1698 -0.01089
1699 -0.08712
1700 -0.07139
1701 -0.06534
1702 -0.05324
1703 -0.05203
1704 -0.04356
1705 -0.05445
1706 -0.05203
1707 -0.04477
1708 -0.04961
1709 -0.05324
1710 -0.04235
1711 -0.05324
1712 -0.04961
1713 -0.0484
1714 -0.05082
1715 -0.04598
1716 -0.05324
1717 -0.05082
1718 -0.0484
1719 -0.05445
1720 -0.05203
1721 -0.05324
1722 -0.04961
1723 -0.04719
1724 -0.05445
1725 -0.05203
1726 -0.05203
1727 -0.05082
1728 -0.04477
1729 -0.04477
1730 -0.04356
1731 -0.04356
1732 -0.05324
1733 -0.0484
1734 -0.0484
1735 -0.05203
1736 -0.04356
1737 -0.05445
1738 -0.05203
1739 -0.04235
1740 -0.0484
1741 -0.04356
1742 -0.05203
1743 -0.05203
1744 -0.04235
1745 -0.05203
1746 -0.04961
1747 -0.04719
1748 -0.05445
1749 -0.05082
1750 -0.0484
1751 -0.05445
1752 -0.04114
1753 -0.04961
1754 -0.05203
1755 -0.04235
1756 -0.05203
1757 -0.04598
1758 -0.04961
1759 -0.04961
1760 -0.04235
1761 -0.0484
1762 -0.05324
1763 -0.04598
1764 -0.05082
1765 -0.04235
1766 -0.05324
1767 -0.05203
1768 -0.04356
1769 -0.05324
1770 -0.04356
1771 -0.0484
1772 -0.05203
1773 -0.04356
1774 -0.04961
1775 -0.05203
1776 -0.04598
1777 -0.05445
1778 -0.0484
1779 -0.04598
1780 -0.0484
1781 -0.04719
1782 -0.05324
1783 -0.04356
1784 -0.04719
1785 -0.05324
1786 -0.04356
1787 -0.05445
1788 -0.05082
1789 -0.04477
1790 -0.05445
1791 -0.04719
1792 -0.0484
1793 -0.05445
1794 -0.0484
1795 0.00847
1796 0.00121
1797 -0.00968
1798 -0.02662
1799 0.00121
1800 0.01694
1801 0.02299
1802 0.02541
1803 0.02299
1804 0.02178
1805 0.02299
1806 0.0242
1807 0.02299
1808 0.02299
1809 0.02178
1810 0.02178
1811 0.02178
1812 0.02057
1813 0.02057
1814 0.01936
1815 0.01936
1816 0.01815
1817 0.01815
1818 0.01815
1819 0.01815
1820 0.01694
1821 0.01694
1822 0.01694
1823 0.01573
1824 0.01573
1825 0.01573
1826 0.01573
1827 0.01573
1828 0.01452
1829 0.01452
1830 0.01452
1831 0.01452
1832 0.01452
1833 0.01452
1834 0.01452
1835 0.01452
1836 0.01331
1837 0.01331
1838 0.01331
1839 0.01331
1840 0.01331
1841 0.01331
1842 0.01331
1843 0.01331
1844 0.01331
1845 0.01331
1846 0.01331
1847 0.01331
1848 0.01331
1849 0.01331
1850 0.01331
1851 0.01331
1852 0.01331
1853 0.01331
1854 0.01331
1855 0.0121
1856 0.0121
1857 0.01331
1858 0.0121
1859 0.13794
1860 0.08107
1861 0.06897
1862 0.05808
1863 0.04719
1864 0.04356
1865 0.04719
1866 0.05808
1867 0.04598
1868 0.04719
1869 0.04477
1870 0.04719
1871 0.05566
1872 0.04961
1873 0.04598
1874 0.05566
1875 0.04719
1876 0.05445
1877 0.05566
1878 0.04961
1879 0.05808
1880 0.04598
1881 0.04961
1882 0.04961
1883 0.04477
1884 0.0484
1885 0.04961
1886 0.04961
1887 0.05324
1888 0.04961
1889 0.04719
1890 0.05808
1891 0.04719
1892 0.05324
1893 0.05687
1894 0.04961
1895 0.04961
1896 0.04598
1897 0.05082
1898 0.05687
1899 0.04477
1900 0.05445
1901 0.05687
1902 0.05566
1903 0.04719
1904 0.0484
1905 0.04598
1906 0.05445
1907 0.04598
1908 0.05203
1909 0.04477
1910 0.0484
1911 0.05808
1912 0.04961
1913 0.05445
1914 0.0484
1915 0.04719
1916 0.05566
1917 0.05082
1918 0.04477
1919 0.05808
1920 0.0484
1921 0.04719
1922 0.05203
1923 0.04598
1924 0.05082
1925 0.04598
1926 0.05203
1927 0.04961
1928 0.04598
1929 0.05687
1930 0.04961
1931 0.0484
1932 0.05082
1933 0.04719
1934 0.05687
1935 0.05082
1936 0.0484
1937 0.05808
1938 0.04719
1939 0.05203
1940 0.05929
1941 0.0484
1942 0.05445
1943 0.04961
1944 0.04477
1945 0.04719
1946 0.04961
1947 0.05082
1948 0.05203
1949 0.04598
1950 0.05203
1951 0.04719
1952 0.04719
1953 0.05203
1954 0.0484
1955 -0.05929
1956 -0.00121
1957 0.00847
1958 0.02178
1959 0
1960 -0.01936
1961 -0.02541
1962 -0.02662
1963 -0.0242
1964 -0.02178
1965 -0.02299
1966 -0.02299
1967 -0.02178
1968 -0.02178
1969 -0.02057
1970 -0.02057
1971 -0.01936
1972 -0.01936
1973 -0.01815
1974 -0.01815
1975 -0.01694
1976 -0.01694
1977 -0.01694
1978 -0.01573
1979 -0.01573
1980 -0.01452
1981 -0.01452
1982 -0.01452
1983 -0.01452
1984 -0.01452
1985 -0.01331
1986 -0.01331
1987 -0.01331
1988 -0.01331
1989 -0.01331
1990 -0.0121
1991 -0.0121
1992 -0.0121
1993 -0.0121
1994 -0.0121
1995 -0.0121
1996 -0.0121
1997 -0.0121
1998 -0.0121
1999 -0.0121
2000 -0.0121
2001 -0.0121
2002 -0.01089
2003 -0.0121
2004 -0.0121
2005 -0.0121
2006 -0.0121
2007 -0.01089
2008 -0.01089
2009 -0.01089
2010 -0.01089
2011 -0.01089
2012 -0.01089
2013 -0.01089
2014 -0.01089
2015 -0.01089
2016 -0.01089
2017 -0.01089
2018 -0.01089
2019 -0.01331
2020 -0.08228
2021 -0.06655
2022 -0.06171
2023 -0.03993
2024 -0.04598
2025 -0.05566
2026 -0.04477
2027 -0.05082
2028 -0.05203
2029 -0.04235
2030 -0.05445
2031 -0.04598
2032 -0.04598
2033 -0.05203
2034 -0.04719
2035 -0.05324
2036 -0.04961
2037 -0.04477
2038 -0.05566
2039 -0.04235
2040 -0.04961
2041 -0.05324
2042 -0.04598
2043 -0.05203
2044 -0.05324
2045 -0.04235
2046 -0.05566
2047 -0.04598
2048 -0.04235
2049 -0.04235
2050 -0.0484
2051 -0.05203
2052 -0.04598
2053 -0.0484
2054 -0.05324
2055 -0.04235
2056 -0.05082
2057 -0.05566
2058 -0.04598
2059 -0.05324
2060 -0.05324
2061 -0.04235
2062 -0.04961
2063 -0.04235
2064 -0.04961
2065 -0.05445
2066 -0.04961
2067 -0.05203
2068 -0.04477
2069 -0.0484
2070 -0.05324
2071 -0.04235
2072 -0.04719
2073 -0.04356
2074 -0.04356
2075 -0.05566
2076 -0.0484
2077 -0.04477
2078 -0.04961
2079 -0.04477
2080 -0.04961
2081 -0.05324
2082 -0.04598
2083 -0.05566
2084 -0.04356
2085 -0.0484
2086 -0.05445
2087 -0.04356
2088 -0.04719
2089 -0.04356
2090 -0.05203
2091 -0.05203
2092 -0.04598
2093 -0.05324
2094 -0.05082
2095 -0.0484
2096 -0.05445
2097 -0.05324
2098 -0.04235
2099 -0.05687
2100 -0.05203
2101 -0.05445
2102 -0.05324
2103 -0.04114
2104 -0.0484
2105 -0.04356
2106 -0.04477
2107 -0.05324
2108 -0.04477
2109 -0.04598
2110 -0.05203
2111 -0.04477
2112 -0.05082
2113 -0.04114
2114 -0.04961
2115 -0.05324
2116 -0.00484
2117 0.00121
2118 -0.02299
2119 -0.01573
2120 0.0121
2121 0.02057
2122 0.0242
2123 0.0242
2124 0.02178
2125 0.02299
2126 0.0242
2127 0.0242
2128 0.02299
2129 0.02299
2130 0.02178
2131 0.02178
2132 0.02057
2133 0.02057
2134 0.02057
2135 0.01936
2136 0.01936
2137 0.01815
2138 0.01815
2139 0.01815
2140 0.01694
2141 0.01694
2142 0.01694
2143 0.01694
2144 0.01573
2145 0.01573
2146 0.01573
2147 0.01573
2148 0.01573
2149 0.01452
2150 0.01452
2151 0.01452
2152 0.01452
2153 0.01452
2154 0.01452
2155 0.01452
2156 0.01331
2157 0.01331
2158 0.01331
2159 0.01331
2160 0.01331
2161 0.01331
2162 0.01331
2163 0.01331
2164 0.01331
2165 0.01331
2166 0.01331
2167 0.01331
2168 0.01331
2169 0.01331
2170 0.01331
2171 0.01331
2172 0.01331
2173 0.01331
2174 0.01331
2175 0.0121
2176 0.01331
2177 0.0121
2178 0.0121
2179 0.01331
2180 0.07502
2181 0.0726
2182 0.05808
2183 0.0484
2184 0.04598
2185 0.04961
2186 0.05445
2187 0.05082
2188 0.05566
2189 0.04719
2190 0.04961
2191 0.05687
2192 0.04719
2193 0.05687
2194 0.04719
2195 0.0484
2196 0.05687
2197 0.05566
2198 0.0484
2199 0.05808
2200 0.0484
2201 0.04598
2202 0.04961
2203 0.0484
2204 0.05808
2205 0.05082
2206 0.04961
2207 0.05808
2208 0.05324
2209 0.04961
2210 0.0484
2211 0.05324
2212 0.05808
2213 0.05203
2214 0.05687
2215 0.05203
2216 0.04598
2217 0.05808
2218 0.04598
2219 0.05082
2220 0.05566
2221 0.04961
2222 0.05445
2223 0.0484
2224 0.04598
2225 0.0484
2226 0.04961
2227 0.04598
2228 0.05445
2229 0.0484
2230 0.05082
2231 0.04961
2232 0.04719
2233 0.05445
2234 0.05082
2235 0.05566
2236 0.04961
2237 0.04719
2238 0.04961
2239 0.05808
2240 0.0484
2241 0.05808
2242 0.04719
2243 0.05082
2244 0.05687
2245 0.04961
2246 0.05082
2247 0.04961
2248 0.04598
2249 0.0484
2250 0.04598
2251 0.05203
2252 0.05687
2253 0.05082
2254 0.05445
2255 0.05445
2256 0.05324
2257 0.04961
2258 0.04477
2259 0.05687
2260 0.05808
2261 0.0484
2262 0.05808
2263 0.05445
2264 0.05082
2265 0.05808
2266 0.04598
2267 0.05203
2268 0.05203
2269 0.04719
2270 0.05203
2271 0.0484
2272 0.04598
2273 0.0484
2274 0.04598
2275 0.05445
2276 -0.00968
2277 0
2278 0.01452
2279 0.01573
2280 -0.01573
2281 -0.02299
2282 -0.02783
2283 -0.02662
2284 -0.02299
2285 -0.02178
2286 -0.02299
2287 -0.02178
2288 -0.02178
2289 -0.02057
2290 -0.02057
2291 -0.01936
2292 -0.01936
2293 -0.01815
2294 -0.01815
2295 -0.01694
2296 -0.01694
2297 -0.01694
2298 -0.01573
2299 -0.01573
2300 -0.01573
2301 -0.01452
2302 -0.01452
2303 -0.01452
2304 -0.01452
2305 -0.01331
2306 -0.01331
2307 -0.01331
2308 -0.01331
2309 -0.01331
2310 -0.01331
2311 -0.0121
2312 -0.0121
2313 -0.0121
2314 -0.0121
2315 -0.0121
2316 -0.0121
2317 -0.0121
2318 -0.0121
2319 -0.0121
2320 -0.0121
2321 -0.0121
2322 -0.0121
2323 -0.0121
2324 -0.0121
2325 -0.0121
2326 -0.0121
2327 -0.0121
2328 -0.01089
2329 -0.01089
2330 -0.01089
2331 -0.01089
2332 -0.01089
2333 -0.01089
2334 -0.01089
2335 -0.01089
2336 -0.01089
2337 -0.01089
2338 -0.01089
2339 -0.01089
2340 -0.08833
2341 -0.07623
2342 -0.06534
2343 -0.04477
2344 -0.05445
2345 -0.05203
2346 -0.05687
2347 -0.05808
2348 -0.04477
2349 -0.05445
2350 -0.05445
2351 -0.04598
2352 -0.05082
2353 -0.05082
2354 -0.04598
2355 -0.05445
2356 -0.04598
2357 -0.05566
2358 -0.05445
2359 -0.04598
2360 -0.04961
2361 -0.04477
2362 -0.05082
2363 -0.05324
2364 -0.05203
2365 -0.05082
2366 -0.0484
2367 -0.05082
2368 -0.05566
2369 -0.04598
2370 -0.04961
2371 -0.05324
2372 -0.04356
2373 -0.05082
2374 -0.04961
2375 -0.04477
2376 -0.05445
2377 -0.04477
2378 -0.05566
2379 -0.05203
2380 -0.0484
2381 -0.05324
2382 -0.04477
2383 -0.05324
2384 -0.05445
2385 -0.05203
2386 -0.05566
2387 -0.05203
2388 -0.04598
2389 -0.05082
2390 -0.05082
2391 -0.0484
2392 -0.05203
2393 -0.05203
2394 -0.05324
2395 -0.05445
2396 -0.04719
2397 -0.05445
2398 -0.04477
2399 -0.05082
2400 -0.05566
2401 -0.04719
2402 -0.05445
2403 -0.04477
2404 -0.04477
2405 -0.05566
2406 -0.04719
2407 -0.04719
2408 -0.05203
2409 -0.04356
2410 -0.05445
2411 -0.04477
2412 -0.04598
2413 -0.05082
2414 -0.05324
2415 -0.05203
2416 -0.05445
2417 -0.04961
2418 -0.05445
2419 -0.05082
2420 -0.04356
2421 -0.05324
2422 -0.04719
2423 -0.0484
2424 -0.05324
2425 -0.04719
2426 -0.05324
2427 -0.05082
2428 -0.04719
2429 -0.05203
2430 -0.0484
2431 -0.0484
2432 -0.05324
2433 -0.04356
2434 -0.05324
2435 -0.04114
2436 0.00847
2437 0.00242
2438 -0.00968
2439 -0.02783
2440 0
2441 0.01694
2442 0.02299
2443 0.0242
2444 0.02299
2445 0.02178
2446 0.02299
2447 0.0242
2448 0.02299
2449 0.02299
2450 0.02178
2451 0.02178
2452 0.02057
2453 0.02057
2454 0.02057
2455 0.01936
2456 0.01936
2457 0.01815
2458 0.01815
2459 0.01815
2460 0.01815
2461 0.01694
2462 0.01694
2463 0.01694
2464 0.01694
2465 0.01573
2466 0.01573
2467 0.01573
2468 0.01573
2469 0.01452
2470 0.01452
2471 0.01452
2472 0.01452
2473 0.01452
2474 0.01452
2475 0.01452
2476 0.01331
2477 0.01331
2478 0.01331
2479 0.01331
2480 0.01331
2481 0.01331
2482 0.01331
2483 0.01331
2484 0.01331
2485 0.01331
2486 0.01331
2487 0.01331
2488 0.01331
2489 0.01331
2490 0.01331
2491 0.01331
2492 0.0121
2493 0.01331
2494 0.01331
2495 0.0121
2496 0.0121
2497 0.0121
2498 0.0121
2499 0.0121
2500 0.10406
2501 0.08712
2502 0.07139
2503 0.04961
2504 0.05324
2505 0.04719
2506 0.04477
2507 0.05808
2508 0.0484
2509 0.0484
2510 0.05324
2511 0.0484
2512 0.0484
2513 0.04961
2514 0.04477
2515 0.05687
2516 0.05082
2517 0.04719
2518 0.0484
2519 0.04719
2520 0.0484
2521 0.04719
2522 0.04961
2523 0.05929
2524 0.04961
2525 0.04719
2526 0.05324
2527 0.04356
2528 0.05324
2529 0.05808
2530 0.0484
2531 0.05808
2532 0.04719
2533 0.05203
2534 0.04961
2535 0.04598
2536 0.05808
2537 0.05445
2538 0.04719
2539 0.05687
2540 0.0484
2541 0.05324
2542 0.0484
2543 0.0484
2544 0.05566
2545 0.05082
2546 0.04598
2547 0.05566
2548 0.0484
2549 0.0484
2550 0.0484
2551 0.04961
2552 0.05324
2553 0.04598
2554 0.05808
2555 0.0484
2556 0.04719
2557 0.05082
2558 0.0484
2559 0.0484
2560 0.05203
2561 0.04719
2562 0.04598
2563 0.05808
2564 0.04719
2565 0.04961
2566 0.0484
2567 0.05324
2568 0.05566
2569 0.0484
2570 0.04961
2571 0.04719
2572 0.04719
2573 0.05324
2574 0.04961
2575 0.04961
2576 0.05808
2577 0.04719
2578 0.05203
2579 0.04961
2580 0.04719
2581 0.05203
2582 0.04598
2583 0.04598
2584 0.0484
2585 0.0484
2586 0.0484
2587 0.04961
2588 0.0484
2589 0.05203
2590 0.04598
2591 0.04961
2592 0.05808
2593 0.0484
2594 0.04961
2595 0.05082
2596 -0.03993
2597 0.00484
2598 0.0121
2599 0.02299
2600 0
2601 -0.01936
2602 -0.02541
2603 -0.02783
2604 -0.0242
2605 -0.02299
2606 -0.02178
2607 -0.02299
2608 -0.02178
2609 -0.02178
2610 -0.02057
2611 -0.02057
2612 -0.01936
2613 -0.01815
2614 -0.01815
2615 -0.01815
2616 -0.01694
2617 -0.01694
2618 -0.01573
2619 -0.01573
2620 -0.01573
2621 -0.01452
2622 -0.01452
2623 -0.01452
2624 -0.01452
2625 -0.01331
2626 -0.01331
2627 -0.01331
2628 -0.01331
2629 -0.01331
2630 -0.0121
2631 -0.0121
2632 -0.0121
2633 -0.0121
2634 -0.0121
2635 -0.0121
2636 -0.0121
2637 -0.0121
2638 -0.0121
2639 -0.0121
2640 -0.0121
2641 -0.0121
2642 -0.0121
2643 -0.0121
2644 -0.0121
2645 -0.01089
2646 -0.01089
2647 -0.01089
2648 -0.01089
2649 -0.01089
2650 -0.01089
2651 -0.01089
2652 -0.01089
2653 -0.01089
2654 -0.01089
2655 -0.01089
2656 -0.01089
2657 -0.01089
2658 -0.01089
2659 -0.01089
2660 -0.11132
2661 -0.0847
2662 -0.07381
2663 -0.05808
2664 -0.04477
2665 -0.04235
2666 -0.05445
2667 -0.0484
2668 -0.04719
2669 -0.05445
2670 -0.04598
2671 -0.05324
2672 -0.05566
2673 -0.0484
2674 -0.05324
2675 -0.0484
2676 -0.04477
2677 -0.05082
2678 -0.04719
2679 -0.05082
2680 -0.05445
2681 -0.0484
2682 -0.05445
2683 -0.04961
2684 -0.04719
2685 -0.04719
2686 -0.05082
2687 -0.05082
2688 -0.05687
2689 -0.05082
2690 -0.05203
2691 -0.04356
2692 -0.0484
2693 -0.0484
2694 -0.0484
2695 -0.05566
2696 -0.05203
2697 -0.04477
2698 -0.05324
2699 -0.04961
2700 -0.04961
2701 -0.05445
2702 -0.05203
2703 -0.05203
2704 -0.04356
2705 -0.04356
2706 -0.05566
2707 -0.0484
2708 -0.04235
2709 -0.05082
2710 -0.0484
2711 -0.05203
2712 -0.04356
2713 -0.04598
2714 -0.05566
2715 -0.04356
2716 -0.05203
2717 -0.05566
2718 -0.04477
2719 -0.05445
2720 -0.05445
2721 -0.05082
2722 -0.05445
2723 -0.0484
2724 -0.04961
2725 -0.05082
2726 -0.0484
2727 -0.05687
2728 -0.0484
2729 -0.04356
2730 -0.04961
2731 -0.04598
2732 -0.05203
2733 -0.05324
2734 -0.0484
2735 -0.05445
2736 -0.05082
2737 -0.04961
2738 -0.05203
2739 -0.04356
2740 -0.04961
2741 -0.04356
2742 -0.04356
2743 -0.05082
2744 -0.04114
2745 -0.04961
2746 -0.05324
2747 -0.04356
2748 -0.05445
2749 -0.05203
2750 -0.05566
2751 -0.05445
2752 -0.04477
2753 -0.05082
2754 -0.05203
2755 -0.04477
2756 -0.00847
2757 -0.00484
2758 -0.00726
2759 -0.02541
2760 -0.0121
2761 0.01331
2762 0.02057
2763 0.0242
2764 0.0242
2765 0.02299
2766 0.02299
2767 0.0242
2768 0.02299
2769 0.02299
2770 0.02178
2771 0.02178
2772 0.02178
2773 0.02057
2774 0.02057
2775 0.01936
2776 0.01936
2777 0.01815
2778 0.01815
2779 0.01815
2780 0.01815
2781 0.01694
2782 0.01694
2783 0.01694
2784 0.01573
2785 0.01573
2786 0.01573
2787 0.01573
2788 0.01573
2789 0.01452
2790 0.01452
2791 0.01452
2792 0.01452
2793 0.01452
2794 0.01452
2795 0.01331
2796 0.01331
2797 0.01331
2798 0.01331
2799 0.01331
2800 0.01331
2801 0.01331
2802 0.01331
2803 0.01331
2804 0.01331
2805 0.01331
2806 0.01331
2807 0.01331
2808 0.01331
2809 0.01331
2810 0.01331
2811 0.01331
2812 0.01331
2813 0.0121
2814 0.0121
2815 0.0121
2816 0.0121
2817 0.0121
2818 0.0121
2819 0.0121
2820 0.0121
2821 0.07865
2822 0.07623
2823 0.05687
2824 0.05203
2825 0.04719
2826 0.04961
2827 0.05929
2828 0.04961
2829 0.05082
2830 0.04719
2831 0.0484
2832 0.05808
2833 0.04598
2834 0.05566
2835 0.04598
2836 0.05324
2837 0.05687
2838 0.04719
2839 0.04961
2840 0.05808
2841 0.0484
2842 0.05687
2843 0.05203
2844 0.05082
2845 0.05566
2846 0.04477
2847 0.05687
2848 0.05203
2849 0.04598
2850 0.05566
2851 0.0484
2852 0.04961
2853 0.05929
2854 0.04598
2855 0.05687
2856 0.04961
2857 0.04477
2858 0.05808
2859 0.04598
2860 0.05687
2861 0.0484
2862 0.04719
2863 0.05566
2864 0.04961
2865 0.04598
2866 0.05808
2867 0.04719
2868 0.05445
2869 0.05566
2870 0.04961
2871 0.05203
2872 0.04961
2873 0.04598
2874 0.05808
2875 0.04598
2876 0.04961
2877 0.04961
2878 0.05082
2879 0.05082
2880 0.04477
2881 0.0484
2882 0.04598
2883 0.04719
2884 0.05445
2885 0.04961
2886 0.04719
2887 0.05687
2888 0.0484
2889 0.05082
2890 0.05203
2891 0.04961
2892 0.05445
2893 0.05324
2894 0.05203
2895 0.05929
2896 0.04598
2897 0.05203
2898 0.05082
2899 0.0484
2900 0.05687
2901 0.05082
2902 0.04719
2903 0.05808
2904 0.04719
2905 0.04719
2906 0.05687
2907 -0.06413
2908 -0.00242
2909 0.0121
2910 0.02299
2911 0
2912 -0.01936
2913 -0.02662
2914 -0.02783
2915 -0.0242
2916 -0.02299
2917 -0.02299
2918 -0.02299
2919 -0.02178
2920 -0.02178
2921 -0.02057
2922 -0.02057
2923 -0.01936
2924 -0.01936
2925 -0.01815
2926 -0.01815
2927 -0.01694
2928 -0.01694
2929 -0.01573
2930 -0.01573
2931 -0.01573
2932 -0.01452
2933 -0.01452
2934 -0.01452
2935 -0.01452
2936 -0.01331
2937 -0.01331
2938 -0.01331
2939 -0.01331
2940 -0.01331
2941 -0.0121
2942 -0.0121
2943 -0.0121
2944 -0.0121
2945 -0.0121
2946 -0.0121
2947 -0.0121
2948 -0.0121
2949 -0.0121
2950 -0.01089
2951 -0.01089
2952 -0.01089
2953 -0.01089
2954 -0.01089
2955 -0.01089
2956 -0.01089
2957 -0.01089
2958 -0.01089
2959 -0.01089
2960 -0.01089
2961 -0.01089
2962 -0.01089
2963 -0.01089
2964 -0.01089
2965 -0.01089
2966 -0.01089
2967 -0.01089
2968 -0.01089
2969 -0.01089
2970 -0.01089
2971 -0.01089
2972 -0.01089
2973 -0.01089
2974 -0.01089
2975 -0.01089
2976 -0.01089
2977 -0.01089
2978 -0.01089
2979 -0.01089
2980 -0.01089
2981 -0.02057
2982 -0.08228
2983 -0.0726
2984 -0.05082
2985 -0.04598
2986 -0.03993
2987 -0.0484
2988 -0.05324
2989 -0.04477
2990 -0.04961
2991 -0.04114
2992 -0.04477
2993 -0.05445
2994 -0.04114
2995 -0.0484
2996 -0.05445
2997 -0.04961
2998 -0.05445
2999 -0.05324
3000 -0.04356
3001 -0.05203
3002 -0.04235
3003 -0.05324
3004 -0.04719
3005 -0.04719
3006 -0.05324
3007 -0.04961
3008 -0.04719
3009 -0.05082
3010 -0.05203
3011 -0.04719
3012 -0.04961
3013 -0.04235
3014 -0.04719
3015 -0.05203
3016 -0.04598
3017 -0.05203
3018 -0.04598
3019 -0.04719
3020 -0.05324
3021 -0.04598
3022 -0.05445
3023 -0.04235
3024 -0.05082
3025 -0.05324
3026 -0.05082
3027 -0.0484
3028 -0.05324
3029 -0.05082
3030 -0.05324
3031 -0.04598
3032 -0.05324
3033 -0.05445
3034 -0.05082
3035 -0.04961
3036 -0.05203
3037 -0.04477
3038 -0.04961
3039 -0.04235
3040 -0.05445
3041 -0.05324
3042 -0.04235
3043 -0.05445
3044 -0.05445
3045 -0.05082
3046 -0.05445
3047 -0.04719
3048 -0.04961
3049 -0.05203
3050 -0.04598
3051 -0.05445
3052 -0.04356
3053 -0.04598
3054 -0.05324
3055 -0.04598
3056 -0.04719
3057 -0.04356
3058 -0.0484
3059 -0.05445
3060 -0.04477
3061 -0.0484
3062 -0.05324
3063 -0.04477
3064 -0.05082
3065 -0.05445
3066 -0.04719
3067 -0.05566
3068 -0.04356
3069 -0.0484
3070 -0.05445
3071 -0.04477
3072 -0.0484
3073 -0.05687
3074 -0.04961
3075 -0.05203
3076 -0.05203
3077 0.06534
3078 0
3079 -0.01089
3080 -0.02541
3081 -0.00847
3082 0.01452
3083 0.02057
3084 0.0242
3085 0.0242
3086 0.02299
3087 0.02299
3088 0.0242
3089 0.0242
3090 0.02299
3091 0.02299
3092 0.02178
3093 0.02178
3094 0.02057
3095 0.02057
3096 0.01936
3097 0.01936
3098 0.01936
3099 0.01815
3100 0.01815
3101 0.01815
3102 0.01694
3103 0.01694
3104 0.01694
3105 0.01694
3106 0.01573
3107 0.01573
3108 0.01573
3109 0.01573
3110 0.01573
3111 0.01452
3112 0.01452
3113 0.01452
3114 0.01452
3115 0.01452
3116 0.01452
3117 0.01331
3118 0.01452
3119 0.01331
3120 0.01331
3121 0.01331
3122 0.01331
3123 0.01331
3124 0.01331
3125 0.01331
3126 0.01331
3127 0.01331
3128 0.01331
3129 0.01331
3130 0.01331
3131 0.01331
3132 0.01331
3133 0.01331
3134 0.01331
3135 0.01331
3136 0.01331
3137 0.01331
3138 0.01331
3139 0.01331
3140 0.0121
3141 0.01331
3142 0.07502
3143 0.07744
3144 0.05566
3145 0.04598
3146 0.04598
3147 0.05445
3148 0.05929
3149 0.04961
3150 0.05445
3151 0.05566
3152 0.04719
3153 0.05808
3154 0.05082
3155 0.04719
3156 0.05203
3157 0.04477
3158 0.05203
3159 0.04598
3160 0.04598
3161 0.0484
3162 0.04719
3163 0.04719
3164 0.05082
3165 0.04961
3166 0.05687
3167 0.05082
3168 0.04598
3169 0.05203
3170 0.04598
3171 0.05566
3172 0.0484
3173 0.04598
3174 0.05808
3175 0.04961
3176 0.05082
3177 0.05687
3178 0.05203
3179 0.05929
3180 0.05808
3181 0.0484
3182 0.05929
3183 0.04598
3184 0.04719
3185 0.04961
3186 0.04598
3187 0.05082
3188 0.05566
3189 0.04719
3190 0.04719
3191 0.05203
3192 0.04719
3193 0.05445
3194 0.04961
3195 0.0484
3196 0.05687
3197 0.0484
3198 0.05445
3199 0.04477
3200 0.0484
3201 0.05808
3202 0.04719
3203 0.0484
3204 0.04961
3205 0.04719
3206 0.05566
3207 0.04719
3208 0.04961
3209 0.05808
3210 0.0484
3211 0.05808
3212 0.05203
3213 0.05082
3214 0.05445
3215 0.04961
3216 0.04719
3217 0.05808
3218 0.04719
3219 0.0484
3220 0.04719
3221 0.04719
3222 0.05929
3223 0.0484
3224 0.0484
3225 0.05324
3226 0.04719
3227 0.04477
3228 -0.00726
3229 0.00363
3230 0.01573
3231 0.0121
3232 -0.01573
3233 -0.02299
3234 -0.02662
3235 -0.02662
3236 -0.02299
3237 -0.02178
3238 -0.02299
3239 -0.02178
3240 -0.02178
3241 -0.02057
3242 -0.02057
3243 -0.01936
3244 -0.01936
3245 -0.01815
3246 -0.01815
3247 -0.01694
3248 -0.01694
3249 -0.01694
3250 -0.01573
3251 -0.01573
3252 -0.01452
3253 -0.01452
3254 -0.01452
3255 -0.01452
3256 -0.01452
3257 -0.01331
3258 -0.01331
3259 -0.01331
3260 -0.01331
3261 -0.01331
3262 -0.0121
3263 -0.01331
3264 -0.01331
3265 -0.01089
3266 -0.0121
3267 -0.01089
3268 -0.01089
3269 -0.0121
3270 -0.01089
3271 -0.01089
3272 -0.01089
3273 -0.01089
3274 -0.01089
3275 -0.01089
3276 -0.01089
3277 -0.01089
3278 -0.01089
3279 -0.01089
3280 -0.01089
3281 -0.01089
3282 -0.01089
3283 -0.01089
3284 -0.01089
3285 -0.01089
3286 -0.01089
3287 -0.01089
3288 -0.01089
3289 -0.01089
3290 -0.01089
3291 -0.01089
3292 -0.01089
3293 -0.01089
3294 -0.01089
3295 -0.01089
3296 -0.01089
3297 -0.01089
3298 -0.01089
3299 -0.01089
3300 -0.01089
3301 -0.01089
