0 0
1 0
2 0
3 0
4 0
5 0
6 0
7 0
8 0
9 0
10 0
11 0
12 0
13 0
14 0
15 0
16 0
17 0
18 0
19 0
20 0
21 0
22 0
23 0
24 0
25 0
26 0
27 0
28 0
29 0
30 0
31 0
32 0
33 0
34 0
35 0
36 0
37 0
38 0
39 0
40 0
41 0
42 0
43 0
44 0
45 0
46 0
47 0
48 0
49 0
50 0
51 0
52 0
53 0
54 0
55 0
56 0
57 0
58 0
59 0
60 0
61 0
62 0
63 0
64 0
65 0
66 0
67 0
68 0
69 0
70 0
71 0
72 0
73 0
74 0
75 0
76 0
77 0
78 0
79 0
80 0
81 0
82 0
83 0
84 0
85 0
86 0
87 0
88 0
89 0
90 0
91 0
92 0
93 0
94 0
95 0
96 0
97 0
98 0
99 0
100 0
101 0
102 0
103 0
104 0
105 0
106 0
107 0
108 0
109 0
110 0
111 0
112 -0.00121
113 -0.00121
114 -0.00121
115 -0.00121
116 -0.00121
117 -0.00121
118 -0.00121
119 -0.00121
120 -0.00121
121 -0.00121
122 -0.00121
123 -0.00121
124 -0.00121
125 -0.00242
126 -0.00242
127 -0.00242
128 -0.00242
129 -0.00242
130 -0.00242
131 -0.00242
132 -0.00242
133 -0.00242
134 -0.00242
135 -0.00242
136 -0.00242
137 -0.00242
138 -0.00242
139 -0.00242
140 -0.00242
141 -0.00242
142 -0.00242
143 -0.00242
144 -0.00242
145 -0.00242
146 -0.00242
147 -0.00242
148 -0.00242
149 -0.00242
150 -0.00242
151 -0.00242
152 -0.00242
153 -0.00242
154 -0.00242
155 -0.00242
156 -0.00242
157 -0.00242
158 -0.00242
159 -0.00242
160 -0.00242
161 -0.00242
162 -0.00242
163 -0.00242
164 -0.00242
165 -0.00242
166 -0.00363
167 -0.00242
168 -0.00242
169 -0.00242
170 -0.00242
171 -0.00363
172 -0.00363
173 -0.00242
174 -0.00363
175 -0.00242
176 -0.00242
177 -0.00242
178 -0.00242
179 -0.00242
180 -0.00242
181 -0.00242
182 -0.00242
183 -0.00242
184 -0.00242
185 -0.00242
186 -0.00242
187 -0.00242
188 -0.00242
189 -0.00242
190 -0.00242
191 -0.00363
192 -0.00363
193 -0.00242
194 -0.00242
195 -0.00242
196 -0.00242
197 -0.00363
198 -0.00242
199 -0.00242
200 -0.00242
201 -0.00242
202 -0.00242
203 -0.00242
204 -0.00363
205 -0.00363
206 -0.00363
207 -0.00242
208 -0.00363
209 -0.00242
210 -0.00363
211 -0.00242
212 -0.00363
213 -0.00363
214 -0.00242
215 -0.00242
216 -0.00242
217 -0.00242
218 -0.00242
219 -0.00242
220 -0.00242
221 -0.00242
222 -0.00242
223 -0.00242
224 -0.00242
225 -0.00242
226 -0.00121
227 0.00363
228 0.01089
229 0.01936
230 0.03388
231 0.05203
232 0.06655
233 0.0847
234 0.0968
235 0.11011
236 0.12221
237 0.13431
238 0.14278
239 0.14883
240 0.15367
241 0.15609
242 0.15972
243 0.16335
244 0.16698
245 0.17182
246 0.17424
247 0.17787
248 0.17787
249 0.17666
250 0.16698
251 0.14278
252 0.10527
253 0.06171
254 0.03751
255 0.00726
256 -0.01452
257 -0.02178
258 -0.0242
259 -0.02904
260 -0.04114
261 -0.05445
262 -0.07744
263 -0.1089
264 -0.14883
265 -0.18029
266 -0.20933
267 -0.23595
268 -0.26257
269 -0.28798
270 -0.30613
271 -0.31339
272 -0.31702
273 -0.31581
274 -0.30855
275 -0.30492
276 -0.30008
277 -0.29524
278 -0.29161
279 -0.28677
280 -0.28193
281 -0.27709
282 -0.27346
283 -0.27104
284 -0.26983
285 -0.26983
286 -0.2662
287 -0.26378
288 -0.2662
289 -0.26741
290 -0.26499
291 -0.26136
292 -0.23595
293 -0.13431
294 -0.0605
295 -0.01331
296 0.0242
297 0.02178
298 0.02057
299 0.01936
300 0.02057
301 0.02057
302 0.02057
303 0.01936
304 0.01936
305 0.01936
306 0.01815
307 0.01815
308 0.01694
309 0.01694
310 0.01694
311 0.01573
312 0.01573
313 0.01452
314 0.01452
315 0.01452
316 0.01331
317 0.01331
318 0.01331
319 0.01331
320 0.0121
321 0.0121
322 0.0121
323 0.0121
324 0.0121
325 0.01089
326 0.01089
327 0.01089
328 0.01089
329 0.01089
330 0.01089
331 0.01089
332 0.01089
333 0.01089
334 0.01089
335 0.00968
336 0.00968
337 0.00968
338 0.00968
339 0.00968
340 0.00968
341 0.00968
342 0.00968
343 0.00968
344 0.00968
345 0.00968
346 0.00968
347 0.00968
348 0.00968
349 0.00968
350 0.00968
351 0.00968
352 0.00968
353 0.00968
354 0.00968
355 0.00968
356 0.00968
357 0.00968
358 0.00968
359 0.00968
360 0.00968
361 0.00968
362 0.00968
363 0.00968
364 0.00968
365 0.00968
366 0.00968
367 0.00968
368 0.00968
369 0.00968
370 0.00968
371 0.00968
372 0.00968
373 0.00968
374 0.00968
375 0.00968
376 0.00968
377 0.00968
378 0.00968
379 0.00968
380 0.00968
381 0.00968
382 0.00968
383 0.00968
384 0.00968
385 0.00968
386 0.00968
387 0.00968
388 0.00968
389 0.00968
390 0.00968
391 0.00968
392 0.00968
393 0.00968
394 0.00968
395 0.00968
396 0.00968
397 0.00968
398 0.00968
399 0.00968
400 0.00968
401 0.00968
402 0.00968
403 0.00968
404 0.00968
405 0.00968
406 0.00968
407 0.00968
408 0.00968
409 0.00968
410 0.00968
411 0.00968
412 0.00968
413 0.00968
414 0.00968
415 0.00968
416 0.00968
417 0.00968
418 0.00968
419 0.00968
420 0.00968
421 0.00968
422 0.00968
423 0.00968
424 0.00968
425 0.00968
426 0.00968
427 0.00968
428 0.00968
429 0.00968
430 0.00968
431 0.00968
432 0.00968
433 0.00968
434 0.00968
435 0.00968
436 0.00968
437 0.00968
438 0.00968
439 0.00968
440 0.00968
441 0.00968
442 0.00968
443 0.00968
444 0.00968
445 0.00968
446 0.00968
447 0.00968
448 0.00968
449 0.00968
450 0.00968
451 0.00968
452 0.00968
453 0.00968
454 0.00968
455 0.00968
456 0.00968
457 0.00968
458 0.00968
459 0.00968
460 0.00968
461 0.00968
462 0.00968
463 0.00968
464 0.00968
465 0.00968
466 0.00968
467 0.00968
468 0.00968
469 0.00968
470 0.00968
471 0.00968
472 0.00968
473 0.00968
474 0.00968
475 0.00968
476 0.00968
477 0.00968
478 0.00968
479 0.00968
480 0.00968
481 0.00968
482 0.00968
483 0.00968
484 0.00968
485 0.00968
486 0.00968
487 0.00968
488 0.00968
489 0.00968
490 0.00968
491 0.00968
492 0.00968
493 0.00968
494 0.00968
495 0.00968
496 0.00968
497 0.00968
498 0.00968
499 0.00968
500 0.00968
501 0.00968
502 0.00968
503 0.00968
504 0.00968
505 0.00968
506 0.00968
507 0.00968
508 0.00968
509 0.00968
510 0.00968
511 0.00968
512 0.00968
513 0.00968
514 0.00968
515 0.00968
516 0.00968
517 0.00968
518 0.00968
519 0.00968
520 0.00968
521 0.00968
522 0.00968
523 0.00968
524 0.00968
525 0.00968
526 0.00968
527 0.00968
528 0.00968
529 0.00968
530 0.00968
531 0.00968
532 0.00968
533 0.00968
534 0.00968
535 0.00968
536 0.00968
537 0.00968
538 0.00968
539 0.00968
540 0.00968
541 0.00968
542 0.00968
543 0.00968
544 0.00968
545 0.00968
546 0.00968
547 0.00968
548 0.00968
549 0.00968
550 0.00968
551 0.00968
552 0.00968
553 0.00968
554 0.00968
555 0.00968
556 0.00968
557 0.00968
558 0.00968
559 0.00968
560 0.00968
561 0.00968
562 0.00968
563 0.00968
564 0.00968
565 0.00968
566 0.00968
567 0.00968
568 0.00968
569 0.00968
570 0.00968
571 0.00968
572 0.00968
573 0.00968
574 0.00968
575 0.00968
576 0.00968
577 0.00968
578 0.00968
579 0.00968
580 0.00968
581 0.00968
582 0.00968
583 0.00968
584 0.00968
585 0.01089
586 0.01694
587 0.02904
588 0.04719
589 0.08107
590 0.10769
591 0.13189
592 0.15488
593 0.18029
594 0.20328
595 0.22022
596 0.22627
597 0.20691
598 0.16698
599 0.11616
600 0.07139
601 0.03509
602 0.00242
603 -0.02057
604 -0.02299
605 -0.02299
606 -0.0242
607 -0.0242
608 -0.0242
609 -0.0242
610 -0.02299
611 -0.0242
612 -0.03025
613 -0.04477
614 -0.07623
615 -0.12705
616 -0.16819
617 -0.20086
618 -0.23837
619 -0.27104
620 -0.2904
621 -0.2783
622 -0.26741
623 -0.23111
624 -0.15851
625 -0.07865
626 -0.0363
627 0.01089
628 0.01936
629 0.01936
630 0.01936
631 0.01936
632 0.01936
633 0.01936
634 0.01936
635 0.01936
636 0.01815
637 0.01815
638 0.01694
639 0.01694
640 0.01694
641 0.01573
642 0.01573
643 0.01452
644 0.01452
645 0.01452
646 0.01331
647 0.01331
648 0.01331
649 0.0121
650 0.0121
651 0.0121
652 0.0121
653 0.0121
654 0.01089
655 0.01089
656 0.01089
657 0.01089
658 0.01089
659 0.01089
660 0.00968
661 0.00968
662 0.00968
663 0.00968
664 0.00968
665 0.00968
666 0.00968
667 0.00968
668 0.00968
669 0.00968
670 0.00968
671 0.00847
672 0.00968
673 0.00847
674 0.00847
675 0.00968
676 0.00847
677 0.00968
678 0.00968
679 0.00968
680 0.00968
681 0.00968
682 0.00847
683 0.00847
684 0.00847
685 0.00847
686 0.00847
687 0.00847
688 0.00847
689 0.00847
690 0.00847
691 0.00847
692 0.00847
693 0.00847
694 0.00847
695 0.00847
696 0.00847
697 0.00847
698 0.00847
699 0.00847
700 0.00847
701 0.00847
702 0.00847
703 0.00847
704 0.00968
705 0.00847
706 0.00847
707 0.00847
708 0.00847
709 0.00968
710 0.00968
711 0.00847
712 0.00968
713 0.00847
714 0.00847
715 0.00968
716 0.00847
717 0.00968
718 0.00968
719 0.00968
720 0.00847
721 0.00847
722 0.00847
723 0.00847
724 0.00847
725 0.00968
726 0.00968
727 0.00847
728 0.00847
729 0.00968
730 0.00968
731 0.00968
732 0.00847
733 0.00968
734 0.00968
735 0.00968
736 0.00968
737 0.00968
738 0.0121
739 0.02178
740 0.03993
741 0.0726
742 0.1089
743 0.13673
744 0.16819
745 0.19723
746 0.22627
747 0.24563
748 0.23716
749 0.19965
750 0.12342
751 0.07018
752 0.03146
753 -0.00484
754 -0.02178
755 -0.0242
756 -0.0242
757 -0.03267
758 -0.04598
759 -0.06292
760 -0.09801
761 -0.14036
762 -0.17424
763 -0.21296
764 -0.24563
765 -0.2662
766 -0.21659
767 -0.12221
768 -0.05808
769 -0.0121
770 0.01452
771 0.01936
772 0.01936
773 0.01815
774 0.01936
775 0.01936
776 0.01936
777 0.01936
778 0.01815
779 0.01815
780 0.01694
781 0.01694
782 0.01694
783 0.01573
784 0.01573
785 0.01573
786 0.01452
787 0.01452
788 0.01452
789 0.01331
790 0.01331
791 0.01331
792 0.0121
793 0.0121
794 0.0121
795 0.01089
796 0.01089
797 0.01089
798 0.01089
799 0.01089
800 0.01089
801 0.01089
802 0.00968
803 0.00968
804 0.00968
805 0.00968
806 0.00968
807 0.00968
808 0.00968
809 0.00968
810 0.00968
811 0.00968
812 0.00847
813 0.00968
814 0.00968
815 0.00968
816 0.00968
817 0.00847
818 0.00847
819 0.00847
820 0.00847
821 0.00847
822 0.00847
823 0.00847
824 0.00847
825 0.00847
826 0.00847
827 0.00847
828 0.00847
829 0.00847
830 0.00847
831 0.00847
832 0.00847
833 0.00847
834 0.00847
835 0.00847
836 0.00847
837 0.00847
838 0.00847
839 0.00847
840 0.00847
841 0.00847
842 0.00847
843 0.00847
844 0.00847
845 0.00847
846 0.00847
847 0.00847
848 0.00847
849 0.00847
850 0.00847
851 0.00847
852 0.00847
853 0.00847
854 0.00847
855 0.00847
856 0.00847
857 0.00847
858 0.00847
859 0.00847
860 0.00847
861 0.00847
862 0.00968
863 0.00968
864 0.00847
865 0.00968
866 0.00968
867 0.00847
868 0.00847
869 0.00968
870 0.00968
871 0.00847
872 0.00847
873 0.00968
874 0.00847
875 0.00968
876 0.00847
877 0.00847
878 0.00968
879 0.00968
880 0.00847
881 0.00847
882 0.00968
883 0.00847
884 0.00847
885 0.00847
886 0.00847
887 0.00847
888 0.00847
889 0.00847
890 0.00847
891 0.00968
892 0.00847
893 0.00968
894 0.00968
895 0.00968
896 0.00968
897 0.00968
898 0.00847
899 0.00847
900 0.00968
901 0.00968
902 0.00968
903 0.00968
904 0.00968
905 0.00968
906 0.00968
907 0.00968
908 0.00847
909 0.00847
910 0.00968
911 0.00968
912 0.00968
913 0.00968
914 0.00968
915 0.00847
916 0.00968
917 0.00968
918 0.00968
919 0.00968
920 0.00968
921 0.00847
922 0.00968
923 0.00847
924 0.00968
925 0.00968
926 0.00847
927 0.00968
928 0.00968
929 0.00968
930 0.00968
931 0.00968
932 0.00968
933 0.00968
934 0.00847
935 0.00968
936 0.00968
937 0.00968
938 0.00968
939 0.00968
940 0.00968
941 0.00968
942 0.00968
943 0.00968
944 0.00968
945 0.00968
946 0.00968
947 0.00968
948 0.00968
949 0.00968
950 0.00968
951 0.00968
952 0.00847
953 0.00847
954 0.00968
955 0.00847
956 0.00968
957 0.00968
958 0.00968
959 0.00968
960 0.00847
961 0.00968
962 0.00968
963 0.00968
964 0.00968
965 0.00968
966 0.00968
967 0.00968
968 0.00847
969 0.00968
970 0.00968
971 0.00968
972 0.00968
973 0.00968
974 0.00968
975 0.00968
976 0.00968
977 0.00968
978 0.00968
979 0.00847
980 0.00968
981 0.00968
982 0.00847
983 0.00968
984 0.00968
985 0.00968
986 0.00847
987 0.00847
988 0.00968
989 0.00968
990 0.00968
991 0.00968
992 0.00968
993 0.00968
994 0.00968
995 0.00968
996 0.00968
997 0.00968
998 0.00968
999 0.00968
1000 0.00968
1001 0.00968
1002 0.00847
1003 0.00968
1004 0.00968
1005 0.00968
1006 0.00968
1007 0.00968
1008 0.00968
1009 0.00968
1010 0.00968
1011 0.00968
1012 0.00847
1013 0.00968
1014 0.00968
1015 0.00968
1016 0.00968
1017 0.00968
1018 0.00968
1019 0.00968
1020 0.00968
1021 0.00968
1022 0.00847
1023 0.00968
1024 0.00968
1025 0.00968
1026 0.00968
1027 0.00968
1028 0.00968
1029 0.00968
1030 0.00968
1031 0.00847
1032 0.00968
1033 0.00847
1034 0.00968
1035 0.00968
1036 0.00847
1037 0.00968
1038 0.00847
1039 0.00968
1040 0.00847
1041 0.00968
1042 0.00968
1043 0.00968
1044 0.00968
1045 0.00968
1046 0.00968
1047 0.00968
1048 0.00968
1049 0.00968
1050 0.00968
1051 0.00968
1052 0.00968
1053 0.00968
1054 0.00968
1055 0.00968
1056 0.00968
1057 0.00968
1058 0.00847
1059 0.00847
1060 0.00968
1061 0.00847
1062 0.00968
1063 0.00968
1064 0.00968
1065 0.00847
1066 0.00968
1067 0.00968
1068 0.00968
1069 0.00968
1070 0.00968
1071 0.00968
1072 0.00968
1073 0.00968
1074 0.00968
1075 0.00968
1076 0.00968
1077 0.00968
1078 0.00968
1079 0.00968
1080 0.00968
1081 0.00847
1082 0.00968
1083 0.00968
1084 0.00968
1085 0.00968
1086 0.00847
1087 0.00968
1088 0.00968
1089 0.00968
1090 0.00847
1091 0.00847
1092 0.00968
1093 0.00847
1094 0.00968
1095 0.00968
1096 0.00968
1097 0.00968
1098 0.00968
1099 0.00968
1100 0.00968
1101 0.00968
1102 0.00968
1103 0.00847
1104 0.00968
1105 0.00968
1106 0.00968
1107 0.00968
1108 0.00968
1109 0.00968
1110 0.00968
1111 0.00968
1112 0.00968
1113 0.00968
