0 -89.6579
1 -89.6579
2 -89.6579
3 -89.6579
4 -89.6579
5 -89.6579
6 -89.6579
7 -89.6579
8 -89.6579
9 -89.6579
10 -89.6579
11 -89.6579
12 -89.6579
13 -89.6579
14 -89.6579
15 -89.6579
16 -89.6579
17 -89.6579
18 -89.6579
19 -89.6579
20 -89.6579
21 -89.6579
22 -89.6579
23 -89.6579
24 -89.6579
25 -89.6579
26 -89.6579
27 -89.6579
28 -89.6579
29 -89.6579
30 -89.6579
31 -89.6579
32 -89.6579
33 -89.6579
34 -89.6579
35 -89.6579
36 -89.6579
37 -89.6579
38 -89.6579
39 -89.6579
40 -89.6579
41 -89.6579
42 -89.6579
43 -89.6579
44 -89.6579
45 -89.6579
46 -89.6579
47 -89.6579
48 -89.6579
49 -89.6579
50 -89.6579
51 -89.6579
52 -89.6579
53 -89.6579
54 -89.6579
55 -89.6579
56 -89.6579
57 -89.6579
58 -89.6579
59 -89.6579
60 -89.6579
61 -89.6579
62 -89.6579
63 -89.6579
64 -89.6579
65 -89.6579
66 -89.6579
67 -89.6579
68 -89.6579
69 -89.6579
70 -89.6579
71 -89.6579
72 -89.6579
73 -89.6579
74 -89.6579
75 -89.6579
76 -89.6579
77 -89.6579
78 -89.6579
79 -89.6579
80 -89.6579
81 -89.6579
82 -89.6579
83 -89.6579
84 -89.6579
85 -89.6579
86 -89.6579
87 -89.6579
88 -89.6579
89 -89.6579
90 -89.6579
91 -89.6579
92 -89.6579
93 -89.6579
94 -89.6579
95 -89.6579
96 -89.6579
97 -89.6579
98 -89.6579
99 -89.6579
100 -89.6579
101 -89.6579
102 -89.6579
103 -89.6579
104 -89.6579
105 -89.6579
106 -89.6579
107 -89.6579
108 -89.6579
109 -89.6579
110 -89.6579
111 -89.6579
112 -89.6579
113 -89.6579
114 -89.6579
115 -89.6579
116 -89.6579
117 -89.6579
118 -89.6579
119 -89.6579
120 -89.6579
121 -89.6579
122 -89.6579
123 -89.6579
124 -89.6579
125 -89.6579
126 -89.6579
127 -89.6579
128 -89.6579
129 -89.6579
130 -89.6579
131 -89.6579
132 -89.6579
133 -89.6579
134 -89.6579
135 -89.6579
136 -89.6579
137 -89.6579
138 -89.6579
139 -89.6579
140 -89.6579
141 -89.6579
142 -89.6579
143 -89.6579
144 -89.6579
145 -89.6579
146 -89.6579
147 -89.6579
148 -89.6579
149 -89.6579
150 -89.6579
151 -89.6579
152 -89.6579
153 -89.6579
154 -89.6579
155 -89.6579
156 -89.6579
157 -89.6579
158 -89.6579
159 -89.6579
160 -89.6579
161 -89.6579
162 -89.6579
163 -89.6579
164 -89.6579
165 -89.6579
166 -89.6579
167 -89.6579
168 -89.6579
169 -89.6579
170 -89.6579
171 -89.6579
