0 0
1 0
2 0
3 0
4 0
5 0
6 0
7 0
8 0
9 0
10 0
11 0
12 0
13 0
14 0
15 0
16 0
17 0
18 0
19 0
20 0
21 0
22 0
23 0
24 0
25 0
26 0
27 0
28 0
29 0
30 0
31 0
32 0
33 0
34 0
35 0
36 0
37 0
38 0
39 0
40 0
41 0
42 0
43 0
44 0
45 0
46 0
47 0
48 0
49 0
50 0
51 0
52 0
53 0
54 0
55 0
56 0
57 0
58 0
59 0
60 0
61 0
62 0
63 0
64 0
65 0
66 0
67 0
68 0
69 0
70 0
71 0
72 0
73 0
74 0
75 0
76 0
77 0
78 0
79 0
80 0
81 0
82 0
83 0
84 0
85 0
86 0
87 0
88 0
89 0
90 0
91 0
92 0
93 0
94 0
95 0
96 0
97 0
98 0
99 0
100 0
101 0
102 0
103 0
104 0
105 0
106 0
107 0
108 0
109 0
110 0
111 0
112 -0.00121
113 -0.00121
114 -0.00121
115 -0.00121
116 -0.00121
117 -0.00121
118 -0.00121
119 -0.00121
120 -0.00121
121 -0.00121
122 -0.00121
123 -0.00121
124 -0.00121
125 -0.00121
126 -0.00121
127 -0.00121
128 -0.00121
129 -0.00121
130 -0.00121
131 -0.00121
132 -0.00121
133 -0.00242
134 -0.00121
135 -0.00242
136 -0.00121
137 -0.00242
138 -0.00121
139 -0.00242
140 -0.00242
141 -0.00242
142 -0.00242
143 -0.00242
144 -0.00242
145 -0.00242
146 -0.00242
147 -0.00242
148 -0.00242
149 -0.00242
150 -0.00242
151 -0.00242
152 -0.00242
153 -0.00242
154 -0.00242
155 -0.00242
156 -0.00242
157 -0.00242
158 -0.00242
159 -0.00242
160 -0.00242
161 -0.00242
162 -0.00242
163 -0.00242
164 -0.00242
165 -0.00242
166 -0.00242
167 -0.00242
168 -0.00242
169 -0.00242
170 -0.00242
171 -0.00242
172 -0.00242
173 -0.00242
174 -0.00242
175 -0.00242
176 -0.00242
177 -0.00242
178 -0.00242
179 -0.00242
180 -0.00242
181 -0.00242
182 -0.00242
183 -0.00242
184 -0.00242
185 -0.00242
186 -0.00242
187 -0.00242
188 -0.00242
189 -0.00242
190 -0.00242
191 -0.00242
192 -0.00242
193 -0.00242
194 -0.00242
195 -0.00242
196 -0.00242
197 -0.00242
198 -0.00242
199 -0.00242
200 -0.00242
201 -0.00242
202 -0.00242
203 -0.00242
204 -0.00242
205 -0.00242
206 -0.00242
207 -0.00242
208 -0.00242
209 -0.00242
210 -0.00242
211 -0.00242
212 -0.00242
213 -0.00242
214 -0.00242
215 -0.00242
216 -0.00242
217 -0.00242
218 -0.00242
219 -0.00242
220 -0.00242
221 -0.00242
222 -0.00242
223 -0.00242
224 -0.00242
225 -0.00242
226 -0.00242
227 -0.00242
228 -0.00242
229 -0.00242
230 -0.00242
231 -0.00242
232 -0.00242
233 -0.00242
234 -0.00242
235 -0.00242
236 -0.00242
237 -0.00242
238 -0.00242
239 -0.00242
240 -0.00242
241 -0.00242
242 -0.00242
243 -0.00242
244 -0.00242
245 -0.00242
246 -0.00242
247 -0.00242
248 -0.00242
249 -0.00242
250 -0.00242
251 -0.00242
252 -0.00242
253 -0.00242
254 -0.00242
255 -0.00242
256 -0.00242
257 -0.00242
258 -0.00242
259 -0.00242
260 -0.00242
261 -0.00242
262 -0.00242
263 -0.00242
264 -0.00242
265 -0.00242
266 -0.00242
267 -0.00242
268 -0.00242
269 -0.00242
270 -0.00242
271 -0.00242
272 -0.00242
273 -0.00242
274 -0.00242
275 -0.00242
276 -0.00242
277 -0.00242
278 -0.00242
279 -0.00242
280 -0.00242
281 -0.00242
282 -0.00242
283 -0.00242
284 -0.00242
285 -0.00242
286 -0.00242
287 -0.00242
288 -0.00242
289 -0.00242
290 -0.00242
291 -0.00242
292 -0.00242
293 -0.00242
294 -0.00242
295 -0.00242
296 -0.00242
297 -0.00242
298 -0.00242
299 -0.00242
300 -0.00242
301 -0.00242
302 -0.00242
303 -0.00242
304 -0.00242
305 -0.00242
306 -0.00242
307 -0.00242
308 -0.00242
309 -0.00242
310 -0.00242
311 -0.00242
312 -0.00242
313 -0.00242
314 -0.00242
315 -0.00242
316 -0.00242
317 -0.00242
318 -0.00242
319 -0.00242
320 -0.00242
321 -0.00242
322 -0.00242
323 -0.00242
324 -0.00242
325 -0.00242
326 -0.00242
327 -0.00242
328 -0.00242
329 -0.00242
330 -0.00242
331 -0.00242
332 -0.00242
333 -0.00242
334 -0.00242
335 -0.00242
336 -0.00242
337 -0.00242
338 -0.00242
339 -0.00242
340 -0.00242
341 -0.00242
342 -0.00242
343 -0.00242
344 -0.00242
345 -0.00242
346 -0.00242
347 -0.00242
348 -0.00242
349 -0.00242
350 -0.00242
351 -0.00242
352 -0.00242
353 -0.00242
354 -0.00242
355 -0.00242
356 -0.00242
357 -0.00242
358 -0.00242
359 -0.00242
360 -0.00242
361 -0.00242
362 -0.00242
363 -0.00242
364 -0.00242
365 -0.00242
366 -0.00242
367 -0.00242
368 -0.00242
369 -0.00242
370 -0.00242
371 -0.00242
372 -0.00242
373 -0.00242
374 -0.00242
375 -0.00242
376 -0.00242
377 -0.00242
378 -0.00242
379 -0.00242
380 -0.00242
381 -0.00242
382 -0.00242
383 -0.00242
384 -0.00242
385 -0.00242
386 -0.00242
387 -0.00242
388 -0.00242
389 -0.00242
390 -0.00242
391 -0.00242
392 -0.00242
393 -0.00242
394 -0.00242
395 -0.00242
396 -0.00242
397 -0.00242
398 -0.00242
399 -0.00242
400 -0.00242
401 -0.00242
402 -0.00242
403 -0.00242
404 -0.00242
405 -0.00242
406 -0.00242
407 -0.00242
408 -0.00242
409 -0.00242
410 -0.00242
411 -0.00242
412 -0.00242
413 -0.00242
414 -0.00242
415 -0.00242
416 -0.00242
417 -0.00242
418 -0.00242
419 -0.00242
420 -0.00242
421 -0.00242
422 -0.00242
423 -0.00242
424 -0.00242
425 -0.00242
426 -0.00242
427 -0.00242
428 -0.00242
429 -0.00242
430 -0.00242
431 -0.00242
432 -0.00242
433 -0.00242
434 -0.00242
435 -0.00242
436 -0.00242
437 -0.00242
438 -0.00242
439 -0.00242
440 -0.00242
441 -0.00242
442 -0.00242
443 -0.00242
444 -0.00242
445 -0.00242
446 -0.00242
447 -0.00242
448 -0.00242
449 -0.00242
450 -0.00242
451 -0.00242
452 -0.00242
453 -0.00242
454 -0.00242
455 -0.00242
456 -0.00242
457 -0.00242
458 -0.00242
459 -0.00242
460 -0.00242
461 -0.00242
462 -0.00242
463 -0.00242
464 -0.00242
465 -0.00242
466 -0.00242
467 -0.00242
468 -0.00242
469 -0.00242
470 -0.00242
471 -0.00242
472 -0.00242
473 -0.00242
474 -0.00242
475 -0.00242
476 -0.00242
477 -0.00242
478 -0.00242
479 -0.00242
480 -0.00242
481 -0.00242
482 -0.00242
483 -0.00242
484 -0.00242
485 -0.00242
486 -0.00242
487 -0.00242
488 -0.00242
489 -0.00242
490 -0.00242
491 -0.00242
492 -0.00242
493 -0.00242
494 -0.00242
495 -0.00242
496 -0.00242
497 -0.00242
498 -0.00242
499 -0.00242
500 -0.00242
501 -0.00242
502 -0.00242
503 -0.00242
504 -0.00242
505 -0.00242
506 -0.00242
507 -0.00242
508 -0.00242
509 -0.00242
510 -0.00242
511 -0.00242
512 -0.00242
513 -0.00242
514 -0.00242
515 -0.00242
516 -0.00242
517 -0.00242
518 -0.00242
519 -0.00242
520 -0.00242
521 -0.00242
522 -0.00242
523 -0.00242
524 -0.00242
525 -0.00242
526 -0.00242
527 -0.00242
528 -0.00242
529 -0.00242
530 -0.00242
531 -0.00242
532 -0.00242
