0 0
1 0
2 0
3 0
4 0
5 0
6 0
7 0
8 0
9 0
10 0
11 0
12 0
13 0
14 0
15 0
16 0
17 0
18 0
19 0
20 0
21 0
22 0
23 0
24 0
25 0
26 0
27 0
28 0
29 0
30 0
31 0
32 0
33 0
34 0
35 0
36 0
37 0
38 0
39 0
40 0
41 0
42 0
43 0
44 0
45 0
46 0
47 0
48 0
49 0
50 0
51 0
52 0
53 0
54 0
55 0
56 0
57 0
58 0
59 0
60 0
61 0
62 0
63 0
64 0
65 0
66 0
67 0
68 0
69 0
70 0
71 0
72 0
73 0
74 0
75 0
76 0
77 0
78 0
79 0
80 0
81 0
82 0
83 0
84 0
85 0
86 0
87 0
88 0
89 0
90 0
91 0
92 0
93 0
94 0
95 0
96 0
97 0
98 0
99 0
100 0
101 0
102 0
103 0
104 0
105 0
106 0
107 0
108 0
109 0
110 0
111 0
112 0
113 0
114 0
115 0
116 0
117 0
118 0
119 0
120 0
121 0
122 0
123 0
124 0
125 0
126 0
127 0
128 0
129 0
130 0
131 0
132 0
133 0
134 0
135 0
136 0
137 0
138 0
139 0
140 0
141 0
142 0
143 0
144 0
145 0
146 0
147 0
148 0
149 0
150 0
151 0
152 0
153 0
154 0
155 0
156 0
157 0
158 0
159 0
160 0
161 0
162 0
163 0
164 0
165 0
166 0
167 0
168 0
169 0
170 0
171 0
172 0
173 0
174 0
175 0
176 0
177 0
178 0
179 0
180 0
181 0
182 0
183 0
184 0
185 0
186 0
187 -0.00121
188 -0.00242
189 -0.00242
190 -0.00363
191 -0.00363
192 -0.00363
193 -0.00484
194 -0.00484
195 -0.00484
196 -0.00484
197 -0.00605
198 -0.00605
199 -0.00605
200 -0.00605
201 -0.00605
202 -0.00726
203 -0.00726
204 -0.00726
205 -0.00726
206 -0.00726
207 -0.00726
208 -0.00726
209 -0.00726
210 -0.00726
211 -0.00726
212 -0.00726
213 -0.00847
214 -0.00726
215 -0.00726
216 -0.00726
217 -0.00847
218 -0.00847
219 -0.00847
220 -0.00726
221 -0.00847
222 -0.00847
223 -0.00847
224 -0.00726
225 -0.00847
226 -0.00847
227 -0.00847
228 -0.00726
229 -0.00847
230 -0.00847
231 -0.00847
232 -0.00726
233 -0.00847
234 -0.00847
235 -0.00726
236 -0.00726
237 -0.00726
238 -0.00726
239 -0.00726
240 -0.00726
241 -0.00726
242 -0.00726
243 -0.00847
244 -0.00726
245 -0.00726
246 -0.00726
247 -0.00726
248 -0.00726
249 -0.00726
250 -0.00726
251 -0.00726
252 -0.00726
253 -0.00726
254 -0.00726
255 -0.00726
256 -0.00726
257 -0.00726
258 -0.00726
259 -0.00726
260 -0.00726
261 -0.00726
262 -0.00726
263 -0.00726
264 -0.00726
265 -0.00726
266 -0.00726
267 -0.00726
268 -0.00726
269 -0.00726
270 -0.00726
271 -0.00726
272 -0.00726
273 -0.00726
274 -0.00726
275 -0.00726
276 -0.00726
277 -0.00726
278 -0.00726
279 -0.00726
280 -0.00726
281 -0.00726
282 -0.00726
283 -0.00726
284 -0.00726
285 -0.00726
286 -0.00726
287 -0.00726
288 -0.00726
289 -0.00726
290 -0.00726
291 -0.00726
292 -0.00726
293 -0.00726
294 -0.00726
295 -0.00726
296 -0.00726
297 -0.00726
298 -0.00726
299 -0.00726
300 -0.00726
301 -0.00726
302 -0.00726
303 -0.00726
304 -0.00726
305 -0.00726
306 -0.00726
307 -0.00726
308 -0.00726
309 -0.00726
310 -0.00726
311 -0.00726
312 -0.00726
313 -0.00726
314 -0.00726
315 -0.00726
316 -0.00726
317 -0.00726
318 -0.00726
319 -0.00726
320 -0.00726
321 -0.00726
322 -0.00726
323 -0.00726
324 -0.00726
325 -0.00726
326 -0.00726
327 -0.00726
328 -0.00726
329 -0.00726
330 -0.00726
331 -0.00726
332 -0.00726
333 -0.00726
334 -0.00726
335 -0.00726
336 -0.00726
337 -0.00726
338 -0.00726
339 -0.00726
340 -0.00726
341 -0.00726
342 -0.00726
343 -0.00726
344 -0.00726
345 -0.00726
346 -0.00726
347 -0.34364
348 -0.25168
349 -0.14399
350 -0.10648
351 -0.07623
352 -0.08228
353 -0.07018
354 -0.0726
355 -0.08712
356 -0.08349
357 -0.08833
358 -0.07986
359 -0.07744
360 -0.07744
361 -0.08591
362 -0.07502
363 0.21175
364 0.14399
365 0.03388
366 -0.00726
367 0.03388
368 0.01573
369 0.01331
370 0.01573
371 0.02783
372 0.0363
373 0.03751
374 0.03751
375 0.02904
376 0.02662
377 0.0242
378 0.02178
379 0.02178
380 0.01936
381 0.01694
382 0.01573
383 0.01452
384 0.01452
385 0.01331
386 0.0121
387 0.01089
388 0.01089
389 0.01089
390 0.00968
391 0.00968
392 0.00847
393 0.00847
394 0.00847
395 0.00847
396 0.00847
397 0.00726
398 0.00726
399 0.00726
400 0.00726
401 0.00726
402 0.00726
403 0.00726
404 0.00726
405 0.00726
406 0.00726
407 0.00726
408 0.00605
409 0.00726
410 0.00726
411 0.00605
412 0.00726
413 0.00605
414 0.00726
415 0.00726
416 0.00605
417 0.00605
418 0.00605
419 0.00726
420 0.00726
421 0.00726
422 0.00605
423 0.00605
424 0.00605
425 0.00605
426 0.00605
427 0.00605
428 0.00605
429 0.00605
430 0.00605
431 0.00605
432 0.00605
433 0.00726
434 0.00726
435 0.00605
436 0.00726
437 0.00726
438 0.00605
439 0.00726
440 0.00726
441 0.00726
442 0.00605
443 0.00605
444 0.00726
445 0.00726
446 0.00726
447 0.00726
448 0.00605
449 0.00726
450 0.00605
451 0.00726
452 0.00726
453 0.00726
454 0.00726
455 0.00726
456 0.00726
457 0.00726
458 0.00726
459 0.00726
460 0.00726
461 0.00726
462 0.00726
463 0.00726
464 0.00726
465 0.00726
466 0.00726
467 0.00726
468 0.00726
469 0.00726
470 0.00726
471 0.00726
472 0.00726
473 0.00726
474 0.00726
475 0.00726
476 0.00605
477 0.00605
478 0.00726
479 0.00726
480 0.00726
481 0.00726
482 0.00726
483 0.00726
484 0.00726
485 0.00726
486 0.00726
487 0.00726
488 0.00726
489 0.00726
490 0.00726
491 0.00726
492 0.00726
493 0.00726
494 0.00726
495 0.00726
496 0.00726
497 0.00726
498 0.00726
499 0.00726
500 0.00726
501 0.00726
502 0.00726
503 0.00726
504 0.00726
505 0.00726
506 0.00726
507 0.46948
508 0.27709
509 0.17787
510 0.11253
511 0.09438
512 0.07502
513 0.07502
514 0.07381
515 0.07986
516 0.08954
517 0.09196
518 0.08954
519 0.08712
520 0.07744
521 0.08349
522 0.08228
523 -0.38236
524 -0.14883
525 -0.05929
526 0.00242
527 -0.03751
528 -0.02662
529 -0.01815
530 -0.0242
531 -0.03146
532 -0.0363
533 -0.03751
534 -0.03388
535 -0.02662
536 -0.02299
537 -0.02178
538 -0.01936
539 -0.01815
540 -0.01573
541 -0.01331
542 -0.0121
543 -0.01089
544 -0.00968
545 -0.00847
546 -0.00726
547 -0.00726
548 -0.00726
549 -0.00605
550 -0.00484
551 -0.00484
552 -0.00484
553 -0.00484
554 -0.00363
555 -0.00363
556 -0.00363
557 -0.00363
558 -0.00363
559 -0.00363
560 -0.00242
561 -0.00363
562 -0.00363
563 -0.00242
564 -0.00242
565 -0.00242
566 -0.00363
567 -0.00242
568 -0.00242
569 -0.00242
570 -0.00242
571 -0.00242
572 -0.00242
573 -0.00242
574 -0.00242
575 -0.00242
576 -0.00242
577 -0.00242
578 -0.00242
579 -0.00242
580 -0.00242
581 -0.00242
582 -0.00242
583 -0.00242
584 -0.00242
585 -0.00242
586 -0.00242
587 -0.00242
588 -0.00242
589 -0.00242
590 -0.00242
591 -0.00242
592 -0.00242
593 -0.00242
594 -0.00242
595 -0.00242
596 -0.00242
597 -0.00242
598 -0.00242
599 -0.00242
600 -0.00242
601 -0.00242
602 -0.00242
603 -0.00242
604 -0.00242
605 -0.00242
606 -0.00242
607 -0.00242
608 -0.00242
609 -0.00242
610 -0.00242
611 -0.00242
612 -0.00242
613 -0.00242
614 -0.00242
615 -0.00242
616 -0.00242
617 -0.00242
618 -0.00242
619 -0.00242
620 -0.00242
621 -0.00242
622 -0.00242
623 -0.00242
624 -0.00242
625 -0.00242
626 -0.00242
627 -0.00242
628 -0.00242
629 -0.00242
630 -0.00242
631 -0.00242
632 -0.00242
633 -0.00242
634 -0.00242
635 -0.00242
636 -0.00363
637 -0.00242
638 -0.00242
639 -0.00242
640 -0.00242
641 -0.00242
642 -0.00363
643 -0.00242
644 -0.00242
645 -0.00242
646 -0.00242
647 -0.00242
648 -0.00242
649 -0.00363
650 -0.00242
651 -0.00242
652 -0.00242
653 -0.00242
654 -0.00242
655 -0.00242
656 -0.00242
657 -0.00242
658 -0.00242
659 -0.00242
660 -0.00242
661 -0.00242
662 -0.00242
663 -0.00242
664 -0.00242
665 -0.00242
666 -0.00242
667 -0.15972
668 -0.29161
669 -0.18997
670 -0.11253
671 -0.0968
672 -0.0726
673 -0.07623
674 -0.07139
675 -0.08591
676 -0.0847
677 -0.09438
678 -0.08349
679 -0.08107
680 -0.08107
681 -0.07865
682 -0.09559
683 0.07381
684 0.16577
685 0.08591
686 0.00484
687 0.03751
688 0.01936
689 0.01694
690 0.01331
691 0.02057
692 0.03388
693 0.03751
694 0.03751
695 0.03509
696 0.02783
697 0.02541
698 0.02299
699 0.02178
700 0.02057
701 0.01936
702 0.01694
703 0.01573
704 0.01452
705 0.01452
706 0.01331
707 0.0121
708 0.01089
709 0.01089
710 0.01089
711 0.00968
712 0.00968
713 0.00847
714 0.00847
715 0.00847
716 0.00847
717 0.00847
718 0.00726
719 0.00847
720 0.00847
721 0.00726
722 0.00726
723 0.00726
724 0.00726
725 0.00726
726 0.00726
727 0.00726
728 0.00726
729 0.00726
730 0.00726
731 0.00726
732 0.00726
733 0.00726
734 0.00726
735 0.00726
736 0.00726
737 0.00726
738 0.00726
739 0.00726
740 0.00726
741 0.00726
742 0.00726
743 0.00726
744 0.00726
745 0.00726
746 0.00726
747 0.00726
748 0.00726
749 0.00726
750 0.00726
751 0.00726
752 0.00726
753 0.00726
754 0.00726
755 0.00726
756 0.00726
757 0.00726
758 0.00726
759 0.00726
760 0.00726
761 0.00726
762 0.00726
763 0.00726
764 0.00726
765 0.00726
766 0.00726
767 0.00726
768 0.00726
769 0.00726
770 0.00726
771 0.00726
772 0.00726
773 0.00726
774 0.00726
775 0.00726
776 0.00726
777 0.00726
778 0.00726
779 0.00726
780 0.00726
781 0.00726
782 0.00726
783 0.00726
784 0.00726
785 0.00726
786 0.00726
787 0.00726
788 0.00726
789 0.00726
790 0.00726
791 0.00726
792 0.00726
793 0.00726
794 0.00726
795 0.00726
796 0.00726
797 0.00726
798 0.00726
799 0.00726
800 0.00726
801 0.00726
802 0.00726
803 0.00726
804 0.00726
805 0.00726
806 0.00726
807 0.00726
808 0.00726
809 0.00726
810 0.00726
811 0.00726
812 0.00726
813 0.00726
814 0.00726
815 0.00726
816 0.00726
817 0.00726
818 0.00726
819 0.00726
820 0.00726
821 0.00726
822 0.00726
823 0.00726
824 0.00726
825 0.00726
826 0.00726
827 0.01815
828 0.32307
829 0.22385
830 0.14036
831 0.10285
832 0.0847
833 0.07381
834 0.07502
835 0.07986
836 0.08591
837 0.09317
838 0.08591
839 0.08954
840 0.07865
841 0.08349
842 0.08107
843 0.08349
844 -0.20691
845 -0.1089
846 -0.0242
847 -0.00121
848 -0.02783
849 -0.02178
850 -0.01936
851 -0.02541
852 -0.03267
853 -0.0363
854 -0.03751
855 -0.03146
856 -0.02541
857 -0.02299
858 -0.02057
859 -0.01815
860 -0.01573
861 -0.01452
862 -0.0121
863 -0.0121
864 -0.01089
865 -0.00847
866 -0.00726
867 -0.00726
868 -0.00726
869 -0.00605
870 -0.00484
871 -0.00484
872 -0.00484
873 -0.00484
874 -0.00484
875 -0.00363
876 -0.00363
877 -0.00363
878 -0.00363
879 -0.00363
880 -0.00363
881 -0.00363
882 -0.00363
883 -0.00363
884 -0.00242
885 -0.00242
886 -0.00242
887 -0.00242
888 -0.00242
889 -0.00242
890 -0.00242
891 -0.00242
892 -0.00242
893 -0.00242
894 -0.00242
895 -0.00242
896 -0.00242
897 -0.00242
898 -0.00242
899 -0.00242
900 -0.00242
901 -0.00242
902 -0.00242
903 -0.00242
904 -0.00242
905 -0.00242
906 -0.00242
907 -0.00242
908 -0.00242
909 -0.00242
910 -0.00242
911 -0.00242
912 -0.00242
913 -0.00242
914 -0.00242
915 -0.00242
916 -0.00242
917 -0.00242
918 -0.00242
919 -0.00242
920 -0.00242
921 -0.00242
922 -0.00242
923 -0.00242
924 -0.00242
925 -0.00242
926 -0.00242
927 -0.00242
928 -0.00242
929 -0.00242
930 -0.00242
931 -0.00242
932 -0.00242
933 -0.00242
934 -0.00242
935 -0.00242
936 -0.00242
937 -0.00242
938 -0.00242
939 -0.00242
940 -0.00242
941 -0.00363
942 -0.00242
943 -0.00242
944 -0.00242
945 -0.00242
946 -0.00242
947 -0.00242
948 -0.00242
949 -0.00242
950 -0.00242
951 -0.00242
952 -0.00242
953 -0.00242
954 -0.00242
