0 88.2905
1 -88.2905
2 0
3 88.2905
4 -88.2905
5 0
6 -88.2905
7 -88.2905
8 -88.2905
9 88.2905
10 0
11 -176.581
12 -176.581
13 0
14 -88.2905
15 0
16 0
17 176.581
18 0
19 -88.2905
20 0
21 -88.2905
22 -88.2905
23 0
24 0
25 88.2905
26 0
27 0
28 264.871
29 176.581
30 88.2905
31 88.2905
32 88.2905
33 0
34 -88.2905
35 0
36 -88.2905
37 176.581
38 88.2905
39 -88.2905
40 0
41 0
42 88.2905
43 -88.2905
44 0
45 -88.2905
46 0
47 176.581
48 88.2905
49 -88.2905
50 0
51 0
52 0
53 88.2905
54 0
55 88.2905
56 -88.2905
57 -88.2905
58 -88.2905
59 0
60 88.2905
61 -88.2905
62 0
63 0
64 88.2905
65 0
66 88.2905
67 0
68 88.2905
69 0
70 0
71 -88.2905
72 0
73 0
74 -176.581
75 88.2905
76 -176.581
77 88.2905
78 -88.2905
79 -176.581
80 0
81 -176.581
82 0
83 88.2905
84 0
85 88.2905
86 0
87 176.581
88 264.871
89 -88.2905
90 -88.2905
91 88.2905
92 176.581
93 0
94 -88.2905
95 88.2905
96 -88.2905
97 0
98 88.2905
99 -88.2905
100 0
101 -88.2905
102 -88.2905
103 -88.2905
104 88.2905
105 88.2905
106 -88.2905
107 88.2905
108 -88.2905
109 0
110 -88.2905
111 0
112 0
113 -88.2905
114 0
115 -88.2905
116 -176.581
117 88.2905
118 88.2905
119 -264.871
120 -88.2905
121 0
122 -88.2905
123 176.581
124 0
125 -176.581
126 0
127 88.2905
128 264.871
129 0
130 0
131 -88.2905
132 -176.581
133 -88.2905
134 0
135 0
136 0
137 0
138 88.2905
139 0
140 0
141 -88.2905
142 -88.2905
143 0
144 0
145 0
146 0
147 0
148 -88.2905
149 -88.2905
150 0
151 88.2905
152 88.2905
153 88.2905
154 0
155 -88.2905
156 176.581
157 -88.2905
158 0
159 -176.581
160 0
161 0
162 88.2905
163 -88.2905
164 -88.2905
165 0
166 0
167 0
168 88.2905
169 88.2905
170 88.2905
171 88.2905
172 -88.2905
173 176.581
174 -176.581
175 -353.162
176 0
177 0
178 0
179 0
180 88.2905
181 0
182 -88.2905
183 0
184 -88.2905
185 0
186 176.581
187 0
188 88.2905
189 88.2905
190 176.581
191 0
192 -88.2905
193 88.2905
194 0
195 88.2905
196 -88.2905
197 0
198 88.2905
199 -176.581
200 0
201 -88.2905
202 176.581
203 353.162
204 0
205 88.2905
206 0
207 0
208 0
209 88.2905
210 -176.581
211 -88.2905
212 -88.2905
213 0
214 0
215 0
216 0
217 176.581
218 0
219 0
220 176.581
221 88.2905
222 176.581
223 -88.2905
224 -88.2905
225 -88.2905
226 88.2905
227 88.2905
228 176.581
229 0
230 0
231 88.2905
232 0
233 88.2905
234 -88.2905
235 88.2905
236 0
237 0
238 0
239 0
240 -88.2905
241 -88.2905
242 176.581
243 0
244 88.2905
245 88.2905
246 264.871
247 -88.2905
248 0
249 88.2905
250 88.2905
251 176.581
252 -88.2905
253 -176.581
254 -88.2905
255 176.581
256 0
257 -88.2905
258 0
259 88.2905
260 0
261 176.581
262 -88.2905
263 0
264 -88.2905
265 176.581
266 88.2905
267 0
268 88.2905
269 88.2905
270 0
271 176.581
272 0
273 0
274 -176.581
275 -264.871
276 0
277 0
278 0
279 -176.581
280 -88.2905
281 176.581
282 -88.2905
283 -88.2905
284 176.581
285 88.2905
286 -88.2905
287 -88.2905
288 0
289 -88.2905
290 -88.2905
291 0
292 -264.871
293 0
294 88.2905
295 0
296 0
297 0
298 -88.2905
299 0
300 0
301 0
302 -264.871
303 88.2905
304 0
305 0
306 -88.2905
307 88.2905
308 -88.2905
309 0
310 0
311 88.2905
312 -88.2905
313 176.581
314 -88.2905
315 -176.581
316 0
317 -88.2905
318 88.2905
319 -88.2905
320 -88.2905
321 -88.2905
322 176.581
323 -88.2905
324 176.581
325 176.581
326 0
327 -88.2905
328 88.2905
329 -176.581
330 0
331 -88.2905
332 176.581
333 0
334 -88.2905
335 0
336 88.2905
337 0
338 -88.2905
339 0
340 0
341 0
342 0
343 0
344 -88.2905
345 0
346 -88.2905
347 0
348 0
349 88.2905
350 -88.2905
351 -88.2905
352 -88.2905
353 88.2905
354 88.2905
355 88.2905
356 0
357 -176.581
358 -176.581
359 -88.2905
360 0
361 88.2905
362 -88.2905
363 0
364 88.2905
365 88.2905
366 88.2905
367 88.2905
368 0
369 -88.2905
370 88.2905
371 -88.2905
372 -88.2905
373 -88.2905
374 88.2905
375 -176.581
376 -88.2905
377 0
378 0
379 0
380 264.871
381 -176.581
382 0
383 -176.581
384 0
385 -88.2905
386 88.2905
387 88.2905
388 -88.2905
389 264.871
390 88.2905
391 176.581
392 88.2905
393 0
394 0
395 0
396 88.2905
397 88.2905
398 0
399 176.581
400 -88.2905
401 -88.2905
402 -176.581
403 0
404 0
405 0
406 0
407 0
408 -88.2905
409 -88.2905
410 88.2905
411 -88.2905
412 0
413 -88.2905
414 88.2905
415 0
416 0
417 88.2905
418 0
419 0
420 88.2905
421 0
422 88.2905
423 0
424 0
425 0
426 -88.2905
427 0
428 -88.2905
429 0
430 -88.2905
431 0
432 -176.581
433 0
434 88.2905
435 0
436 -88.2905
437 -88.2905
438 88.2905
439 0
440 176.581
441 0
442 0
443 0
444 88.2905
445 0
446 0
447 -88.2905
448 0
449 -88.2905
450 0
451 176.581
452 0
453 0
454 176.581
455 88.2905
456 0
457 -88.2905
458 -88.2905
459 88.2905
460 -88.2905
461 -88.2905
462 88.2905
463 -88.2905
464 0
465 0
466 88.2905
467 -88.2905
468 88.2905
469 0
470 88.2905
471 88.2905
472 0
473 -88.2905
474 -176.581
475 88.2905
476 0
477 0
478 88.2905
479 -88.2905
480 88.2905
481 0
482 176.581
483 0
484 88.2905
485 0
486 0
487 0
488 176.581
489 -88.2905
490 -88.2905
491 -88.2905
492 88.2905
493 88.2905
494 88.2905
495 0
496 0
497 88.2905
498 0
499 0
500 -176.581
501 88.2905
502 -176.581
503 176.581
504 0
505 0
506 0
507 -88.2905
508 0
509 176.581
510 88.2905
511 -176.581
512 0
513 176.581
514 0
515 0
516 0
517 88.2905
518 88.2905
519 0
520 0
521 -88.2905
522 -88.2905
523 0
524 88.2905
525 -176.581
526 0
527 88.2905
528 0
529 88.2905
530 -264.871
531 0
532 0
