0 0.00378902
1 0
2 -0.00378902
3 0.00757803
4 0.00757803
5 -0.00378902
6 -0.00378902
7 -0.00378902
8 -0.00378902
9 0
10 0.00757803
11 -0.00378902
12 -0.00378902
13 0.00378902
14 0.00757803
15 0.00757803
16 0
17 -0.00757803
18 -0.00378902
19 0
20 -0.00378902
21 0.00378902
22 -0.00378902
23 -0.00378902
24 -0.00378902
25 0
26 0
27 0
28 0
29 0
30 0
31 0
32 0
33 0
34 -0.00378902
35 0
36 0.00378902
37 0
38 0.00757803
39 -0.00378902
40 0
41 0
42 0
43 0.00378902
44 0.00378902
45 0
46 0.00757803
47 0
48 0.00757803
49 0
50 0.00378902
51 0.00378902
52 0
53 0
54 0
55 0
56 -0.00378902
57 -0.00378902
58 0.00378902
59 0.00378902
60 0.00378902
61 0
62 -0.00757803
63 -0.00757803
64 0.00378902
65 0
66 -0.00378902
67 -0.00378902
68 0
69 -0.00378902
70 -0.00378902
71 0.00378902
72 0
73 -0.00757803
74 0.00378902
75 0
76 0.00378902
77 0.00378902
78 0
79 0
80 0.00378902
81 0
82 -0.00378902
83 0.00378902
84 0
85 -0.00378902
86 0.00378902
87 0
88 0
89 -0.00757803
90 0
91 -0.00378902
92 -0.00378902
93 -0.00378902
94 0.00757803
95 -0.00378902
96 0.00378902
97 0
98 0
99 0.00378902
100 0.00378902
101 0.00378902
102 0
103 0.00378902
104 -0.00757803
105 -0.00378902
106 -0.00378902
107 0
108 0
109 0.00378902
110 0.00378902
111 0
112 0.00378902
113 0.0454682
114 -0.0151561
115 -0.00378902
116 -0.00757803
117 -0.00378902
118 0.00378902
119 0
120 0.00378902
121 -0.00757803
122 0
123 0
124 -0.00757803
125 -0.00378902
126 0
127 0
128 -0.00757803
129 0
130 0
131 -0.00378902
132 -0.00757803
133 -0.00378902
134 0.00378902
135 -0.00378902
136 0
137 -0.00757803
138 0
139 0.00757803
140 -0.00378902
141 0.00378902
142 0.00378902
143 0
144 0
145 0
146 0.00757803
147 0
148 -0.00378902
149 0.00378902
150 -0.00378902
151 0.00378902
152 -0.00757803
153 0
154 -0.00378902
155 0.00757803
156 0
157 0
158 0
159 -0.00378902
160 0
161 -0.00378902
162 0
163 -0.00378902
164 -0.00757803
165 0.00378902
166 0.00378902
167 0
168 0.00378902
169 -0.00378902
170 0.00378902
171 0.00378902
172 0
173 0.00378902
174 -0.00757803
175 0.00757803
176 -0.00378902
177 0.00378902
178 0
179 -0.00378902
180 -0.011367
181 0.00378902
182 -0.00378902
183 0
184 -0.0530462
185 0
186 0.00378902
187 0.00757803
188 -0.00378902
189 -0.00378902
190 0.00378902
191 -0.00378902
192 0.00378902
193 0
194 -0.00378902
195 -0.00378902
196 -0.00378902
197 0
198 0
199 0
200 0
201 0.00757803
202 0.00378902
203 0
204 -0.00378902
205 0
206 0
207 0
208 0.00378902
209 -0.00378902
210 0
211 0.00378902
212 0.00757803
213 0
214 0
215 0.00757803
216 0.00757803
217 0
218 0
219 0.00378902
220 0.00757803
221 0
222 0.00378902
223 0
224 0
225 0.00757803
226 -0.00757803
227 -0.00378902
228 0
229 -0.00378902
230 0.00378902
231 0
232 0
233 -0.00757803
234 0.00378902
235 0.00378902
236 -0.00378902
237 -0.00378902
238 -0.00757803
239 -0.00378902
240 0.00378902
241 -0.00378902
242 0.00378902
243 -0.00378902
244 0
245 -0.00378902
246 -0.00378902
247 0.00378902
248 -0.00757803
249 -0.00378902
250 0
251 0.00378902
252 0.00757803
253 0
254 0
255 0
256 0.00378902
257 0
258 0.00378902
259 0
260 0.00378902
261 0.00378902
262 0.00378902
263 0.00378902
264 0
265 -0.00378902
266 0.00757803
267 0
268 0
269 0.00378902
270 0
271 -0.00378902
272 0
273 -0.00378902
274 0.00378902
275 0
276 0
277 -0.00378902
278 -0.00378902
279 0.00757803
280 0.00378902
281 0.00378902
282 0
283 -0.00378902
284 0.00378902
285 0
286 0.00378902
287 0.00378902
288 -0.00378902
289 0
290 0
291 0.00378902
292 0.00378902
293 0.00378902
294 0.00378902
295 0.00757803
296 -0.00378902
297 -0.00378902
298 0.00378902
299 -0.00378902
300 0
301 0.00378902
302 0
303 -0.00757803
304 -0.00757803
305 0
306 -0.00378902
307 -0.00378902
308 0.00378902
309 0
310 0.00378902
311 -0.00378902
312 -0.00378902
313 -0.00378902
314 -0.00378902
315 0.00378902
316 0.00378902
317 -0.00378902
318 0
319 0
320 0
321 0.00757803
322 -0.00378902
323 0
324 -0.00378902
325 -0.00378902
326 0
327 0
328 -0.00757803
329 0
330 -0.00378902
331 0
332 0
333 0.00378902
334 0
335 0
336 0.00378902
337 -0.00757803
338 0.00378902
339 -0.00378902
340 0
341 0
342 -0.011367
343 0
344 0.00757803
345 -0.00378902
346 0
347 0
348 -0.00757803
349 0.00378902
350 0
351 0
352 0.00757803
353 0
354 -0.00378902
355 0.00378902
356 0
357 0
358 0.00757803
359 -0.00378902
360 0.00378902
361 0.00378902
362 -0.00378902
363 -0.00378902
364 0
365 0.00378902
366 -0.00378902
367 0.00378902
368 0
369 0.00378902
370 -0.00378902
371 -0.00378902
372 0
373 0.00757803
374 0.00378902
375 0.00378902
376 -0.00378902
377 0.00378902
378 -0.00378902
379 0
380 0
381 0
382 -0.00378902
383 -0.00378902
384 0.00378902
385 0.00378902
386 0
387 0
388 0
389 0.00378902
390 0
391 -0.00378902
392 0
393 0
394 0
395 -0.00378902
396 0.00757803
397 -0.00757803
398 -0.00378902
399 -0.00378902
400 0.00378902
401 -0.00378902
402 0
403 0.00378902
404 0.00378902
405 0.00378902
406 0.00378902
407 -0.00378902
408 -0.00757803
409 -0.00378902
410 0
411 0
412 -0.00378902
413 0.00757803
414 0.00378902
415 -0.00378902
416 -0.00378902
417 -0.00378902
418 -0.00378902
419 0
420 0
421 0
422 0
423 0
424 0
425 0
426 0
427 0.00378902
428 0
429 0.00378902
430 -0.00378902
431 0.00378902
432 0.00378902
433 0
434 0.00378902
435 -0.00757803
436 -0.00378902
437 0
438 -0.00378902
439 0
440 0
441 0.00378902
