0 0
1 0
2 88.2905
3 0
4 -176.581
5 -176.581
6 0
7 88.2905
8 88.2905
9 0
10 -88.2905
11 0
12 0
13 0
14 0
15 0
16 0
17 0
18 -88.2905
19 -88.2905
20 -88.2905
21 0
22 0
23 0
24 88.2905
25 0
26 -88.2905
27 88.2905
28 88.2905
29 88.2905
30 88.2905
31 -88.2905
32 -88.2905
33 0
34 88.2905
35 -88.2905
36 0
37 0
38 0
39 0
40 0
41 0
42 0
43 -176.581
44 0
45 176.581
46 88.2905
47 -88.2905
48 88.2905
49 88.2905
50 0
51 176.581
52 -88.2905
53 0
54 88.2905
55 88.2905
56 0
57 0
58 0
59 0
60 -88.2905
61 0
62 -176.581
63 88.2905
64 0
65 -88.2905
66 88.2905
67 -176.581
68 88.2905
69 0
70 -88.2905
71 0
72 88.2905
73 0
74 0
75 -88.2905
76 88.2905
77 0
78 88.2905
79 176.581
80 0
81 264.871
82 0
83 0
84 0
85 0
86 -88.2905
87 -88.2905
88 176.581
89 -88.2905
90 -88.2905
91 0
92 176.581
93 0
94 88.2905
95 88.2905
96 88.2905
97 0
98 0
99 0
100 -88.2905
101 -176.581
102 88.2905
103 0
104 -264.871
105 88.2905
106 -88.2905
107 88.2905
108 88.2905
109 0
110 0
111 88.2905
112 0
113 0
114 0
115 -88.2905
116 -176.581
117 -88.2905
118 -88.2905
119 -88.2905
120 0
121 88.2905
122 0
123 0
124 176.581
125 0
126 0
127 0
128 88.2905
129 0
130 0
131 88.2905
132 -88.2905
133 0
134 -88.2905
135 88.2905
136 88.2905
137 88.2905
138 -88.2905
139 0
140 -176.581
141 0
142 88.2905
143 88.2905
144 0
145 176.581
146 0
147 0
148 -176.581
149 -88.2905
150 0
151 0
152 -176.581
153 88.2905
154 -176.581
155 -88.2905
156 0
157 -88.2905
158 -88.2905
159 88.2905
160 0
161 -176.581
162 0
163 0
164 88.2905
165 0
166 -176.581
167 88.2905
168 88.2905
169 -88.2905
170 0
171 -88.2905
172 88.2905
173 -176.581
174 88.2905
175 88.2905
176 -88.2905
177 -88.2905
178 0
179 -88.2905
180 -88.2905
181 0
182 88.2905
183 -88.2905
184 0
185 88.2905
186 -88.2905
187 0
188 88.2905
189 0
190 0
191 88.2905
192 88.2905
193 -88.2905
194 -88.2905
195 -176.581
196 0
197 0
198 88.2905
199 -88.2905
200 0
201 0
202 88.2905
203 88.2905
204 176.581
205 176.581
206 0
207 -88.2905
208 0
209 0
210 88.2905
211 88.2905
212 176.581
213 -88.2905
214 -88.2905
215 -176.581
216 88.2905
217 0
218 88.2905
219 0
220 88.2905
221 0
222 -88.2905
223 -88.2905
224 -88.2905
225 0
226 88.2905
227 0
228 -88.2905
229 0
230 0
231 88.2905
232 0
233 0
234 0
235 0
236 88.2905
237 88.2905
238 176.581
239 -88.2905
240 0
241 88.2905
242 0
243 88.2905
244 88.2905
245 0
246 0
247 0
248 0
249 -88.2905
250 -176.581
251 176.581
252 176.581
253 -88.2905
254 88.2905
255 88.2905
256 -88.2905
257 0
258 88.2905
259 88.2905
260 0
261 0
262 0
263 0
264 0
265 176.581
266 88.2905
267 -88.2905
268 -88.2905
269 0
270 0
271 0
272 0
273 -176.581
274 176.581
275 -176.581
276 0
277 176.581
278 0
279 -176.581
280 -88.2905
281 -88.2905
282 -88.2905
283 0
284 88.2905
285 -88.2905
286 -88.2905
287 0
288 0
289 -264.871
290 -88.2905
291 -176.581
292 0
293 88.2905
294 0
295 0
296 88.2905
297 88.2905
298 0
299 -176.581
300 88.2905
301 0
302 -88.2905
303 0
304 -88.2905
305 -88.2905
306 88.2905
307 -176.581
308 -88.2905
309 0
310 0
311 0
312 0
313 -88.2905
314 0
315 -88.2905
316 -176.581
317 -88.2905
318 0
319 88.2905
320 -88.2905
321 0
322 88.2905
323 0
324 -88.2905
325 0
326 -176.581
327 -88.2905
328 -88.2905
329 -88.2905
330 -176.581
331 0
332 0
333 0
