0 0
1 0
2 0
3 0
4 0
5 0
6 0
7 0
8 0
9 0
10 0
11 0
12 0
13 0
14 0
15 0
16 0
17 0
18 0
19 0
20 0
21 0
22 0
23 0
24 0
25 0
26 0
27 0
28 0
29 0
30 0
31 0
32 0
33 0
34 0
35 0
36 0
37 0
38 0
39 0
40 0
41 0
42 0
43 0
44 0
45 0
46 0
47 0
48 0
49 0
50 0
51 0
52 0
53 0
54 0
55 0
56 0
57 0
58 0
59 0
60 0
61 0
62 0
63 0
64 0
65 0
66 0
67 0
68 0
69 0
70 0
71 0
72 0
73 0
74 0
75 0
76 0
77 0
78 0
79 0
80 0
81 0
82 0
83 0
84 0
85 0
86 0
87 0
88 0
89 0
90 0
91 0
92 0
93 0
94 0
95 0
96 0
97 0
98 0
99 0
100 0
101 0
102 0
103 0
104 0
105 0
106 0
107 0
108 0
109 0
110 0
111 0
112 0
113 0
114 -0.00121
115 -0.00121
116 -0.00121
117 -0.00121
118 -0.00121
119 -0.00121
120 -0.00121
121 -0.00121
122 -0.00121
123 -0.00121
124 -0.00121
125 -0.00121
126 -0.00121
127 -0.00121
128 -0.00121
129 -0.00121
130 -0.00121
131 -0.00121
132 -0.00121
133 -0.00121
134 -0.00121
135 -0.00121
136 -0.00121
137 -0.00121
138 -0.00121
139 -0.00121
140 -0.00121
141 -0.00121
142 -0.00121
143 -0.00121
144 -0.00121
145 -0.00121
146 -0.00121
147 -0.00121
148 -0.00121
149 -0.00121
150 -0.00121
151 -0.00121
152 -0.00242
153 -0.00121
154 -0.00121
155 -0.00121
156 -0.00242
157 -0.00121
158 -0.00121
159 -0.00242
160 -0.00121
161 -0.00121
162 -0.00121
163 -0.00242
164 -0.00242
165 -0.00242
166 -0.00121
167 -0.00242
168 -0.00121
169 -0.00121
170 -0.00242
171 -0.00242
172 -0.00242
173 -0.00121
174 -0.00121
175 -0.00121
176 -0.00242
177 -0.00242
178 -0.00242
179 -0.00242
180 -0.00242
181 -0.00242
182 -0.00121
183 -0.00242
184 -0.00242
185 -0.00242
186 -0.00242
187 -0.00242
188 -0.00242
189 -0.00242
190 -0.00242
191 -0.00242
192 -0.00242
193 -0.00242
194 -0.00242
195 -0.00242
196 -0.00242
197 -0.00242
198 -0.00121
199 -0.00242
200 -0.00242
201 -0.00242
202 -0.00242
203 -0.00242
204 -0.00242
205 -0.00242
206 -0.00242
207 -0.00242
208 -0.00242
209 -0.00242
210 -0.00121
211 -0.00242
212 -0.00242
213 -0.00242
214 -0.00121
215 -0.00242
216 -0.00242
217 -0.00121
218 -0.00242
219 -0.00242
220 -0.00242
221 -0.00121
222 -0.00121
223 -0.00121
224 -0.00121
225 -0.00121
226 -0.00121
227 -0.00121
228 -0.00121
229 -0.00121
230 -0.00121
231 -0.00121
232 0
233 0
234 0.00363
235 0.0121
236 0.04598
237 0.09196
238 0.13794
239 0.17061
240 0.1936
241 0.15609
242 0.10043
243 0.05929
244 0.02783
245 0
246 -0.01936
247 -0.02057
248 -0.02178
249 -0.02057
250 -0.02178
251 -0.02299
252 -0.0242
253 -0.0242
254 -0.0242
255 -0.0242
256 -0.0242
257 -0.0242
258 -0.02299
259 -0.02178
260 -0.02178
261 -0.02178
262 -0.02541
263 -0.03509
264 -0.06413
265 -0.09438
266 -0.11374
267 -0.12826
268 -0.11979
269 -0.08833
270 -0.05082
271 -0.02783
272 -0.00726
273 0.00847
274 0.01331
275 0.01452
276 0.01573
277 0.01573
278 0.01573
279 0.01573
280 0.01573
281 0.01452
282 0.01452
283 0.01331
284 0.01331
285 0.0121
286 0.0121
287 0.01089
288 0.01089
289 0.01089
290 0.00968
291 0.00968
292 0.00968
293 0.00847
294 0.00847
295 0.00726
296 0.00726
297 0.00726
298 0.00726
299 0.00605
300 0.00605
301 0.00605
302 0.00605
303 0.00605
304 0.00605
305 0.00605
306 0.00484
307 0.00484
308 0.00484
309 0.00484
310 0.00484
311 0.00484
312 0.00484
313 0.00484
314 0.00484
315 0.00484
316 0.00484
317 0.00484
318 0.00484
319 0.00484
320 0.00484
321 0.00484
322 0.00484
323 0.00484
324 0.00484
325 0.00363
326 0.00363
327 0.00484
328 0.00484
329 0.00363
330 0.00484
331 0.00484
332 0.00484
333 0.00363
334 0.00484
335 0.00363
336 0.00363
337 0.00363
338 0.00363
339 0.00484
340 0.00484
341 0.00363
342 0.00363
343 0.00363
344 0.00484
345 0.00363
346 0.00363
347 0.00363
348 0.00484
349 0.00484
350 0.00484
351 0.00363
352 0.00484
353 0.00363
354 0.00484
355 0.00363
356 0.00484
357 0.00363
358 0.00484
359 0.00363
360 0.00363
361 0.00484
362 0.00363
363 0.00484
364 0.00363
365 0.00363
366 0.00484
367 0.00363
368 0.00363
369 0.00484
370 0.00484
371 0.00484
372 0.00484
373 0.00484
374 0.00484
375 0.00484
376 0.00484
377 0.00363
378 0.00484
379 0.00484
380 0.00484
381 0.00484
382 0.00363
383 0.00363
384 0.00363
385 0.00363
386 0.00484
387 0.00484
388 0.00484
389 0.00484
390 0.00363
391 0.00484
392 0.00484
393 0.00363
394 0.00484
395 0.00484
396 0.00484
397 0.00484
398 0.00484
399 0.00484
400 0.00484
401 0.00363
402 0.00484
403 0.00363
404 0.00484
405 0.00484
406 0.00484
407 0.00484
408 0.00363
409 0.00363
410 0.00484
411 0.00484
412 0.00484
413 0.00484
414 0.00484
415 0.00484
416 0.00484
417 0.00484
418 0.00484
419 0.00484
420 0.00484
