0 88.2905
1 0
2 0
3 -176.581
4 -88.2905
5 0
6 88.2905
7 -88.2905
8 -88.2905
9 -88.2905
10 88.2905
11 -88.2905
12 0
13 0
14 176.581
15 0
16 0
17 -176.581
18 0
19 88.2905
20 0
21 88.2905
22 88.2905
23 176.581
24 0
25 0
26 0
27 0
28 88.2905
29 -88.2905
30 88.2905
31 0
32 0
33 0
34 0
35 0
36 88.2905
37 88.2905
38 0
39 0
40 0
41 0
42 0
43 0
44 0
45 88.2905
46 0
47 -88.2905
48 0
49 88.2905
50 -88.2905
51 264.871
52 0
53 -88.2905
54 -88.2905
55 -88.2905
56 88.2905
57 -88.2905
58 0
59 0
60 0
61 0
62 88.2905
63 0
64 -88.2905
65 0
66 0
67 -264.871
68 0
69 0
70 88.2905
71 0
72 0
73 0
74 -88.2905
75 0
76 0
77 0
78 88.2905
79 0
80 88.2905
81 0
82 88.2905
83 88.2905
84 0
85 176.581
86 88.2905
87 88.2905
88 -88.2905
89 88.2905
90 0
91 -176.581
92 0
93 0
94 -88.2905
95 0
96 176.581
97 88.2905
98 -88.2905
99 -88.2905
100 0
101 -88.2905
102 0
103 -88.2905
104 0
105 -88.2905
106 -88.2905
107 0
108 88.2905
109 0
110 441.452
111 -264.871
112 -88.2905
113 0
114 0
115 0
116 0
117 88.2905
118 0
119 -88.2905
120 0
121 0
122 0
123 88.2905
124 0
125 -88.2905
126 -88.2905
127 88.2905
128 0
129 176.581
130 -88.2905
131 88.2905
132 -88.2905
133 0
134 -176.581
135 -88.2905
136 88.2905
137 0
138 88.2905
139 88.2905
140 176.581
141 -88.2905
142 0
143 176.581
144 88.2905
145 0
146 88.2905
147 88.2905
148 88.2905
149 88.2905
150 -88.2905
151 176.581
152 176.581
153 -88.2905
154 -88.2905
155 -88.2905
156 -88.2905
157 88.2905
158 88.2905
159 88.2905
160 -88.2905
161 -88.2905
162 0
163 -88.2905
164 -176.581
165 -88.2905
166 0
167 88.2905
168 -176.581
169 0
170 -88.2905
171 -88.2905
172 88.2905
173 176.581
174 0
175 0
176 176.581
177 -88.2905
178 0
179 176.581
180 88.2905
181 0
182 -88.2905
183 -88.2905
184 0
185 88.2905
186 0
187 0
188 88.2905
189 0
190 0
191 -88.2905
192 0
193 -88.2905
194 0
195 264.871
196 -88.2905
197 88.2905
198 0
199 0
200 88.2905
201 0
202 -176.581
203 88.2905
204 88.2905
205 88.2905
206 88.2905
207 -176.581
208 0
209 88.2905
210 88.2905
211 -88.2905
212 88.2905
213 0
214 0
215 0
216 0
217 -88.2905
218 -176.581
219 -88.2905
220 88.2905
221 0
222 0
223 -88.2905
224 0
225 0
226 -88.2905
227 88.2905
228 0
229 88.2905
230 -88.2905
231 88.2905
232 -88.2905
233 -88.2905
234 88.2905
235 0
236 176.581
237 -88.2905
238 -176.581
239 88.2905
240 -88.2905
241 -88.2905
242 88.2905
243 -88.2905
244 -88.2905
245 88.2905
246 0
247 -176.581
248 0
249 -88.2905
250 -176.581
251 -88.2905
252 -88.2905
253 -176.581
254 -264.871
255 -88.2905
256 -88.2905
257 -176.581
258 88.2905
259 0
260 -264.871
261 -264.871
262 -88.2905
263 -264.871
264 -88.2905
265 264.871
266 353.162
267 618.033
268 882.905
269 1412.65
270 529.743
271 0
272 353.162
273 -264.871
274 -176.581
275 -353.162
276 -353.162
277 -441.452
278 -264.871
279 -264.871
280 -264.871
281 -176.581
282 0
283 0
284 88.2905
285 176.581
286 -88.2905
287 264.871
288 176.581
289 176.581
290 88.2905
291 -88.2905
292 -88.2905
293 88.2905
294 88.2905
295 -88.2905
296 -176.581
297 -264.871
298 0
299 -88.2905
300 -264.871
301 -88.2905
302 -176.581
303 -88.2905
304 -88.2905
305 -176.581
306 -88.2905
307 88.2905
308 -176.581
309 0
310 0
311 88.2905
312 -264.871
313 -176.581
314 0
315 -88.2905
316 -176.581
317 -176.581
318 0
319 -176.581
320 0
321 0
322 88.2905
323 -176.581
324 -176.581
325 0
326 0
327 -176.581
328 264.871
329 -264.871
330 -618.033
331 -1854.1
332 -1500.94
333 -88.2905
334 353.162
335 441.452
336 353.162
337 794.614
338 794.614
339 441.452
340 264.871
341 176.581
342 176.581
343 176.581
344 0
345 264.871
346 -88.2905
347 0
348 0
349 0
350 -176.581
351 0
352 -88.2905
353 0
354 0
355 -88.2905
356 -176.581
357 0
358 0
359 -88.2905
360 -88.2905
361 88.2905
362 0
363 0
364 -264.871
365 0
366 -176.581
367 -264.871
368 -264.871
369 -88.2905
370 -264.871
371 -88.2905
372 -88.2905
373 -176.581
374 -176.581
375 -176.581
376 0
377 264.871
378 0
379 0
380 0
381 0
382 88.2905
383 264.871
384 176.581
385 176.581
386 0
387 176.581
388 -88.2905
389 88.2905
390 -88.2905
391 0
392 176.581
393 176.581
394 1324.36
395 1765.81
396 971.195
397 -264.871
398 -529.743
399 -618.033
400 -971.195
401 -1059.49
402 -706.324
403 -441.452
404 -264.871
405 -176.581
406 -88.2905
407 -88.2905
408 -88.2905
409 -88.2905
410 -176.581
411 -353.162
412 -264.871
413 -971.195
414 -794.614
415 -441.452
416 -88.2905
417 -88.2905
418 0
419 88.2905
420 88.2905
421 264.871
422 176.581
423 264.871
424 441.452
425 353.162
426 264.871
427 441.452
428 264.871
429 353.162
430 264.871
431 971.195
432 1500.94
433 1589.23
434 88.2905
435 -353.162
436 88.2905
437 -706.324
438 -1324.36
439 -971.195
440 -529.743
441 -441.452
442 -176.581
443 -264.871
444 -176.581
445 0
446 264.871
447 353.162
448 353.162
449 264.871
450 88.2905
451 264.871
452 176.581
453 88.2905
454 176.581
455 176.581
456 88.2905
457 -88.2905
458 -264.871
459 -706.324
460 -2295.55
461 -3090.17
462 -1324.36
463 0
464 353.162
465 441.452
466 882.905
467 1147.78
468 794.614
469 353.162
470 353.162
471 353.162
472 529.743
473 529.743
474 1059.49
475 529.743
476 353.162
477 264.871
478 0
479 -264.871
480 -264.871
481 -706.324
482 -1765.81
483 -2648.71
484 -3001.88
485 -1147.78
486 264.871
487 353.162
488 618.033
489 1324.36
490 1147.78
491 794.614
492 353.162
493 264.871
494 88.2905
495 88.2905
496 176.581
497 -264.871
498 88.2905
499 -88.2905
500 -264.871
501 0
502 0
503 -176.581
504 -88.2905
505 -176.581
506 -264.871
507 -264.871
508 -176.581
509 -441.452
510 -176.581
511 -88.2905
512 0
513 -88.2905
514 0
515 88.2905
516 0
517 -88.2905
518 -88.2905
519 0
520 88.2905
521 -88.2905
522 264.871
523 0
524 0
525 -88.2905
526 -88.2905
527 -176.581
528 -88.2905
529 -176.581
530 -176.581
531 0
532 0
533 -88.2905
534 -88.2905
535 88.2905
536 0
537 0
538 0
539 -176.581
540 0
541 -88.2905
542 -353.162
543 -264.871
544 -88.2905
545 0
546 -88.2905
547 0
548 176.581
549 0
550 -176.581
551 0
552 0
553 -88.2905
554 88.2905
555 88.2905
556 0
557 0
558 88.2905
559 264.871
560 264.871
561 1412.65
562 1677.52
563 529.743
564 0
565 0
566 -176.581
567 -441.452
568 -706.324
569 -1147.78
570 -1236.07
571 -618.033
572 -353.162
573 -176.581
574 -353.162
575 -88.2905
576 0
577 -88.2905
578 -88.2905
579 176.581
580 0
581 0
582 -176.581
583 0
584 -88.2905
585 88.2905
586 0
587 -176.581
588 88.2905
589 0
590 -176.581
591 0
592 0
593 0
594 264.871
595 0
596 176.581
597 0
598 88.2905
599 0
600 -88.2905
601 0
602 88.2905
603 0
604 0
605 -176.581
606 88.2905
607 -88.2905
608 88.2905
609 88.2905
610 0
611 0
612 -176.581
613 -176.581
614 0
615 -176.581
616 176.581
617 0
618 88.2905
619 0
620 88.2905
621 176.581
622 -88.2905
623 -88.2905
624 0
625 88.2905
626 -88.2905
627 -88.2905
628 -88.2905
629 176.581
630 -88.2905
631 0
632 -88.2905
633 -176.581
634 0
635 88.2905
636 0
637 -88.2905
638 0
639 0
640 -176.581
641 -88.2905
642 0
643 88.2905
644 0
645 -88.2905
646 0
647 88.2905
648 -88.2905
649 264.871
650 -88.2905
651 0
652 0
653 -88.2905
654 0
655 0
656 0
657 0
658 0
659 -88.2905
660 -88.2905
661 88.2905
662 0
663 0
664 88.2905
665 264.871
666 -88.2905
667 0
668 0
669 -176.581
670 -264.871
671 0
672 88.2905
673 0
674 88.2905
675 -176.581
676 -88.2905
677 0
678 -88.2905
679 -176.581
680 -88.2905
681 -88.2905
682 0
683 0
684 -88.2905
685 0
686 -88.2905
687 -88.2905
688 88.2905
689 0
690 88.2905
691 -88.2905
692 0
693 176.581
694 88.2905
695 0
696 0
697 0
698 -88.2905
699 0
700 88.2905
701 0
702 0
703 -88.2905
704 -88.2905
705 0
706 0
707 88.2905
708 -88.2905
709 0
710 0
711 0
712 -176.581
713 -176.581
714 0
715 0
716 0
717 0
718 0
719 -88.2905
720 -88.2905
721 88.2905
722 176.581
723 -88.2905
724 -88.2905
725 0
726 0
727 -88.2905
728 88.2905
729 176.581
730 -88.2905
731 -88.2905
732 88.2905
733 0
734 -88.2905
735 -176.581
736 0
737 -88.2905
738 -88.2905
739 -88.2905
740 0
741 88.2905
742 176.581
743 88.2905
744 176.581
745 0
746 0
747 176.581
748 -176.581
749 0
750 176.581
751 0
752 0
753 0
754 88.2905
755 0
756 88.2905
757 88.2905
758 0
759 0
760 -176.581
761 0
762 0
763 -88.2905
764 0
765 -88.2905
766 0
767 -88.2905
768 88.2905
769 -88.2905
770 -88.2905
771 -176.581
772 88.2905
773 0
774 88.2905
775 0
776 0
777 88.2905
778 88.2905
779 176.581
780 0
781 0
782 0
783 88.2905
784 -88.2905
785 -88.2905
786 0
787 -88.2905
788 0
789 -176.581
790 0
791 0
792 -88.2905
793 88.2905
794 -88.2905
795 -88.2905
796 0
797 88.2905
798 -88.2905
799 -176.581
800 88.2905
801 0
802 0
803 -88.2905
804 0
805 0
806 0
807 -88.2905
808 88.2905
809 88.2905
810 -88.2905
811 0
812 -88.2905
813 0
814 0
815 0
816 0
817 0
818 -88.2905
819 0
820 0
821 0
822 0
823 88.2905
824 88.2905
825 -176.581
826 88.2905
827 176.581
828 88.2905
829 88.2905
830 -88.2905
831 -88.2905
832 -176.581
833 0
