0 -88.7019
1 -88.7019
2 -88.7019
3 -88.7019
4 -88.7019
5 -88.7019
6 -88.7019
7 -88.7019
8 -88.7019
9 -88.7019
10 -88.7019
11 -88.7019
12 -88.7019
13 -88.7019
14 -88.7019
15 -88.7019
16 -88.7019
17 -88.7019
18 -88.7019
19 -88.7019
20 -88.7019
21 -88.7019
22 -88.7019
23 -88.7019
24 -88.7019
25 -88.7019
26 -88.7019
27 -88.7019
28 -88.7019
29 -88.7019
30 -88.7019
31 -88.7019
32 -88.7019
33 -88.7019
34 -88.7019
35 -88.7019
36 -88.7019
37 -88.7019
38 -88.7019
39 -88.7019
40 -88.7019
41 -88.7019
42 -88.7019
43 -88.7019
44 -88.7019
45 -88.7019
46 -88.7019
47 -88.7019
48 -88.7019
49 -88.7019
50 -88.7019
51 -88.7019
52 -88.7019
53 -88.7019
54 -88.7019
55 -88.7019
56 -88.7019
57 -88.7019
58 -88.7019
59 -88.7019
60 -88.7019
61 -88.7019
62 -88.7019
63 -88.7019
64 -88.7019
65 -88.7019
66 -88.7019
67 -88.7019
68 -88.7019
69 -88.7019
70 -88.7019
71 -88.7019
72 -88.7019
73 -88.7019
74 -88.7019
75 -88.7019
76 -88.7019
77 -88.7019
78 -88.7019
79 -88.7019
80 -88.7019
81 -88.7019
82 -88.7019
83 -88.7019
84 -88.7019
85 -88.7019
86 -88.7019
87 -88.7019
88 -88.7019
89 -88.7019
90 -88.7019
91 -88.7019
92 -88.7019
93 -88.7019
94 -88.7019
95 -88.7019
96 -88.7019
97 -88.7019
98 -88.7019
99 -88.7019
100 -88.7019
101 -88.7019
102 -88.7019
103 -88.7019
104 -88.7019
105 -88.7019
106 -88.7019
107 -88.7019
108 -88.7019
109 -88.7019
110 -88.7019
111 -88.7019
112 -88.7019
113 -88.7019
114 -88.7019
115 -88.7019
116 -88.7019
117 -88.7019
118 -88.7019
119 -88.7019
120 -88.7019
121 -88.7019
122 -88.7019
123 -88.7019
124 -88.7019
125 -88.7019
126 -88.7019
127 -88.7019
128 -88.7019
129 -88.7019
130 -88.7019
131 -88.7019
132 -88.7019
133 -88.7019
134 -88.7019
135 -88.7019
136 -88.7019
137 -88.7019
138 -88.7019
139 -88.7019
140 -88.7019
141 -88.7019
142 -88.7019
143 -88.7019
144 -88.7019
145 -88.7019
146 -88.7019
147 -88.7019
148 -88.7019
149 -88.7019
150 -88.7019
151 -88.7019
152 -88.7019
153 -88.7019
154 -88.7019
155 -88.7019
156 -88.7019
157 -88.7019
158 -88.7019
159 -88.7019
160 -88.7019
161 -88.7019
162 -88.7019
163 -88.7019
164 -88.7019
165 -88.7019
166 -88.7019
167 -88.7019
168 -88.7019
169 -88.7019
170 -88.7019
171 -88.7019
172 -88.7019
173 -88.7019
174 -88.7019
175 -88.7019
176 -88.7019
177 -88.7019
178 -88.7019
179 -88.7019
180 -88.7019
181 -88.7019
182 -88.7019
183 -88.7019
184 -88.7019
185 -88.7019
186 -88.7019
187 -88.7019
188 -88.7019
189 -88.7019
190 -88.7019
191 -88.7019
192 -88.7019
193 -88.7019
194 -88.7019
195 -88.7019
196 -88.7019
197 -88.7019
198 -88.7019
199 -88.7019
200 -88.7019
201 -88.7019
202 -88.7019
203 -88.7019
204 -88.7019
205 -88.7019
206 -88.7019
207 -88.7019
208 -88.7019
209 -88.7019
210 -88.7019
211 -88.7019
212 -88.7019
213 -88.7019
214 -88.7019
215 -88.7019
216 -88.7019
217 -88.7019
218 -88.7019
219 -88.7019
220 -88.7019
221 -88.7019
222 -88.7019
223 -88.7019
224 -88.7019
225 -88.7019
226 -88.7019
227 -88.7019
228 -88.7019
229 -88.7019
230 -88.7019
231 -88.7019
232 -88.7019
233 -88.7019
234 -88.7019
235 -88.7019
236 -88.7019
237 -88.7019
238 -88.7019
239 -88.7019
240 -88.7019
241 -88.7019
242 -88.7019
243 -88.7019
244 -88.7019
245 -88.7019
246 -88.7019
247 -88.7019
248 -88.7019
249 -88.7019
250 -88.7019
251 -88.7019
252 -88.7019
253 -88.7019
254 -88.7019
255 -88.7019
256 -88.7019
257 -88.7019
258 -88.7019
259 -88.7019
260 -88.7019
261 -88.7019
262 -88.7019
263 -88.7019
264 -88.7019
265 -88.7019
266 -88.7019
267 -88.7019
268 -88.7019
269 -88.7019
270 -88.7019
271 -88.7019
272 -88.7019
273 -88.7019
274 -88.7019
275 -88.7019
276 -88.7019
277 -88.7019
278 -88.7019
279 -88.7019
280 -88.7019
281 -88.7019
282 -88.7019
283 -88.7019
284 -88.7019
285 -88.7019
286 -88.7019
287 -88.7019
288 -88.7019
289 -88.7019
290 -88.7019
291 -88.7019
292 -88.7019
293 -88.7019
294 -88.7019
295 -88.7019
296 -88.7019
297 -88.7019
298 -88.7019
299 -88.7019
300 -88.7019
301 -88.7019
302 -88.7019
303 -88.7019
304 -88.7019
305 -88.7019
306 -88.7019
307 -88.7019
308 -88.7019
309 -88.7019
310 -88.7019
311 -88.7019
312 -88.6459
313 -88.3738
314 -87.9355
315 -87.4462
316 -86.9464
317 -86.4324
318 -85.95
319 -85.4508
320 -84.9362
321 -84.4181
322 -83.9218
323 -83.4359
324 -82.8977
325 -82.434
326 -81.9357
327 -81.438
328 -80.9078
329 -80.3799
330 -79.9558
331 -79.46
332 -78.9498
333 -78.418
334 -77.9079
335 -77.46
336 -76.8741
337 -76.428
338 -75.9159
339 -75.432
340 -74.9081
341 -74.3799
342 -73.9479
343 -73.45
344 -72.9221
345 -72.392
346 -71.9202
347 -71.408
348 -70.8962
349 -70.4441
350 -69.9482
351 -69.4681
352 -68.9062
353 -68.4461
354 -67.9502
355 -67.4501
356 -66.9103
357 -66.4621
358 -65.9662
359 -65.4461
360 -64.9343
361 -64.4221
362 -63.9543
363 -63.4581
364 -62.9303
365 -62.4802
366 -61.9142
367 -61.4342
368 -60.9183
369 -60.3964
370 -59.9322
371 -59.4084
372 -58.9804
373 -58.4363
374 -57.9363
375 -57.4503
376 -56.9544
377 -56.4265
378 -55.9463
379 -55.4365
380 -54.9063
381 -54.4045
382 -53.9543
383 -53.4704
384 -52.9263
385 -52.4186
386 -51.9044
387 -51.4386
388 -50.8904
389 -50.4586
390 -49.9784
391 -49.4846
392 -48.9404
393 -48.4126
394 -47.9245
395 -47.4125
396 -46.9524
397 -46.4326
398 -45.9265
399 -45.4467
400 -44.9206
401 -44.4025
402 -43.9087
403 -43.4406
404 -42.8987
405 -42.4186
406 -41.9047
407 -41.4406
408 -40.9128
409 -40.4005
410 -39.9127
411 -39.4486
412 -38.9047
413 -38.3946
414 -37.9148
415 -37.4345
416 -36.9208
417 -36.4007
418 -35.9228
419 -35.4206
420 -34.8987
421 -34.4326
422 -33.9248
423 -33.4466
424 -32.8907
425 -32.4587
426 -31.9649
427 -31.4967
428 -30.9369
429 -30.4049
430 -29.9308
431 -29.4468
432 -28.9008
433 -28.4708
434 -27.9589
435 -27.405
436 -26.9689
437 -26.4569
438 -25.9448
439 -25.441
440 -24.9289
441 -24.401
442 -23.9368
443 -23.459
444 -22.9009
445 -22.3669
446 -21.9709
447 -21.397
448 -20.963
449 -20.4291
450 -19.9309
451 -19.4371
452 -18.921
453 -18.3769
454 -17.945
455 -17.4592
456 -16.931
457 -16.4211
458 -15.9111
459 -15.4291
460 -14.9351
461 -14.419
462 -13.9112
463 -13.417
464 -12.9352
465 -12.4632
466 -11.983
467 -11.4231
468 -10.8993
469 -10.4291
470 -9.92128
471 -9.41112
472 -8.97915
473 -8.43506
474 -7.96926
475 -7.4752
476 -6.94939
477 -6.44914
478 -5.95333
479 -5.41124
480 -4.89331
481 -4.43314
482 -3.92132
483 -3.42324
484 -2.92935
485 -2.40141
486 -1.92133
487 -1.44725
488 -0.903342
489 -0.375485
490 0.0425807
491 0.568561
492 1.06464
493 1.57853
494 2.09864
495 2.57847
496 3.12468
497 3.58443
498 4.04858
499 4.56039
500 5.09664
501 5.60853
502 6.03852
503 6.55039
504 7.08065
505 7.59447
506 8.10452
507 8.53435
508 9.04654
509 9.54437
510 10.0505
511 10.5463
512 11.0905
513 11.5644
514 12.0764
515 12.5584
516 13.1003
517 13.5323
518 14.1243
519 14.5443
520 15.1022
521 15.5283
522 16.0762
523 16.5844
524 17.1042
525 17.5403
526 18.0882
527 18.5704
528 19.0802
529 19.5443
530 20.0462
531 20.5604
532 21.0702
533 21.6143
534 22.0781
535 22.5604
536 23.1002
537 23.5663
538 24.0641
539 24.5483
540 25.0601
541 25.5902
542 26.026
543 26.5082
544 27.0501
545 27.5662
546 28.0902
547 28.5921
548 29.0861
549 29.5326
550 29.8111
551 29.595
552 29.2451
553 28.722
554 28.2153
555 27.6996
556 27.1957
557 26.6315
558 26.2348
559 25.6742
560 25.2262
561 24.6959
562 24.216
563 23.7198
564 23.1839
565 22.6719
566 22.1939
567 21.6639
568 21.1758
569 20.7139
570 20.1838
571 19.676
572 19.1319
573 18.6999
574 18.1918
575 17.682
576 17.1998
577 16.6739
578 16.1778
579 15.682
580 15.1619
581 14.682
582 14.2017
583 13.704
584 13.1799
585 12.6358
586 12.154
587 11.686
588 11.158
589 10.726
590 10.152
591 9.6719
592 9.23982
593 8.72395
594 8.19592
595 7.69997
596 7.19597
597 6.71592
598 6.20389
599 5.72195
600 5.19601
601 4.66772
602 4.186
603 3.71594
604 3.20401
605 2.67574
606 2.16602
607 1.71781
608 1.15993
609 0.669755
610 0.272684
611 0.0659196
612 -0.00501003
613 -0.0117384
614 -0.0108468
615 -0.00843672
616 -0.00501334
617 -0.00271483
618 -0.00154118
619 -0.000740042
620 -0.000411819
621 -0.000184715
622 -6.20451e-05
623 1.3972e-05
624 6.13347e-05
625 8.52529e-05
626 9.85144e-05
627 0.000104435
628 0.000106803
629 0.000105382
630 0.000105619
631 0.000102067
632 0.000122196
633 0.132177
634 0.474662
635 0.91346
636 1.43886
637 1.97138
638 2.47682
639 2.94838
640 3.48952
641 3.99374
642 4.45801
643 4.95392
644 5.46621
645 5.94602
646 6.45222
647 6.93603
648 7.45022
649 7.91414
650 8.42614
651 8.92001
652 9.46427
653 9.97807
654 10.4821
655 10.96
656 11.5041
657 11.95
658 12.4941
659 12.91
660 13.4483
661 13.9581
662 14.486
663 14.9861
664 15.4063
665 15.9661
666 16.4501
667 16.9761
668 17.474
669 18.0002
670 18.49
671 18.922
672 19.464
673 19.9762
674 20.456
675 20.9682
676 21.45
677 21.9722
678 22.452
679 22.9381
680 23.4901
681 23.9302
682 24.4001
683 24.9762
684 25.4741
685 25.9221
686 26.446
687 26.9422
688 27.4861
689 27.9222
690 28.4741
691 28.9561
692 29.4899
693 29.8146
694 29.9721
695 30.0092
696 30.0117
697 30.0104
698 30.0073
699 30.0043
700 30.0025
701 30.0014
702 30.0007
703 30.0003
704 30.0001
705 30
706 29.9999
707 29.9999
708 29.9999
709 29.9999
710 29.9999
711 29.9999
712 29.9999
713 29.9999
714 29.9999
715 29.9999
716 29.9999
717 29.9999
718 29.9999
719 29.9999
720 29.9999
721 29.9999
722 29.9999
723 29.9999
724 29.9999
725 29.9999
726 29.9999
727 29.9999
728 29.9999
729 29.9999
730 29.9999
731 29.9999
732 30
733 30
734 30
735 30
736 30
737 30
738 30
739 30
740 30
741 30
742 30
743 30
744 30
745 30
746 30
747 30
748 30
749 30
750 30
751 30
752 30
753 30
754 30
755 30
756 30
757 30
758 30
759 30
760 30
761 30
762 30
763 30
764 30
765 30
766 30
767 30
768 30
769 30
770 30
771 30
772 30
773 30
774 30
775 30
776 30
777 30
778 30
779 30
780 30
781 30
782 30
783 30
784 30
785 30
786 30
787 30
788 30
789 30
790 30
791 30
792 30
793 29.9408
794 29.6551
795 29.2235
796 28.7359
797 28.188
798 27.7344
799 27.2122
800 26.7188
801 26.1863
802 25.758
803 25.2621
804 24.7198
805 24.214
806 23.7338
807 23.204
808 22.7278
809 22.1999
810 21.7158
811 21.2421
812 20.7299
813 20.2179
814 19.7319
815 19.2119
816 18.7159
817 18.1698
818 17.7219
819 17.256
820 16.7299
821 16.2198
822 15.724
823 15.2118
824 14.688
825 14.2559
826 13.69
827 13.2118
828 12.684
829 12.1878
830 11.6779
831 11.1799
832 10.7619
833 10.2478
834 9.73204
835 9.20195
836 8.70593
837 8.26179
838 7.73402
839 7.2219
840 6.70994
841 6.21385
842 5.66976
843 5.19803
844 4.66975
845 4.23783
846 3.72395
847 3.22994
848 2.7018
849 2.15601
850 1.75796
851 1.17198
852 0.755913
853 0.272667
854 0.0610114
855 -0.00250525
856 -0.0117713
857 -0.0107838
858 -0.00800643
859 -0.00498185
860 -0.00295851
861 -0.0015625
862 -0.000805876
863 -0.000384822
864 -0.000195371
865 -6.25188e-05
866 1.37352e-05
867 6.03874e-05
868 8.78578e-05
869 0.000100883
870 0.000104672
871 0.000108697
872 0.000108461
873 0.000107987
874 0.000105145
875 9.96985e-05
876 9.68567e-05
877 9.44886e-05
878 8.92787e-05
879 8.52529e-05
880 8.1227e-05
881 7.83853e-05
882 7.38858e-05
883 6.89127e-05
884 6.46501e-05
885 6.20451e-05
886 5.82561e-05
887 5.42303e-05
888 5.06781e-05
889 4.80731e-05
890 4.42841e-05
891 4.12056e-05
892 3.86006e-05
893 3.50484e-05
894 3.33907e-05
895 3.10226e-05
896 2.91281e-05
897 2.7944e-05
898 2.51022e-05
899 2.32077e-05
900 1.96555e-05
901 1.94187e-05
902 1.89451e-05
903 1.56297e-05
904 1.34984e-05
905 1.16039e-05
906 1.0183e-05
907 1.06566e-05
908 8.05166e-06
909 6.39396e-06
910 6.39396e-06
911 6.86759e-06
912 5.2099e-06
913 5.2099e-06
914 4.97308e-06
915 3.07858e-06
916 3.31539e-06
917 2.60495e-06
918 1.42088e-06
919 7.10441e-07
920 7.10441e-07
921 4.73627e-07
922 -9.47254e-07
923 4.73627e-07
924 -1.18407e-06
925 -2.36814e-07
926 2.36814e-07
927 -2.36814e-07
928 -1.18407e-06
929 0
930 -1.18407e-06
931 -1.18407e-06
932 -1.89451e-06
933 -1.89451e-06
934 -2.36814e-06
935 -2.84176e-06
936 -1.65769e-06
937 -2.60495e-06
938 -3.31539e-06
939 -2.60495e-06
940 -2.84176e-06
941 -3.31539e-06
942 -4.26264e-06
943 -3.31539e-06
944 -3.07858e-06
945 -4.49946e-06
946 -3.78902e-06
947 -4.02583e-06
948 -4.02583e-06
949 -4.26264e-06
950 -4.02583e-06
951 -3.31539e-06
952 -3.07858e-06
953 0.00716858
954 0.250075
955 0.66026
956 1.15993
957 1.62636
958 2.12867
959 2.60721
960 3.15888
961 3.58939
962 4.14782
963 4.64807
964 5.17393
965 5.59605
966 6.15597
967 6.6682
968 7.11018
969 7.63418
970 8.14594
971 8.61215
972 9.14598
973 9.6742
974 10.0902
975 10.6802
976 11.142
977 11.6861
978 12.104
979 12.6502
980 13.1841
981 13.6082
982 14.136
983 14.6322
984 15.1801
985 15.6959
986 16.112
987 16.6441
988 17.1661
989 17.5982
990 18.1461
991 18.6381
992 19.1702
993 19.6341
994 20.1421
995 20.65
996 21.1782
997 21.638
998 22.1341
999 22.63
1000 23.1301
1001 23.658
1002 24.1862
1003 24.62
1004 25.1281
1005 25.64
1006 26.1382
1007 26.67
1008 27.1841
1009 27.632
1010 28.1342
1011 28.6461
1012 29.1421
1013 29.5966
1014 29.9074
1015 29.9933
1016 30.0119
1017 30.0114
1018 30.0097
1019 30.0059
1020 30.0037
1021 30.0019
1022 30.001
1023 30.0004
1024 30.0002
1025 30.0001
1026 30
1027 29.9999
1028 29.9999
1029 29.9999
1030 29.9999
1031 29.9999
1032 29.9999
1033 29.9999
1034 29.9999
1035 29.9999
1036 29.9999
1037 29.9999
1038 29.9999
1039 29.9999
1040 29.9999
1041 29.9999
1042 29.9999
1043 29.9999
1044 29.9999
1045 29.9999
1046 29.9999
1047 29.9999
1048 29.9999
1049 29.9999
1050 29.9999
1051 29.9999
1052 29.9999
1053 30
1054 30
1055 30
1056 30
1057 30
1058 30
1059 30
1060 30
1061 30
1062 30
1063 30
1064 30
1065 30
1066 30
1067 30
1068 30
1069 30
1070 30
1071 30
1072 30
1073 30
1074 30
1075 30
1076 30
1077 30
1078 30
1079 30
1080 30
1081 30
1082 30
1083 30
1084 30
1085 30
1086 30
1087 30
1088 30
1089 30
1090 30
1091 30
1092 30
1093 30
1094 30
1095 30
1096 30
1097 30
1098 30
1099 30
1100 30
1101 30
1102 30
1103 30
1104 30
1105 30
1106 30
1107 30
1108 30
1109 30
1110 30
1111 30
1112 30
1113 29.9997
1114 29.8327
1115 29.4722
1116 28.9612
1117 28.5187
1118 28.0206
1119 27.5292
1120 26.9835
1121 26.4864
1122 25.9481
1123 25.4521
1124 24.9498
1125 24.5258
1126 24.032
1127 23.5198
1128 22.9899
1129 22.45
1130 22.02
1131 21.474
1132 20.9838
1133 20.468
1134 19.9898
1135 19.5119
1136 19.0159
1137 18.46
1138 17.9777
1139 17.476
1140 16.9559
1141 16.5219
1142 16.0138
1143 15.486
1144 14.9399
1145 14.492
1146 14.0077
1147 13.4499
1148 12.932
1149 12.51
1150 11.9958
1151 11.49
1152 10.9619
1153 10.4679
1154 9.94202
1155 9.46187
1156 9.01788
1157 8.48592
1158 7.98993
1159 7.47994
1160 6.98196
1161 6.44774
1162 5.984
1163 5.48586
1164 4.95803
1165 4.43186
1166 4.03189
1167 3.47382
1168 2.96204
1169 2.51582
1170 1.95196
1171 1.47387
1172 1.02596
1173 0.510133
1174 0.143504
1175 0.0194514
1176 -0.0104274
1177 -0.011731
1178 -0.0100302
1179 -0.0067004
1180 -0.00378594
1181 -0.00222913
1182 -0.00114689
1183 -0.000598901
1184 -0.00029578
1185 -0.000119117
1186 -1.94187e-05
1187 3.78902e-05
1188 7.19913e-05
1189 8.80946e-05
1190 0.000100172
1191 0.000105382
1192 0.000106329
1193 0.000106329
1194 0.000104435
1195 0.000100883
1196 9.89881e-05
1197 9.59095e-05
1198 9.35413e-05
1199 8.7621e-05
1200 8.3832e-05
1201 8.05166e-05
1202 7.57803e-05
1203 7.12809e-05
1204 6.79655e-05
1205 6.41765e-05
1206 6.10979e-05
1207 5.77825e-05
1208 5.28094e-05
1209 5.04413e-05
1210 4.71259e-05
1211 4.38105e-05
1212 4.07319e-05
1213 3.76533e-05
1214 3.57588e-05
1215 3.29171e-05
1216 3.05489e-05
1217 2.91281e-05
1218 2.84176e-05
1219 2.43918e-05
1220 2.22605e-05
1221 2.17868e-05
1222 2.0366e-05
1223 1.65769e-05
1224 1.51561e-05
1225 1.27879e-05
1226 1.27879e-05
1227 1.11302e-05
1228 1.1367e-05
1229 1.0183e-05
1230 9.47254e-06
1231 8.7621e-06
1232 8.05166e-06
1233 6.15715e-06
1234 5.68352e-06
1235 6.15715e-06
1236 4.26264e-06
1237 3.78902e-06
1238 4.26264e-06
1239 3.07858e-06
1240 2.84176e-06
1241 1.42088e-06
1242 1.42088e-06
1243 1.42088e-06
1244 1.18407e-06
1245 1.65769e-06
1246 7.10441e-07
1247 4.73627e-07
1248 -2.36814e-07
1249 2.36814e-07
1250 -7.10441e-07
1251 -1.42088e-06
1252 2.36814e-07
1253 -1.18407e-06
1254 -1.89451e-06
1255 -9.47254e-07
1256 -1.42088e-06
1257 -2.60495e-06
1258 -2.13132e-06
1259 -2.36814e-06
1260 -1.89451e-06
1261 -3.07858e-06
1262 -3.07858e-06
1263 -2.36814e-06
1264 -3.5522e-06
1265 -3.07858e-06
1266 -4.02583e-06
1267 -4.02583e-06
1268 -3.78902e-06
1269 -3.31539e-06
1270 -3.78902e-06
1271 -2.60495e-06
1272 -4.02583e-06
1273 0
1274 0.0777793
1275 0.393014
1276 0.854645
1277 1.27569
1278 1.82592
1279 2.34392
1280 2.85811
1281 3.37108
1282 3.8718
1283 4.35582
1284 4.82
1285 5.34794
1286 5.84213
1287 6.354
1288 6.85012
1289 7.38191
1290 7.83013
1291 8.32598
1292 8.84013
1293 9.30008
1294 9.87615
1295 10.344
1296 10.8121
1297 11.3079
1298 11.8042
1299 12.346
1300 12.888
1301 13.3219
1302 13.8242
1303 14.356
1304 14.8701
1305 15.3159
1306 15.8462
1307 16.3421
1308 16.858
1309 17.2899
1310 17.8342
1311 18.332
1312 18.8639
1313 19.312
1314 19.8241
1315 20.3201
1316 20.8559
1317 21.304
1318 21.862
1319 22.3422
1320 22.8379
1321 23.3582
1322 23.856
1323 24.3502
1324 24.8801
1325 25.2921
1326 25.7881
1327 26.3522
1328 26.874
1329 27.3062
1330 27.804
1331 28.3462
1332 28.858
1333 29.3062
1334 29.7496
1335 29.9466
1336 30.0055
1337 30.0123
1338 30.0112
1339 30.0089
1340 30.0056
1341 30.0029
1342 30.0016
1343 30.0008
1344 30.0003
1345 30.0001
1346 30
1347 29.9999
1348 29.9999
1349 29.9999
1350 29.9999
1351 29.9999
1352 29.9999
1353 29.9999
1354 29.9999
1355 29.9999
1356 29.9999
1357 29.9999
1358 29.9999
1359 29.9999
1360 29.9999
1361 29.9999
1362 29.9999
1363 29.9999
1364 29.9999
1365 29.9999
1366 29.9999
1367 29.9999
1368 29.9999
1369 29.9999
1370 29.9999
1371 29.9999
1372 29.9999
1373 29.9999
1374 30
1375 30
1376 30
1377 30
1378 30
1379 30
1380 30
1381 30
