0 88.2905
1 0
2 0
3 0
4 0
5 88.2905
6 88.2905
7 88.2905
8 -88.2905
9 0
10 -88.2905
11 0
12 0
13 0
14 -88.2905
15 88.2905
16 0
17 0
18 0
19 0
20 0
21 88.2905
22 0
23 -88.2905
24 -88.2905
25 0
26 88.2905
27 0
28 88.2905
29 88.2905
30 0
31 0
32 176.581
33 -88.2905
34 -176.581
35 0
36 0
37 0
38 -88.2905
39 0
40 0
41 88.2905
42 0
43 88.2905
44 0
45 0
46 -176.581
47 0
48 176.581
49 88.2905
50 88.2905
51 88.2905
52 0
53 -88.2905
54 0
55 0
56 0
57 88.2905
58 88.2905
59 -88.2905
60 -88.2905
61 0
62 -88.2905
63 0
64 -88.2905
65 -88.2905
66 88.2905
67 88.2905
68 -88.2905
69 88.2905
70 0
71 0
72 -88.2905
73 -88.2905
74 -88.2905
75 0
76 0
77 88.2905
78 0
79 -264.871
80 -88.2905
81 0
82 0
83 88.2905
84 -88.2905
85 -176.581
86 -88.2905
87 -88.2905
88 -88.2905
89 -88.2905
90 88.2905
91 0
92 0
93 0
94 -88.2905
95 -88.2905
96 0
97 -88.2905
98 176.581
99 -88.2905
100 0
101 -264.871
102 -88.2905
103 -88.2905
104 -88.2905
105 -176.581
106 0
107 -88.2905
108 -88.2905
109 794.614
110 88.2905
111 88.2905
112 0
113 0
114 0
115 0
116 88.2905
117 -88.2905
118 0
119 0
120 0
121 0
122 0
123 0
124 0
125 -88.2905
126 0
127 0
128 -176.581
129 -88.2905
130 -88.2905
131 -88.2905
132 0
133 88.2905
134 -176.581
135 88.2905
136 0
137 88.2905
138 0
139 88.2905
140 0
141 -88.2905
142 -176.581
143 0
144 88.2905
145 264.871
146 0
147 0
148 88.2905
149 0
150 88.2905
151 -176.581
152 88.2905
153 88.2905
154 88.2905
155 0
156 88.2905
157 0
158 176.581
159 88.2905
160 88.2905
161 0
162 176.581
163 88.2905
164 88.2905
165 176.581
166 0
167 -88.2905
168 -88.2905
169 -176.581
170 0
171 0
172 0
173 0
174 88.2905
175 0
176 -176.581
177 -88.2905
178 -88.2905
179 0
180 -88.2905
181 0
182 0
183 88.2905
184 0
185 0
186 -88.2905
187 88.2905
188 0
189 -176.581
190 -88.2905
191 88.2905
192 88.2905
193 88.2905
194 -88.2905
195 0
196 -88.2905
197 -176.581
198 0
199 0
200 0
201 0
202 88.2905
203 88.2905
204 176.581
205 -88.2905
206 0
207 -88.2905
208 -176.581
209 0
210 -176.581
211 0
212 0
213 0
214 -88.2905
215 0
216 88.2905
217 -176.581
218 88.2905
219 176.581
220 88.2905
221 0
222 -88.2905
223 -88.2905
224 176.581
225 264.871
226 0
227 88.2905
228 0
229 -88.2905
230 0
231 88.2905
232 0
233 0
234 -88.2905
235 88.2905
236 0
237 88.2905
238 -88.2905
239 0
240 0
241 0
242 0
243 0
244 -88.2905
245 176.581
246 0
247 -88.2905
248 88.2905
249 0
250 0
251 -88.2905
252 0
253 0
254 -88.2905
255 0
256 0
257 88.2905
258 88.2905
259 -88.2905
260 0
261 88.2905
262 0
263 0
264 -88.2905
265 -88.2905
266 0
267 -88.2905
268 0
269 0
270 -88.2905
271 -176.581
272 -88.2905
273 88.2905
274 -88.2905
275 -88.2905
276 88.2905
277 88.2905
278 0
279 -264.871
280 0
281 0
282 88.2905
283 -88.2905
284 0
285 0
286 176.581
287 88.2905
288 0
289 0
290 -88.2905
291 0
292 0
293 88.2905
294 176.581
295 88.2905
296 88.2905
297 0
298 0
299 -88.2905
300 0
301 0
302 0
303 -176.581
304 -88.2905
305 88.2905
306 0
307 88.2905
308 88.2905
309 88.2905
310 0
311 88.2905
312 176.581
313 -88.2905
314 -88.2905
315 88.2905
316 -88.2905
317 -176.581
318 -176.581
319 -88.2905
320 0
321 88.2905
322 0
323 -88.2905
