0 -0.000378665
1 0
2 0
3 0.000378665
4 0
5 0.000378665
6 0
7 0
8 0
9 0
10 0
11 -0.000757566
12 -0.000378665
13 0
14 0
15 -0.000378665
16 0.000378665
17 0
18 0
19 -0.000378665
20 0
21 0
22 0
23 0.000378665
24 0.000378665
25 -0.000378665
26 0
27 0
28 0
29 0
30 -0.000757566
31 0
32 0
33 0
34 0
35 0
36 -0.000378665
37 -0.000378665
38 0
39 0.000757566
40 -0.000757566
41 -0.000378665
42 0
43 -0.000378665
44 0
45 0
46 0.000378665
47 0
48 0.000757566
49 0.000378665
50 0.000378665
51 -0.0011367
52 0
53 0.000378665
54 0
55 0
56 0.000378665
57 0
58 -0.000378665
59 -0.000378665
60 0
61 -0.000757566
62 0
63 0
64 0
65 -0.000378665
66 -0.000378665
67 -0.000378665
68 -0.000378665
69 0
70 -0.000378665
71 0
72 -0.000378665
73 0
74 0
75 0
76 0
77 -0.000378665
78 0
79 0
80 0.000378665
81 0
82 0
83 0.000378665
84 0.000378665
85 -0.000378665
86 0
87 -0.000378665
88 -0.000378665
89 0.000378665
90 0
91 0.000378665
92 0.000378665
93 0
94 0
95 0.000378665
96 0.000378665
97 0
98 0.000378665
99 0
100 0
101 0.000378665
102 0.000378665
103 0.000757566
104 0.000378665
105 0
106 -0.000378665
107 0
108 0.000378665
109 -0.000378665
110 -0.000378665
111 0.000757566
112 0
113 0.000378665
114 0
115 -0.000378665
116 0
117 -0.000378665
118 0.000378665
119 0.000378665
120 0.000378665
121 0
122 0.000378665
123 -0.000378665
124 0.000757566
125 0.000378665
126 0.000757566
127 0.000378665
128 -0.000757566
129 0.000378665
130 0
131 0
132 0
133 0.000378665
134 0
135 0
136 0.000378665
137 -0.000378665
138 -0.000378665
139 0.000378665
140 0
141 -0.0011367
142 0.000378665
143 -0.000378665
144 0.000378665
145 0.000378665
146 0.000757566
147 0
148 0
149 0.000378665
150 -0.000378665
151 0
152 0
153 -0.000378665
154 0
155 0.000757566
156 0.000378665
157 0
158 0
159 -0.000378665
160 0
161 0.000757566
162 0.000757566
163 0
164 0.000378665
165 0
166 0
167 0.000757566
168 0
169 0.000378665
170 0
171 0
172 -0.000378665
173 -0.000378665
174 0
175 0
176 0
177 0
178 0
179 -0.000378665
180 -0.000378665
181 -0.000378665
182 0.000378665
183 0.000378665
184 0.000757566
185 0
186 0
187 0
188 0
189 0
190 0
191 0
192 0
193 0
194 0.000757566
195 0
196 -0.000378665
197 2.94255
198 7.30939
199 9.39676
200 9.9564
201 10.0163
202 9.9905
203 9.97572
204 9.95791
205 9.93973
206 9.94579
207 9.92002
208 9.93366
209 9.93745
210 9.94086
211 9.92457
212 9.92533
213 9.93518
214 9.92874
215 9.92457
216 9.91434
217 9.93177
218 9.94351
219 9.93025
220 9.92912
221 9.92419
222 9.93935
223 9.92836
224 9.91775
225 9.93328
226 9.9348
227 9.94351
228 9.94048
229 9.93745
230 9.92571
231 9.95678
232 9.93291
233 9.92874
234 9.93518
235 9.91396
236 9.94276
237 9.92874
238 9.93215
239 9.95147
240 9.93897
241 9.942
242 9.93177
243 9.94389
244 9.92495
245 9.93328
246 9.9276
247 9.94389
248 9.93025
249 9.94124
250 9.93442
251 9.92495
252 9.92684
253 9.9367
254 9.93366
255 9.93821
256 9.92647
257 9.93518
258 9.92912
259 9.93556
260 9.93025
261 9.92609
262 9.93291
263 9.94541
264 9.9276
265 9.91548
266 9.94048
267 9.92002
268 9.94389
269 9.91661
270 9.92874
271 9.93859
272 9.93745
273 9.93328
274 9.93328
275 9.93821
276 9.90563
277 9.93783
278 9.94314
279 9.92798
280 9.93063
281 9.94427
282 9.93404
283 9.93821
284 9.92722
285 9.9295
286 9.94086
287 9.91548
288 9.92571
289 9.9276
290 9.91889
291 9.92381
292 9.90487
293 9.93707
294 4.80447
295 1.96119
296 0.316762
297 -0.00606219
298 -0.0799482
299 -0.0534249
300 -0.0318277
301 -0.015535
302 -0.00606219
303 -0.00340988
304 -0.0011367
305 0
306 0.000378665
307 0
308 -0.000378665
309 0
310 -0.000757566
311 0
312 0.000378665
313 0.000757566
314 0.000757566
315 -0.000378665
316 0.000378665
317 -0.000378665
318 0
319 -0.000378665
320 0
321 -0.000378665
322 0
323 0.000757566
324 0
325 0.000757566
326 -0.0011367
327 0.000378665
328 -0.000378665
329 0.000378665
330 0
331 0.000378665
332 0
333 0.000378665
334 0.000378665
335 0.000378665
336 0.000757566
337 -0.000378665
338 -0.000378665
339 0.000378665
340 0
341 0.000757566
342 -0.000757566
343 0.000378665
344 0
345 0
346 -0.000378665
347 0
348 -0.000378665
349 0.000757566
350 0.000378665
351 0.000378665
352 0
353 0.000378665
354 -0.000378665
355 0.000378665
356 -0.000378665
357 -0.936645
358 -6.55651
359 -8.76096
360 -9.84993
361 -10.0045
362 -10.0098
363 -9.9761
364 -9.93707
365 -9.94844
366 -9.93745
367 -9.94351
368 -9.93139
369 -9.94276
370 -9.93253
371 -9.93632
372 -9.93253
373 -9.9204
374 -9.93632
375 -9.90941
376 -9.942
377 -9.95488
378 -9.93404
379 -9.94427
380 -9.93139
381 -9.9367
382 -9.93328
383 -9.94162
384 -9.93177
385 -9.94693
386 -9.94768
387 -9.93328
388 -9.92609
389 -9.92116
390 -9.93442
391 -9.94048
392 -9.93859
393 -9.94806
394 -9.93745
395 -9.93253
396 -9.93025
397 -9.9151
398 -9.9204
399 -9.92533
400 -9.93291
401 -9.92268
402 -9.94238
403 -9.9348
404 -9.94768
405 -9.93404
406 -9.93215
407 -9.9204
408 -9.93935
409 -9.94768
410 -9.93897
411 -9.91813
412 -9.93821
413 -9.93821
414 -9.92533
415 -9.93707
416 -9.94124
417 -9.91927
418 -9.95185
419 -9.93556
420 -9.93556
421 -9.93177
422 -9.93594
423 -9.93063
424 -9.94806
425 -9.93935
426 -9.9276
427 -9.92722
428 -9.92987
429 -9.94351
430 -9.90903
431 -9.93745
432 -9.93594
433 -9.92078
434 -9.9276
435 -9.9276
436 -9.93859
437 -9.91927
438 -9.93139
439 -9.92343
440 -9.92305
441 -9.91472
442 -9.93745
443 -9.94162
444 -9.92722
445 -9.94011
446 -9.93177
447 -9.93783
448 -9.92381
449 -9.93556
450 -9.93291
451 -9.93215
452 -9.94693
453 -9.92836
454 -6.27385
455 -2.62541
456 -0.609274
457 -0.0291752
458 0.0788115
459 0.0678234
460 0.0405425
461 0.0185662
462 0.00947254
463 0.00378878
464 0.00189427
465 0.0011367
466 0.000378665
467 0.000757566
468 0
469 0.0011367
470 0
471 -0.000378665
472 -0.000378665
473 0
474 0
475 0
476 0
477 0.0011367
478 -0.000378665
479 -0.000378665
480 -0.000378665
481 0
482 -0.000757566
483 0
484 0.000378665
485 0.000378665
486 0.000757566
487 0
488 0.000757566
489 -0.000378665
490 -0.000378665
491 0.000757566
492 0
493 0
494 0
495 -0.000378665
496 -0.000378665
497 0
498 0.0011367
499 0.000757566
500 -0.000378665
501 0
502 0
503 0.000757566
504 -0.000378665
505 -0.000378665
506 -0.000378665
507 0
508 0
509 0.000378665
510 0.000378665
511 -0.000378665
512 0
513 0.000378665
514 0.000378665
515 -0.000378665
516 0.000757566
517 0.54865
518 4.96626
519 8.41351
520 9.66237
521 9.9833
522 10.0174
523 9.98368
524 9.96095
525 9.94124
526 9.92836
527 9.94503
528 9.94162
529 9.942
530 9.9276
531 9.94579
532 9.93101
533 9.93556
534 9.91851
535 9.93632
536 9.92987
537 9.93291
538 9.9295
539 9.92419
540 9.942
541 9.92078
542 9.92154
543 9.94427
544 9.93215
545 9.93556
546 9.93253
547 9.93973
548 9.93253
549 9.92268
550 9.92457
551 9.91548
552 9.91017
553 9.93025
554 9.93025
555 9.93177
556 9.93328
557 9.9276
558 9.93897
559 9.93366
560 9.9204
561 9.92116
562 9.93973
563 9.95337
564 9.92722
565 9.93556
566 9.94806
567 9.93253
568 9.93935
569 9.93366
570 9.94011
571 9.92116
572 9.93594
573 9.92874
574 9.92987
575 9.94541
576 9.92305
577 9.94351
578 9.94314
579 9.93632
580 9.93215
581 9.9276
582 9.92912
583 9.91472
584 9.94389
585 9.93707
586 9.92684
587 9.94048
588 9.93783
589 9.93745
590 9.94162
591 9.93594
592 9.93291
593 9.95223
594 9.93859
595 9.92533
596 9.93291
597 9.94427
598 9.94465
599 9.91396
600 9.92571
601 9.9295
602 9.93897
603 9.93025
604 9.9295
605 9.92647
606 9.93404
607 9.94124
608 9.92912
609 9.93139
610 9.92078
611 9.95071
612 9.94389
613 9.93556
614 8.49346
615 3.02591
616 0.899133
617 0.0632766
618 -0.0663078
619 -0.0727491
620 -0.0466047
621 -0.0219761
622 -0.00985144
623 -0.00530439
624 -0.00189427
625 -0.000757566
626 -0.000378665
627 0
628 -0.000378665
629 0
630 0
631 0
632 0
633 0
634 -0.000378665
635 0.000378665
636 -0.000378665
637 0.000378665
638 0.000378665
639 0.000378665
640 0
641 0.0011367
642 0
643 0
644 0.000378665
645 0.000378665
646 0.000378665
647 0
648 0.000757566
649 -0.000757566
650 0.000757566
651 -0.000378665
652 -0.000757566
653 0
654 0.000757566
655 0
656 0
657 0.000378665
658 0
659 0
660 0
661 -0.000378665
662 0.000378665
663 0.000378665
664 0
665 0.000757566
666 0
667 0
668 -0.000378665
669 0.000378665
670 -0.000378665
671 0.0011367
672 -0.000378665
673 -0.000378665
674 0.00151537
675 0.000378665
676 0.000757566
677 0.000378665
678 -3.63177
679 -7.2427
680 -9.44109
681 -9.92912
682 -10.0166
683 -9.99883
684 -9.95071
685 -9.94389
686 -9.93935
687 -9.93707
688 -9.92722
689 -9.93025
690 -9.92268
691 -9.91623
692 -9.93518
693 -9.94238
694 -9.9348
695 -9.94048
696 -9.95034
697 -9.93101
698 -9.92609
699 -9.94351
700 -9.92495
701 -9.93366
702 -9.93556
703 -9.93328
704 -9.91472
705 -9.93556
706 -9.91623
707 -9.9204
708 -9.92912
709 -9.9276
710 -9.93783
711 -9.9223
712 -9.9295
713 -9.93897
714 -9.93366
715 -9.9367
716 -9.92987
717 -9.94162
718 -9.92419
719 -9.93366
720 -9.91889
721 -9.93632
722 -9.95716
723 -9.92419
724 -9.93442
725 -9.93063
726 -9.94579
727 -9.93632
728 -9.94276
729 -9.91699
730 -9.93442
731 -9.93707
732 -9.93518
733 -9.93594
734 -9.93897
735 -9.94124
736 -9.92002
737 -9.9367
738 -9.93253
739 -9.92684
740 -9.94579
741 -9.9223
742 -9.9348
743 -9.92722
744 -9.93328
745 -9.94427
746 -9.93328
747 -9.94503
748 -9.92495
749 -9.94086
750 -9.93366
751 -9.92268
752 -9.9367
753 -9.93253
754 -9.92798
755 -9.942
756 -9.92609
757 -9.93291
758 -9.94617
759 -9.93821
760 -9.94086
761 -9.942
762 -9.9151
763 -9.93025
764 -9.93101
765 -9.92874
766 -9.92381
767 -9.92268
768 -9.92495
769 -9.93707
770 -9.94238
771 -9.93594
772 -9.93973
773 -9.93707
774 -9.93215
775 -4.73286
776 -1.52394
777 -0.235298
778 0.0204607
779 0.0780537
780 0.0587295
781 0.0295541
782 0.0151558
783 0.00681999
784 0.00340988
785 0.00151537
786 0.0011367
787 0
788 0.000378665
789 0
790 0.000378665
791 0
792 0
793 -0.000378665
794 0
795 0.000757566
796 -0.000757566
797 -0.000757566
798 0.000378665
799 -0.000378665
800 0.000757566
801 -0.000378665
802 0.000378665
803 0
804 0.000378665
805 -0.000757566
806 0
807 -0.000378665
808 -0.000378665
809 0
810 0
811 0.000757566
812 0.000378665
813 0
814 0
815 -0.000757566
816 -0.000378665
817 0.000378665
818 0.000378665
819 -0.000378665
820 0
821 0
822 0
823 -0.000378665
824 0.000378665
825 -0.000757566
826 -0.000757566
827 0
828 -0.000378665
829 0.000378665
830 -0.000757566
831 0.000378665
832 0.000378665
833 0.000378665
834 -0.000757566
835 0.000378665
836 0.000378665
837 0
838 1.81797
839 6.34622
840 8.90798
841 9.83136
842 10.0201
843 10.0015
844 9.97155
845 9.94351
846 9.94693
847 9.93745
848 9.91927
849 9.9473
850 9.93366
851 9.93366
852 9.93442
853 9.94162
854 9.93783
855 9.93215
856 9.94351
857 9.92836
858 9.94048
859 9.9295
860 9.93973
861 9.92154
862 9.93707
863 9.92343
864 9.92002
865 9.94427
866 9.92609
867 9.93063
868 9.92836
869 9.92381
870 9.92722
871 9.93632
872 9.92874
873 9.93935
874 9.92647
875 9.93442
876 9.94276
877 9.92987
878 9.9492
879 9.93783
880 9.93556
881 9.93935
882 9.92381
883 9.94427
884 9.92571
885 9.93632
886 9.92798
887 9.93328
888 9.92874
889 9.92192
890 9.9295
891 9.91851
892 9.93556
893 9.94958
894 9.94503
895 9.93859
896 9.92305
897 9.94124
898 9.92684
899 9.92533
900 9.92381
901 9.93063
902 9.92912
903 9.91775
904 9.92495
905 9.92874
906 9.93707
907 9.92571
908 9.94693
909 9.92002
910 9.9367
911 9.93177
912 9.93139
913 9.92609
914 9.93594
915 9.94465
916 9.92722
917 9.9492
918 9.92533
919 9.93518
920 9.92268
921 9.93859
922 9.92647
923 9.92305
924 9.92874
925 9.93632
926 9.93897
927 9.93821
928 9.92722
929 9.9473
930 9.93632
931 9.94124
932 9.93556
933 9.92419
934 9.92987
935 6.18974
936 2.42345
937 0.517959
938 -0.00151537
939 -0.0761592
940 -0.0735069
941 -0.0356168
942 -0.0200818
943 -0.0075778
944 -0.00340988
945 -0.00265207
946 -0.000378665
947 -0.000378665
948 0
949 0
950 0.000378665
951 0
952 -0.000378665
953 0.000757566
954 0.000378665
955 0.000378665
956 0.000378665
957 0
958 -0.000378665
959 0
960 0.000378665
961 0.000378665
962 -0.000378665
963 -0.000378665
964 0
965 0
966 0
967 0
968 0.000378665
969 0.000757566
970 0.000378665
971 0.000378665
972 -0.000378665
973 0.000757566
974 -0.000378665
975 0.000757566
976 0.000378665
977 0.000378665
978 0
979 -0.000378665
980 -0.000757566
981 -0.000378665
982 -0.000378665
983 -0.000378665
984 -0.000757566
985 0.000757566
986 0
987 -0.000757566
988 0.000378665
989 0
990 0.000378665
991 0
992 0.000378665
993 0.000378665
994 0
995 0.000378665
996 0.000757566
997 0.000378665
998 -0.00985144
999 -5.86388
1000 -8.55257
1001 -9.70329
1002 -9.98444
1003 -10.0159
1004 -9.96928
1005 -9.96435
1006 -9.94844
1007 -9.93366
1008 -9.9367
1009 -9.91282
1010 -9.93442
1011 -9.92571
1012 -9.93139
1013 -9.93177
1014 -9.92495
1015 -9.93328
1016 -9.93101
1017 -9.92722
1018 -9.92495
1019 -9.9348
1020 -9.90828
1021 -9.93442
1022 -9.9348
1023 -9.92912
1024 -9.94124
1025 -9.92874
1026 -9.94124
1027 -9.93821
1028 -9.91927
1029 -9.92116
1030 -9.93139
1031 -9.93101
1032 -9.92457
1033 -9.92381
1034 -9.92987
1035 -9.92609
1036 -9.9223
1037 -9.93745
1038 -9.93859
1039 -9.9204
1040 -9.93215
1041 -9.9295
1042 -9.92381
1043 -9.93101
1044 -9.93177
1045 -9.94048
1046 -9.93442
1047 -9.94048
1048 -9.9348
1049 -9.94238
1050 -9.93215
1051 -9.93328
1052 -9.93404
1053 -9.93328
