0 -0.000378665
1 -0.000378665
2 0.000757566
3 0
4 0.000378665
5 -0.000378665
6 0.000378665
7 -0.000378665
8 0
9 -0.000757566
10 0
11 -0.000378665
12 -0.000378665
13 0.000378665
14 0.000378665
15 0
16 0
17 0
18 0.000378665
19 0.000378665
20 0
21 -0.000378665
22 0
23 -0.000757566
24 -0.000378665
25 0
26 -0.000378665
27 -0.000757566
28 -0.000378665
29 -0.000757566
30 0
31 -0.000378665
32 -0.000378665
33 0
34 0.000378665
35 0
36 0.000378665
37 0
38 0
39 -0.000378665
40 0.000378665
41 -0.000378665
42 0
43 -0.000757566
44 0
45 0.000757566
46 0
47 0
48 -0.000378665
49 0
50 -0.000378665
51 -0.000378665
52 0.000378665
53 -0.000378665
54 0
55 0
56 -0.000378665
57 0.000378665
58 0.000378665
59 0
60 -0.000378665
61 0
62 0.000378665
63 0
64 0
65 0
66 0
67 0
68 0
69 -0.000378665
70 0
71 0
72 0.000757566
73 -0.000378665
74 -0.000378665
75 -0.000378665
76 0
77 0.000757566
78 0.000378665
79 0.000378665
80 0.000378665
81 0
82 0
83 -0.000378665
84 0.000378665
85 0.000378665
86 0
87 0
88 0
89 0
90 0
91 0
92 -0.000378665
93 0.000378665
94 0
95 0
96 0
97 -0.000378665
98 0.000378665
99 -0.000378665
100 -0.000378665
101 0.000378665
102 0
103 0
104 0.000378665
105 0.000378665
106 0
107 0
108 0.000757566
109 -0.000378665
110 0.0011367
111 -0.000378665
112 -0.000757566
113 0
114 0.000378665
115 0
116 0.0011367
117 -0.000378665
118 -0.000378665
119 0
120 0
121 0
122 -0.000757566
123 0
124 0
125 0
126 -0.000378665
127 0.000378665
128 0
129 0.000757566
130 0
131 0.000757566
132 0.0011367
133 0.000378665
134 0
135 -0.000378665
136 0.000378665
137 0.000378665
138 -0.000757566
139 0
140 0
141 -0.000757566
142 -0.000757566
143 0.000378665
144 0
145 -0.000757566
146 0.000757566
147 0.000378665
148 0
149 0
150 0.000757566
151 0.000378665
152 0
153 -0.000757566
154 0.000757566
155 0.000378665
156 0
157 -0.000757566
158 -0.000378665
159 0
160 -0.000757566
161 0.000378665
162 -0.000378665
163 0.000378665
164 0.000378665
165 0
166 -0.000378665
167 0.000378665
168 0.000378665
169 -0.000757566
170 0
171 0.000378665
172 0
173 -0.000378665
174 -0.000378665
175 0.000378665
176 0
177 -0.000378665
178 0
179 0.000378665
180 -0.000757566
181 0
182 0.000378665
183 0.000378665
184 -0.000378665
185 0
186 0
187 0
188 -0.000378665
189 -0.000378665
190 -0.000378665
191 0.000378665
192 -0.000757566
193 0
194 0
195 0.000378665
196 -0.000757566
197 0.000378665
198 0
199 0
200 0.000378665
201 0
202 -0.000378665
203 -0.000757566
204 0
205 0.000378665
206 -0.000378665
207 -0.000378665
208 0.000757566
209 0.000378665
210 -0.000378665
211 0
212 0
213 -0.000378665
214 -0.000378665
215 -0.000378665
216 0
217 -0.000378665
218 -0.000378665
219 0
220 -0.000378665
221 -0.0011367
222 -0.000378665
223 -0.000378665
224 0
225 -0.000378665
226 0
227 0.0011367
228 0
229 -0.000378665
230 0
231 0
232 -0.000378665
233 -0.000378665
234 0.000378665
235 0
236 0.000757566
237 0.000378665
238 0.000378665
239 0
240 0
241 -0.000378665
242 0.000757566
243 0.000378665
244 0
245 0
246 0.000757566
247 -0.000378665
248 -0.000757566
249 0.000378665
250 0
251 0
252 -0.000757566
253 0
254 -0.000378665
255 -0.000378665
256 0
257 -0.000378665
258 0.000757566
259 -0.000378665
260 0
261 0.000378665
262 -0.000378665
263 0.000757566
264 -0.000378665
265 -0.000378665
266 0.000757566
267 -0.000378665
268 0
269 -0.000378665
270 0.000378665
271 -0.000378665
272 0.000378665
273 -0.000378665
274 0.000378665
275 0.000757566
276 0.000757566
277 0.000378665
278 0.0011367
279 0
280 -0.000378665
281 0
282 0
283 0
284 -0.000378665
285 0.000757566
286 -0.000378665
287 0.000378665
288 -0.000378665
289 -0.000378665
290 0
291 0.000378665
292 0.000757566
293 0
294 0
295 0.000378665
296 -0.000378665
297 0.000378665
298 -0.000378665
299 0.000378665
300 0
301 -0.000378665
302 -0.000378665
303 -0.000378665
304 -0.000757566
305 -0.000757566
306 0
307 -0.000378665
308 0
309 -0.000378665
310 0
311 -0.000378665
312 0.000757566
313 0
314 0.000757566
315 0.000757566
316 -0.000378665
317 -0.000757566
318 -0.000378665
319 -0.000378665
320 0.000378665
321 0
322 0.000378665
323 -0.000378665
324 0.000378665
325 0.000757566
326 -0.000757566
327 -0.000757566
328 0.000378665
329 0
330 0
331 0
332 -0.000378665
333 0.000757566
334 -0.000378665
335 0.000378665
336 0.000757566
337 0
338 0
339 0
340 0.000378665
341 0
342 0
343 0
344 0
345 -0.000378665
346 0
347 -0.000378665
348 0.000378665
349 0.000757566
350 -0.000378665
351 0
352 0
353 0
354 0.000378665
355 -0.000378665
356 0.000378665
357 0.000378665
358 0
359 0
360 0.000757566
361 0.000757566
362 0
363 0.000378665
364 0
365 0.000378665
366 0
367 0.000378665
368 0
369 0
370 0
371 0.000378665
372 -0.0011367
373 -0.000378665
374 0.000378665
375 0
376 0
377 -0.000378665
378 0.000378665
379 0.00151537
380 0
381 0
382 -0.000378665
383 0.000378665
384 0
385 -0.000378665
386 0
387 0.0829792
388 4.88669
389 7.31773
390 8.18693
391 8.34341
392 8.34417
393 8.31045
394 8.30022
395 8.29302
396 8.28014
397 8.27862
398 8.28771
399 8.26119
400 8.27597
401 8.279
402 8.2646
403 8.2718
404 8.27332
405 8.26839
406 8.26347
407 8.27407
408 8.26384
409 8.26991
410 8.27711
411 8.27445
412 8.2862
413 8.27104
414 8.2862
415 8.28279
416 8.27786
417 8.27824
418 8.26688
419 8.26839
420 8.28506
421 8.27332
422 8.27597
423 8.2809
424 8.27559
425 8.28203
426 8.27748
427 8.27824
428 8.26877
429 8.28847
430 8.26612
431 8.28317
432 8.28658
433 8.28127
434 8.28052
435 8.2737
436 8.26688
437 8.28468
438 8.27294
439 8.28052
440 8.29188
441 8.27711
442 8.26574
443 8.29416
444 8.27938
445 8.26309
446 8.26839
447 8.279
448 8.27332
449 8.2843
450 8.26271
451 8.27635
452 8.27711
453 8.28847
454 8.27294
455 8.26347
456 8.26612
457 8.27597
458 8.27332
459 8.26953
460 8.27294
461 8.26574
462 8.28279
463 8.28014
464 8.28393
465 8.28393
466 8.27142
467 8.28734
468 8.28734
469 8.27332
470 8.28355
471 8.27862
472 8.26991
473 8.27597
474 8.2843
475 8.27673
476 8.26991
477 8.27711
478 8.27673
479 8.27445
480 8.28052
481 8.2718
482 8.28393
483 8.28393
484 8.27635
485 8.26801
486 8.27066
487 8.26384
488 8.26006
489 8.28052
490 8.2718
491 8.28014
492 8.27407
493 8.28582
494 8.27029
495 8.27824
496 8.28241
497 8.27256
498 8.2809
499 8.27332
500 8.28809
501 8.27407
502 8.28696
503 8.27142
504 8.27521
505 8.27635
506 8.28279
507 8.28393
508 8.27521
509 8.28052
510 8.27142
511 8.27483
512 8.26574
513 8.28203
514 8.27483
515 8.26612
516 8.27748
517 8.27407
518 8.28317
519 8.28355
520 8.28241
521 8.2718
522 8.27673
523 8.2843
524 8.27104
525 8.28052
526 8.28052
527 8.28468
528 8.2809
529 8.2862
530 8.29529
531 8.27066
532 8.27635
533 8.27445
534 8.27066
535 8.26536
536 8.28658
537 8.27597
538 8.28355
539 8.26422
540 8.27029
541 8.28052
542 8.27521
543 8.29075
544 8.26498
545 8.27218
546 8.28999
547 8.26688
548 8.28279
549 8.25854
550 8.28696
551 8.26309
552 8.26612
553 8.28127
554 8.27559
555 8.28544
556 8.28203
557 8.28127
558 8.26498
559 8.27635
560 8.27483
561 8.28544
562 8.27407
563 8.28582
564 8.26953
565 8.27862
566 8.28734
567 8.27029
568 8.27711
569 8.28052
570 8.28203
571 8.27294
572 8.28052
573 8.2809
574 8.28241
575 8.29491
576 8.29454
577 8.26384
578 8.279
579 8.27483
580 8.28165
581 8.26309
582 8.2737
583 8.28279
584 8.27824
585 8.28165
586 8.27218
587 8.28317
588 8.26271
589 8.26877
590 8.28127
591 8.27711
592 8.28999
593 8.28468
594 8.27407
595 8.27256
596 8.27256
597 8.28241
598 8.29226
599 8.26422
600 8.27256
601 8.27976
602 8.28582
603 8.2843
604 8.25475
605 8.26688
606 8.26915
607 8.29037
608 8.28393
609 8.27521
610 8.26725
611 8.28582
612 8.27407
613 8.2934
614 8.26877
615 8.2718
616 8.26953
617 8.26006
618 8.26574
619 8.27786
620 8.27786
621 8.26725
622 8.26839
623 8.26991
624 8.279
625 8.28544
626 8.28014
627 8.26763
628 8.28961
629 8.28014
630 8.26953
631 8.27142
632 8.27483
633 8.27294
634 8.27294
635 8.28165
636 8.28279
637 8.27066
638 8.28544
639 8.26801
640 8.27862
641 8.27104
642 8.28393
643 8.28961
644 8.28317
645 8.29264
646 8.27521
647 8.26347
648 8.27786
649 8.27635
650 8.26688
651 8.26953
652 8.27142
653 8.27597
654 8.28506
655 8.29416
656 8.28203
657 8.27256
658 8.27938
659 8.27521
660 8.28355
661 8.28468
662 8.26991
663 8.28165
664 8.28165
665 8.26574
666 8.28696
667 8.27711
668 8.27862
669 8.29378
670 8.28696
671 8.27938
672 8.26915
673 8.27862
674 8.26725
675 8.28734
676 8.28014
677 8.27256
678 8.27483
679 8.28999
680 8.27597
681 8.28393
682 8.27483
683 8.28544
684 8.2718
685 8.28696
686 8.27673
687 8.26801
688 8.27635
689 8.28203
690 8.27256
691 8.27483
692 8.29226
693 8.28317
694 8.27559
695 8.27862
696 8.28355
697 8.27066
698 8.29075
699 8.26915
700 8.26157
701 8.27142
702 8.26574
703 8.27862
704 8.26763
705 8.26271
706 8.27445
707 8.26991
708 8.27786
709 8.28885
710 8.2915
711 8.28203
712 8.29529
713 8.26915
714 8.26915
715 8.28544
716 8.27862
717 8.2862
718 8.27483
719 8.28165
720 8.27597
721 8.26877
722 8.27711
723 8.27559
724 8.28355
725 8.27938
726 8.28582
727 8.27673
728 8.27824
729 8.2843
730 8.27218
731 8.28014
732 8.26991
733 8.26915
734 8.27748
735 8.279
736 8.279
737 8.27332
738 8.27635
739 8.27483
740 8.27445
741 8.29037
742 8.28355
743 8.27142
744 8.27407
745 8.28014
746 8.27711
747 8.28317
748 8.27256
749 8.27673
750 8.26688
751 8.28582
752 8.26953
753 8.27142
754 8.27407
755 8.27332
756 8.28317
757 8.27332
758 8.27635
759 8.27976
760 8.27748
761 8.2809
762 8.27332
763 8.26801
764 8.27938
765 8.27862
766 8.27029
767 8.27976
768 8.27862
769 8.26915
770 8.2718
771 8.27407
772 8.27483
773 8.26953
774 8.2809
775 8.28771
776 8.28582
777 8.27786
778 8.27786
779 8.27673
780 8.26233
781 8.28393
782 8.27066
783 8.27483
784 8.27029
785 8.28203
786 8.27824
787 8.28734
788 8.27521
789 8.2737
790 8.28544
791 8.28885
792 8.27142
793 8.28355
794 8.2809
795 8.28658
796 8.26688
797 8.27673
798 8.27483
799 8.28468
800 8.27976
801 8.2737
802 8.27445
803 8.26991
804 8.26725
805 8.27294
806 8.27521
807 7.51665
808 -1.36708
809 -6.34736
810 -8.0365
811 -8.40821
812 -8.40176
813 -8.27294
814 -8.30363
815 -8.29302
816 -8.29378
817 -8.26763
818 -8.27142
819 -8.26839
820 -8.27407
821 -8.26991
822 -8.29188
823 -8.26574
824 -8.26725
825 -8.29946
826 -8.28355
827 -8.27445
828 -8.27445
829 -8.28355
830 -8.27559
831 -8.26574
832 -8.27711
833 -8.27294
834 -8.27407
835 -8.27142
836 -8.27938
837 -8.28771
838 -8.28355
839 -8.28544
840 -8.27066
841 -8.28658
842 -8.28809
843 -8.27066
844 -8.26725
845 -8.28052
846 -8.28961
847 -8.2843
848 -8.2809
849 -8.27748
850 -8.28052
851 -8.26233
852 -8.26612
853 -8.28771
854 -8.28961
855 -8.27104
856 -8.26763
857 -8.27976
858 -8.28847
859 -8.27824
860 -8.26309
861 -8.28203
862 -8.27938
863 -8.27256
864 -8.26991
865 -8.27635
866 -8.27029
867 -8.27256
868 -8.28279
869 -8.26347
870 -8.27938
871 -8.27521
872 -8.27029
873 -8.27294
874 -8.28052
875 -8.28468
876 -8.28279
877 -8.27559
878 -8.2665
879 -8.26991
880 -8.26877
881 -8.28355
882 -8.28734
883 -8.28241
884 -8.27976
885 -8.28658
886 -8.28014
887 -8.27407
888 -8.27066
889 -8.28696
890 -8.27332
891 -8.27407
892 -8.26612
893 -8.26915
894 -8.27597
895 -8.2862
896 -8.28468
897 -8.28127
898 -8.28279
899 -8.27332
900 -8.28658
901 -8.27104
902 -8.27445
903 -8.28771
904 -8.279
905 -8.28582
906 -8.26119
907 -8.28355
908 -8.27711
909 -8.27256
910 -8.26688
911 -8.27445
912 -8.2843
913 -8.2843
914 -8.28127
915 -8.27976
916 -8.28165
917 -8.27294
918 -8.28544
919 -8.26839
920 -8.27559
921 -8.26233
922 -8.27142
923 -8.23618
924 -3.64049
925 -1.20604
926 -0.167853
927 0.0246284
928 0.06555
929 0.0496359
930 0.0246284
931 0.0128824
932 0.00606219
933 0.00265207
934 0.00189427
935 0.0011367
936 0.000378665
937 0
938 0
939 0.000378665
940 0
941 0.000378665
942 -0.000378665
943 0.000378665
944 0
945 -0.000378665
946 -0.000757566
947 -0.000378665
948 -0.000378665
949 0.000378665
950 0.000378665
951 0
952 0
953 0
954 0.000757566
955 0
956 0
957 -0.000378665
958 0.000378665
959 0
960 -0.000378665
961 0
962 0
963 0.000378665
964 0
965 0
966 0
967 0
968 0.000378665
969 0
970 0
971 -0.000757566
972 -0.000757566
973 0.000378665
974 -0.00378878
975 0.00227341
976 -0.000378665
977 -0.000378665
978 0.000378665
979 -0.000378665
980 -0.000378665
981 0.0011367
982 0
983 -0.000378665
984 -0.000378665
985 0
986 0
987 -0.000378665
988 -0.000757566
989 0.000757566
990 0.000378665
991 -0.000378665
992 -0.000757566
993 -0.000757566
994 -0.000378665
995 0
996 0
997 -0.000378665
998 0.000378665
999 0
1000 -0.0011367
1001 0.000378665
1002 -0.000378665
1003 0
1004 0.000378665
1005 -0.000378665
1006 0
1007 0.000757566
1008 0.000378665
1009 -0.000757566
1010 0.000378665
1011 -0.000378665
1012 0.000757566
1013 0.000378665
1014 -0.000378665
1015 0
1016 -0.000378665
1017 -0.000378665
1018 -0.000378665
1019 0.000757566
1020 -0.000378665
1021 0.000378665
1022 0
1023 -0.000378665
1024 0.000757566
1025 0.000378665
1026 0.0011367
1027 0.000378665
1028 0.680128
1029 5.26787
1030 7.43291
1031 8.18693
1032 8.34152
1033 8.34607
1034 8.31841
1035 8.29378
1036 8.31007
1037 8.26877
1038 8.28165
1039 8.29757
1040 8.26233
1041 8.26612
1042 8.28847
1043 8.28014
1044 8.26839
1045 8.28809
1046 8.29113
1047 8.26839
1048 8.27748
1049 8.27521
1050 8.2646
1051 8.28127
1052 8.29264
1053 8.29075
1054 8.26233
1055 8.28658
1056 8.28696
1057 8.28355
1058 8.27218
1059 8.2915
1060 8.28203
1061 8.2718
1062 8.28317
1063 8.26612
1064 8.27104
1065 8.27483
1066 8.28847
1067 8.27673
1068 8.28127
1069 8.28923
1070 8.2737
1071 8.2862
1072 8.29832
1073 8.26233
1074 8.26422
1075 8.27142
1076 8.27104
1077 8.27256
1078 8.27862
1079 8.28203
1080 8.26347
1081 8.27748
1082 8.28771
1083 8.26536
1084 8.27938
1085 8.28203
1086 8.27559
1087 8.28127
1088 8.28961
1089 8.27673
1090 8.26422
1091 8.27294
1092 8.26347
1093 8.27748
1094 8.27483
1095 8.27938
1096 8.28734
1097 8.26801
1098 8.28355
1099 8.29075
1100 8.27559
1101 8.29264
1102 8.26877
1103 8.27673
1104 8.27711
1105 8.2843
1106 8.27142
1107 8.27256
1108 8.28241
1109 8.28544
1110 8.26271
1111 8.28544
1112 8.27938
1113 8.25475
1114 8.2862
1115 8.29567
1116 8.26422
1117 8.27711
1118 8.28468
1119 8.27597
1120 8.2809
1121 8.29113
1122 8.28696
1123 8.2665
1124 8.27407
1125 8.28961
1126 8.28317
1127 8.28393
1128 8.28165
1129 8.26725
1130 8.26006
1131 8.27786
1132 8.26915
1133 8.28696
1134 8.2915
1135 8.28468
1136 8.28317
1137 8.28658
1138 8.26915
1139 8.27673
1140 8.2809
1141 8.29188
1142 8.27407
1143 8.28355
1144 7.73528
1145 3.17861
1146 0.808197
1147 0.0909362
1148 -0.0416789
1149 -0.0689601
1150 -0.0394058
1151 -0.0242495
1152 -0.00985144
1153 -0.00416792
1154 -0.00189427
1155 -0.000757566
1156 0
1157 0
1158 -0.000378665
1159 0.000757566
1160 0.000757566
1161 0
1162 0
1163 0
1164 0
1165 0
1166 0
1167 0.000378665
1168 0.000378665
1169 0
1170 0.000378665
1171 0
1172 0
1173 0
1174 0.000378665
1175 0.000378665
1176 0
1177 0
1178 0.000757566
1179 0
1180 -0.000378665
1181 -0.000757566
1182 0
1183 0.0011367
1184 -0.000378665
1185 0.00151537
1186 0.00416792
1187 0.000378665
1188 -0.000378665
1189 -3.98226
1190 -6.87782
1191 -8.08803
1192 -8.34
1193 -8.33508
1194 -8.32447
1195 -8.29681
1196 -8.29529
1197 -8.2843
1198 -8.28961
1199 -8.26763
1200 -8.26991
1201 -8.27786
1202 -8.27559
1203 -8.27029
1204 -8.27673
1205 -8.2809
1206 -8.27635
1207 -8.29188
1208 -8.27407
1209 -8.26725
1210 -8.28014
1211 -8.27748
1212 -8.27332
1213 -8.28052
1214 -8.279
1215 -8.27976
1216 -8.28203
1217 -8.27824
1218 -8.2718
1219 -8.27786
1220 -8.27483
1221 -8.2843
1222 -8.26498
1223 -8.28317
1224 -8.2593
1225 -8.28317
1226 -8.27711
1227 -8.29567
1228 -8.28393
1229 -8.27066
1230 -8.27445
1231 -8.2665
1232 -8.27748
1233 -8.28582
1234 -8.28203
1235 -8.27938
1236 -8.26839
1237 -8.28355
1238 -8.28014
1239 -8.2718
1240 -8.26763
1241 -8.27029
1242 -8.28393
1243 -8.28355
1244 -8.27104
1245 -8.26574
1246 -8.26877
1247 -8.28393
1248 -8.26612
1249 -8.28923
1250 -8.28355
1251 -8.2843
1252 -8.2665
1253 -8.28999
1254 -8.27218
1255 -8.26801
1256 -8.28279
1257 -8.26953
1258 -8.26536
1259 -8.27673
1260 -8.26725
1261 -8.27294
1262 -8.28279
1263 -8.28582
1264 -8.27748
1265 -8.26119
1266 -8.25627
1267 -8.2574
1268 -8.28923
1269 -8.28127
1270 -8.28658
1271 -8.27597
1272 -8.2665
1273 -8.28279
1274 -8.28355
1275 -8.27332
1276 -8.27938
1277 -8.26991
1278 -8.27332
1279 -8.27142
1280 -8.27445
1281 -8.26953
1282 -8.27218
1283 -8.25778
1284 -8.29643
1285 -8.26991
1286 -8.26688
1287 -8.28355
1288 -8.28696
1289 -8.27066
1290 -8.27711
1291 -8.26384
1292 -8.27029
1293 -8.26195
1294 -8.27597
1295 -8.26991
1296 -8.28127
1297 -8.27407
1298 -8.29567
1299 -8.26839
1300 -8.27559
1301 -8.27445
1302 -8.27597
1303 -8.26574
1304 -8.2862
1305 -3.96672
1306 -1.4152
1307 -0.225825
1308 0.0208394
1309 0.0682023
1310 0.0484992
1311 0.0234917
1312 0.0121246
1313 0.00644109
1314 0.00378878
1315 0.00151537
1316 0.000757566
1317 0.000378665
1318 0.000757566
1319 -0.000378665
1320 0
1321 -0.000757566
1322 -0.000378665
1323 0
1324 0
1325 0.000378665
1326 0.000378665
1327 -0.000378665
1328 0
1329 0
1330 0
1331 0.000378665
1332 -0.000378665
1333 0
1334 -0.000757566
1335 -0.000757566
1336 0
1337 -0.000757566
1338 -0.000378665
1339 0
1340 0
1341 0
1342 -0.000757566
1343 0
1344 -0.000378665
1345 0
1346 -0.000757566
1347 -0.000378665
1348 0
1349 3.49764
1350 6.6501
1351 8.00809
1352 8.29075
1353 8.33205
1354 8.33508
1355 8.31121
1356 8.28696
1357 8.28696
1358 8.27483
1359 8.27066
1360 8.2809
1361 8.27407
1362 8.29075
1363 8.26763
1364 8.27445
1365 8.279
1366 8.27332
1367 8.28544
1368 8.27407
1369 8.26877
1370 8.28696
1371 8.28279
1372 8.27256
1373 8.27294
1374 8.2843
1375 8.26574
1376 8.27559
1377 8.28582
1378 8.26309
1379 8.27673
1380 8.27029
1381 8.27066
1382 8.27483
1383 8.27445
1384 8.27862
1385 8.2574
1386 8.26422
1387 8.30325
1388 8.29113
1389 8.26801
1390 8.27635
1391 8.26839
1392 8.28696
1393 8.28582
1394 8.27142
1395 8.27521
1396 8.26801
1397 8.28241
1398 8.26801
1399 8.2862
1400 8.28847
1401 8.27483
1402 8.2574
1403 8.2718
1404 8.28127
1405 8.28734
1406 8.26043
1407 8.27332
1408 8.29529
1409 8.27711
1410 8.27824
1411 8.27483
1412 8.27483
1413 8.29226
1414 8.28923
1415 8.28885
1416 8.26536
1417 8.26157
1418 8.28809
1419 8.26991
1420 8.28165
1421 8.2809
1422 8.2737
1423 8.2809
1424 8.26725
1425 8.27559
1426 8.26953
1427 8.29605
1428 8.2737
1429 8.28127
1430 8.26422
1431 8.27976
1432 8.2574
1433 8.29075
1434 8.26839
1435 8.26498
1436 8.26915
1437 8.28203
1438 8.26839
1439 8.26839
1440 8.29264
1441 8.27029
1442 8.26498
1443 8.26839
1444 8.27824
1445 8.279
1446 8.2737
1447 8.27029
1448 8.28203
1449 8.27635
1450 8.26536
1451 8.27445
1452 8.27748
1453 8.27445
1454 8.27748
1455 8.28771
1456 8.27218
1457 8.26915
1458 8.27407
1459 8.26688
1460 8.26877
1461 8.26612
1462 8.26574
1463 8.29416
1464 8.27673
1465 4.63813
1466 1.57926
1467 0.367155
1468 -0.015535
1469 -0.0640344
1470 -0.0579717
1471 -0.0314488
1472 -0.015535
1473 -0.00681999
1474 -0.00340988
1475 -0.000757566
1476 -0.000378665
1477 -0.000757566
1478 0
1479 0
1480 -0.000378665
1481 0
1482 0
1483 0.000378665
1484 0
1485 0
1486 -0.000378665
1487 0
1488 0.000378665
1489 0.000378665
1490 0.000378665
1491 0
1492 0.000378665
1493 0.000757566
1494 -0.000378665
1495 -0.000378665
1496 0.000378665
1497 -0.000378665
1498 -0.000378665
1499 0
1500 0.000378665
1501 0.000378665
1502 -0.000378665
1503 0
1504 0
1505 -0.000378665
1506 -0.000757566
1507 0.000378665
1508 0.000378665
1509 -2.08396
1510 -5.91617
1511 -7.73187
1512 -8.26081
1513 -8.3472
1514 -8.32561
1515 -8.30439
1516 -8.28279
1517 -8.27407
1518 -8.28961
1519 -8.27938
1520 -8.28203
1521 -8.26991
1522 -8.27559
1523 -8.27748
1524 -8.27294
1525 -8.27711
1526 -8.28317
1527 -8.27748
1528 -8.27824
1529 -8.27218
1530 -8.27824
1531 -8.29491
1532 -8.29037
1533 -8.27407
1534 -8.26498
1535 -8.29416
1536 -8.27332
1537 -8.2574
1538 -8.27748
1539 -8.28961
1540 -8.27824
1541 -8.27218
1542 -8.28203
1543 -8.2646
1544 -8.27142
1545 -8.27521
1546 -8.27256
1547 -8.28052
1548 -8.27294
1549 -8.27748
1550 -8.26763
1551 -8.279
1552 -8.28544
1553 -8.27559
1554 -8.25627
1555 -8.28014
1556 -8.28203
1557 -8.27218
1558 -8.29491
1559 -8.2809
1560 -8.26271
1561 -8.28885
1562 -8.28468
1563 -8.2915
1564 -8.279
1565 -8.28923
1566 -8.27786
1567 -8.27142
1568 -8.28203
1569 -8.26801
1570 -8.26233
1571 -8.27673
1572 -8.27635
1573 -8.26536
1574 -8.28885
1575 -8.27711
1576 -8.27029
1577 -8.26498
1578 -8.27066
1579 -8.28809
1580 -8.27218
1581 -8.27407
1582 -8.27862
1583 -8.27862
1584 -8.28241
1585 -8.28734
1586 -8.27938
1587 -8.26271
1588 -8.2809
1589 -8.28317
1590 -8.27104
1591 -8.28468
1592 -8.26839
1593 -8.26043
1594 -8.28506
1595 -8.29037
1596 -8.28127
1597 -8.26953
1598 -8.27029
1599 -8.27407
1600 -8.27521
1601 -8.28734
1602 -8.2809
1603 -8.27407
1604 -8.28165
1605 -8.28771
1606 -8.28658
1607 -8.26536
1608 -8.26991
1609 -8.26877
1610 -8.28203
1611 -8.28961
1612 -8.26574
1613 -8.26839
1614 -8.2718
1615 -8.27559
1616 -8.28393
1617 -8.28355
1618 -8.29226
1619 -8.28923
1620 -8.27597
1621 -8.2718
1622 -8.26801
1623 -8.2737
1624 -8.26384
1625 -6.03931
1626 -2.25446
1627 -0.536904
1628 -0.0128824
1629 0.0617607
1630 0.0610029
1631 0.0306908
1632 0.0181873
1633 0.00909364
1634 0.00454682
1635 0.00227341
1636 0.00189427
1637 -0.000378665
1638 0
1639 0
1640 0.000378665
1641 0.000378665
1642 0.000378665
1643 0.000757566
1644 0
1645 0
1646 0.000757566
1647 0.000757566
1648 0
1649 0.000378665
1650 0.000757566
1651 -0.000378665
1652 0.000757566
1653 0
1654 0.000378665
1655 0
1656 0.0011367
1657 0
1658 0.000378665
1659 0
1660 0.000757566
1661 0
1662 0.000378665
1663 -0.000378665
1664 0
1665 -0.000378665
1666 -0.000378665
1667 -0.000757566
1668 0
1669 0.96582
1670 5.3823
1671 7.57083
1672 8.23126
1673 8.35781
1674 8.3472
1675 8.30628
1676 8.29264
1677 8.30098
1678 8.28014
1679 8.27748
1680 8.28734
1681 8.26536
1682 8.2915
1683 8.29226
1684 8.26953
1685 8.27786
1686 8.28468
1687 8.27938
1688 8.26195
1689 8.27786
1690 8.2737
1691 8.26991
1692 8.27862
1693 8.28582
1694 8.2737
1695 8.26763
1696 8.28847
1697 8.27294
1698 8.2521
1699 8.27862
1700 8.26384
1701 8.28961
1702 8.26347
1703 8.27483
1704 8.27104
1705 8.27673
1706 8.26839
1707 8.28923
1708 8.25854
1709 8.28355
1710 8.28203
1711 8.26688
1712 8.28771
1713 8.27597
1714 8.26119
1715 8.28203
1716 8.29075
1717 8.27483
1718 8.26195
1719 8.27635
1720 8.27256
1721 8.2718
1722 8.26915
1723 8.29075
1724 8.27483
1725 8.27976
1726 8.2843
1727 8.26763
1728 8.28999
1729 8.29567
1730 8.28355
1731 8.28165
1732 8.28393
1733 8.28696
1734 8.27635
1735 8.27976
1736 8.29113
1737 8.28279
1738 8.27407
1739 8.29529
1740 8.26157
1741 8.29378
1742 8.28052
1743 8.28847
1744 8.26043
1745 8.27142
1746 8.28355
1747 8.27597
1748 8.28241
1749 8.27635
1750 8.28999
1751 8.27938
1752 8.28506
1753 8.28355
1754 8.27635
1755 8.27407
1756 8.27559
1757 8.27483
1758 8.2862
1759 8.27332
1760 8.27445
1761 8.28241
1762 8.26839
1763 8.27407
1764 8.27748
1765 8.27521
1766 8.28468
1767 8.26801
1768 8.27559
1769 8.29302
1770 8.27521
1771 8.2934
1772 8.26801
1773 8.28203
1774 8.26195
1775 8.27673
1776 8.28582
1777 8.27066
1778 8.28127
1779 8.27332
1780 8.28317
1781 8.27407
1782 8.28544
1783 8.2737
1784 8.27142
1785 7.43519
1786 2.98385
1787 0.780537
1788 0.0947252
1789 -0.0496359
1790 -0.0689601
1791 -0.0431945
1792 -0.0212183
1793 -0.010609
1794 -0.00454682
1795 -0.00265207
1796 -0.00151537
1797 -0.000378665
1798 -0.000378665
1799 -0.000757566
1800 0
1801 0
1802 0.000757566
1803 0.000378665
1804 0
1805 -0.000757566
1806 0.000757566
1807 0
1808 0.000378665
1809 0
1810 0.000757566
1811 0.000378665
1812 0
1813 0.000378665
1814 -0.000378665
1815 0.0011367
1816 -0.000378665
1817 -0.000378665
1818 0.000378665
1819 0
1820 -0.000378665
1821 0
1822 -0.000757566
1823 0.000378665
1824 0.000378665
1825 0
1826 -0.000378665
1827 0
1828 0.000378665
1829 -0.00227341
1830 -4.62487
1831 -7.19837
1832 -8.12176
1833 -8.33053
1834 -8.35668
1835 -8.32409
1836 -8.29075
1837 -8.29643
1838 -8.2862
1839 -8.27711
1840 -8.26422
1841 -8.28696
1842 -8.279
1843 -8.26309
1844 -8.26725
1845 -8.27445
1846 -8.27786
1847 -8.28544
1848 -8.28847
1849 -8.26081
1850 -8.27521
1851 -8.27521
1852 -8.27673
1853 -8.26347
1854 -8.28241
1855 -8.28203
1856 -8.27559
1857 -8.27786
1858 -8.28468
1859 -8.28014
1860 -8.26612
1861 -8.27256
1862 -8.26612
1863 -8.27862
1864 -8.28961
1865 -8.28165
1866 -8.27445
1867 -8.27938
1868 -8.27673
1869 -8.26725
1870 -8.27976
1871 -8.27294
1872 -8.27521
1873 -8.279
1874 -8.29491
1875 -8.26309
1876 -8.28506
1877 -8.27748
1878 -8.26347
1879 -8.279
1880 -8.27635
1881 -8.27407
1882 -8.26763
1883 -8.27066
1884 -8.26688
1885 -8.26688
1886 -8.279
1887 -8.28127
1888 -8.27711
1889 -8.2862
1890 -8.29416
1891 -8.29302
1892 -8.2737
1893 -8.28165
1894 -8.28506
1895 -8.26498
1896 -8.27104
1897 -8.27824
1898 -8.27597
1899 -8.26422
1900 -8.29113
1901 -8.28317
1902 -8.27976
1903 -8.28734
1904 -8.2809
1905 -8.27142
1906 -8.28847
1907 -8.279
1908 -8.27445
1909 -8.27673
1910 -8.28241
1911 -8.28165
1912 -8.26763
1913 -8.28393
1914 -8.27142
1915 -8.28317
1916 -8.29605
1917 -8.27104
1918 -8.28999
1919 -8.28279
1920 -8.28241
1921 -8.2737
1922 -8.28127
1923 -8.27938
1924 -8.28658
1925 -8.28052
1926 -8.28241
1927 -8.28317
1928 -8.27597
1929 -8.26839
1930 -8.28127
1931 -8.26915
1932 -8.26536
1933 -8.27142
1934 -8.27294
1935 -8.26991
1936 -8.27976
1937 -8.28052
1938 -8.27029
1939 -8.27104
1940 -8.27559
1941 -8.2718
1942 -8.2862
1943 -8.2809
1944 -8.27294
1945 -8.26119
1946 -3.49916
1947 -1.00295
1948 -0.147014
1949 0.0375113
1950 0.0644133
1951 0.0473625
1952 0.0227339
1953 0.0125035
1954 0.00530439
1955 0.00227341
1956 0.00151537
1957 0.000757566
1958 0
1959 -0.000378665
1960 0.000378665
1961 -0.000378665
1962 -0.000378665
1963 0
1964 -0.000378665
1965 0.000378665
1966 -0.000757566
1967 0
1968 0
1969 -0.000378665
1970 -0.000378665
1971 -0.000378665
1972 -0.000757566
1973 -0.000378665
1974 -0.000378665
1975 0.000378665
1976 0.000757566
1977 -0.000378665
1978 -0.000757566
1979 0
1980 -0.000378665
1981 0
1982 0.000378665
1983 0
1984 -0.000378665
1985 0
1986 0.000378665
1987 0
1988 -0.000378665
1989 0.000378665
1990 3.92845
1991 6.58758
1992 7.93231
1993 8.30401
1994 8.35402
1995 8.31727
1996 8.31689
1997 8.29264
1998 8.28582
1999 8.27711
2000 8.2737
2001 8.26801
2002 8.28696
2003 8.28696
2004 8.27938
2005 8.28468
2006 8.2718
2007 8.27748
2008 8.27748
2009 8.28961
2010 8.27332
2011 8.27559
2012 8.28885
2013 8.26877
2014 8.28317
2015 8.28127
2016 8.28203
2017 8.27218
2018 8.28771
2019 8.28241
2020 8.28127
2021 8.28999
2022 8.29113
2023 8.26915
2024 8.26195
2025 8.27938
2026 8.27256
2027 8.26422
2028 8.28393
2029 8.26081
2030 8.28279
2031 8.28165
2032 8.28468
2033 8.27029
2034 8.28014
2035 8.28961
2036 8.28203
2037 8.26953
2038 8.27407
2039 8.25399
2040 8.27066
2041 8.29529
2042 8.27824
2043 8.26422
2044 8.2737
2045 8.29416
2046 8.27332
2047 8.26725
2048 8.27218
2049 8.28014
2050 8.2809
2051 8.2809
2052 8.27786
2053 8.2593
2054 8.28317
2055 8.28582
2056 8.26574
2057 8.27029
2058 8.29113
2059 8.28923
2060 8.27218
2061 8.27673
2062 8.27483
2063 8.26801
2064 8.28355
2065 8.29075
2066 8.27559
2067 8.27445
2068 8.28241
2069 8.27294
2070 8.2843
2071 8.28317
2072 8.27294
2073 8.27483
2074 8.2862
2075 8.28468
2076 8.2718
2077 8.2809
2078 8.27635
2079 8.27938
2080 8.28203
2081 8.2718
2082 8.26839
2083 8.28317
2084 8.29416
2085 8.2809
2086 8.27597
2087 8.27635
2088 8.27862
2089 8.27218
2090 8.26384
2091 8.29378
2092 8.27824
2093 8.26839
2094 8.29567
2095 8.28279
2096 8.26763
2097 8.28999
2098 8.28127
2099 8.2862
2100 8.26991
2101 8.2843
2102 8.26233
2103 8.2718
2104 8.27748
2105 8.27029
2106 4.42443
2107 1.7528
2108 0.285692
2109 -0.0151558
2110 -0.0682023
2111 -0.0515304
2112 -0.0269018
2113 -0.0140191
2114 -0.00681999
2115 -0.00265207
2116 -0.00151537
2117 -0.000378665
2118 0
2119 0.000757566
2120 -0.000378665
2121 0
2122 0
2123 0
2124 0
2125 0.000378665
2126 -0.000757566
2127 0
2128 0
2129 -0.000757566
2130 0.000378665
2131 0.000378665
2132 -0.000378665
2133 0.000378665
2134 0
2135 0.000757566
2136 -0.000378665
2137 0.000378665
2138 0.000378665
2139 -0.000378665
2140 0.0011367
2141 0
2142 0
2143 0.000378665
2144 0
2145 0
2146 0.000757566
2147 0
2148 0
2149 0
2150 -2.561
2151 -6.31856
2152 -7.78378
2153 -8.27673
2154 -8.35326
2155 -8.3328
2156 -8.30969
2157 -8.30173
2158 -8.29075
2159 -8.28885
2160 -8.28923
2161 -8.28052
2162 -8.27786
2163 -8.27142
2164 -8.27483
2165 -8.26915
2166 -8.28734
2167 -8.28355
2168 -8.27976
2169 -8.27294
2170 -8.27711
2171 -8.2809
2172 -8.27976
2173 -8.2737
2174 -8.28052
2175 -8.26498
2176 -8.27559
2177 -8.27521
2178 -8.28355
2179 -8.27029
2180 -8.29075
2181 -8.27976
2182 -8.28241
2183 -8.28241
2184 -8.26233
2185 -8.26915
2186 -8.28279
2187 -8.26347
2188 -8.28203
2189 -8.28582
2190 -8.27635
2191 -8.26839
2192 -8.27483
2193 -8.27976
2194 -8.27711
2195 -8.29264
2196 -8.27104
2197 -8.26384
2198 -8.28468
2199 -8.28052
2200 -8.27104
2201 -8.28468
2202 -8.28771
2203 -8.27559
2204 -8.28506
2205 -8.29188
2206 -8.27635
2207 -8.27748
2208 -8.279
2209 -8.27066
2210 -8.26877
2211 -8.28847
2212 -8.27786
2213 -8.26195
2214 -8.26612
2215 -8.26763
2216 -8.26839
2217 -8.2718
2218 -8.28696
2219 -8.26422
2220 -8.27483
2221 -8.2665
2222 -8.27673
2223 -8.27824
2224 -8.26498
2225 -8.29075
2226 -8.27294
2227 -8.26763
2228 -8.26043
2229 -8.26157
2230 -8.28203
2231 -8.26915
2232 -8.27104
2233 -8.29416
2234 -8.27218
2235 -8.27029
2236 -8.27294
2237 -8.26536
2238 -8.28847
2239 -8.28506
2240 -8.27559
2241 -8.28317
2242 -8.27294
2243 -8.27824
2244 -8.28165
2245 -8.2843
2246 -8.26612
2247 -8.26839
2248 -8.2718
2249 -8.28923
2250 -8.27635
2251 -8.28279
2252 -8.2718
2253 -8.28734
2254 -8.26498
2255 -8.27104
2256 -8.28393
2257 -8.28203
2258 -8.279
2259 -8.27673
2260 -8.2934
2261 -8.28241
2262 -8.28241
2263 -8.28014
2264 -8.2665
2265 -8.29454
2266 -5.33152
2267 -2.33252
2268 -0.416413
2269 -0.0011367
2270 0.0659289
2271 0.0575928
2272 0.0318277
2273 0.0159139
2274 0.00719889
2275 0.00340988
2276 0.00265207
2277 -0.000378665
2278 0.000757566
2279 0
2280 0.000378665
2281 -0.000378665
2282 0
2283 0.000757566
2284 -0.000378665
2285 -0.000378665
2286 0
2287 0
2288 0
2289 -0.000378665
2290 0.000757566
2291 -0.000378665
2292 0
2293 0
2294 0.000757566
2295 0.0011367
2296 -0.000757566
2297 -0.0011367
2298 0.000378665
2299 0.000757566
2300 -0.000378665
2301 -0.000378665
2302 0.000378665
2303 0.000757566
2304 0.0011367
2305 0
2306 0
2307 -0.000378665
2308 -0.000378665
2309 0.0011367
2310 0.153076
2311 5.38912
2312 7.50187
2313 8.17935
2314 8.34228
2315 8.34531
2316 8.30666
2317 8.29075
2318 8.28696
2319 8.27748
2320 8.28279
2321 8.29832
2322 8.2843
2323 8.26157
2324 8.28734
2325 8.26384
2326 8.28393
2327 8.27521
2328 8.29491
2329 8.26688
2330 8.27597
2331 8.28468
2332 8.2737
2333 8.28317
2334 8.2843
2335 8.2718
2336 8.27748
2337 8.28582
2338 8.27256
2339 8.28582
2340 8.27597
2341 8.27748
2342 8.26006
2343 8.27066
2344 8.27483
2345 8.26763
2346 8.27029
2347 8.28014
2348 8.27029
2349 8.27294
2350 8.279
2351 8.28393
2352 8.2809
2353 8.27332
2354 8.28847
2355 8.27332
2356 8.27711
2357 8.27104
2358 8.27445
2359 8.2934
2360 8.27521
2361 8.30136
2362 8.26347
2363 8.2934
2364 8.29681
2365 8.26309
2366 8.26877
2367 8.28847
2368 8.28696
2369 8.26612
2370 8.27748
2371 8.27483
2372 8.26157
2373 8.28734
2374 8.2665
2375 8.27976
2376 8.28847
2377 8.2843
2378 8.28999
2379 8.27711
2380 8.27294
2381 8.28961
2382 8.26309
2383 8.28961
2384 8.27483
2385 8.26877
2386 8.27332
2387 8.2718
2388 8.26953
2389 8.27862
2390 8.27824
2391 8.27218
2392 8.27976
2393 8.29113
2394 8.27635
2395 8.25892
2396 8.28885
2397 8.27445
2398 8.2665
2399 8.26801
2400 8.29226
2401 8.28014
2402 8.26233
2403 8.28052
2404 8.27445
2405 8.26915
2406 8.26309
2407 8.28696
2408 8.27976
2409 8.26612
2410 8.2646
2411 8.27521
2412 8.28203
2413 8.27294
2414 8.28658
2415 8.2737
2416 8.27673
2417 8.28468
2418 8.27597
2419 8.28885
2420 8.29567
2421 8.28203
2422 8.28165
2423 8.28052
2424 8.27862
2425 8.27521
2426 7.76559
2427 2.96907
2428 0.805166
2429 0.10003
2430 -0.0469836
2431 -0.0666867
2432 -0.0397847
2433 -0.0219761
2434 -0.0102303
2435 -0.00416792
2436 -0.00189427
2437 -0.000378665
2438 -0.000757566
2439 -0.000378665
2440 0
2441 -0.000378665
2442 0
2443 0.000378665
2444 0
2445 -0.000378665
2446 -0.000378665
2447 0.000378665
2448 -0.000378665
2449 0.000378665
2450 0.000378665
2451 0
2452 0.000378665
2453 0
2454 0
2455 0
2456 0.000757566
2457 0.000378665
2458 0.000378665
2459 -0.000757566
2460 0.000378665
2461 0
2462 0.000378665
2463 -0.000378665
2464 -0.000378665
2465 0.000378665
2466 -0.000757566
2467 -0.000378665
2468 -0.000757566
2469 0.000378665
2470 0
2471 -4.36836
2472 -6.98088
2473 -8.08273
2474 -8.31878
2475 -8.35175
2476 -8.31992
2477 -8.28468
2478 -8.30742
2479 -8.27862
2480 -8.27597
2481 -8.28544
2482 -8.27673
2483 -8.28317
2484 -8.27597
2485 -8.28809
2486 -8.27635
2487 -8.26384
2488 -8.27104
2489 -8.26991
2490 -8.27218
2491 -8.28506
2492 -8.28165
2493 -8.28506
2494 -8.28127
2495 -8.28885
2496 -8.27635
2497 -8.2915
2498 -8.29113
2499 -8.29037
2500 -8.26422
2501 -8.27483
2502 -8.27597
2503 -8.27862
2504 -8.28317
2505 -8.28203
2506 -8.28544
2507 -8.27862
2508 -8.27786
2509 -8.26725
2510 -8.28696
2511 -8.28809
2512 -8.28885
2513 -8.27104
2514 -8.29719
2515 -8.28203
2516 -8.28544
2517 -8.26612
2518 -8.27407
2519 -8.279
2520 -8.26422
2521 -8.27824
2522 -8.27976
2523 -8.28052
2524 -8.28771
2525 -8.28658
2526 -8.27824
2527 -8.27597
2528 -8.28014
2529 -8.28923
2530 -8.28165
2531 -8.28809
2532 -8.28165
2533 -8.26574
2534 -8.29037
2535 -8.29037
2536 -8.27445
2537 -8.27635
2538 -8.26991
2539 -8.29075
2540 -8.2843
2541 -8.28127
2542 -8.2665
2543 -8.26763
2544 -8.26498
2545 -8.27142
2546 -8.27294
2547 -8.26991
2548 -8.27938
2549 -8.26839
2550 -8.27521
2551 -8.27938
2552 -8.28355
2553 -8.27597
2554 -8.28658
2555 -8.28885
2556 -8.26384
2557 -8.29075
2558 -8.25816
2559 -8.27407
2560 -8.28923
2561 -8.27521
2562 -8.27294
2563 -8.27521
2564 -8.27711
2565 -8.27521
2566 -8.28809
2567 -8.28203
2568 -8.27294
2569 -8.29302
2570 -8.28582
2571 -8.28696
2572 -8.26801
2573 -8.28734
2574 -8.26801
2575 -8.27824
2576 -8.27976
2577 -8.26688
2578 -8.26915
2579 -8.27483
2580 -8.2718
2581 -8.28468
2582 -8.27445
2583 -8.27521
2584 -8.27483
2585 -8.27862
2586 -8.26915
2587 -3.76628
2588 -1.14959
2589 -0.198544
2590 0.0250073
2591 0.0647922
2592 0.0462258
2593 0.0250073
2594 0.0125035
2595 0.00644109
2596 0.00340988
2597 0.00151537
2598 0.000378665
2599 0.000378665
2600 0
2601 0
2602 0
2603 0
2604 0
2605 -0.000378665
2606 -0.000378665
2607 0
2608 0.000757566
2609 0
2610 -0.000378665
2611 0
2612 0.000378665
2613 0.000378665
2614 -0.000757566
2615 0
2616 0.000378665
2617 0
2618 0
2619 0
2620 -0.000378665
2621 0.000378665
2622 -0.000378665
2623 0
2624 0.0011367
2625 -0.000378665
2626 -0.000378665
2627 -0.000757566
2628 -0.000378665
2629 0.000757566
2630 0
2631 3.48817
2632 6.5478
2633 7.89252
2634 8.29832
2635 8.34341
2636 8.33962
2637 8.31765
2638 8.28544
2639 8.28506
2640 8.27521
2641 8.27824
2642 8.29378
2643 8.28544
2644 8.27824
2645 8.28127
2646 8.29037
2647 8.28582
2648 8.27673
2649 8.26953
2650 8.27218
2651 8.28393
2652 8.27597
2653 8.27862
2654 8.27256
2655 8.27256
2656 8.27445
2657 8.27294
2658 8.27521
2659 8.29378
2660 8.26195
2661 8.27483
2662 8.29188
2663 8.27559
2664 8.27483
2665 8.29529
2666 8.27824
2667 8.28014
2668 8.2665
2669 8.26953
2670 8.27786
2671 8.26991
2672 8.27483
2673 8.28999
2674 8.27445
2675 8.28279
2676 8.2843
2677 8.27559
2678 8.25513
2679 8.28014
2680 8.26688
2681 8.28506
2682 8.28165
2683 8.2809
2684 8.2862
2685 8.27294
2686 8.28014
2687 8.28582
2688 8.26991
2689 8.27938
2690 8.28809
2691 8.27748
2692 8.28127
2693 8.29113
2694 8.27294
2695 8.28582
2696 8.26384
2697 8.26801
2698 8.26953
2699 8.2718
2700 8.26725
2701 8.27104
2702 8.27559
2703 8.28885
2704 8.26991
2705 8.2843
2706 8.26574
2707 8.27256
2708 8.26839
2709 8.28885
2710 8.27521
2711 8.27104
2712 8.28241
2713 8.26953
2714 8.28052
2715 8.27218
2716 8.28127
2717 8.28885
2718 8.27332
2719 8.27521
2720 8.28999
2721 8.27559
2722 8.28127
2723 8.27673
2724 8.2646
2725 8.27597
2726 8.28658
2727 8.26763
2728 8.27445
2729 8.28544
2730 8.28961
2731 8.27029
2732 8.279
2733 8.28734
2734 8.27824
2735 8.27938
2736 8.26839
2737 8.26384
2738 8.29113
2739 8.27142
2740 8.28014
2741 8.27786
2742 8.2718
2743 8.28317
2744 8.26498
2745 8.29681
2746 8.27445
2747 5.08031
2748 1.68952
2749 0.317898
2750 -0.00833584
2751 -0.0708546
2752 -0.0587295
2753 -0.0314488
2754 -0.0162928
2755 -0.0075778
2756 -0.00340988
2757 -0.00151537
2758 -0.000757566
2759 0
2760 0.000378665
2761 -0.000378665
2762 0
2763 0
2764 0.000378665
2765 0
2766 0.000378665
2767 0.000378665
2768 0.000757566
2769 0
2770 0
2771 0.0011367
2772 0.000378665
2773 -0.000378665
2774 0
2775 -0.000378665
2776 0.000757566
2777 -0.000378665
2778 0.000378665
2779 0.000378665
2780 -0.000378665
2781 0.000757566
2782 0
2783 0
2784 0
2785 -0.000378665
2786 -0.000757566
2787 0.000378665
2788 -0.000378665
2789 -0.000378665
2790 0
2791 -2.62276
2792 -5.63995
2793 -7.71747
2794 -8.24263
2795 -8.35516
2796 -8.32447
2797 -8.31159
2798 -8.30173
2799 -8.27559
2800 -8.29075
2801 -8.29037
2802 -8.27142
2803 -8.28468
2804 -8.28165
2805 -8.2862
2806 -8.27711
2807 -8.28241
2808 -8.28241
2809 -8.27256
2810 -8.2718
2811 -8.29264
2812 -8.26991
2813 -8.279
2814 -8.27294
2815 -8.29075
2816 -8.27294
2817 -8.28847
2818 -8.26574
2819 -8.26688
2820 -8.27483
2821 -8.26839
2822 -8.27824
2823 -8.27559
2824 -8.279
2825 -8.28468
2826 -8.26801
2827 -8.28734
2828 -8.28544
2829 -8.2809
2830 -8.28279
2831 -8.27407
2832 -8.27218
2833 -8.2862
2834 -8.28052
2835 -8.2665
2836 -8.26195
2837 -8.28734
2838 -8.2646
2839 -8.2737
2840 -8.27407
2841 -8.26915
2842 -8.25778
2843 -8.28468
2844 -8.28203
2845 -8.26953
2846 -8.27294
2847 -8.28809
2848 -8.27332
2849 -8.27066
2850 -8.28203
2851 -8.26915
2852 -8.28279
2853 -8.28317
2854 -8.28165
2855 -8.27673
2856 -8.27294
2857 -8.27407
2858 -8.27862
2859 -8.27445
2860 -8.27521
2861 -8.26195
2862 -8.28658
2863 -8.28317
2864 -8.27142
2865 -8.28014
2866 -8.2809
2867 -8.27445
2868 -8.28279
2869 -8.28885
2870 -8.25854
2871 -8.26422
2872 -8.28127
2873 -8.27142
2874 -8.27786
2875 -8.28355
2876 -8.28393
2877 -8.279
2878 -8.26915
2879 -8.28052
2880 -8.27256
2881 -8.27332
2882 -8.27786
2883 -8.28052
2884 -8.27218
2885 -8.28734
2886 -8.28317
2887 -8.28582
2888 -8.26498
2889 -8.29075
2890 -8.27711
2891 -8.28506
2892 -8.28052
2893 -8.2934
2894 -8.27483
2895 -8.27218
2896 -8.28923
2897 -8.28885
2898 -8.27635
2899 -8.26309
2900 -8.28885
2901 -8.28393
2902 -8.26688
2903 -8.27824
2904 -8.2718
2905 -8.27445
2906 -8.28771
2907 -5.67178
2908 -2.32987
2909 -0.572141
2910 -0.026144
2911 0.0666867
