0 0
1 0
2 0
3 0
4 0
5 0
6 0
7 0
8 0
9 0
10 0
11 0
12 0
13 0
14 0
15 0
16 0
17 0
18 0
19 0
20 0
21 0
22 0
23 0
24 0
25 0
26 0
27 0
28 0
29 0
30 0
31 0
32 0
33 0
34 0
35 0
36 0
37 0
38 0
39 0
40 0
41 0
42 0
43 0
44 0
45 0
46 0
47 0
48 0
49 0
50 0
51 0
52 0
53 0
54 0
55 0
56 0
57 0
58 0
59 0
60 0
61 0
62 0
63 0
64 0
65 0
66 0
67 0
68 0
69 0
70 0
71 0
72 0
73 0
74 0
75 0
76 0
77 0
78 0
79 0
80 0
81 0
82 0
83 0
84 0
85 0
86 0
87 0
88 0
89 0
90 0
91 0
92 0
93 0
94 0
95 0
96 0
97 0
98 0
99 0
100 0
101 0
102 0
103 0
104 0
105 0
106 0
107 0
108 0
109 0
110 0
111 0
112 0
113 0
114 0
115 -0.00121
116 0
117 -0.00121
118 -0.00121
119 -0.00121
120 -0.00121
121 -0.00121
122 -0.00121
123 -0.00121
124 -0.00121
125 -0.00121
126 -0.00121
127 -0.00121
128 -0.00121
129 -0.00121
130 -0.00121
131 -0.00121
132 -0.00121
133 -0.00121
134 -0.00121
135 -0.00121
136 -0.00121
137 -0.00121
138 -0.00121
139 -0.00121
140 -0.00121
141 -0.00121
142 -0.00121
143 -0.00121
144 -0.00121
145 -0.00121
146 -0.00121
147 -0.00121
148 -0.00242
149 -0.00121
150 -0.00121
151 -0.00121
152 -0.00121
153 -0.00121
154 -0.00121
155 -0.00242
156 -0.00121
157 -0.00121
158 -0.00242
159 -0.00121
160 -0.00121
161 -0.00121
162 -0.00121
163 -0.00121
164 -0.00121
165 -0.00121
166 -0.00121
167 -0.00121
168 -0.00121
169 -0.00121
170 -0.00121
171 -0.00242
172 -0.00242
173 -0.00242
174 -0.00242
175 -0.00242
176 -0.00242
177 -0.00242
178 -0.00121
179 -0.00121
180 -0.00121
181 -0.00121
182 -0.00242
183 -0.00242
184 -0.00242
185 -0.00121
186 -0.00242
187 -0.00242
188 -0.00121
189 -0.00242
190 -0.00242
191 -0.00121
192 -0.00242
193 -0.00242
194 -0.00121
195 -0.00121
196 -0.00121
197 -0.00121
198 -0.00605
199 -0.00605
200 -0.00605
201 -0.00605
202 -0.00605
203 -0.00605
204 -0.00605
205 -0.00605
206 -0.00605
207 -0.00605
208 -0.00605
209 -0.00605
210 -0.00605
211 -0.00605
212 -0.00605
213 -0.00605
214 -0.00605
215 -0.00605
216 -0.00605
217 -0.00605
218 -0.00605
219 -0.00605
220 -0.00605
221 -0.00605
222 -0.00605
223 -0.00605
224 -0.00605
225 -0.00605
226 -0.00605
227 -0.00605
228 -0.00605
229 -0.00605
230 -0.00605
231 -0.00605
232 -0.00605
233 -0.00605
234 -0.00605
235 -0.00605
236 -0.00605
237 -0.00605
238 -0.00605
239 -0.00605
240 -0.00605
241 -0.00605
242 -0.00605
243 -0.00605
244 -0.00605
245 -0.00605
246 -0.00605
247 -0.00605
248 -0.00605
249 -0.00605
250 -0.00605
251 -0.00605
252 -0.00605
253 -0.00605
254 -0.00605
255 -0.00605
256 -0.00605
257 -0.00605
258 -0.00605
259 -0.00605
260 -0.00605
261 -0.00605
262 -0.00605
263 -0.00605
264 -0.00605
265 -0.00605
266 -0.00605
267 -0.00605
268 -0.00605
269 -0.00605
270 -0.00605
271 -0.00605
272 -0.00605
273 -0.00605
274 -0.00605
275 -0.00605
276 -0.00605
277 -0.00605
278 -0.00605
279 -0.00605
280 -0.00605
281 -0.00605
282 -0.00605
283 -0.00605
284 -0.00605
285 -0.00605
286 -0.00605
287 -0.00605
288 -0.00605
289 -0.00605
290 -0.00605
291 -0.00605
292 -0.00605
293 -0.00605
294 -0.00605
295 -0.00605
296 -0.00605
297 -0.00605
298 -0.00605
299 -0.00605
300 -0.00605
301 -0.00605
302 -0.00605
303 -0.00605
304 -0.00605
305 -0.00605
306 -0.00605
307 -0.00605
308 -0.00605
309 -0.00605
310 -0.00605
311 -0.00605
312 -0.00605
313 -0.00605
314 -0.00605
315 -0.00605
316 -0.00605
317 -0.00605
318 -0.00605
319 -0.00605
320 -0.00605
321 -0.00605
322 -0.00605
323 -0.00605
324 -0.00605
325 -0.00605
326 -0.00605
327 -0.00605
328 -0.00605
329 -0.00605
330 -0.00605
331 -0.00605
332 -0.00605
333 -0.00605
334 -0.00605
335 -0.00605
336 -0.00605
337 -0.00605
338 -0.00605
339 -0.00605
340 -0.00605
341 -0.00605
342 -0.00605
343 -0.00605
344 -0.00605
345 -0.00605
346 -0.00605
347 -0.00605
348 -0.00605
349 -0.00605
350 -0.00605
351 -0.00605
352 -0.00605
353 -0.00605
354 -0.00605
355 -0.00605
356 -0.00605
357 -0.00605
