0 0
1 0
2 0
3 0
4 0
5 0
6 0
7 0
8 0
9 0
10 0
11 0
12 0
13 0
14 0
15 0
16 0
17 0
18 0
19 0
20 0
21 0
22 0
23 0
24 0
25 0
26 0
27 0
28 0
29 0
30 0
31 0
32 0
33 0
34 0
35 0
36 0
37 0
38 0
39 0
40 0
41 0
42 0
43 0
44 0
45 0
46 0
47 0
48 0
49 0
50 0
51 0
52 0
53 0
54 0
55 0
56 0
57 0
58 0
59 0
60 0
61 0
62 0
63 0
64 0
65 0
66 0
67 0
68 0
69 0
70 0
71 0
72 0
73 0
74 0
75 0
76 0
77 0
78 0
79 0
80 0
81 0
82 0
83 0
84 0
85 0
86 0
87 0
88 0
89 0
90 0
91 0
92 0
93 0
94 0
95 0
96 0
97 0
98 0
99 0
100 0
101 0
102 0
103 0
104 0
105 0
106 0
107 0
108 0
109 0
110 0
111 0.00121
112 0.00121
113 0.00121
114 0.00121
115 0.00121
116 0.00121
117 0.00121
118 0.00121
119 0.00121
120 0.00121
121 0.00121
122 0.00121
123 0.00121
124 0.00121
125 0.00121
126 0.00121
127 0.00121
128 0.00121
129 0.00121
130 0.00121
131 0.00121
132 0.00121
133 0.00121
134 0.00121
135 0.00121
136 0.00121
137 0.00121
138 0.00121
139 0.00121
140 0.00121
141 0.00121
142 0.00121
143 0.00121
144 0.00121
145 0.00121
146 0.00121
147 0.00121
148 0.00121
149 0.00121
150 0.00121
151 0.00121
152 0.00121
153 0.00121
154 0.00121
155 0.00121
156 0.00121
157 0.00121
158 0.00121
159 0.00121
160 0.00121
161 0.00121
162 0.00121
163 0.00121
164 0.00121
165 0.00121
166 0.00121
167 0.00121
168 0.00121
169 0.00121
170 0.00121
171 0.00121
172 0.00121
173 0.00121
174 0.00121
175 0.00121
176 0.00121
177 0.00121
178 0.00121
179 0.00121
180 0.00121
181 0.00121
182 0.00121
183 0.00121
184 0.00121
185 0.00121
186 0.00121
187 0.00121
188 0.00121
189 0.00121
190 0.00121
191 0.00121
192 0.00121
193 0.00121
194 0.00121
195 0.00121
196 0.00121
197 0.00121
198 0.00121
199 0.00121
200 0.00121
201 0.00121
202 0.00121
203 0.00121
204 0.00121
205 0.00121
206 0.00121
207 0.00121
208 0.00121
209 0.00121
210 0.00121
211 0.00121
212 0.00121
213 0.00121
214 0.00121
215 0.00121
216 0.00121
217 0.00121
218 0.00121
219 0.00121
220 0.00121
221 0.00121
222 0.00121
223 0.00121
224 0.00121
225 0.00121
226 0.00121
227 0.00121
228 0.00121
229 0.00121
230 0.00121
231 0.00121
232 0.00121
233 0.00121
234 0.00121
235 0.00121
236 0.00121
237 0.00121
238 0.00121
239 0.00121
240 0.00121
241 0.00121
242 0.00121
243 0.00121
244 0.00121
245 0.00121
246 0.00121
247 0.00121
248 0.00121
249 0.00121
250 0.00121
251 0.00121
252 0.00121
253 0.00121
254 0.00121
255 0.00121
256 0.00121
257 0.00121
258 0.00121
259 0.00121
260 0.00121
261 0.00121
262 0.00121
263 0.00121
264 0.00121
265 0.00121
266 0.00121
267 0.00121
268 0.00121
269 0.00121
270 0.00121
271 0.00121
272 0.00121
273 0.00121
274 0.00121
275 0.00121
276 0.00121
277 0.00121
278 0.00121
279 0.00121
280 0.00121
281 0.00121
282 0.00121
283 0.00121
284 0.00121
285 0.00121
286 0.00121
287 0.00121
288 0.00121
289 0.00121
290 0.00121
291 0.00121
292 0.00121
293 0.00121
294 0.00121
295 0.00121
296 0.00121
297 0.00121
298 0.00121
299 0.00121
300 0.00121
301 0.00121
302 0.00121
303 0.00121
304 0.00121
305 0.00121
306 0.00121
307 0.00121
308 0.00121
309 0.00121
310 0.00121
311 0.00121
312 0.00121
313 0.00121
314 0.00121
315 0.00121
316 0.00121
317 0.00121
318 0.00121
319 0.00121
320 0.00121
321 0.00121
322 0.00121
323 0.00121
324 0.00121
325 0.00121
326 0.00121
327 0.00121
328 0.00121
329 0.00121
330 0.00121
331 0.00121
332 0.00121
333 0.00121
334 0.00121
335 0.00121
336 0.00121
337 0.00121
338 0.00121
339 0.00121
340 0.00121
341 0.00121
342 0.00121
343 0.00121
344 0.00121
345 0.00121
346 0.00121
347 0.00121
348 0.00121
349 0.00121
350 0.00121
351 0.00121
352 0.00121
353 0.00121
354 0.00121
355 0.00121
356 0.00121
357 0.00121
358 0.00121
359 0.00121
360 0.00121
361 0.00121
362 0.00121
363 0.00121
364 0.00121
365 0.00121
366 0.00121
367 0.00121
368 0.00121
369 0.00121
370 0.00121
371 0.00121
372 0.00121
373 0.00121
374 0.00121
375 0.00121
376 0.00121
377 0.00121
378 0.00121
379 0.00121
380 0.00121
381 0.00121
382 0.00121
383 0.00121
384 0.00121
385 0.00121
386 0.00121
387 0.00121
388 0.00121
389 0.00121
390 0.00121
391 0.00121
392 0.00121
393 0.00121
394 0.00121
395 0.00121
