0 0
1 -0.00757803
2 -0.00378902
3 0
4 0
5 0.00378902
6 -0.00378902
7 0
8 0
9 -0.00378902
10 0.00378902
11 -0.00757803
12 0.00378902
13 0.00757803
14 -0.00378902
15 0
16 -0.00378902
17 0.00378902
18 -0.00378902
19 0
20 0.00378902
21 0
22 0
23 0.00378902
24 0
25 -0.00378902
26 -0.00378902
27 0
28 0
29 0.00378902
30 0
31 0
32 0
33 -0.00378902
34 -0.00378902
35 0
36 0
37 0
38 -0.00757803
39 -0.00378902
40 0
41 -0.00378902
42 0.00378902
43 -0.00378902
44 0
45 0
46 -0.00378902
47 -0.00378902
48 0
49 -0.00378902
50 -0.00757803
51 -0.00757803
52 0
53 0.00378902
54 0
55 0
56 0
57 -0.00757803
58 0.00757803
59 0.00757803
60 0
61 -0.00378902
62 0.00378902
63 0
64 0
65 0.00378902
66 0
67 0
68 0
69 0
70 0
71 0
72 -0.00378902
73 0
74 -0.00378902
75 0
76 0.00378902
77 -0.00378902
78 0
79 0.00378902
80 0
81 0
82 0.00757803
83 -0.00378902
84 0
85 -0.00378902
86 -0.00378902
87 0
88 -0.00378902
89 -0.00378902
90 0
91 -0.00378902
92 0.00378902
93 0
94 0.00378902
95 0.00378902
96 -0.00378902
97 0
98 0
99 -0.00378902
100 0
101 0
102 -0.00378902
103 0
104 0
105 0
106 0
107 0.00378902
108 0
109 -0.00378902
110 -0.00378902
111 -0.00378902
112 -0.00378902
113 -0.00378902
114 0
115 0.00378902
116 0.00378902
117 0
118 -0.00378902
119 -0.00378902
120 0
121 -0.00378902
122 -0.00378902
123 -0.00378902
124 -0.00378902
125 0
126 0
127 0.00378902
128 0
129 0.00378902
130 0
131 -0.00378902
132 -0.00378902
133 0
134 0.00378902
135 0.00378902
136 0
137 0
138 0
139 -0.00757803
140 -0.00757803
141 0.00378902
142 -0.00378902
143 -0.00378902
144 0.00378902
145 0.00757803
146 0.00378902
147 0
148 0.011367
149 -0.00378902
150 0
151 0
152 0.00378902
153 0
154 0
155 -0.00757803
156 0.00378902
157 0
158 -0.00378902
159 0
160 -0.00757803
161 0.00378902
162 -0.00378902
163 0.00757803
164 -0.00378902
165 0.00757803
166 -0.00757803
167 0.00378902
168 -0.00378902
169 0
170 -0.00378902
171 0
