0 0
1 0
2 0
3 0
4 0
5 0
6 0
7 0
8 0
9 0
10 0
11 0
12 0
13 0
14 0
15 0
16 0
17 0
18 0
19 0
20 0
21 0
22 0
23 0
24 0
25 0
26 0
27 0
28 0
29 0
30 0
31 0
32 0
33 0
34 0
35 0
36 0
37 0
38 0
39 0
40 0
41 0
42 0
43 0
44 0
45 0
46 0
47 0
48 0
49 0
50 0
51 0
52 0
53 0
54 0
55 0
56 0
57 0
58 0
59 0
60 0
61 0
62 0
63 0
64 0
65 0
66 0
67 0
68 0
69 0
70 0
71 0
72 0
73 0
74 0
75 0
76 0
77 0
78 0
79 0
80 0
81 0
82 0
83 0
84 0
85 0
86 0
87 0
88 0
89 0
90 0
91 0
92 0
93 0
94 0
95 0
96 0
97 0
98 0
99 0
100 0
101 0
102 0
103 0
104 -0.00363
105 -0.00726
106 -0.00968
107 -0.01331
108 -0.01573
109 -0.01936
110 -0.17424
111 -0.20691
112 -0.25168
113 -0.22506
114 -0.21659
115 -0.19239
116 -0.13068
117 -0.06171
118 -0.0242
119 0.0121
120 0.01694
121 0.01815
122 0.01936
123 0.01936
124 0.01936
125 0.01815
126 0.01815
127 0.01936
128 0.02541
129 0.03751
130 0.05808
131 0.08349
132 0.11616
133 0.15125
134 0.17666
135 0.20328
136 0.23232
137 0.25652
138 0.24684
139 0.19481
140 0.13068
141 0.07502
142 0.03993
143 0
144 -0.01936
145 -0.02662
146 -0.04719
147 -0.06776
148 -0.09196
149 -0.11979
150 -0.15851
151 -0.19602
152 -0.22869
153 -0.25289
154 -0.27104
155 -0.26257
156 -0.25773
157 -0.2541
158 -0.22143
159 -0.1452
160 -0.06776
161 -0.01694
162 0.01694
163 0.02057
164 0.01936
165 0.01936
166 0.01936
167 0.01936
168 0.01815
169 0.01815
170 0.01694
171 0.01694
172 0.01573
173 0.01573
174 0.01452
175 0.01452
176 0.01331
177 -0.00605
178 -0.04598
179 -0.08591
180 -0.13068
181 -0.16819
182 -0.20812
183 -0.23837
184 -0.25531
185 -0.25047
186 -0.24926
187 -0.25047
188 -0.25289
189 -0.2541
190 -0.25531
191 -0.25773
192 -0.25894
193 -0.25773
194 -0.25652
195 -0.24442
196 -0.17061
197 -0.09317
198 -0.04961
199 -0.00847
200 0.01089
201 0.01694
202 0.01815
203 0.01694
204 0.01694
205 0.01815
206 0.01815
207 0.01815
208 0.01815
209 0.01815
210 0.01936
211 0.02541
212 0.03388
213 0.05687
214 0.09438
215 0.12463
216 0.16335
217 0.19965
218 0.22506
219 0.24321
220 0.23474
221 0.23837
222 0.24563
223 0.25047
224 0.25168
225 0.25531
226 0.25773
227 0.26136
228 0.26378
229 0.26741
230 0.27225
231 0.27346
232 0.26499
233 0.24684
234 0.19239
235 0.11858
236 0.06413
237 0.01815
238 -0.01815
239 -0.02299
240 -0.02299
241 -0.02541
242 -0.02662
243 -0.02662
244 -0.02541
245 -0.02541
246 -0.02541
247 -0.0242
248 -0.0242
249 -0.02299
250 -0.02299
251 -0.02299
252 -0.02178
253 -0.02178
254 -0.02057
255 -0.02057
256 -0.01936
257 -0.01936
258 -0.01936
259 -0.01936
260 -0.01815
261 -0.01815
262 -0.01815
263 -0.01815
264 -0.01694
265 -0.01694
266 -0.01694
267 -0.01694
268 -0.01694
269 -0.01573
270 -0.01573
271 -0.01573
272 -0.01573
273 -0.01573
274 -0.01573
275 -0.01573
276 -0.01573
277 -0.01573
278 -0.01573
279 -0.01573
280 -0.01452
281 -0.01452
282 -0.01452
283 -0.01452
284 -0.01452
285 -0.01452
286 -0.01452
287 -0.01452
288 -0.01452
289 -0.01452
290 -0.01452
291 -0.01452
292 -0.01452
293 -0.01452
294 -0.01452
295 -0.01452
296 -0.01452
297 -0.01452
298 -0.01452
299 -0.01452
300 -0.01452
301 -0.01452
302 -0.01452
303 -0.01452
304 -0.01452
305 -0.01452
306 -0.01452
307 -0.01452
308 -0.01452
309 -0.01452
310 -0.01452
311 -0.01452
312 -0.01452
313 -0.01452
314 -0.01452
315 -0.01452
316 -0.01452
317 -0.01452
318 -0.01452
319 -0.01452
320 -0.01452
321 -0.01452
322 -0.01452
323 -0.01452
324 -0.01452
325 -0.01452
326 -0.01452
327 -0.01573
328 -0.01573
329 -0.01573
330 -0.01573
331 -0.01573
332 -0.01573
333 -0.01452
334 -0.0121
335 0.00242
336 0.04114
337 0.07502
338 0.11979
339 0.14883
340 0.17787
341 0.20933
342 0.23353
343 0.24079
344 0.24563
345 0.25894
346 0.27225
347 0.28314
348 0.29161
349 0.29645
350 0.30371
351 0.31702
352 0.31823
353 0.3267
354 0.33154
355 0.33517
356 0.33154
357 0.30976
358 0.25652
359 0.16577
360 0.09075
361 0.03025
362 -0.00968
363 -0.01936
364 -0.0242
365 -0.0242
366 -0.0242
367 -0.02662
368 -0.02662
369 -0.02541
370 -0.02541
371 -0.02541
372 -0.0242
373 -0.0242
374 -0.02662
375 -0.02904
376 -0.03509
377 -0.0484
378 -0.07502
379 -0.10527
380 -0.13794
381 -0.16819
382 -0.19965
383 -0.22748
384 -0.25652
385 -0.28193
386 -0.30129
387 -0.30734
388 -0.31581
389 -0.31823
390 -0.31823
391 -0.31823
392 -0.3146
393 -0.30855
394 -0.30371
395 -0.27588
396 -0.19602
397 -0.09438
398 -0.04356
399 0.00726
400 0.02057
401 0.0242
402 0.02178
403 0.02057
404 0.02057
405 0.02057
406 0.02057
407 0.02057
408 0.01936
409 0.01694
410 0.00605
411 -0.01815
412 -0.05566
413 -0.09438
414 -0.14036
415 -0.17424
416 -0.21175
417 -0.24563
418 -0.26862
419 -0.27709
420 -0.28556
421 -0.29403
422 -0.29403
423 -0.29282
424 -0.29403
425 -0.2904
426 -0.28435
427 -0.28072
428 -0.27709
429 -0.26983
430 -0.26136
431 -0.25531
432 -0.24684
433 -0.23958
434 -0.22627
435 -0.19118
436 -0.0968
437 -0.04114
438 -0.00605
439 0.02178
440 0.02541
441 0.01815
442 0.01815
443 0.01936
444 0.01815
445 0.01815
446 0.01694
447 0.01694
448 0.01573
449 0.01573
450 0.01452
451 0.01331
452 0.01331
453 0.01331
454 0.0121
455 0.0121
456 0.01089
457 0.01089
458 0.01089
459 0.00968
460 0.00968
461 0.00968
462 0.00968
463 0.00847
464 0.00847
465 0.00847
466 0.00847
467 0.00847
468 0.00726
469 0.00726
470 0.00726
471 0.00726
472 0.00726
473 0.00726
474 0.00726
475 0.00726
476 0.00726
477 0.00726
478 0.00726
479 0.00605
480 0.00726
481 0.00605
482 0.00605
483 0.00605
484 0.00605
485 0.00605
486 0.00605
487 0.00605
488 0.00605
489 0.00605
490 0.00605
491 0.00605
492 0.00605
493 0.00605
494 0.00605
495 0.00605
496 0.00605
497 0.00605
498 0.00605
499 0.00605
500 0.00605
501 0.00605
502 0.00605
503 0.00605
504 0.00605
505 0.00605
506 0.00605
507 0.00605
508 0.00605
509 0.00605
510 0.00605
511 0.00605
512 0.00605
513 0.00605
514 0.00605
515 0.00605
516 0.00605
517 0.00605
518 0.00605
519 0.00605
520 0.00605
521 0.00605
522 0.00605
523 0.00605
524 0.00605
525 0.00605
526 0.00605
527 0.00605
528 0.00605
529 0.00605
530 0.00605
531 0.00605
532 0.00605
533 0.00605
534 0.00605
535 0.00605
536 0.00605
537 0.00605
538 0.00605
539 0.00605
540 0.00605
541 0.00605
542 0.00605
543 0.00605
544 0.00605
545 0.00605
546 0.00605
547 0.00605
548 0.00605
549 0.00605
550 0.00605
551 0.00605
552 0.00605
553 0.00605
554 0.00605
555 0.00605
556 0.00605
557 0.00605
558 0.00605
559 0.00605
560 0.00605
561 0.00605
562 0.00605
563 0.00605
564 0.00605
565 0.00605
566 0.00605
567 0.00605
568 0.00605
569 0.00605
570 0.00605
571 0.00605
572 0.00605
573 0.00605
574 0.00605
575 0.00605
576 0.00605
577 0.00605
578 0.00605
579 0.00605
580 0.00605
581 0.00605
582 0.00605
583 0.00605
584 0.00605
585 0.00605
586 0.00605
587 0.00605
588 0.00605
589 0.00605
590 0.00605
591 0.00605
592 0.00605
593 0.00605
594 0.00605
595 0.00605
596 0.00605
597 0.00605
