0 0
1 0
2 0
3 0
4 0
5 0
6 0
7 0
8 0
9 0
10 0
11 0
12 0
13 0
14 0
15 0
16 0
17 0
18 0
19 0
20 0
21 0
22 0
23 0
24 0
25 0
26 0
27 0
28 0
29 0
30 0
31 0
32 0
33 0
34 0
35 0
36 0
37 0
38 0
39 0
40 0
41 0
42 0
43 0
44 0
45 0
46 0
47 0
48 0
49 0
50 0
51 0
52 0
53 0
54 0
55 0
56 0
57 0
58 0
59 0
60 0
61 0
62 0
63 0
64 0
65 0
66 0
67 0
68 0
69 0
70 0
71 0
72 0
73 0
74 0
75 0
76 0
77 0
78 0
79 0
80 0
81 0
82 0
83 0
84 0
85 0
86 0
87 0
88 0
89 0
90 0
91 0
92 0
93 0
94 0
95 0
96 0
97 0
98 0
99 0
100 0
101 0
102 0
103 0
104 0
105 0
106 0
107 0
108 0
109 0
110 0
111 0
112 0
113 0
114 0
115 0
116 0
117 0
118 0
119 0
120 0
121 0
122 0
123 0
124 0
125 0
126 0
127 0
128 0
129 0
130 0
131 0
132 0
133 0
134 0
135 0
136 0
137 0
138 0
139 0
140 0
141 0
142 0
143 0
144 0
145 0
146 0
147 0
148 0
149 0
150 0
151 0
152 0
153 0
154 0
155 0
156 0
157 0
158 0
159 0
160 0
161 0
162 0
163 0
164 0
165 0
166 0
167 0
168 0
169 0
170 0
171 0
172 0
173 0
174 0
175 0
176 0
177 0
178 0
179 0
180 0
181 0
182 0
183 0
184 0
185 0
186 0
187 0
188 0
189 0
190 0
191 0
192 0
193 0
194 0
195 0
196 0
197 0
198 0
199 0
200 0
201 0
202 0
203 0
204 0
205 0
206 0
207 0
208 0
209 0
210 0
211 0
212 0
213 0
214 0
215 0
216 0
217 0
218 0
219 0
220 0
221 0
222 0
223 0
224 0
225 0
226 0
227 0
228 0
229 0
230 0
231 0
232 0
233 0
234 0
235 0
236 0
237 0
238 0
239 0
240 0
241 0
242 0
243 0
244 0
245 0
246 0
247 0
248 0
249 0
250 0
251 0
252 0
253 -0.00121
254 -0.00121
255 0
256 0
257 0
258 0
259 0
260 0
261 0
262 0
263 0
264 0
265 0
266 0
267 0
268 0
269 0
270 0
271 0
272 0
273 0
274 0
275 0
276 0
277 0
278 0
279 0
280 0
281 0
282 0
283 0
284 0
285 0.00121
286 0.00121
287 0.00121
288 0.00121
289 0.00121
290 0.00121
291 0.00121
292 0.00121
293 0.00121
294 0.00121
295 0.00121
296 0.00242
297 0.00242
298 0.00242
299 0.00242
300 0.00242
301 0.00242
302 0.00242
303 0.00242
304 0.00242
305 0.00242
306 0.00242
307 0.00242
308 0.00242
309 0.00242
310 0.00242
311 0.00242
312 0.00242
313 0.00242
314 0.00363
315 0.00363
316 0.00363
317 0.00363
318 0.00363
319 0.00363
320 0.00363
321 0.00363
322 0.00363
323 0.00363
324 0.00363
325 0.00363
326 0.00363
327 0.00363
328 0.00363
329 0.00363
330 0.00363
331 0.00363
332 0.00363
333 0.00363
334 0.00363
335 0.00363
336 0.00363
337 0.00363
338 0.00363
339 0.00363
340 0.00363
341 0.00363
342 0.00363
343 0.00363
344 0.00363
345 0.00363
346 0.00363
347 0.00363
348 0.00363
349 0.00363
350 0.00363
351 0.00363
352 0.00363
353 0.00363
354 0.00363
355 0.00363
356 0.00484
357 0.00363
358 0.00484
359 0.00363
360 0.00484
361 0.00363
362 0.00484
363 0.00484
364 0.00363
365 0.00363
366 0.00363
367 0.00363
368 0.00363
369 0.00484
370 0.00484
371 0.00484
372 0.00484
373 0.00484
374 0.00363
375 0.00484
376 0.00363
377 0.00484
378 0.00363
379 0.00484
380 0.00484
381 0.00484
382 0.00363
383 0.00484
384 0.00484
385 0.00363
386 0.00363
387 0.00484
388 0.00484
389 0.00484
390 0.00484
391 0.00363
392 0.00363
393 0.00363
394 0.00484
395 0.00484
396 0.00484
397 0.00484
398 0.00484
399 0.00484
400 0.00484
401 0.00484
402 0.00484
403 0.00363
404 0.00484
405 0.00484
406 0.00484
407 0.00363
408 0.00484
409 0.00363
410 0.00363
411 0.00363
412 0.00363
413 0.00363
414 0.00363
415 0.00484
416 0.00363
417 0.00484
418 0.00363
419 0.00484
420 0.00363
421 0.00363
422 0.00484
423 0.00363
424 0.00363
425 0.00363
426 0.00363
427 0.00363
428 0.00363
429 0.00363
430 0.00363
431 0.00363
432 0.00363
433 0.00363
434 0.00363
435 0.00484
436 0.00484
437 0.00484
438 0.00363
439 0.00484
440 0.00363
441 0.00363
442 0.00484
443 0.00363
444 0.00363
445 0.00484
446 0.00363
447 0.00363
448 0.00363
449 0.00484
450 0.00363
451 0.00363
452 0.00363
453 0.00363
454 0.00363
455 0.00363
456 0.00363
457 0.00363
458 0.00363
459 0.00363
460 0.00363
461 0.00363
462 0.00363
463 0.00363
464 0.00363
465 0.00363
466 0.00363
467 0.00363
468 0.00363
469 0.00363
470 0.00363
471 0.00363
472 0.00363
473 0.00363
474 0.00363
475 0.00363
476 0.00363
477 0.00363
478 0.00363
479 0.00363
480 0.00363
481 0.00363
482 0.00363
483 0.00363
484 0.00363
485 0.00363
486 0.00363
487 0.00363
488 0.00363
489 0.00363
490 0.00363
491 0.00363
492 0.00363
493 0.00363
494 0.00363
495 0.00363
496 0.00363
497 0.00363
498 0.00363
499 0.00363
500 0.00363
501 0.00363
502 0.00363
503 0.00363
504 0.00363
505 0.00363
506 0.00363
507 0.00363
508 0.00363
509 0.00363
510 0.00363
511 0.00363
512 0.00363
513 0.00363
514 0.00363
515 0.00363
516 0.00363
517 0.00363
518 0.00363
519 0.00363
520 0.00363
521 0.00363
522 0.00363
523 0.00363
524 0.00363
525 0.00363
526 0.00363
527 0.00363
528 0.00363
529 0.00363
530 0.00363
531 0.00363
532 0.00363
533 0.00363
534 0.00363
535 0.00363
536 0.00363
537 0.00363
538 0.00363
539 0.00363
540 0.00363
541 0.00363
542 0.00363
543 0.00363
544 0.00363
545 0.00363
546 0.00363
547 0.00363
548 0.00363
549 0.00363
550 0.00363
551 0.00363
552 0.00363
553 0.00363
554 0.00363
555 0.00363
556 0.00363
557 0.00363
558 0.00363
559 0.00363
560 0.00363
561 0.00363
562 0.00363
563 0.00363
564 0.00363
565 0.00363
566 0.00363
567 0.00363
568 0.00363
569 0.00363
570 0.00363
571 0.00363
572 0.00363
573 0.01936
574 1.35762
575 1.815
576 1.815
577 1.815
578 1.815
579 1.815
580 1.815
581 1.815
582 1.815
583 1.815
584 1.815
585 1.815
586 1.815
587 1.815
588 1.815
589 1.815
590 1.815
591 1.815
592 1.815
593 1.815
594 1.815
595 1.815
596 1.815
597 1.815
598 1.815
599 1.815
600 1.815
601 1.815
602 1.815
603 1.815
604 1.815
605 1.815
606 1.815
607 1.815
608 1.815
609 1.815
610 1.815
611 1.815
612 1.815
613 1.815
614 1.815
615 1.815
616 1.815
617 1.815
618 1.815
619 1.815
620 1.815
621 1.815
622 1.815
623 1.815
624 1.815
625 1.815
626 1.815
627 1.815
628 1.815
629 1.815
630 1.815
631 1.815
632 1.815
633 1.815
634 1.815
635 1.815
636 1.815
637 1.815
638 1.815
639 1.815
640 1.815
641 1.815
642 1.815
643 1.815
644 0.00242
645 0.00121
646 0.00121
647 0
648 0
649 0
650 0
651 0
652 0
653 0
654 0
655 0
656 0
657 0
658 0
659 0
660 0
661 0
662 0
663 0
664 0
665 0
666 0
667 0
668 0
669 0
670 0
671 0
672 0
673 0
674 0
675 0
676 0
677 0
678 0
679 0
680 0
681 0
682 0
683 0
684 0
685 0
686 0
687 0
688 0
689 0
690 0
691 0
692 0
693 0
