0 -6.24184e+15
1 -6.24184e+15
2 -6.24184e+15
3 -6.24184e+15
4 -6.24184e+15
5 -6.24184e+15
6 -6.24184e+15
7 -6.24184e+15
8 -6.24184e+15
9 -6.24184e+15
10 -6.24184e+15
11 -6.24184e+15
12 -6.24184e+15
13 -6.24184e+15
14 -6.24184e+15
15 -6.24184e+15
16 -6.24184e+15
17 -6.24184e+15
18 -6.24184e+15
19 -6.24184e+15
20 -6.24184e+15
21 -6.24184e+15
22 -6.24184e+15
23 -6.24184e+15
24 -6.24184e+15
25 -6.24184e+15
26 -6.24184e+15
27 -6.24184e+15
28 -6.24184e+15
29 -6.24184e+15
30 -6.24184e+15
31 -6.24184e+15
32 -6.24184e+15
33 -6.24184e+15
34 -6.24184e+15
35 -6.24184e+15
36 -6.24184e+15
37 -6.24184e+15
38 -6.24184e+15
39 -6.24184e+15
40 -6.24184e+15
41 -6.24184e+15
42 -6.24184e+15
43 -6.24184e+15
44 -6.24184e+15
45 -6.24184e+15
46 -6.24184e+15
47 -6.24184e+15
48 -6.24184e+15
49 -6.24184e+15
50 -6.24184e+15
51 -6.24184e+15
52 -6.24184e+15
53 -6.24184e+15
54 -6.24184e+15
55 -6.24184e+15
56 -6.24184e+15
57 -6.24184e+15
58 -6.24184e+15
59 -6.24184e+15
60 -6.24184e+15
61 -6.24184e+15
62 -6.24184e+15
63 -6.24184e+15
64 -6.24184e+15
65 -6.24184e+15
66 -6.24184e+15
67 -6.24184e+15
68 -6.24184e+15
69 -6.24184e+15
70 -6.24184e+15
71 -6.24184e+15
72 -6.24184e+15
73 -6.24184e+15
74 -6.24184e+15
75 -6.24184e+15
76 -6.24184e+15
77 -6.24184e+15
78 -6.24184e+15
79 -6.24184e+15
80 -6.24184e+15
81 -6.24184e+15
82 -6.24184e+15
83 -6.24184e+15
84 -6.24184e+15
85 -6.24184e+15
86 -6.24184e+15
87 -6.24184e+15
88 -6.24184e+15
89 -6.24184e+15
90 -6.24184e+15
91 -6.24184e+15
92 -6.24184e+15
93 -6.24184e+15
94 -6.24184e+15
