0 0
1 0
2 0
3 0
4 0
5 0
6 0
7 0
8 0
9 0
10 0
11 0
12 0
13 0
14 0
15 0
16 0
17 0
18 0
19 0
20 0
21 0
22 0
23 0
24 0
25 0
26 0
27 0
28 0
29 0
30 0
31 0
32 0
33 0
34 0
35 0
36 0
37 0
38 0
39 0
40 0
41 0
42 0
43 0
44 0
45 0
46 0
47 0
48 0
49 0
50 0
51 0
52 0
53 0
54 0
55 0
56 0
57 0
58 0
59 0
60 0
61 0
62 0
63 0
64 0
65 0
66 0
67 0
68 0
69 0
70 0
71 0
72 0
73 0
74 0
75 0
76 0
77 0
78 0
79 0
80 0
81 0
82 0
83 0
84 0
85 0
86 0
87 0
88 0
89 0
90 0
91 0
92 0
93 0
94 0
95 0
96 0
97 0
98 0
99 0
100 0
101 0
102 0
103 0
104 0
105 0
106 0
107 0
108 0
109 0
110 0
111 0.00121
112 0
113 0.00121
114 0.00121
115 0.00121
116 0
117 0.00121
118 0.00121
119 0.00121
120 0.00121
121 0.00121
122 0.00121
123 0.00121
124 0.00121
125 0.00121
126 0.00121
127 0.00121
128 0.00121
129 0.00121
130 0.00121
131 0.00121
132 0.00121
133 0.00121
134 0.00121
135 0.00121
136 0.00121
137 0.00121
138 0.00121
139 0.00121
140 0.00121
141 0.00121
142 0.00121
143 0.00121
144 0.00121
145 0.00121
146 0.00121
147 0.00121
148 0.00121
149 0.00121
150 0.00121
151 0.00121
152 0.00121
153 0.00121
154 0.00121
155 0.00121
156 0.00121
157 0.00121
158 0.00121
159 0.00121
160 0.00121
161 0.00121
162 0.00121
163 0.00121
164 0.00121
165 0.00121
166 0.00121
167 0.00121
168 0.00121
169 0.00121
170 0.00121
171 0.00121
172 0.00121
173 0.00121
174 0.00121
175 0.00121
176 0.00121
177 0.00121
178 0.00121
179 0.00121
180 0.00121
181 0.00121
182 0.00121
183 0.00121
184 0.00121
185 0.00121
186 0.00121
187 0.00121
188 0.00121
189 0.00121
190 0.00121
191 0.00121
192 0.00121
193 0.00121
194 0.00121
195 0.00121
196 0.00121
197 0.00121
198 0.00121
199 0.00121
200 0.00121
201 0.00121
202 0.00121
203 0.00121
204 0.00121
205 0.00121
206 0.00121
207 0.00121
208 0.00121
209 0.00121
210 0.00121
211 0.00121
212 0.00121
213 0.00121
214 0.00121
215 0.00121
216 0.00121
217 0.00121
218 0.00121
219 0.00121
220 0.00121
221 0.00121
222 0.00121
223 0.00121
224 0.00121
225 0.00121
226 0.00121
227 0.00121
228 0.00121
229 0.00121
230 0.00121
231 0.00121
232 0.00121
233 0.00121
234 0.00121
235 0.00121
236 0.00121
237 0.00121
238 0.00121
239 0.00121
240 0.00121
241 0.00121
242 0.00121
243 0.00121
244 0.00121
245 0.00121
246 0.00121
247 0.00121
248 0.00121
249 0.00121
250 0.00121
251 0.00121
252 0.00121
253 0.00121
254 0.00121
255 0.00121
256 0.00121
257 0.00121
258 0.00121
259 0.00121
260 0.00121
261 0.00121
262 0.00121
263 0.00121
264 0.00121
265 0.00121
266 0.00121
267 0.00121
268 0.00121
269 0.00121
270 0.00121
271 0.00121
272 0.00121
273 0.00121
274 0.00121
275 0.00121
276 0.00121
277 0.00121
278 0.00121
279 0.00121
280 0.00121
281 0.00121
282 0.00121
283 0.00121
284 0.00121
285 0.00121
286 0.00121
287 0.00121
288 0.00121
289 0.00121
290 0.00121
291 0.00121
292 0.00121
293 0.00121
294 0.00121
295 0.00121
296 0.00121
297 0.00121
298 0.00121
299 0.00121
300 0.00121
301 0.00121
302 0.10527
303 0.20691
304 0.25531
305 0.16093
306 0.10769
307 0.09559
308 0.03509
309 -0.05082
310 -0.10285
311 -0.04114
312 -0.00242
313 0.01452
314 -0.02662
315 -0.03146
316 -0.02662
317 -0.02783
318 -0.02904
319 -0.02904
320 -0.02783
321 -0.02783
322 -0.02783
323 -0.02662
324 -0.02541
325 -0.02541
326 -0.0242
327 -0.0242
328 -0.02299
329 -0.02299
330 -0.02178
331 -0.02178
332 -0.02178
333 -0.02057
334 -0.02057
335 -0.02057
336 -0.01936
337 -0.01936
338 -0.01936
339 -0.01815
340 -0.01815
341 -0.01815
342 -0.01815
343 -0.01815
344 -0.01694
345 -0.01694
346 -0.01694
347 -0.01694
348 -0.01694
349 -0.01694
350 -0.01573
351 -0.01573
352 -0.01573
353 -0.01573
354 -0.01573
355 -0.01573
356 -0.01573
357 -0.01573
358 -0.01573
359 -0.01573
360 -0.01573
361 -0.01573
362 -0.01573
363 -0.01573
364 -0.01573
365 -0.01573
366 -0.01573
367 -0.01573
368 -0.01573
369 -0.01573
370 -0.01452
371 -0.01452
372 -0.01573
373 -0.01452
374 -0.01573
375 -0.01452
376 -0.01573
377 -0.01452
378 -0.01452
379 -0.01573
380 -0.01452
381 -0.01452
382 -0.01452
383 -0.01573
384 -0.01452
385 -0.01452
386 -0.01452
387 -0.01452
388 -0.01452
389 -0.01452
390 -0.01452
391 -0.01452
392 -0.01452
393 -0.01452
394 -0.01452
395 -0.01452
396 -0.01452
397 -0.01452
398 -0.01452
399 -0.01452
400 -0.01452
401 -0.01452
402 -0.01452
403 -0.01452
404 -0.01452
405 -0.01452
406 -0.01452
407 -0.01452
408 -0.01452
409 -0.01452
410 -0.01452
411 -0.01452
412 -0.01452
413 -0.01452
414 -0.01452
415 -0.01573
416 -0.01452
417 -0.01452
418 -0.01452
419 -0.01452
420 -0.01452
421 -0.01452
422 -0.01452
423 -0.01573
424 -0.01452
425 -0.01452
426 -0.01452
427 -0.01452
428 -0.01452
429 -0.01452
430 -0.01452
431 -0.01452
432 -0.01452
433 -0.01452
434 -0.01452
435 -0.01452
436 -0.01452
437 -0.01452
438 -0.01452
439 -0.01452
440 -0.01452
441 -0.01452
442 -0.01452
443 -0.01452
444 -0.01452
445 -0.01452
446 -0.01452
447 -0.01452
448 -0.01452
449 -0.01452
450 -0.01452
451 -0.01452
452 -0.01452
453 -0.01452
454 -0.01452
455 -0.01452
456 -0.01452
457 -0.01452
458 -0.01452
459 -0.01452
460 -0.01452
461 -0.01452
462 -0.0968
463 -0.18513
464 -0.25047
465 -0.17666
466 -0.11858
467 -0.09438
468 -0.09075
469 -0.07986
470 -0.09196
471 -0.09075
472 -0.08954
473 -0.09075
474 0.01331
475 0.0726
476 0.08954
477 0.01573
478 -0.00121
479 0.02904
480 0.03388
481 0.02904
482 0.0242
483 0.02541
484 0.02541
485 0.02541
486 0.02541
487 0.0242
488 0.0242
489 0.02299
490 0.02299
491 0.02178
492 0.02178
493 0.02178
494 0.02057
495 0.02057
496 0.01936
497 0.01936
498 0.01815
499 0.01815
500 0.01815
501 0.01694
502 0.01694
503 0.01694
504 0.01694
505 0.01573
506 0.01573
507 0.01573
508 0.01573
509 0.01452
510 0.01452
511 0.01452
512 0.01452
513 0.01452
514 0.01452
515 0.01452
516 0.01452
517 0.01331
518 0.01331
519 0.01331
520 0.01331
521 0.01331
522 0.01331
523 0.01331
524 0.01331
525 0.01331
526 0.01331
527 0.01331
528 0.01331
529 0.01331
530 0.01331
531 0.01331
532 0.01331
533 0.01331
534 0.01331
535 0.01331
536 0.01331
537 0.01331
538 0.01331
539 0.01331
540 0.01331
541 0.01331
542 0.01331
543 0.01331
544 0.01331
545 0.0121
546 0.01331
547 0.0121
548 0.01331
549 0.01331
550 0.01331
551 0.0121
552 0.0121
553 0.0121
554 0.01331
555 0.0121
556 0.01331
557 0.0121
558 0.01331
559 0.0121
560 0.0121
561 0.0121
562 0.0121
563 0.0121
564 0.0121
565 0.0121
566 0.0121
567 0.0121
568 0.0121
569 0.0121
570 0.01331
571 0.0121
572 0.0121
573 0.0121
574 0.01331
575 0.0121
576 0.0121
577 0.0121
578 0.0121
579 0.0121
580 0.01331
581 0.01331
582 0.01331
583 0.0121
584 0.0121
585 0.0121
586 0.01331
587 0.01331
588 0.0121
589 0.0121
590 0.0121
591 0.0121
592 0.0121
593 0.0121
594 0.0121
595 0.0121
596 0.0121
597 0.01331
598 0.0121
599 0.0121
600 0.0121
601 0.0121
602 0.0121
603 0.0121
604 0.0121
605 0.0121
606 0.0121
607 0.0121
608 0.0121
609 0.0121
610 0.0121
611 0.0121
612 0.0121
613 0.0121
614 0.0121
615 0.0121
616 0.0121
617 0.0121
618 0.0121
619 0.0121
620 0.0121
621 0.01331
622 0.0363
623 0.18392
624 0.23716
625 0.19723
626 0.13068
627 0.10406
628 0.09075
629 0.09438
630 0.09317
631 0.09075
632 0.09196
633 0.09196
634 0.0121
635 -0.05808
636 -0.09922
637 -0.02904
638 0.00121
639 0
640 -0.02783
641 -0.03388
642 -0.02904
643 -0.03025
644 -0.03025
645 -0.02904
646 -0.02783
647 -0.02783
648 -0.02662
649 -0.02662
650 -0.02541
651 -0.02541
652 -0.0242
653 -0.02299
654 -0.02299
655 -0.02178
656 -0.02178
657 -0.02057
658 -0.02057
659 -0.02057
660 -0.01936
661 -0.01936
662 -0.01815
663 -0.01815
664 -0.01815
665 -0.01815
666 -0.01694
667 -0.01694
668 -0.01694
669 -0.01694
670 -0.01694
671 -0.01573
672 -0.01573
673 -0.01573
674 -0.01573
675 -0.01573
676 -0.01573
677 -0.01573
678 -0.01452
679 -0.01452
680 -0.01452
681 -0.01452
682 -0.01452
683 -0.01452
684 -0.01452
685 -0.01452
686 -0.01452
687 -0.01452
688 -0.01452
689 -0.01452
690 -0.01452
691 -0.01452
692 -0.01452
693 -0.01452
694 -0.01452
695 -0.01452
696 -0.01452
697 -0.01452
698 -0.01452
699 -0.01452
700 -0.01452
701 -0.01452
702 -0.01452
703 -0.01452
704 -0.01452
705 -0.01452
706 -0.01452
707 -0.01452
708 -0.01452
709 -0.01452
710 -0.01452
711 -0.01452
712 -0.01452
713 -0.01452
714 -0.01452
715 -0.01452
716 -0.01452
717 -0.01452
718 -0.01452
719 -0.01452
720 -0.01452
721 -0.01452
722 -0.01452
723 -0.01452
724 -0.01452
725 -0.01452
726 -0.01452
727 -0.01452
728 -0.01452
729 -0.01452
730 -0.01452
731 -0.01452
732 -0.01452
733 -0.01452
734 -0.01452
735 -0.01452
736 -0.01452
737 -0.01452
738 -0.01452
739 -0.01452
740 -0.01452
741 -0.01452
742 -0.01452
743 -0.01452
744 -0.01452
745 -0.01452
746 -0.01452
747 -0.01452
748 -0.01452
749 -0.01452
750 -0.01452
751 -0.01452
752 -0.01452
753 -0.01452
754 -0.01452
755 -0.01452
756 -0.01452
757 -0.01452
758 -0.01452
759 -0.01452
760 -0.01452
761 -0.01452
762 -0.01452
763 -0.01452
764 -0.01452
765 -0.01452
766 -0.01452
767 -0.01452
768 -0.01452
769 -0.01452
770 -0.01452
771 -0.01452
772 -0.01452
773 -0.01452
774 -0.01452
775 -0.01452
776 -0.01452
777 -0.01452
778 -0.01452
779 -0.01452
780 -0.01452
781 -0.01452
782 -0.01452
783 -0.13794
784 -0.23353
785 -0.21175
786 -0.15004
787 -0.10406
788 -0.09196
789 -0.09075
790 -0.09317
791 -0.08712
792 -0.09317
793 -0.08591
794 -0.04114
795 0.04961
796 0.09801
797 0.03872
798 -0.00363
799 -0.01331
800 0.03267
801 0.03146
802 0.02662
803 0.02541
804 0.02541
805 0.02541
806 0.02541
807 0.02541
808 0.0242
809 0.02299
810 0.02299
811 0.02178
812 0.02178
813 0.02057
814 0.02057
815 0.02057
816 0.01936
817 0.01936
818 0.01815
819 0.01815
820 0.01694
821 0.01694
822 0.01694
823 0.01694
824 0.01573
825 0.01573
826 0.01573
827 0.01573
828 0.01452
829 0.01452
830 0.01452
831 0.01452
832 0.01452
833 0.01452
834 0.01331
835 0.01331
836 0.01331
837 0.01331
838 0.01331
839 0.01331
840 0.01331
841 0.01331
842 0.01331
843 0.01331
844 0.01331
845 0.01331
846 0.01331
847 0.01331
848 0.01331
849 0.0121
850 0.0121
851 0.0121
852 0.0121
853 0.0121
854 0.0121
855 0.0121
856 0.0121
857 0.0121
858 0.0121
859 0.0121
860 0.0121
861 0.0121
862 0.0121
863 0.0121
864 0.0121
865 0.0121
866 0.0121
867 0.0121
868 0.0121
869 0.0121
870 0.0121
871 0.0121
872 0.0121
873 0.0121
874 0.0121
875 0.0121
876 0.0121
877 0.0121
878 0.0121
879 0.0121
880 0.0121
881 0.0121
882 0.0121
883 0.0121
884 0.0121
885 0.0121
886 0.0121
887 0.0121
888 0.0121
889 0.0121
890 0.0121
891 0.0121
892 0.0121
893 0.0121
894 0.0121
895 0.0121
896 0.0121
897 0.0121
898 0.0121
899 0.0121
900 0.0121
901 0.0121
902 0.0121
903 0.0121
904 0.0121
905 0.0121
906 0.0121
907 0.0121
908 0.0121
909 0.0121
910 0.0121
911 0.0121
912 0.0121
913 0.0121
914 0.0121
915 0.0121
916 0.0121
917 0.0121
918 0.0121
919 0.0121
920 0.0121
921 0.0121
922 0.0121
923 0.0121
924 0.0121
925 0.0121
926 0.0121
927 0.0121
928 0.0121
929 0.0121
930 0.0121
931 0.0121
932 0.0121
933 0.0121
934 0.0121
935 0.0121
936 0.0121
937 0.0121
938 0.0121
939 0.0121
940 0.0121
941 0.0121
942 0.0121
943 0.13552
944 0.21538
945 0.25531
946 0.15488
947 0.11374
948 0.10285
949 0.09801
950 0.09075
951 0.09922
952 0.10043
953 0.09559
954 0.07381
955 -0.02783
956 -0.08228
957 -0.04356
958 0.00484
959 0.01815
960 -0.02904
961 -0.03267
962 -0.03025
963 -0.03025
964 -0.03025
965 -0.03025
966 -0.02904
967 -0.02783
968 -0.02783
969 -0.02662
970 -0.02541
971 -0.02541
972 -0.0242
973 -0.02299
974 -0.02299
975 -0.02178
976 -0.02178
977 -0.02057
978 -0.02057
979 -0.01936
980 -0.01936
981 -0.01815
982 -0.01815
983 -0.01694
984 -0.01694
985 -0.01694
986 -0.01694
987 -0.01573
988 -0.01573
989 -0.01573
990 -0.01452
991 -0.01573
992 -0.01452
993 -0.01452
994 -0.01452
995 -0.01452
996 -0.01452
997 -0.01452
998 -0.01331
999 -0.01331
1000 -0.01331
1001 -0.01331
1002 -0.01331
1003 -0.0121
1004 -0.0121
1005 -0.0121
1006 -0.0121
1007 -0.0121
1008 -0.01089
1009 -0.01089
1010 -0.01089
1011 -0.01089
1012 -0.00968
1013 -0.00968
1014 -0.00968
1015 -0.00968
1016 -0.00968
1017 -0.00847
1018 -0.00847
1019 -0.00847
1020 -0.00847
1021 -0.00847
1022 -0.00847
1023 -0.00847
1024 -0.00968
1025 -0.00968
1026 -0.00968
1027 -0.00968
1028 -0.01089
1029 -0.01089
1030 -0.01089
1031 -0.01089
1032 -0.01089
1033 -0.01089
1034 -0.01089
1035 -0.01089
1036 -0.01089
1037 -0.01089
1038 -0.01089
1039 -0.01089
1040 -0.00968
1041 -0.01089
1042 -0.01089
1043 -0.01089
1044 -0.01089
1045 -0.01089
1046 -0.01089
1047 -0.01089
1048 -0.01089
1049 -0.00968
1050 -0.01089
1051 -0.01089
1052 -0.01089
1053 -0.01089
1054 -0.01089
1055 -0.01089
1056 -0.01089
1057 -0.01089
1058 -0.01089
1059 -0.01089
1060 -0.01089
1061 -0.01089
1062 -0.01089
1063 -0.01089
1064 -0.01089
1065 -0.01089
1066 -0.01089
1067 -0.01089
1068 -0.01089
1069 -0.01089
1070 -0.0121
1071 -0.0121
1072 -0.0121
1073 -0.0121
1074 -0.0121
1075 -0.0121
1076 -0.0121
1077 -0.0121
1078 -0.0121
1079 -0.0121
1080 -0.0121
1081 -0.0121
1082 -0.0121
1083 -0.0121
1084 -0.0121
1085 -0.0121
1086 -0.0121
1087 -0.0121
1088 -0.0121
1089 -0.0121
1090 -0.0121
1091 -0.0121
1092 -0.0121
1093 -0.01331
1094 -0.01331
1095 -0.01331
1096 -0.0121
1097 -0.0121
1098 -0.0121
1099 -0.0121
1100 -0.0121
1101 -0.0121
1102 -0.0121
1103 -0.09317
1104 -0.20328
1105 -0.26015
1106 -0.18634
1107 -0.12584
1108 -0.10648
1109 -0.09317
1110 -0.09559
1111 -0.0968
1112 -0.0968
1113 -0.09196
1114 -0.09801
1115 -0.00121
1116 0.07502
1117 0.08107
1118 0.00605
1119 -0.01331
1120 0.02178
1121 0.03267
1122 0.02904
1123 0.0242
1124 0.0242
1125 0.0242
1126 0.0242
1127 0.0242
1128 0.0242
1129 0.0242
1130 0.02299
1131 0.02299
1132 0.02178
1133 0.02178
1134 0.02178
1135 0.02057
1136 0.02057
1137 0.01936
1138 0.01936
1139 0.01936
1140 0.01936
1141 0.01815
1142 0.01815
1143 0.01815
1144 0.01815
1145 0.01815
1146 0.01694
1147 0.01694
1148 0.01694
1149 0.01694
1150 0.01694
1151 0.01694
1152 0.01694
1153 0.01573
1154 0.01573
1155 0.01573
1156 0.01573
1157 0.01573
1158 0.01573
1159 0.01573
1160 0.01573
1161 0.01573
1162 0.01573
1163 0.01573
1164 0.01452
1165 0.01452
1166 0.01452
1167 0.01452
1168 0.01452
1169 0.01452
1170 0.01452
1171 0.01452
1172 0.01452
1173 0.01452
1174 0.01452
1175 0.01452
1176 0.01452
1177 0.01452
1178 0.01452
1179 0.01452
1180 0.01452
1181 0.01452
1182 0.01452
1183 0.01452
1184 0.01452
1185 0.01452
1186 0.01452
1187 0.01452
1188 0.01452
1189 0.01452
1190 0.01452
1191 0.01452
1192 0.01452
1193 0.01452
1194 0.01452
1195 0.01452
1196 0.01452
1197 0.01452
1198 0.01452
1199 0.01452
1200 0.01452
1201 0.01452
1202 0.01452
1203 0.01452
1204 0.01452
1205 0.01452
1206 0.01452
1207 0.01452
1208 0.01452
1209 0.01452
1210 0.01452
1211 0.01452
1212 0.01452
1213 0.01452
1214 0.01452
1215 0.01331
1216 0.01331
1217 0.01331
1218 0.01331
1219 0.01452
1220 0.01331
1221 0.01331
1222 0.01331
1223 0.01331
1224 0.01331
1225 0.01331
1226 0.01331
1227 0.01331
1228 0.01331
1229 0.01331
1230 0.01331
1231 0.01331
1232 0.01331
1233 0.01331
1234 0.01331
1235 0.01331
1236 0.01331
1237 0.01331
1238 0.01331
1239 0.01331
1240 0.01331
1241 0.01331
1242 0.01331
1243 0.01331
1244 0.01331
1245 0.01331
1246 0.01331
1247 0.01331
1248 0.01331
1249 0.01331
1250 0.01331
1251 0.01331
1252 0.01331
1253 0.01331
1254 0.01331
1255 0.01331
1256 0.01331
1257 0.01331
1258 0.01331
1259 0.01331
1260 0.01331
1261 0.01331
1262 0.01331
1263 0.04477
1264 0.19602
1265 0.25289
1266 0.20207
1267 0.1452
1268 0.11616
1269 0.1089
1270 0.10164
1271 0.11011
1272 0.10406
1273 0.11858
1274 0.12705
1275 0.0242
1276 -0.03388
1277 -0.10164
1278 -0.01936
1279 0.01936
1280 -0.00363
1281 -0.0242
1282 -0.03025
1283 -0.02662
1284 -0.02783
1285 -0.02783
1286 -0.02783
1287 -0.02783
1288 -0.02662
1289 -0.02662
1290 -0.02541
1291 -0.0242
1292 -0.0242
1293 -0.02299
1294 -0.02299
1295 -0.02178
1296 -0.02178
1297 -0.02057
1298 -0.02057
1299 -0.01936
1300 -0.01936
1301 -0.01936
1302 -0.01815
1303 -0.01815
1304 -0.01815
1305 -0.01815
1306 -0.01694
1307 -0.01694
1308 -0.01694
1309 -0.01694
1310 -0.01573
1311 -0.01573
1312 -0.01573
1313 -0.01573
1314 -0.01573
1315 -0.01573
1316 -0.01573
1317 -0.01573
1318 -0.01452
1319 -0.01452
1320 -0.01452
1321 -0.01452
1322 -0.01452
1323 -0.01452
1324 -0.01452
1325 -0.01452
1326 -0.01452
1327 -0.01452
1328 -0.01452
1329 -0.01452
1330 -0.01452
1331 -0.01452
1332 -0.01452
1333 -0.01452
1334 -0.01452
1335 -0.01452
1336 -0.01452
1337 -0.01452
1338 -0.01452
1339 -0.01452
1340 -0.01452
1341 -0.01452
1342 -0.01452
1343 -0.01452
1344 -0.01452
1345 -0.01452
1346 -0.01452
1347 -0.01452
1348 -0.01452
1349 -0.01452
1350 -0.01452
1351 -0.01452
1352 -0.01452
1353 -0.01452
1354 -0.01452
1355 -0.01452
1356 -0.01452
1357 -0.01452
1358 -0.01452
1359 -0.01452
1360 -0.01452
1361 -0.01452
1362 -0.01452
1363 -0.01452
1364 -0.01452
1365 -0.01452
1366 -0.01452
1367 -0.01452
1368 -0.01452
1369 -0.01452
1370 -0.01452
1371 -0.01452
1372 -0.01452
1373 -0.01452
1374 -0.01452
1375 -0.01452
1376 -0.01452
1377 -0.01452
1378 -0.01452
1379 -0.01452
1380 -0.01452
1381 -0.01452
1382 -0.01452
1383 -0.01452
1384 -0.01452
1385 -0.01452
1386 -0.01452
1387 -0.01452
1388 -0.01452
1389 -0.01452
1390 -0.01452
1391 -0.01452
1392 -0.01452
1393 -0.01452
1394 -0.01452
1395 -0.01452
1396 -0.01452
1397 -0.01452
1398 -0.01452
1399 -0.01452
1400 -0.01452
1401 -0.01452
1402 -0.01452
1403 -0.01452
1404 -0.01452
1405 -0.01452
1406 -0.01452
1407 -0.01452
1408 -0.01452
1409 -0.01452
1410 -0.01452
1411 -0.01452
1412 -0.01452
1413 -0.01452
1414 -0.01452
1415 -0.01452
1416 -0.01452
1417 -0.01452
1418 -0.01452
1419 -0.01452
1420 -0.01452
1421 -0.01452
1422 -0.01452
1423 -0.01573
1424 -0.14036
1425 -0.23837
1426 -0.22748
1427 -0.1573
1428 -0.11011
1429 -0.09801
1430 -0.10043
1431 -0.09559
1432 -0.09559
1433 -0.09922
1434 -0.09075
1435 -0.05445
1436 0.03388
1437 0.09196
1438 0.03025
1439 -0.00968
1440 -0.01815
1441 0.03267
1442 0.03146
1443 0.02783
1444 0.02541
1445 0.02662
1446 0.02541
1447 0.02541
1448 0.0242
1449 0.02299
1450 0.02299
1451 0.02178
1452 0.02178
1453 0.02057
1454 0.01936
1455 0.01936
1456 0.01815
1457 0.01694
1458 0.01694
1459 0.01573
1460 0.01573
1461 0.01573
1462 0.01573
1463 0.01452
1464 0.01452
1465 0.01452
1466 0.01331
1467 0.01331
1468 0.01331
1469 0.01331
1470 0.01331
1471 0.01331
1472 0.0121
1473 0.0121
1474 0.0121
1475 0.0121
1476 0.0121
1477 0.0121
1478 0.0121
1479 0.0121
1480 0.0121
1481 0.0121
1482 0.0121
1483 0.0121
1484 0.0121
1485 0.0121
1486 0.0121
1487 0.01089
1488 0.01089
1489 0.0121
1490 0.0121
1491 0.01089
1492 0.01089
1493 0.0121
1494 0.01089
1495 0.01089
1496 0.01089
1497 0.01089
1498 0.01089
1499 0.01089
1500 0.01089
1501 0.01089
1502 0.01089
1503 0.01089
1504 0.01089
1505 0.01089
1506 0.01089
1507 0.01089
1508 0.01089
1509 0.01089
1510 0.01089
1511 0.01089
1512 0.01089
1513 0.01089
1514 0.01089
1515 0.01089
1516 0.0121
1517 0.01089
1518 0.01089
1519 0.01089
1520 0.01089
1521 0.01089
1522 0.01089
1523 0.01089
1524 0.01089
1525 0.01089
1526 0.01089
1527 0.01089
1528 0.01089
1529 0.01089
1530 0.01089
1531 0.01089
1532 0.01089
1533 0.01089
1534 0.01089
1535 0.01089
1536 0.01089
1537 0.01089
1538 0.01089
1539 0.01089
1540 0.01089
1541 0.01089
1542 0.0121
1543 0.01089
1544 0.01089
1545 0.01089
1546 0.01089
1547 0.01089
1548 0.01089
1549 0.01089
1550 0.01089
1551 0.01089
1552 0.01089
1553 0.01089
1554 0.01089
1555 0.01089
1556 0.01089
1557 0.01089
1558 0.01089
1559 0.01089
1560 0.01089
1561 0.01089
1562 0.01089
1563 0.01089
1564 0.01089
1565 0.01089
1566 0.01089
1567 0.01089
1568 0.01089
1569 0.01089
1570 0.01089
1571 0.01089
1572 0.01089
1573 0.01089
1574 0.01089
1575 0.01089
1576 0.01089
1577 0.01089
1578 0.01089
1579 0.01089
1580 0.01089
1581 0.01089
1582 0.01089
1583 0.01089
1584 0.11253
1585 0.21659
1586 0.2541
1587 0.1694
1588 0.11616
1589 0.0968
1590 0.0968
1591 0.08954
1592 0.09438
1593 0.0968
1594 0.0968
1595 0.08954
1596 -0.01936
1597 -0.07502
1598 -0.05808
1599 0.00363
1600 0.01452
1601 -0.03267
1602 -0.03388
1603 -0.03267
1604 -0.03025
1605 -0.03146
1606 -0.03025
1607 -0.03025
1608 -0.02904
1609 -0.02783
1610 -0.02662
1611 -0.02662
1612 -0.02541
1613 -0.0242
1614 -0.0242
1615 -0.02299
1616 -0.02299
1617 -0.02178
1618 -0.02178
1619 -0.02057
1620 -0.02057
1621 -0.01936
1622 -0.01936
1623 -0.01936
1624 -0.01815
1625 -0.01815
1626 -0.01815
1627 -0.01694
1628 -0.01694
1629 -0.01694
1630 -0.01694
1631 -0.01694
1632 -0.01573
1633 -0.01573
1634 -0.01573
1635 -0.01573
1636 -0.01573
1637 -0.01573
1638 -0.01573
1639 -0.01573
1640 -0.01573
1641 -0.01452
1642 -0.01452
1643 -0.01452
1644 -0.01452
1645 -0.01452
1646 -0.01452
1647 -0.01452
1648 -0.01452
1649 -0.01452
1650 -0.01452
1651 -0.01452
1652 -0.01452
1653 -0.01452
1654 -0.01452
1655 -0.01452
1656 -0.01452
1657 -0.01452
1658 -0.01452
1659 -0.01452
1660 -0.01452
1661 -0.01452
1662 -0.01452
1663 -0.01452
1664 -0.01452
1665 -0.01452
1666 -0.01452
1667 -0.01452
1668 -0.01452
1669 -0.01452
1670 -0.01452
1671 -0.01452
1672 -0.01452
1673 -0.01452
1674 -0.01452
1675 -0.01452
1676 -0.01452
1677 -0.01452
1678 -0.01452
1679 -0.01452
1680 -0.01452
1681 -0.01452
1682 -0.01452
1683 -0.01452
1684 -0.01452
1685 -0.01452
1686 -0.01452
1687 -0.01452
1688 -0.01452
1689 -0.01452
1690 -0.01452
1691 -0.01452
1692 -0.01452
1693 -0.01452
1694 -0.01452
1695 -0.01452
1696 -0.01452
1697 -0.01452
1698 -0.01452
1699 -0.01452
1700 -0.01452
1701 -0.01452
1702 -0.01452
1703 -0.01452
1704 -0.01452
1705 -0.01452
1706 -0.01452
1707 -0.01452
1708 -0.01452
1709 -0.01452
1710 -0.01452
1711 -0.01452
1712 -0.01452
1713 -0.01452
1714 -0.01452
1715 -0.01452
1716 -0.01452
1717 -0.01452
1718 -0.01452
1719 -0.01452
1720 -0.01452
1721 -0.01452
1722 -0.01452
1723 -0.01452
1724 -0.01452
1725 -0.01452
1726 -0.01452
1727 -0.01452
1728 -0.01452
1729 -0.01452
1730 -0.01452
1731 -0.01452
1732 -0.01452
1733 -0.01452
1734 -0.01452
1735 -0.01452
1736 -0.01452
1737 -0.01452
1738 -0.01452
1739 -0.01452
1740 -0.01452
1741 -0.01452
1742 -0.01452
1743 -0.01452
1744 -0.09196
1745 -0.19239
1746 -0.25289
1747 -0.18029
1748 -0.12342
1749 -0.10043
1750 -0.09559
1751 -0.09075
1752 -0.09196
1753 -0.08833
1754 -0.09196
1755 -0.09317
1756 -0.01452
1757 0.07018
1758 0.10769
1759 0.01331
1760 -0.00847
1761 0.02662
1762 0.03388
1763 0.03025
1764 0.02662
1765 0.02662
1766 0.02662
1767 0.02662
1768 0.02541
1769 0.02541
1770 0.0242
1771 0.02299
1772 0.02299
1773 0.02178
1774 0.02178
1775 0.02057
1776 0.02057
1777 0.01936
1778 0.01936
1779 0.01815
1780 0.01815
1781 0.01815
1782 0.01694
1783 0.01694
1784 0.01694
1785 0.01573
1786 0.01573
1787 0.01573
1788 0.01452
1789 0.01452
1790 0.01452
1791 0.01452
1792 0.01452
1793 0.01452
1794 0.01331
1795 0.01331
1796 0.01331
1797 0.01331
1798 0.01331
1799 0.01331
1800 0.01331
1801 0.01331
1802 0.01331
1803 0.01331
1804 0.0121
1805 0.0121
1806 0.0121
1807 0.0121
1808 0.0121
1809 0.0121
1810 0.0121
1811 0.0121
1812 0.0121
1813 0.0121
1814 0.0121
1815 0.0121
1816 0.0121
1817 0.0121
1818 0.0121
1819 0.0121
1820 0.0121
1821 0.0121
1822 0.0121
1823 0.0121
1824 0.0121
1825 0.0121
1826 0.0121
1827 0.0121
1828 0.0121
1829 0.0121
1830 0.0121
1831 0.0121
1832 0.0121
1833 0.0121
1834 0.0121
1835 0.0121
1836 0.0121
1837 0.0121
1838 0.0121
1839 0.0121
1840 0.0121
1841 0.0121
1842 0.0121
1843 0.0121
1844 0.0121
1845 0.0121
1846 0.0121
1847 0.0121
1848 0.0121
1849 0.0121
1850 0.0121
1851 0.0121
1852 0.0121
1853 0.0121
1854 0.0121
1855 0.0121
1856 0.0121
1857 0.0121
1858 0.0121
1859 0.0121
1860 0.0121
1861 0.0121
1862 0.0121
1863 0.0121
1864 0.0121
1865 0.0121
1866 0.0121
1867 0.0121
1868 0.0121
1869 0.0121
1870 0.0121
1871 0.0121
1872 0.0121
1873 0.0121
1874 0.0121
1875 0.0121
1876 0.0121
1877 0.0121
1878 0.0121
1879 0.0121
1880 0.0121
1881 0.0121
1882 0.0121
1883 0.0121
1884 0.0121
1885 0.0121
1886 0.0121
1887 0.0121
1888 0.0121
1889 0.0121
1890 0.0121
1891 0.0121
1892 0.0121
1893 0.0121
1894 0.0121
1895 0.0121
1896 0.0121
1897 0.0121
1898 0.0121
1899 0.0121
1900 0.0121
1901 0.0121
1902 0.0121
1903 0.0121
1904 0.0121
1905 0.1694
1906 0.24079
1907 0.20449
1908 0.14278
1909 0.10769
1910 0.09559
1911 0.09317
1912 0.09317
1913 0.09801
1914 0.08954
1915 0.09317
1916 0.0363
1917 -0.05203
1918 -0.09922
1919 -0.03146
1920 0.00484
1921 0.01089
1922 -0.03146
1923 -0.03509
1924 -0.03025
1925 -0.03146
1926 -0.03146
1927 -0.03025
1928 -0.03025
1929 -0.02904
1930 -0.02783
1931 -0.02783
1932 -0.02662
1933 -0.02541
1934 -0.0242
1935 -0.0242
1936 -0.02299
1937 -0.02299
1938 -0.02178
1939 -0.02178
1940 -0.02057
1941 -0.02057
1942 -0.01936
1943 -0.01936
1944 -0.01936
1945 -0.01815
1946 -0.01815
1947 -0.01815
1948 -0.01694
1949 -0.01694
1950 -0.01694
1951 -0.01694
1952 -0.01573
1953 -0.01573
1954 -0.01573
1955 -0.01573
1956 -0.01573
1957 -0.01573
1958 -0.01573
1959 -0.01573
1960 -0.01573
1961 -0.01452
1962 -0.01452
1963 -0.01452
1964 -0.01452
1965 -0.01452
1966 -0.01452
1967 -0.01452
1968 -0.01452
1969 -0.01452
1970 -0.01452
1971 -0.01452
1972 -0.01452
1973 -0.01452
1974 -0.01452
1975 -0.01452
1976 -0.01452
1977 -0.01452
1978 -0.01452
1979 -0.01452
1980 -0.01452
1981 -0.01452
1982 -0.01452
1983 -0.01452
1984 -0.01452
1985 -0.01452
1986 -0.01452
1987 -0.01452
1988 -0.01452
1989 -0.01452
1990 -0.01452
1991 -0.01452
1992 -0.01452
1993 -0.01452
1994 -0.01452
1995 -0.01452
1996 -0.01452
1997 -0.01452
1998 -0.01452
1999 -0.01452
2000 -0.01452
2001 -0.01452
2002 -0.01452
2003 -0.01452
2004 -0.01452
2005 -0.01452
2006 -0.01452
2007 -0.01452
2008 -0.01452
2009 -0.01452
2010 -0.01452
2011 -0.01452
2012 -0.01452
2013 -0.01452
2014 -0.01452
2015 -0.01452
2016 -0.01452
2017 -0.01452
2018 -0.01452
2019 -0.01452
2020 -0.01452
2021 -0.01452
2022 -0.01452
2023 -0.01452
2024 -0.01452
2025 -0.01452
2026 -0.01452
2027 -0.01452
2028 -0.01452
2029 -0.01452
2030 -0.01452
2031 -0.01452
2032 -0.01452
2033 -0.01452
2034 -0.01452
2035 -0.01452
2036 -0.01452
2037 -0.01452
2038 -0.01452
2039 -0.01452
2040 -0.01452
2041 -0.01452
2042 -0.01452
2043 -0.01452
2044 -0.01452
2045 -0.01452
2046 -0.01452
2047 -0.01452
2048 -0.01452
2049 -0.01452
2050 -0.01452
2051 -0.01452
2052 -0.01452
2053 -0.01452
2054 -0.01452
2055 -0.01452
2056 -0.01452
2057 -0.01452
2058 -0.01452
2059 -0.01452
2060 -0.01452
2061 -0.01452
2062 -0.01452
2063 -0.01452
2064 -0.01452
2065 -0.14278
2066 -0.22385
2067 -0.25531
2068 -0.1573
2069 -0.10527
2070 -0.09438
2071 -0.0968
2072 -0.09196
2073 -0.09075
2074 -0.09196
2075 -0.09438
2076 -0.04961
2077 0.03388
2078 0.08954
2079 0.05203
2080 0
2081 -0.01694
2082 0.03509
2083 0.0363
2084 0.02904
2085 0.02662
2086 0.02662
2087 0.02662
2088 0.02662
2089 0.02541
2090 0.0242
2091 0.0242
2092 0.02299
2093 0.02299
2094 0.02178
2095 0.02178
2096 0.02057
2097 0.02057
2098 0.01936
2099 0.01936
2100 0.01815
2101 0.01815
2102 0.01815
2103 0.01694
2104 0.01694
2105 0.01573
2106 0.01573
2107 0.01573
2108 0.01573
2109 0.01573
2110 0.01452
2111 0.01452
2112 0.01452
2113 0.01452
2114 0.01452
2115 0.01331
2116 0.01331
2117 0.01331
2118 0.01331
2119 0.01331
2120 0.01331
2121 0.01331
2122 0.01331
2123 0.01331
2124 0.01331
2125 0.01331
2126 0.01331
2127 0.01331
2128 0.01331
2129 0.01331
2130 0.0121
2131 0.0121
2132 0.0121
2133 0.0121
2134 0.0121
2135 0.0121
2136 0.0121
2137 0.0121
2138 0.0121
2139 0.0121
2140 0.0121
2141 0.0121
2142 0.0121
2143 0.0121
2144 0.0121
2145 0.0121
2146 0.0121
2147 0.0121
2148 0.0121
2149 0.0121
2150 0.0121
2151 0.0121
2152 0.0121
2153 0.0121
2154 0.0121
2155 0.0121
2156 0.0121
2157 0.0121
2158 0.0121
2159 0.0121
2160 0.0121
2161 0.0121
2162 0.0121
2163 0.0121
2164 0.0121
2165 0.0121
2166 0.0121
2167 0.0121
2168 0.0121
2169 0.0121
2170 0.0121
2171 0.0121
2172 0.0121
2173 0.0121
2174 0.0121
2175 0.0121
2176 0.0121
2177 0.0121
2178 0.0121
2179 0.0121
2180 0.0121
2181 0.0121
2182 0.0121
2183 0.0121
2184 0.0121
2185 0.0121
2186 0.0121
2187 0.0121
2188 0.0121
2189 0.0121
2190 0.0121
2191 0.0121
2192 0.0121
2193 0.0121
2194 0.0121
2195 0.0121
2196 0.0121
2197 0.0121
2198 0.0121
2199 0.0121
2200 0.0121
2201 0.0121
2202 0.0121
2203 0.0121
2204 0.0121
2205 0.0121
2206 0.0121
2207 0.0121
2208 0.0121
2209 0.0121
2210 0.0121
2211 0.0121
2212 0.0121
2213 0.0121
2214 0.0121
2215 0.0121
2216 0.0121
2217 0.0121
2218 0.0121
2219 0.0121
2220 0.0121
2221 0.0121
2222 0.0121
2223 0.0121
2224 0.0121
2225 0.09922
2226 0.21417
2227 0.25531
2228 0.17666
2229 0.12221
2230 0.0968
2231 0.09559
2232 0.09559
2233 0.09196
2234 0.09438
2235 0.09922
2236 0.09196
2237 -0.01694
2238 -0.07381
2239 -0.08228
2240 -0.0121
2241 0.01452
2242 -0.03388
2243 -0.03267
2244 -0.03388
2245 -0.03146
2246 -0.03146
2247 -0.03146
2248 -0.03025
2249 -0.02904
2250 -0.02904
2251 -0.02783
2252 -0.02662
2253 -0.02541
2254 -0.02541
2255 -0.0242
2256 -0.0242
2257 -0.02299
2258 -0.02178
2259 -0.02178
2260 -0.02057
2261 -0.02057
2262 -0.01936
2263 -0.01936
2264 -0.01936
2265 -0.01815
2266 -0.01815
2267 -0.01815
2268 -0.01694
2269 -0.01694
2270 -0.01694
2271 -0.01694
2272 -0.01694
2273 -0.01573
2274 -0.01573
2275 -0.01573
2276 -0.01573
2277 -0.01573
2278 -0.01573
2279 -0.01573
2280 -0.01452
2281 -0.01452
2282 -0.01573
2283 -0.01452
2284 -0.01452
2285 -0.01452
2286 -0.01452
2287 -0.01452
2288 -0.01452
2289 -0.01452
2290 -0.01452
2291 -0.01452
2292 -0.01452
2293 -0.01452
2294 -0.01452
2295 -0.01452
2296 -0.01452
2297 -0.01452
2298 -0.01452
2299 -0.01452
2300 -0.01452
2301 -0.01452
2302 -0.01452
2303 -0.01452
2304 -0.01452
2305 -0.01452
2306 -0.01452
2307 -0.01452
2308 -0.01452
2309 -0.01452
2310 -0.01452
2311 -0.01452
2312 -0.01452
2313 -0.01452
2314 -0.01452
2315 -0.01452
2316 -0.01452
2317 -0.01452
2318 -0.01452
2319 -0.01452
2320 -0.01452
2321 -0.01452
2322 -0.01452
2323 -0.01452
2324 -0.01452
2325 -0.01452
2326 -0.01452
2327 -0.01452
2328 -0.01452
2329 -0.01452
2330 -0.01452
2331 -0.01452
2332 -0.01452
2333 -0.01452
2334 -0.01452
2335 -0.01452
2336 -0.01452
2337 -0.01452
2338 -0.01452
2339 -0.01452
2340 -0.01452
2341 -0.01452
2342 -0.01452
2343 -0.01452
2344 -0.01452
2345 -0.01452
2346 -0.01452
2347 -0.01452
2348 -0.01452
2349 -0.01452
2350 -0.01452
2351 -0.01452
2352 -0.01452
2353 -0.01452
2354 -0.01452
2355 -0.01452
2356 -0.01452
2357 -0.01452
2358 -0.01452
2359 -0.01452
2360 -0.01452
2361 -0.01452
2362 -0.01452
2363 -0.01452
2364 -0.01452
2365 -0.01452
2366 -0.01452
2367 -0.01452
2368 -0.01452
2369 -0.01452
2370 -0.01452
2371 -0.01452
2372 -0.01452
2373 -0.01452
2374 -0.01452
2375 -0.01452
2376 -0.01452
2377 -0.01452
2378 -0.01452
2379 -0.01452
2380 -0.01452
2381 -0.01452
2382 -0.01452
2383 -0.01452
2384 -0.01452
2385 -0.10648
2386 -0.19481
2387 -0.24563
2388 -0.18997
2389 -0.12221
2390 -0.10164
2391 -0.09559
2392 -0.09317
2393 -0.09559
2394 -0.09196
2395 -0.08954
2396 -0.09317
2397 0.00363
2398 0.06897
2399 0.10406
2400 0.02783
2401 -0.00726
2402 0.0242
2403 0.03509
2404 0.03146
2405 0.02662
2406 0.02662
2407 0.02662
2408 0.02662
2409 0.02541
2410 0.02541
2411 0.0242
2412 0.02299
2413 0.02299
2414 0.02178
2415 0.02178
2416 0.02057
2417 0.02057
2418 0.01936
2419 0.01936
2420 0.01936
2421 0.01815
2422 0.01815
2423 0.01694
2424 0.01694
2425 0.01694
2426 0.01573
2427 0.01573
2428 0.01573
2429 0.01573
2430 0.01452
2431 0.01452
2432 0.01452
2433 0.01452
2434 0.01452
2435 0.01452
2436 0.01331
2437 0.01331
2438 0.01331
2439 0.01331
2440 0.01331
2441 0.01331
2442 0.01331
2443 0.01331
2444 0.01331
2445 0.01331
2446 0.01331
2447 0.01331
2448 0.01331
2449 0.01331
2450 0.01331
2451 0.01331
2452 0.0121
2453 0.0121
2454 0.0121
2455 0.0121
2456 0.0121
2457 0.0121
2458 0.0121
2459 0.0121
2460 0.0121
2461 0.0121
2462 0.0121
2463 0.0121
2464 0.0121
2465 0.0121
2466 0.0121
2467 0.0121
2468 0.0121
2469 0.0121
2470 0.0121
2471 0.0121
2472 0.0121
2473 0.0121
2474 0.0121
2475 0.0121
2476 0.0121
2477 0.0121
2478 0.0121
2479 0.0121
2480 0.0121
2481 0.0121
2482 0.0121
2483 0.0121
2484 0.0121
2485 0.0121
2486 0.0121
2487 0.0121
2488 0.0121
2489 0.0121
2490 0.0121
2491 0.0121
2492 0.0121
2493 0.0121
2494 0.0121
2495 0.0121
2496 0.0121
2497 0.0121
2498 0.0121
2499 0.0121
2500 0.0121
2501 0.0121
2502 0.0121
2503 0.0121
2504 0.0121
2505 0.0121
2506 0.0121
2507 0.0121
2508 0.0121
2509 0.0121
2510 0.0121
2511 0.0121
2512 0.0121
2513 0.0121
2514 0.0121
2515 0.0121
2516 0.0121
2517 0.0121
2518 0.0121
2519 0.0121
2520 0.0121
2521 0.0121
2522 0.0121
2523 0.0121
2524 0.0121
2525 0.0121
2526 0.0121
2527 0.0121
2528 0.0121
2529 0.0121
2530 0.0121
2531 0.0121
2532 0.0121
2533 0.0121
2534 0.0121
2535 0.0121
2536 0.0121
2537 0.0121
2538 0.0121
2539 0.0121
2540 0.0121
2541 0.0121
2542 0.0121
2543 0.0121
2544 0.0121
2545 0.03388
2546 0.17061
2547 0.242
2548 0.2057
2549 0.14157
2550 0.10406
2551 0.09559
2552 0.09075
2553 0.09317
2554 0.09317
2555 0.09801
2556 0.10285
2557 0.02541
2558 -0.05082
2559 -0.09801
2560 -0.03388
2561 0.00363
2562 -0.00242
2563 -0.03025
2564 -0.0363
2565 -0.03025
2566 -0.03025
2567 -0.03146
2568 -0.03025
2569 -0.02904
2570 -0.02904
2571 -0.02783
2572 -0.02783
2573 -0.02662
2574 -0.02541
2575 -0.02541
2576 -0.0242
2577 -0.02299
2578 -0.02299
2579 -0.02178
2580 -0.02178
2581 -0.02057
2582 -0.02057
2583 -0.01936
2584 -0.01936
2585 -0.01815
2586 -0.01815
2587 -0.01815
2588 -0.01815
2589 -0.01694
2590 -0.01694
2591 -0.01694
2592 -0.01694
2593 -0.01694
2594 -0.01573
2595 -0.01573
2596 -0.01573
2597 -0.01573
2598 -0.01573
2599 -0.01573
2600 -0.01573
2601 -0.01573
2602 -0.01573
2603 -0.01452
2604 -0.01452
2605 -0.01452
2606 -0.01452
2607 -0.01452
2608 -0.01452
2609 -0.01452
2610 -0.01452
2611 -0.01452
2612 -0.01452
2613 -0.01452
2614 -0.01452
2615 -0.01452
2616 -0.01452
2617 -0.01452
2618 -0.01452
2619 -0.01452
2620 -0.01452
2621 -0.01452
2622 -0.01452
2623 -0.01452
2624 -0.01452
2625 -0.01452
2626 -0.01452
2627 -0.01452
2628 -0.01452
2629 -0.01452
2630 -0.01452
2631 -0.01452
2632 -0.01452
2633 -0.01452
2634 -0.01452
2635 -0.01452
2636 -0.01452
2637 -0.01452
2638 -0.01452
2639 -0.01452
2640 -0.01452
2641 -0.01452
2642 -0.01452
2643 -0.01452
2644 -0.01452
2645 -0.01452
2646 -0.01452
2647 -0.01452
2648 -0.01452
2649 -0.01452
2650 -0.01452
2651 -0.01452
2652 -0.01452
2653 -0.01452
2654 -0.01452
2655 -0.01452
2656 -0.01452
2657 -0.01452
2658 -0.01452
2659 -0.01452
2660 -0.01452
2661 -0.01452
2662 -0.01452
2663 -0.01452
2664 -0.01452
2665 -0.01452
2666 -0.01452
2667 -0.01452
2668 -0.01452
2669 -0.01452
2670 -0.01452
2671 -0.01452
2672 -0.01452
2673 -0.01452
2674 -0.01452
2675 -0.01452
2676 -0.01452
2677 -0.01452
2678 -0.01452
2679 -0.01452
2680 -0.01452
2681 -0.01452
2682 -0.01452
2683 -0.01452
2684 -0.01452
2685 -0.01452
2686 -0.01452
2687 -0.01452
2688 -0.01452
2689 -0.01452
2690 -0.01452
2691 -0.01452
2692 -0.01452
2693 -0.01452
2694 -0.01452
2695 -0.01452
2696 -0.01452
2697 -0.01452
2698 -0.01452
2699 -0.01452
2700 -0.01452
2701 -0.01452
2702 -0.01452
2703 -0.01452
2704 -0.01452
2705 -0.01452
2706 -0.1331
2707 -0.23111
2708 -0.242
2709 -0.15488
2710 -0.10527
2711 -0.09196
2712 -0.09196
2713 -0.09317
2714 -0.09196
2715 -0.09317
2716 -0.09075
2717 -0.04356
2718 0.03509
2719 0.09075
2720 0.06413
2721 0
2722 -0.01694
2723 0.03509
2724 0.03388
2725 0.02904
2726 0.02662
2727 0.02662
2728 0.02662
2729 0.02662
2730 0.02541
2731 0.02541
2732 0.0242
2733 0.02299
2734 0.02299
2735 0.02178
2736 0.02178
2737 0.02057
2738 0.02057
2739 0.01936
2740 0.01936
2741 0.01936
2742 0.01815
2743 0.01815
2744 0.01694
2745 0.01694
2746 0.01694
2747 0.01694
2748 0.01573
2749 0.01573
2750 0.01573
2751 0.01573
2752 0.01452
2753 0.01452
2754 0.01452
2755 0.01452
2756 0.01452
2757 0.01452
2758 0.01452
2759 0.01331
2760 0.01331
2761 0.01331
2762 0.01331
2763 0.01331
2764 0.01331
2765 0.01331
2766 0.01331
2767 0.01331
2768 0.01331
2769 0.01331
2770 0.01331
2771 0.01331
2772 0.01331
2773 0.01331
2774 0.01331
2775 0.01331
2776 0.01331
2777 0.01331
2778 0.01331
2779 0.01331
2780 0.01331
2781 0.01331
2782 0.01331
2783 0.01331
2784 0.01331
2785 0.01331
2786 0.01331
2787 0.01331
2788 0.01331
2789 0.01331
2790 0.01331
2791 0.01331
2792 0.01331
2793 0.01331
2794 0.01331
2795 0.01331
2796 0.0121
2797 0.01331
2798 0.01331
2799 0.01331
2800 0.01331
2801 0.01331
2802 0.0121
2803 0.01331
2804 0.01331
2805 0.0121
2806 0.01331
2807 0.01331
2808 0.01331
2809 0.01331
2810 0.01331
2811 0.01331
2812 0.01331
2813 0.01331
2814 0.0121
2815 0.01331
2816 0.01331
2817 0.0121
2818 0.0121
2819 0.01331
2820 0.0121
2821 0.01331
2822 0.01331
2823 0.0121
2824 0.0121
2825 0.01331
2826 0.01331
2827 0.01331
2828 0.01331
2829 0.0121
2830 0.0121
2831 0.0121
2832 0.0121
2833 0.0121
2834 0.01331
2835 0.0121
2836 0.0121
2837 0.0121
2838 0.0121
2839 0.0121
2840 0.01331
2841 0.01331
2842 0.01331
2843 0.0121
2844 0.0121
2845 0.01331
2846 0.0121
2847 0.0121
2848 0.0121
2849 0.0121
2850 0.01331
2851 0.0121
2852 0.0121
2853 0.0121
2854 0.0121
2855 0.0121
2856 0.0121
2857 0.0121
2858 0.0121
2859 0.01331
2860 0.01331
2861 0.0121
2862 0.01331
2863 0.0121
2864 0.0121
2865 0.0121
2866 0.11132
2867 0.21659
2868 0.2541
2869 0.16335
2870 0.11495
2871 0.10043
2872 0.0968
2873 0.09075
2874 0.09438
2875 0.09559
2876 0.08712
2877 0.09317
2878 -0.01694
2879 -0.07986
2880 -0.05687
2881 0.00121
2882 0.01573
2883 -0.03388
2884 -0.03267
2885 -0.03267
2886 -0.03025
2887 -0.03146
2888 -0.03025
2889 -0.03025
2890 -0.02904
2891 -0.02904
2892 -0.02783
2893 -0.02662
2894 -0.02541
2895 -0.02541
2896 -0.0242
2897 -0.0242
2898 -0.02299
2899 -0.02178
2900 -0.02178
2901 -0.02178
2902 -0.02057
2903 -0.02057
2904 -0.01936
2905 -0.01936
2906 -0.01936
2907 -0.01815
2908 -0.01815
2909 -0.01815
2910 -0.01815
2911 -0.01694
2912 -0.01694
2913 -0.01694
2914 -0.01694
2915 -0.01694
2916 -0.01573
2917 -0.01573
2918 -0.01573
2919 -0.01573
2920 -0.01573
2921 -0.01573
2922 -0.01573
2923 -0.01573
2924 -0.01573
2925 -0.01573
2926 -0.01573
2927 -0.01573
2928 -0.01573
2929 -0.01573
2930 -0.01573
2931 -0.01573
2932 -0.01452
2933 -0.01452
2934 -0.01452
2935 -0.01452
2936 -0.01452
2937 -0.01452
2938 -0.01452
2939 -0.01452
2940 -0.01452
2941 -0.01452
2942 -0.01452
2943 -0.01452
2944 -0.01452
2945 -0.01452
2946 -0.01452
2947 -0.01452
2948 -0.01452
2949 -0.01452
2950 -0.01452
2951 -0.01452
2952 -0.01452
2953 -0.01452
2954 -0.01452
2955 -0.01452
2956 -0.01452
2957 -0.01452
2958 -0.01452
2959 -0.01452
2960 -0.01452
2961 -0.01452
2962 -0.01452
2963 -0.01452
2964 -0.01452
2965 -0.01452
2966 -0.01452
2967 -0.01452
2968 -0.01452
2969 -0.01452
2970 -0.01452
2971 -0.01452
2972 -0.01452
2973 -0.01452
2974 -0.01452
2975 -0.01452
2976 -0.01452
2977 -0.01452
2978 -0.01452
2979 -0.01452
2980 -0.01452
2981 -0.01452
2982 -0.01452
2983 -0.01452
2984 -0.01452
2985 -0.01452
2986 -0.01452
2987 -0.01452
2988 -0.01452
2989 -0.01452
2990 -0.01452
2991 -0.01452
2992 -0.01452
2993 -0.01452
2994 -0.01452
2995 -0.01452
2996 -0.01452
2997 -0.01452
2998 -0.01452
2999 -0.01452
3000 -0.01452
3001 -0.01452
3002 -0.01452
3003 -0.01452
3004 -0.01452
3005 -0.01452
3006 -0.01452
3007 -0.01452
3008 -0.01452
3009 -0.01452
3010 -0.01452
3011 -0.01452
3012 -0.01452
3013 -0.01452
3014 -0.01452
3015 -0.01452
3016 -0.01452
3017 -0.01452
3018 -0.01452
3019 -0.01452
3020 -0.01452
3021 -0.01452
3022 -0.01452
3023 -0.01452
3024 -0.01452
3025 -0.01452
3026 -0.10285
3027 -0.19239
3028 -0.2541
3029 -0.17787
3030 -0.12463
3031 -0.10043
3032 -0.09317
3033 -0.09317
3034 -0.09196
3035 -0.09196
3036 -0.08833
3037 -0.09438
3038 0.01694
3039 0.0726
3040 0.09075
3041 0.01452
3042 -0.00847
3043 0.03025
3044 0.03509
3045 0.03025
3046 0.02662
3047 0.02662
3048 0.02662
3049 0.02662
3050 0.02541
3051 0.02541
3052 0.0242
3053 0.0242
3054 0.02299
3055 0.02178
3056 0.02178
3057 0.02057
3058 0.02057
3059 0.02057
3060 0.01936
3061 0.01936
3062 0.01815
3063 0.01815
3064 0.01694
3065 0.01694
3066 0.01694
3067 0.01694
3068 0.01573
3069 0.01573
3070 0.01573
3071 0.01573
3072 0.01452
3073 0.01452
3074 0.01452
3075 0.01452
3076 0.01452
3077 0.01452
3078 0.01452
3079 0.01452
3080 0.01331
3081 0.01331
3082 0.01331
3083 0.01331
3084 0.01331
3085 0.01331
3086 0.01331
3087 0.01331
3088 0.01331
3089 0.01331
3090 0.01331
3091 0.01331
3092 0.01331
3093 0.01331
3094 0.01331
3095 0.01331
3096 0.01331
3097 0.01331
3098 0.01331
3099 0.01331
3100 0.01331
3101 0.01331
3102 0.01331
3103 0.01331
3104 0.01331
3105 0.01331
3106 0.01331
3107 0.01331
3108 0.01331
3109 0.01331
3110 0.01331
3111 0.01331
3112 0.01331
3113 0.01331
3114 0.01331
3115 0.01331
3116 0.0121
3117 0.01331
3118 0.01331
3119 0.01331
3120 0.01331
3121 0.01331
3122 0.01331
3123 0.0121
3124 0.01331
3125 0.01331
3126 0.0121
3127 0.0121
3128 0.0121
3129 0.01331
3130 0.01331
3131 0.01331
3132 0.01331
3133 0.01331
3134 0.0121
3135 0.01331
3136 0.0121
3137 0.0121
3138 0.01331
3139 0.0121
3140 0.01331
3141 0.0121
3142 0.0121
3143 0.01331
3144 0.01331
3145 0.0121
3146 0.0121
3147 0.0121
3148 0.0121
3149 0.01331
3150 0.01331
3151 0.0121
3152 0.0121
3153 0.0121
3154 0.01331
3155 0.01331
3156 0.0121
3157 0.0121
3158 0.01331
3159 0.0121
3160 0.0121
3161 0.0121
3162 0.0121
3163 0.0121
3164 0.0121
3165 0.01331
3166 0.0121
3167 0.0121
3168 0.01331
3169 0.0121
3170 0.0121
3171 0.0121
3172 0.01331
3173 0.0121
3174 0.0121
3175 0.0121
3176 0.01331
3177 0.0121
3178 0.0121
3179 0.0121
3180 0.0121
3181 0.0121
3182 0.0121
3183 0.0121
3184 0.01331
3185 0.01331
3186 0.03388
3187 0.14762
3188 0.23232
3189 0.21054
3190 0.15004
3191 0.11374
3192 0.10164
3193 0.09438
3194 0.09196
3195 0.09559
3196 0.09438
3197 0.0968
3198 0.05082
3199 -0.04477
3200 -0.09438
3201 -0.03388
3202 0.00242
3203 0.00968
3204 -0.03025
3205 -0.03509
3206 -0.03025
3207 -0.03146
3208 -0.03146
3209 -0.03025
3210 -0.03025
3211 -0.02904
3212 -0.02783
3213 -0.02783
3214 -0.02662
3215 -0.02541
3216 -0.02541
3217 -0.0242
3218 -0.02299
3219 -0.02299
3220 -0.02178
3221 -0.02178
3222 -0.02178
3223 -0.02057
3224 -0.02057
3225 -0.01936
3226 -0.01936
3227 -0.01815
3228 -0.01815
3229 -0.01815
3230 -0.01815
3231 -0.01815
3232 -0.01694
3233 -0.01694
3234 -0.01694
3235 -0.01694
3236 -0.01694
3237 -0.01573
3238 -0.01573
3239 -0.01573
3240 -0.01573
3241 -0.01573
3242 -0.01573
3243 -0.01573
3244 -0.01573
3245 -0.01573
3246 -0.01573
3247 -0.01573
3248 -0.01573
3249 -0.01573
3250 -0.01573
3251 -0.01452
3252 -0.01452
3253 -0.01452
3254 -0.01452
3255 -0.01573
3256 -0.01573
3257 -0.01452
3258 -0.01452
3259 -0.01452
3260 -0.01452
3261 -0.01452
3262 -0.01452
3263 -0.01452
3264 -0.01452
3265 -0.01452
3266 -0.01573
3267 -0.01452
3268 -0.01452
3269 -0.01452
3270 -0.01452
3271 -0.01452
3272 -0.01452
3273 -0.01452
3274 -0.01452
3275 -0.01452
3276 -0.01452
3277 -0.01452
3278 -0.01452
3279 -0.01452
3280 -0.01452
3281 -0.01452
3282 -0.01452
3283 -0.01452
3284 -0.01452
3285 -0.01452
3286 -0.01452
3287 -0.01452
3288 -0.01452
3289 -0.01452
3290 -0.01452
3291 -0.01452
3292 -0.01452
3293 -0.01452
3294 -0.01452
3295 -0.01452
3296 -0.01452
3297 -0.01452
3298 -0.01452
3299 -0.01452
3300 -0.01452
3301 -0.01452
3302 -0.01452
3303 -0.01452
3304 -0.01452
3305 -0.01452
3306 -0.01452
3307 -0.01452
3308 -0.01452
3309 -0.01452
3310 -0.01452
3311 -0.01452
3312 -0.01452
3313 -0.01452
3314 -0.01452
3315 -0.01452
3316 -0.01452
3317 -0.01452
3318 -0.01452
3319 -0.01452
3320 -0.01452
3321 -0.01452
3322 -0.01452
3323 -0.01452
3324 -0.01452
3325 -0.01452
3326 -0.01452
3327 -0.01452
3328 -0.01452
3329 -0.01452
3330 -0.01452
3331 -0.01452
3332 -0.01452
3333 -0.01452
3334 -0.01452
3335 -0.01452
3336 -0.01452
3337 -0.01452
3338 -0.01452
3339 -0.01452
3340 -0.01452
3341 -0.01452
3342 -0.01452
3343 -0.01452
3344 -0.01452
3345 -0.01452
3346 -0.01452
3347 -0.11737
3348 -0.21417
3349 -0.25652
3350 -0.16456
3351 -0.11374
3352 -0.09922
3353 -0.09317
3354 -0.09922
3355 -0.09196
3356 -0.09196
3357 -0.09196
3358 -0.09317
3359 0.01936
3360 0.0847
3361 0.06292
3362 0.00484
3363 -0.01331
3364 0.03509
3365 0.0363
3366 0.03025
3367 0.02662
3368 0.02662
3369 0.02662
3370 0.02662
3371 0.02541
3372 0.02541
3373 0.0242
3374 0.0242
3375 0.02299
3376 0.02299
3377 0.02178
3378 0.02178
3379 0.02057
3380 0.02057
3381 0.01936
3382 0.01936
3383 0.01815
3384 0.01815
3385 0.01815
3386 0.01694
3387 0.01694
3388 0.01694
3389 0.01573
3390 0.01573
3391 0.01573
3392 0.01573
3393 0.01573
3394 0.01452
3395 0.01452
3396 0.01452
3397 0.01452
3398 0.01452
3399 0.01452
3400 0.01452
3401 0.01452
3402 0.01331
3403 0.01331
3404 0.01331
3405 0.01331
3406 0.01331
3407 0.01331
3408 0.01331
3409 0.01331
3410 0.01331
3411 0.01331
3412 0.01331
3413 0.01331
3414 0.01331
3415 0.01331
3416 0.01331
3417 0.01331
3418 0.01331
3419 0.01331
3420 0.01331
3421 0.01331
3422 0.01331
3423 0.01331
3424 0.01331
3425 0.01331
3426 0.01331
3427 0.01331
3428 0.01331
3429 0.01331
3430 0.01331
3431 0.01331
3432 0.01331
3433 0.01331
3434 0.01331
3435 0.01331
3436 0.01331
3437 0.01331
3438 0.01331
3439 0.0121
3440 0.01331
3441 0.01331
3442 0.01331
3443 0.01331
3444 0.01331
3445 0.01331
3446 0.01331
3447 0.01331
3448 0.01331
3449 0.01331
3450 0.01331
3451 0.01331
3452 0.01331
3453 0.01331
3454 0.01331
3455 0.01331
3456 0.01331
3457 0.01331
3458 0.01331
3459 0.01331
3460 0.01331
3461 0.01331
3462 0.01331
3463 0.01331
3464 0.01331
3465 0.01331
3466 0.01331
3467 0.01331
3468 0.01331
3469 0.01331
3470 0.01331
3471 0.01331
3472 0.01331
3473 0.01331
3474 0.01331
3475 0.01331
3476 0.01331
3477 0.01331
3478 0.01331
3479 0.01331
3480 0.01331
3481 0.01331
3482 0.01331
3483 0.01331
3484 0.01331
3485 0.01331
3486 0.01331
3487 0.01331
3488 0.01331
3489 0.01331
3490 0.01331
3491 0.01331
3492 0.01331
3493 0.01331
3494 0.01331
3495 0.01331
3496 0.01331
3497 0.01331
3498 0.01331
3499 0.01331
3500 0.01331
3501 0.01331
3502 0.01331
3503 0.01331
3504 0.01331
3505 0.01331
3506 0.01331
3507 0.09922
3508 0.18997
3509 0.25289
3510 0.18271
3511 0.12947
3512 0.09801
3513 0.0968
3514 0.09801
3515 0.09438
3516 0.09559
3517 0.09801
3518 0.09438
3519 -0.00968
3520 -0.06897
3521 -0.07381
3522 -0.00363
3523 0.01331
3524 -0.02783
3525 -0.03146
3526 -0.03388
3527 -0.03025
3528 -0.03146
3529 -0.03146
3530 -0.03025
3531 -0.03025
3532 -0.02904
3533 -0.02783
3534 -0.02783
3535 -0.02662
3536 -0.02541
3537 -0.02541
3538 -0.0242
3539 -0.02299
3540 -0.02299
3541 -0.02178
3542 -0.02178
3543 -0.02178
3544 -0.02057
3545 -0.02057
3546 -0.01936
3547 -0.01936
3548 -0.01936
3549 -0.01815
3550 -0.01815
3551 -0.01815
3552 -0.01694
3553 -0.01694
3554 -0.01694
3555 -0.01694
3556 -0.01694
3557 -0.01694
3558 -0.01573
3559 -0.01573
3560 -0.01573
3561 -0.01573
3562 -0.01573
3563 -0.01573
3564 -0.01573
3565 -0.01573
3566 -0.01573
3567 -0.01573
3568 -0.01573
3569 -0.01573
3570 -0.01573
3571 -0.01573
3572 -0.01573
3573 -0.01573
3574 -0.01573
3575 -0.01452
3576 -0.01573
3577 -0.01573
3578 -0.01452
3579 -0.01452
3580 -0.01452
3581 -0.01452
3582 -0.01573
3583 -0.01452
3584 -0.01452
3585 -0.01452
3586 -0.01452
3587 -0.01452
3588 -0.01452
3589 -0.01452
3590 -0.01452
3591 -0.01452
3592 -0.01573
3593 -0.01452
3594 -0.01452
3595 -0.01452
3596 -0.01452
3597 -0.01452
3598 -0.01452
3599 -0.01573
3600 -0.01452
3601 -0.01452
3602 -0.01452
3603 -0.01452
3604 -0.01452
3605 -0.01452
3606 -0.01452
3607 -0.01452
3608 -0.01452
3609 -0.01452
3610 -0.01452
3611 -0.01452
3612 -0.01452
3613 -0.01452
3614 -0.01452
3615 -0.01452
3616 -0.01452
3617 -0.01452
3618 -0.01452
3619 -0.01452
3620 -0.01452
3621 -0.01573
3622 -0.01452
3623 -0.01452
3624 -0.01452
3625 -0.01452
3626 -0.01452
3627 -0.01452
3628 -0.01452
3629 -0.01452
3630 -0.01452
3631 -0.01452
3632 -0.01573
3633 -0.01452
3634 -0.01452
3635 -0.01452
3636 -0.01452
3637 -0.01452
3638 -0.01452
3639 -0.01452
3640 -0.01452
3641 -0.01452
3642 -0.01452
3643 -0.01452
3644 -0.01452
3645 -0.01452
3646 -0.01452
3647 -0.01452
3648 -0.01452
3649 -0.01452
3650 -0.01452
3651 -0.01452
3652 -0.01452
3653 -0.01452
3654 -0.01452
3655 -0.01452
3656 -0.01452
3657 -0.01452
3658 -0.01452
3659 -0.01452
3660 -0.01452
3661 -0.01452
3662 -0.01452
3663 -0.01452
3664 -0.01452
3665 -0.01452
3666 -0.01452
3667 -0.06534
3668 -0.17666
3669 -0.24079
3670 -0.1936
3671 -0.12826
3672 -0.10285
3673 -0.09801
3674 -0.09438
3675 -0.09317
3676 -0.09559
3677 -0.09559
3678 -0.09317
3679 -0.02299
3680 0.06776
3681 0.10285
3682 0.03872
3683 -0.00121
3684 0.00363
3685 0.03388
3686 0.03025
3687 0.02783
3688 0.02662
3689 0.02662
3690 0.02662
3691 0.02662
3692 0.02541
3693 0.0242
3694 0.0242
3695 0.02299
3696 0.02299
3697 0.02178
3698 0.02178
3699 0.02057
3700 0.02057
3701 0.01936
3702 0.01936
3703 0.01936
3704 0.01815
3705 0.01815
3706 0.01694
3707 0.01694
3708 0.01694
3709 0.01694
3710 0.01573
3711 0.01573
3712 0.01573
3713 0.01573
3714 0.01573
3715 0.01452
3716 0.01452
3717 0.01452
3718 0.01452
3719 0.01452
3720 0.01452
3721 0.01452
3722 0.01452
3723 0.01331
3724 0.01331
3725 0.01331
3726 0.01331
3727 0.01331
3728 0.01331
3729 0.01331
3730 0.01331
3731 0.01331
3732 0.01331
3733 0.01331
3734 0.01331
3735 0.01331
3736 0.01331
3737 0.01331
3738 0.01331
3739 0.01331
3740 0.01331
3741 0.01331
3742 0.01331
3743 0.01331
3744 0.01331
3745 0.01331
3746 0.01331
3747 0.01331
3748 0.01331
3749 0.01331
3750 0.01331
3751 0.01331
3752 0.01331
3753 0.01331
3754 0.01331
3755 0.01331
3756 0.01331
3757 0.01331
3758 0.01331
3759 0.01331
3760 0.01331
3761 0.01331
3762 0.01331
3763 0.01331
3764 0.01331
3765 0.01331
3766 0.01331
3767 0.01331
3768 0.01331
3769 0.01331
3770 0.01331
3771 0.01331
3772 0.01331
3773 0.01331
3774 0.01331
3775 0.01331
3776 0.01331
3777 0.01331
3778 0.01331
3779 0.01331
3780 0.01331
3781 0.01331
3782 0.01331
3783 0.01331
3784 0.01331
3785 0.01331
3786 0.01331
3787 0.01331
3788 0.01331
3789 0.01331
3790 0.01331
3791 0.01331
3792 0.01331
3793 0.01331
3794 0.01331
3795 0.01331
3796 0.01331
3797 0.01331
3798 0.01331
3799 0.01331
3800 0.01331
3801 0.01331
3802 0.01331
3803 0.01331
3804 0.01331
3805 0.01331
3806 0.01331
3807 0.01331
3808 0.01331
3809 0.01331
3810 0.01331
3811 0.01331
3812 0.01331
3813 0.01331
3814 0.01331
3815 0.01331
3816 0.01331
3817 0.01331
3818 0.01331
3819 0.01331
3820 0.01331
3821 0.01331
3822 0.01331
3823 0.01331
3824 0.01331
3825 0.01331
3826 0.01331
3827 0.01331
3828 0.14399
3829 0.23232
3830 0.21659
3831 0.14883
3832 0.11132
3833 0.09438
3834 0.09196
3835 0.09438
3836 0.09922
3837 0.09317
3838 0.09922
3839 0.05203
3840 -0.04114
3841 -0.09196
3842 -0.03146
3843 0.00121
3844 0.01331
3845 -0.03146
3846 -0.03509
3847 -0.03146
3848 -0.03146
3849 -0.03146
3850 -0.03146
3851 -0.03025
3852 -0.02904
3853 -0.02904
3854 -0.02783
3855 -0.02662
3856 -0.02662
3857 -0.02541
3858 -0.0242
3859 -0.0242
3860 -0.02299
3861 -0.02299
3862 -0.02178
3863 -0.02178
3864 -0.02057
3865 -0.02057
3866 -0.01936
3867 -0.01936
3868 -0.01936
3869 -0.01815
3870 -0.01815
3871 -0.01815
3872 -0.01815
3873 -0.01815
3874 -0.01694
3875 -0.01694
3876 -0.01694
3877 -0.01694
3878 -0.01694
3879 -0.01694
3880 -0.01573
3881 -0.01573
3882 -0.01573
