0 -3.41011e-05
1 -3.41011e-05
2 -3.41011e-05
3 -3.41011e-05
4 -3.41011e-05
5 -3.41011e-05
6 -3.41011e-05
7 -3.41011e-05
8 -3.41011e-05
9 -3.41011e-05
10 -3.41011e-05
11 -3.41011e-05
12 -3.41011e-05
13 -3.41011e-05
14 -3.4338e-05
15 -3.41011e-05
16 -3.41011e-05
17 -3.41011e-05
18 -3.41011e-05
19 -3.4338e-05
20 -3.4338e-05
21 -3.41011e-05
22 -3.41011e-05
23 -3.41011e-05
24 -3.41011e-05
25 -3.41011e-05
26 -3.41011e-05
27 -3.41011e-05
28 -3.41011e-05
29 -3.4338e-05
30 -3.41011e-05
31 -3.41011e-05
32 -3.4338e-05
33 -3.4338e-05
34 -3.41011e-05
35 -3.41011e-05
36 -3.41011e-05
37 -3.4338e-05
38 -3.41011e-05
39 -3.4338e-05
40 -3.4338e-05
41 -3.4338e-05
42 -3.4338e-05
43 -3.41011e-05
44 -3.4338e-05
45 -3.4338e-05
46 -3.4338e-05
47 -3.4338e-05
48 -3.4338e-05
49 -3.4338e-05
50 -3.4338e-05
51 -3.41011e-05
52 -3.4338e-05
53 -3.4338e-05
54 -3.4338e-05
55 -3.4338e-05
56 -3.4338e-05
57 -3.4338e-05
58 -3.4338e-05
59 -3.4338e-05
60 -3.4338e-05
61 -3.4338e-05
62 -3.4338e-05
63 -3.41011e-05
64 -3.4338e-05
65 -3.4338e-05
66 -3.4338e-05
67 -3.4338e-05
68 -3.4338e-05
69 -3.4338e-05
70 -3.4338e-05
71 -3.4338e-05
72 -3.4338e-05
73 -3.4338e-05
74 -3.4338e-05
75 -3.4338e-05
76 -3.4338e-05
77 -3.4338e-05
78 -3.4338e-05
79 -3.4338e-05
80 -3.4338e-05
81 -3.4338e-05
82 -3.4338e-05
83 -3.4338e-05
84 -3.4338e-05
85 -3.4338e-05
86 -3.4338e-05
87 -3.4338e-05
88 -3.4338e-05
89 -3.4338e-05
90 -3.4338e-05
91 -3.4338e-05
92 -3.4338e-05
93 -3.4338e-05
94 -3.4338e-05
95 -3.4338e-05
96 -3.4338e-05
97 -3.4338e-05
98 -3.4338e-05
99 -3.4338e-05
100 -3.4338e-05
101 -3.4338e-05
102 -3.22066e-05
103 -3.48116e-05
104 -3.50484e-05
105 -3.50484e-05
106 -3.48116e-05
107 -3.48116e-05
108 -3.45748e-05
109 -3.45748e-05
110 -3.38643e-05
111 -3.38643e-05
112 -3.41011e-05
113 -3.36275e-05
114 -3.36275e-05
115 -3.38643e-05
116 -3.36275e-05
117 -3.36275e-05
118 -3.33907e-05
119 -3.29171e-05
120 -3.31539e-05
121 -3.33907e-05
122 -3.29171e-05
123 -3.29171e-05
124 -3.29171e-05
125 -3.26803e-05
126 -3.26803e-05
127 -3.26803e-05
128 -3.26803e-05
129 -3.26803e-05
130 -3.24435e-05
131 -3.24435e-05
132 -3.24435e-05
133 -3.24435e-05
134 -3.22066e-05
135 -3.22066e-05
136 -3.22066e-05
137 -3.22066e-05
138 -3.24435e-05
139 -3.22066e-05
140 -3.19698e-05
141 -3.19698e-05
142 -3.19698e-05
143 -3.19698e-05
144 -3.22066e-05
145 -3.19698e-05
146 -3.19698e-05
147 -3.19698e-05
148 -3.1733e-05
149 -3.1733e-05
150 -3.19698e-05
151 -3.14962e-05
152 -3.19698e-05
153 -3.19698e-05
154 -3.1733e-05
155 -3.19698e-05
156 -3.1733e-05
157 -3.1733e-05
158 -3.19698e-05
159 -3.14962e-05
160 -3.19698e-05
161 -3.19698e-05
162 -3.19698e-05
163 -3.19698e-05
164 -3.1733e-05
165 -3.19698e-05
166 -3.1733e-05
167 -3.1733e-05
168 -3.19698e-05
169 -3.19698e-05
170 -3.14962e-05
171 -3.14962e-05
172 -3.1733e-05
173 -3.1733e-05
174 -3.1733e-05
175 -3.14962e-05
176 -3.19698e-05
177 -3.1733e-05
178 -3.1733e-05
179 -3.1733e-05
180 -3.1733e-05
181 -3.1733e-05
182 -3.14962e-05
183 -3.1733e-05
184 -3.19698e-05
185 -3.19698e-05
186 -3.19698e-05
187 -3.1733e-05
188 -3.19698e-05
189 -3.19698e-05
190 -3.1733e-05
191 -3.19698e-05
192 -3.1733e-05
193 -3.1733e-05
194 -3.19698e-05
195 -3.1733e-05
196 -3.19698e-05
197 -3.19698e-05
198 -3.19698e-05
199 -3.19698e-05
200 -3.14962e-05
201 -3.19698e-05
202 -3.1733e-05
203 -3.14962e-05
204 -3.1733e-05
205 -3.1733e-05
206 -3.14962e-05
207 -3.1733e-05
208 -3.1733e-05
209 -3.1733e-05
210 -3.19698e-05
211 -3.1733e-05
212 -3.1733e-05
213 -3.1733e-05
214 -3.1733e-05
215 -3.1733e-05
216 -3.1733e-05
217 -3.14962e-05
218 -3.14962e-05
219 -3.19698e-05
220 -3.14962e-05
221 -3.14962e-05
222 -3.1733e-05
223 -3.1733e-05
224 -3.1733e-05
225 -3.22066e-05
226 -3.1733e-05
227 -3.1733e-05
228 -3.1733e-05
229 -3.19698e-05
230 -3.19698e-05
231 -3.19698e-05
232 -3.1733e-05
233 -3.19698e-05
234 -3.1733e-05
235 -3.19698e-05
236 -3.1733e-05
237 -3.14962e-05
238 -3.19698e-05
239 -3.1733e-05
240 -3.19698e-05
241 -3.1733e-05
242 -3.1733e-05
243 -3.19698e-05
244 -3.14962e-05
245 -3.12594e-05
246 -3.1733e-05
247 -3.1733e-05
248 -3.1733e-05
249 -3.1733e-05
250 -3.1733e-05
251 -3.14962e-05
252 -3.1733e-05
253 -3.14962e-05
254 -3.1733e-05
255 -3.1733e-05
256 0.0271208
257 0.186111
258 0.381824
259 0.661352
260 0.921417
261 1.18382
262 1.43694
263 1.70098
264 1.96662
265 2.21764
266 2.48638
267 2.74572
268 2.98634
269 3.23728
270 3.51212
271 3.77863
272 4.03583
273 4.28576
274 4.53984
275 4.8332
276 4.9453
277 4.99722
278 5.00593
279 5.00528
280 5.003
281 5.00162
282 5.00074
283 5.00042
284 5.00024
285 5.00013
286 5.00004
287 4.99994
288 4.99991
289 4.99992
290 4.99993
291 4.99994
292 4.99994
293 4.99994
294 4.99995
295 4.99996
296 4.99996
297 4.99996
298 4.99996
299 4.99997
300 4.99998
301 4.99998
302 4.99998
303 4.99998
304 4.99999
305 4.99999
306 4.99999
307 4.99999
308 4.99999
309 4.99999
310 4.99999
311 4.99999
312 4.99999
313 4.99999
314 5
315 5
316 4.99999
317 4.99999
318 4.99999
319 5
320 5
321 5
322 5
323 5
324 5
325 5
326 5
327 5
328 5
329 5
330 5
331 5
332 5
333 5
334 5
335 5
336 5
337 5
338 5
339 5
340 5
341 5
342 5
343 5
344 5
345 5
346 5
347 5
348 5
349 5
350 5
351 5
352 5
353 5
354 5
355 5
356 5
357 5
358 5
359 5
360 5
361 5
362 5
363 5
364 5
365 5
366 5
367 5
368 5
369 5
370 5
371 5
372 5
373 5
374 5
375 5
376 5
377 5
378 5
379 5
380 5
381 5
382 5
383 5
384 5
385 5
386 5
387 5
388 5
389 5
390 5
391 5
392 5
393 5
394 5
395 5
396 5
397 5
398 5
399 5
400 5
401 5
402 5
403 5
404 5
405 5
406 5
407 5
408 5
409 5
410 5
411 5
412 5
413 5
414 5
415 5
416 4.99982
417 4.98138
418 4.94179
419 4.89437
420 4.84005
421 4.78456
422 4.73431
423 4.68415
424 4.62904
425 4.574
426 4.52543
427 4.47275
428 4.4211
429 4.36732
430 4.31628
431 4.26774
432 4.21088
433 4.16651
434 4.10797
435 4.05986
436 4.00653
437 3.94985
438 3.90487
439 3.84633
440 3.80218
441 3.74551
442 3.69361
443 3.63906
444 3.58408
445 3.53886
446 3.4874
447 3.43571
448 3.37886
449 3.3266
450 3.27657
451 3.22493
452 3.17034
453 3.12369
454 3.07037
455 3.01369
456 2.96869
457 2.91535
458 2.86161
459 2.80956
460 2.75455
461 2.70266
462 2.65144
463 2.60143
464 2.54937
465 2.49061
466 2.44978
467 2.39146
468 2.33481
469 2.29147
470 2.23147
471 2.1825
472 2.13419
473 2.07752
474 2.02898
475 1.97608
476 1.92543
477 1.86669
478 1.81714
479 1.76545
480 1.71881
481 1.66234
482 1.60755
483 1.55737
484 1.50153
485 1.45487
486 1.40632
487 1.35446
488 1.30009
489 1.24343
490 1.19488
491 1.14281
492 1.0878
493 1.03573
494 0.984699
495 0.929689
496 0.874689
497 0.828458
498 0.778468
499 0.723474
500 0.673866
501 0.613881
502 0.570564
503 0.518267
504 0.458688
505 0.410369
506 0.360159
507 0.307881
508 0.256621
509 0.201217
510 0.148939
511 0.0989187
512 0.0438249
513 0.0127226
514 0.00139815
515 -0.00116631
516 -0.00115328
517 -0.00102493
518 -0.000715177
519 -0.000457524
520 -0.000238945
521 -9.66199e-05
522 -4.71259e-05
523 -3.33907e-05
524 -2.46286e-05
525 -9.70935e-06
526 2.84176e-06
527 6.15715e-06
528 6.63078e-06
529 8.28847e-06
530 1.04198e-05
531 1.0183e-05
532 9.47254e-06
533 9.70935e-06
534 9.47254e-06
535 8.52529e-06
536 7.34122e-06
537 7.34122e-06
538 7.81485e-06
539 6.86759e-06
540 4.73627e-06
541 4.26264e-06
542 5.2099e-06
543 5.2099e-06
544 3.31539e-06
545 1.65769e-06
546 2.13132e-06
547 3.07858e-06
548 2.13132e-06
549 9.47254e-07
550 2.36814e-07
551 7.10441e-07
552 1.42088e-06
553 2.36814e-07
554 -9.47254e-07
555 -9.47254e-07
556 -2.36814e-07
557 -2.36814e-07
558 -1.18407e-06
559 -1.89451e-06
560 -1.65769e-06
561 -1.42088e-06
562 -1.42088e-06
563 -2.13132e-06
564 -2.36814e-06
565 -2.36814e-06
566 -1.89451e-06
567 -2.13132e-06
568 -2.36814e-06
569 -2.84176e-06
570 -2.60495e-06
571 -2.36814e-06
572 -2.84176e-06
573 -2.84176e-06
574 -3.31539e-06
575 -3.31539e-06
576 -3.31539e-06
577 0.0105837
578 0.0428467
579 0.0911711
580 0.145452
581 0.199275
582 0.2479
583 0.298518
584 0.354661
585 0.409734
586 0.454988
587 0.507246
588 0.562226
589 0.615587
590 0.665582
591 0.717257
592 0.772239
593 0.824927
594 0.878069
595 0.928265
596 0.981378
597 1.02805
598 1.08638
599 1.13388
600 1.18699
601 1.24364
602 1.29221
603 1.34448
604 1.39779
605 1.44446
606 1.49406
607 1.55073
608 1.60572
609 1.65113
610 1.70591
611 1.75777
612 1.81466
613 1.8684
614 1.91837
615 1.96527
616 2.01985
617 2.0765
618 2.12317
619 2.17439
620 2.22942
621 2.28276
622 2.33564
623 2.39063
624 2.43563
625 2.49042
626 2.5421
627 2.59207
628 2.6475
629 2.70187
630 2.75352
631 2.80374
632 2.84997
633 2.90664
634 2.95496
635 3.00829
636 3.05977
637 3.11642
638 3.16765
639 3.21787
640 3.27286
641 3.32514
642 3.37682
643 3.42846
644 3.48056
645 3.53013
646 3.58013
647 3.63534
648 3.69075
649 3.73762
650 3.79095
651 3.8426
652 3.89574
653 3.95072
654 4.00217
655 4.04885
656 4.10716
657 4.15238
658 4.21029
659 4.26214
660 4.31403
661 4.3682
662 4.41651
663 4.4684
664 4.52463
665 4.57296
666 4.62295
667 4.67711
668 4.73045
669 4.77877
670 4.83046
671 4.88878
672 4.9321
673 4.97806
674 4.99575
675 5.00079
676 5.00125
677 5.00112
678 5.00081
679 5.00051
680 5.00027
681 5.00009
682 5.00002
683 5
684 5
685 4.99999
686 4.99998
687 4.99998
688 4.99998
689 4.99998
690 4.99998
691 4.99998
692 4.99998
693 4.99998
694 4.99998
695 4.99998
696 4.99999
697 4.99999
698 4.99999
699 4.99999
700 4.99999
701 4.99999
702 4.99999
703 4.99999
704 4.99999
705 4.99999
706 4.99999
707 4.99999
708 4.99999
709 4.99999
710 4.99999
711 4.99999
712 4.99999
713 4.99999
714 4.99999
715 4.99999
716 4.99999
717 4.99999
718 4.99999
719 5
720 5
721 5
722 5
723 5
724 5
725 5
726 5
727 5
728 5
729 5
730 5
731 5
732 5
733 5
734 5
735 5
736 5
737 4.99536
738 4.96584
739 4.92552
740 4.86984
741 4.82237
742 4.76359
743 4.71842
744 4.66515
745 4.60838
746 4.55836
747 4.50669
748 4.45087
749 4.39735
750 4.34711
751 4.29775
752 4.24941
753 4.1959
754 4.14173
755 4.09004
756 4.03485
757 3.98881
758 3.93048
759 3.87862
760 3.83445
761 3.77947
762 3.7278
763 3.67133
764 3.61634
765 3.5699
766 3.51613
767 3.46719
768 3.41219
769 3.35866
770 3.30472
771 3.25636
772 3.20326
773 3.15056
774 3.09889
775 3.04557
776 3.00076
777 2.94578
778 2.89245
779 2.84225
780 2.78518
781 2.73163
782 2.68141
783 2.63103
784 2.57603
785 2.53436
786 2.4727
787 2.42102
788 2.36938
789 2.32124
790 2.27126
791 2.21293
792 2.16105
793 2.10605
794 2.05607
795 2.00585
796 1.94856
797 1.90356
798 1.85171
799 1.80047
800 1.74712
801 1.69192
802 1.64297
803 1.59131
804 1.53799
805 1.4832
806 1.43487
807 1.38154
808 1.32695
809 1.28197
810 1.2253
811 1.17677
812 1.11886
813 1.06365
814 1.01866
815 0.962418
816 0.917403
817 0.858874
818 0.805971
819 0.754285
820 0.700972
821 0.648062
822 0.596381
823 0.551395
824 0.494929
825 0.439943
826 0.393275
827 0.338072
828 0.290174
829 0.235168
830 0.184981
831 0.13372
832 0.0787107
833 0.0295145
834 0.00700731
835 -0.000246523
836 -0.0012177
837 -0.00112273
838 -0.00091339
839 -0.00058114
840 -0.000371087
841 -0.000167901
842 -7.38858e-05
843 -3.9311e-05
844 -3.05489e-05
845 -1.84715e-05
846 -4.02583e-06
847 5.68352e-06
848 6.86759e-06
849 7.57803e-06
850 9.47254e-06
851 1.06566e-05
852 1.0183e-05
853 9.94617e-06
854 1.0183e-05
855 9.70935e-06
856 8.05166e-06
857 7.34122e-06
858 7.57803e-06
859 7.57803e-06
860 5.92034e-06
861 4.49946e-06
862 4.49946e-06
863 5.2099e-06
864 4.49946e-06
865 2.60495e-06
866 1.89451e-06
867 2.60495e-06
868 2.84176e-06
869 1.89451e-06
870 2.36814e-07
871 2.36814e-07
872 1.42088e-06
873 7.10441e-07
874 -4.73627e-07
875 -1.18407e-06
876 -4.73627e-07
877 -2.36814e-07
878 -7.10441e-07
879 -1.65769e-06
880 -1.89451e-06
881 -1.65769e-06
882 -1.65769e-06
883 -1.89451e-06
884 -2.60495e-06
885 -2.36814e-06
886 -2.13132e-06
887 -2.36814e-06
888 -2.60495e-06
889 -2.60495e-06
890 -2.60495e-06
891 -2.60495e-06
892 -2.84176e-06
893 -2.84176e-06
894 -2.84176e-06
895 -2.84176e-06
896 -2.84176e-06
897 1.65769e-06
898 0.0188707
899 0.0629602
900 0.109146
901 0.162691
902 0.216487
903 0.261736
904 0.3173
905 0.371139
906 0.421218
907 0.46976
908 0.52556
909 0.58223
910 0.632254
911 0.683706
912 0.728699
913 0.78701
914 0.83869
915 0.890361
916 0.944085
917 0.999499
918 1.04282
919 1.10283
920 1.15638
921 1.20427
922 1.25429
923 1.30783
924 1.36009
925 1.4151
926 1.46864
927 1.51572
928 1.57219
929 1.61695
930 1.67029
931 1.72027
932 1.77861
933 1.82738
934 1.88277
935 1.93275
936 1.98632
937 2.04089
938 2.09254
939 2.1394
940 2.19502
941 2.24171
942 2.30003
943 2.34981
944 2.40481
945 2.44815
946 2.50064
947 2.55729
948 2.61228
949 2.66874
950 2.71373
951 2.76707
952 2.82229
953 2.86788
954 2.91789
955 2.96954
956 3.02912
957 3.07518
958 3.13015
959 3.18183
960 3.23725
961 3.28515
962 3.33765
963 3.39097
964 3.4443
965 3.49972
966 3.54845
967 3.59847
968 3.65367
969 3.70177
970 3.75658
971 3.80657
972 3.86322
973 3.90822
974 3.96655
975 4.02008
976 4.06989
977 4.11509
978 4.17238
979 4.22423
980 4.27757
981 4.33153
982 4.38067
983 4.43403
984 4.48776
985 4.5365
986 4.58672
987 4.63836
988 4.69399
989 4.75066
990 4.79585
991 4.8517
992 4.89646
993 4.95168
994 4.98715
995 4.99888
996 5.00123
997 5.0012
998 5.00103
999 5.00071
1000 5.0004
1001 5.0002
1002 5.00007
1003 5.00001
1004 5
1005 5
1006 4.99999
1007 4.99998
1008 4.99998
1009 4.99998
1010 4.99998
1011 4.99998
1012 4.99998
1013 4.99998
1014 4.99998
1015 4.99998
1016 4.99998
1017 4.99999
1018 4.99999
1019 4.99999
1020 4.99999
1021 4.99999
1022 4.99999
1023 4.99999
1024 4.99999
1025 4.99999
1026 4.99999
1027 4.99999
1028 4.99999
1029 4.99999
1030 4.99999
1031 4.99999
1032 4.99999
1033 4.99999
1034 4.99999
1035 4.99999
1036 5
1037 4.99999
1038 4.99999
1039 5
1040 5
1041 5
1042 5
1043 5
1044 5
1045 5
1046 5
1047 5
1048 5
1049 5
1050 5
1051 5
1052 5
1053 5
1054 5
1055 5
1056 5
1057 5
1058 4.991
1059 4.95686
1060 4.90639
1061 4.85203
1062 4.8022
1063 4.74788
1064 4.70316
1065 4.64741
1066 4.59443
1067 4.54481
1068 4.48835
1069 4.44338
1070 4.39003
1071 4.33336
1072 4.28316
1073 4.22672
1074 4.17903
1075 4.12485
1076 4.06984
1077 4.023
1078 3.96653
1079 3.91318
1080 3.86488
1081 3.81237
1082 3.76239
1083 3.70904
1084 3.65445
1085 3.59928
1086 3.55614
1087 3.50032
1088 3.45363
1089 3.39865
1090 3.34494
1091 3.29034
1092 3.24367
1093 3.19013
1094 3.13472
1095 3.08453
1096 3.02891
1097 2.98431
1098 2.92599
1099 2.87433
1100 2.81829
1101 2.77164
1102 2.71829
1103 2.66643
1104 2.61145
1105 2.56477
1106 2.51602
1107 2.46143
1108 2.40311
1109 2.35792
1110 2.30332
1111 2.25168
1112 2.19502
1113 2.15023
1114 2.09856
1115 2.04189
1116 1.98752
1117 1.93421
1118 1.89087
1119 1.83108
1120 1.77943
1121 1.73276
1122 1.68089
1123 1.63005
1124 1.57173
1125 1.52319
1126 1.47173
1127 1.41842
1128 1.36176
1129 1.31509
1130 1.26031
1131 1.20842
1132 1.15384
1133 1.1105
1134 1.05051
1135 1.00179
1136 0.944705
1137 0.899703
1138 0.846171
1139 0.793034
1140 0.741598
1141 0.68618
1142 0.635544
1143 0.584113
1144 0.530772
1145 0.474097
1146 0.425789
1147 0.374111
1148 0.319952
1149 0.273083
1150 0.223304
1151 0.164772
1152 0.117461
1153 0.0608045
1154 0.0207029
1155 0.00349608
1156 -0.000940623
1157 -0.00119022
1158 -0.00107442
1159 -0.000807534
1160 -0.000510096
1161 -0.000275651
1162 -0.000135931
1163 -5.37567e-05
1164 -3.45748e-05
1165 -2.62863e-05
1166 -1.3972e-05
1167 7.10441e-07
1168 7.34122e-06
1169 7.57803e-06
1170 8.52529e-06
1171 1.08934e-05
1172 1.11302e-05
1173 1.0183e-05
1174 9.94617e-06
1175 1.0183e-05
1176 9.94617e-06
1177 8.05166e-06
1178 7.57803e-06
1179 7.81485e-06
1180 7.57803e-06
1181 5.44671e-06
1182 4.49946e-06
1183 4.73627e-06
1184 5.44671e-06
1185 4.26264e-06
1186 2.13132e-06
1187 1.89451e-06
1188 2.84176e-06
1189 2.60495e-06
1190 1.42088e-06
1191 0
1192 2.36814e-07
1193 9.47254e-07
1194 7.10441e-07
1195 -2.36814e-07
1196 -1.18407e-06
1197 -7.10441e-07
1198 -4.73627e-07
1199 -9.47254e-07
1200 -1.89451e-06
1201 -1.89451e-06
1202 -1.42088e-06
1203 -1.65769e-06
1204 -1.89451e-06
1205 -2.13132e-06
1206 -2.36814e-06
1207 -2.13132e-06
1208 -2.36814e-06
1209 -2.36814e-06
1210 -2.84176e-06
1211 -3.07858e-06
1212 -2.60495e-06
1213 -2.60495e-06
1214 -2.84176e-06
1215 -2.84176e-06
1216 -3.31539e-06
1217 -3.07858e-06
1218 0.00337459
1219 0.0339955
1220 0.0803764
1221 0.134753
1222 0.179095
1223 0.239544
1224 0.284919
1225 0.338173
1226 0.39494
1227 0.439982
1228 0.496854
1229 0.550771
1230 0.600989
1231 0.652885
1232 0.699136
1233 0.750778
1234 0.812651
1235 0.855992
1236 0.912654
1237 0.96763
1238 1.00847
1239 1.06513
1240 1.12012
1241 1.17012
1242 1.22177
1243 1.27512
1244 1.32866
1245 1.3851
1246 1.4301
1247 1.47862
1248 1.538
1249 1.58843
1250 1.63985
1251 1.6932
1252 1.74654
1253 1.79986
1254 1.84966
1255 1.90297
1256 1.94964
1257 2.00423
1258 2.05588
1259 2.10755
1260 2.16462
1261 2.21565
1262 2.269
1263 2.31752
1264 2.37043
1265 2.42377
1266 2.47542
1267 2.52793
1268 2.57959
1269 2.62791
1270 2.6777
1271 2.73102
1272 2.78603
1273 2.84187
1274 2.89184
1275 2.94352
1276 2.99706
1277 3.04185
1278 3.09684
1279 3.14681
1280 3.2064
1281 3.25621
1282 3.30806
1283 3.36286
1284 3.40617
1285 3.46284
1286 3.51368
1287 3.56699
1288 3.622
1289 3.67513
1290 3.7251
1291 3.77366
1292 3.83032
1293 3.88426
1294 3.93593
1295 3.98091
1296 4.03739
1297 4.09072
1298 4.1457
1299 4.19258
1300 4.24925
1301 4.29424
1302 4.34924
1303 4.40088
1304 4.45423
1305 4.50964
1306 4.55504
1307 4.60839
1308 4.66087
1309 4.71482
1310 4.76629
1311 4.81481
1312 4.87232
1313 4.91563
1314 4.97117
1315 4.99329
1316 5
1317 5.00129
1318 5.00117
1319 5.00092
1320 5.0006
1321 5.00032
1322 5.00014
1323 5.00004
1324 5
1325 5
1326 4.99999
1327 4.99999
1328 4.99998
1329 4.99998
1330 4.99998
1331 4.99998
1332 4.99998
1333 4.99998
1334 4.99998
1335 4.99998
1336 4.99998
1337 4.99998
1338 4.99999
1339 4.99999
1340 4.99999
1341 4.99999
1342 4.99999
1343 4.99999
1344 4.99999
1345 4.99999
1346 4.99999
1347 4.99999
1348 4.99999
1349 4.99999
1350 4.99999
1351 4.99999
1352 4.99999
1353 4.99999
1354 4.99999
1355 4.99999
1356 5
1357 4.99999
1358 4.99999
1359 4.99999
1360 5
1361 5
1362 5
1363 5
1364 5
1365 5
1366 5
1367 5
1368 5
1369 5
1370 5
1371 5
1372 5
1373 5
1374 5
1375 5
1376 5
1377 5
1378 4.99968
1379 4.97627
1380 4.9331
1381 4.88173
1382 4.831
1383 4.78079
1384 4.72384
1385 4.67852
1386 4.62862
1387 4.57023
1388 4.51669
1389 4.46109
1390 4.41777
1391 4.36607
1392 4.30939
1393 4.25609
1394 4.20796
1395 4.15861
1396 4.10361
1397 4.04839
1398 3.99841
1399 3.94549
1400 3.88881
1401 3.84509
1402 3.79383
1403 3.74051
1404 3.68363
1405 3.63134
1406 3.57803
1407 3.52803
1408 3.47156
1409 3.42824
1410 3.37657
1411 3.32389
1412 3.26389
1413 3.2172
1414 3.16535
1415 3.11369
1416 3.05722
1417 3.01182
1418 2.96118
1419 2.90787
1420 2.85101
1421 2.79475
1422 2.75309
1423 2.69974
1424 2.64518
1425 2.58853
1426 2.53852
1427 2.48874
1428 2.43541
1429 2.38207
1430 2.33022
1431 2.27813
1432 2.22959
1433 2.17606
1434 2.12313
1435 2.07316
1436 2.01649
1437 1.97066
1438 1.92066
1439 1.86212
1440 1.80754
1441 1.75902
1442 1.70733
1443 1.66047
1444 1.60256
1445 1.54568
1446 1.50049
1447 1.44901
1448 1.39362
1449 1.3455
1450 1.28654
1451 1.23656
1452 1.18987
1453 1.13676
1454 1.08344
1455 1.0301
1456 0.977406
1457 0.922413
1458 0.869073
1459 0.823675
1460 0.765973
1461 0.719093
1462 0.664103
1463 0.613256
1464 0.558268
1465 0.513267
1466 0.459106
1467 0.407461
1468 0.349131
1469 0.300997
1470 0.24602
1471 0.194338
1472 0.138709
1473 0.0951803
1474 0.0422598
1475 0.0103253
1476 0.00042437
1477 -0.00120349
1478 -0.00115423
1479 -0.000968094
1480 -0.000695995
1481 -0.000426738
1482 -0.00022592
1483 -9.28309e-05
1484 -4.09687e-05
1485 -3.00753e-05
1486 -2.08396e-05
1487 -6.86759e-06
1488 5.2099e-06
1489 7.81485e-06
1490 8.05166e-06
1491 9.94617e-06
1492 1.11302e-05
1493 1.08934e-05
1494 9.94617e-06
1495 9.94617e-06
1496 9.94617e-06
1497 8.99891e-06
1498 7.81485e-06
1499 7.81485e-06
1500 7.81485e-06
1501 7.10441e-06
1502 4.97308e-06
1503 4.49946e-06
1504 5.2099e-06
1505 4.97308e-06
1506 3.31539e-06
1507 1.89451e-06
1508 2.36814e-06
1509 3.07858e-06
1510 2.36814e-06
1511 4.73627e-07
1512 0
1513 7.10441e-07
1514 1.18407e-06
1515 2.36814e-07
1516 -9.47254e-07
1517 -1.18407e-06
1518 -4.73627e-07
1519 -4.73627e-07
1520 -1.42088e-06
1521 -1.89451e-06
1522 -1.89451e-06
1523 -1.65769e-06
1524 -1.65769e-06
1525 -2.36814e-06
1526 -2.36814e-06
1527 -2.36814e-06
1528 -2.13132e-06
1529 -2.36814e-06
1530 -2.36814e-06
1531 -2.60495e-06
1532 -2.60495e-06
1533 -2.60495e-06
1534 -2.36814e-06
1535 -2.84176e-06
1536 -3.07858e-06
1537 -3.31539e-06
1538 -3.07858e-06
1539 0.0119342
1540 0.0465895
1541 0.097058
1542 0.149004
1543 0.20095
1544 0.25293
1545 0.306633
1546 0.358212
1547 0.408268
1548 0.464761
1549 0.512043
1550 0.56326
1551 0.614961
1552 0.670804
1553 0.725357
1554 0.767844
1555 0.825552
1556 0.882424
1557 0.926804
1558 0.981583
1559 1.03451
1560 1.09201
1561 1.13825
1562 1.1895
1563 1.24135
1564 1.29326
1565 1.35032
1566 1.39841
1567 1.44906
1568 1.50175
1569 1.55675
1570 1.60926
1571 1.65944
1572 1.7132
1573 1.76132
1574 1.81549
1575 1.86569
1576 1.92213
1577 1.97692
1578 2.02027
1579 2.07276
1580 2.12337
1581 2.17794
1582 2.23108
1583 2.28484
1584 2.33981
1585 2.38523
1586 2.43646
1587 2.48835
1588 2.54356
1589 2.5998
1590 2.64978
1591 2.70271
1592 2.75268
1593 2.80956
1594 2.85456
1595 2.92144
1596 2.96539
1597 3.00871
1598 3.0687
1599 3.11913
1600 3.16536
1601 3.21871
1602 3.27767
1603 3.32141
1604 3.37286
1605 3.42805
1606 3.4818
1607 3.53326
1608 3.58824
1609 3.64241
1610 3.69095
1611 3.74426
1612 3.79408
1613 3.8474
1614 3.89574
1615 3.95114
1616 4.00655
1617 4.04989
1618 4.10695
1619 4.16152
1620 4.20654
1621 4.26152
1622 4.31091
1623 4.36757
1624 4.42255
1625 4.47256
1626 4.52609
1627 4.57774
1628 4.62295
1629 4.68003
1630 4.73336
1631 4.78253
1632 4.83793
1633 4.89148
1634 4.93812
1635 4.97895
1636 4.99675
1637 5.00108
1638 5.00126
1639 5.00111
1640 5.00078
1641 5.00048
1642 5.00027
1643 5.00009
1644 5.00002
1645 5
1646 5
1647 4.99999
1648 4.99998
1649 4.99998
1650 4.99998
1651 4.99998
1652 4.99998
1653 4.99998
1654 4.99998
1655 4.99998
1656 4.99998
1657 4.99998
1658 4.99999
1659 4.99999
1660 4.99999
1661 4.99999
1662 4.99999
1663 4.99999
1664 4.99999
1665 4.99999
1666 4.99999
1667 4.99999
1668 4.99999
1669 4.99999
1670 4.99999
1671 4.99999
1672 4.99999
1673 4.99999
1674 4.99999
1675 4.99999
1676 4.99999
1677 5
1678 4.99999
1679 4.99999
1680 4.99999
1681 5
1682 5
1683 5
1684 5
1685 5
1686 5
1687 5
1688 5
1689 5
1690 5
1691 5
1692 5
1693 5
1694 5
1695 5
1696 5
1697 5
1698 5
1699 4.99544
1700 4.96443
1701 4.91767
1702 4.87257
1703 4.81398
1704 4.76841
1705 4.71466
1706 4.66307
1707 4.60985
1708 4.55461
1709 4.50232
1710 4.44899
1711 4.40234
1712 4.34544
1713 4.29545
1714 4.24546
1715 4.19172
1716 4.1384
1717 4.08339
1718 4.0359
1719 3.98258
1720 3.92591
1721 3.8805
1722 3.82925
1723 3.77592
1724 3.72218
1725 3.66821
1726 3.62157
1727 3.57011
1728 3.51364
1729 3.45842
1730 3.41364
1731 3.35615
1732 3.30951
1733 3.25283
1734 3.20117
1735 3.15284
1736 3.09618
1737 3.04912
1738 2.99016
1739 2.93993
1740 2.88349
1741 2.84036
1742 2.78705
1743 2.73351
1744 2.68099
1745 2.6277
1746 2.57769
1747 2.52623
1748 2.47124
1749 2.4179
1750 2.3675
1751 2.31376
1752 2.26374
1753 2.21022
1754 2.15897
1755 2.10542
1756 2.05877
1757 2.00294
1758 1.95129
1759 1.90128
1760 1.84649
1761 1.79152
1762 1.74006
1763 1.68921
1764 1.63423
1765 1.58755
1766 1.5407
1767 1.48257
1768 1.42777
1769 1.37737
1770 1.3284
1771 1.27509
1772 1.22155
1773 1.16883
1774 1.11718
1775 1.06552
1776 1.01406
1777 0.962419
1778 0.908857
1779 0.856574
1780 0.809916
1781 0.758258
1782 0.703058
1783 0.653256
1784 0.59827
1785 0.546411
1786 0.495764
1787 0.444125
1788 0.390786
1789 0.337444
1790 0.285801
1791 0.234124
1792 0.181635
1793 0.12665
1794 0.0749744
1795 0.0293796
1796 0.00607734
1797 -7.41226e-05
1798 -0.00122362
1799 -0.00109763
1800 -0.000869342
1801 -0.000560538
1802 -0.000354747
1803 -0.000167664
1804 -7.00968e-05
1805 -3.5522e-05
1806 -2.74704e-05
1807 -1.65769e-05
1808 -4.73627e-07
1809 7.10441e-06
1810 8.05166e-06
1811 8.05166e-06
1812 1.0183e-05
1813 1.1367e-05
1814 1.06566e-05
1815 9.94617e-06
1816 9.94617e-06
1817 9.94617e-06
1818 8.7621e-06
1819 7.81485e-06
1820 7.57803e-06
1821 7.57803e-06
1822 6.15715e-06
1823 4.73627e-06
1824 4.73627e-06
1825 5.2099e-06
1826 4.97308e-06
1827 2.84176e-06
1828 1.65769e-06
1829 2.60495e-06
1830 2.84176e-06
1831 1.65769e-06
1832 2.36814e-07
1833 4.73627e-07
1834 1.18407e-06
1835 9.47254e-07
1836 -2.36814e-07
1837 -1.42088e-06
1838 -1.18407e-06
1839 -4.73627e-07
1840 -7.10441e-07
1841 -1.65769e-06
1842 -1.89451e-06
1843 -1.65769e-06
1844 -1.42088e-06
1845 -1.89451e-06
1846 -2.36814e-06
1847 -2.60495e-06
1848 -2.36814e-06
1849 -2.60495e-06
1850 -2.60495e-06
1851 -2.60495e-06
1852 -2.84176e-06
1853 -2.84176e-06
1854 -2.60495e-06
1855 -2.60495e-06
1856 -2.84176e-06
1857 -3.07858e-06
1858 -3.07858e-06
1859 0.000326092
1860 0.0254454
1861 0.0707582
1862 0.111207
1863 0.17298
1864 0.220054
1865 0.27553
1866 0.326254
1867 0.379713
1868 0.433097
1869 0.477901
1870 0.536202
1871 0.587851
1872 0.639962
1873 0.696642
1874 0.743271
1875 0.795152
1876 0.845967
1877 0.902429
1878 0.949509
1879 1.00408
1880 1.05077
1881 1.10575
1882 1.15741
1883 1.21075
1884 1.26741
1885 1.31553
1886 1.36552
1887 1.41717
1888 1.47322
1889 1.52656
1890 1.57821
1891 1.62842
1892 1.68132
1893 1.73798
1894 1.78153
1895 1.83278
1896 1.88777
1897 1.94108
1898 1.99442
1899 2.04611
1900 2.09754
1901 2.15335
1902 2.19648
1903 2.24838
1904 2.30629
1905 2.36148
1906 2.41125
1907 2.46336
1908 2.51542
1909 2.5621
1910 2.6175
1911 2.67144
1912 2.72625
1913 2.77311
1914 2.82437
1915 2.87623
1916 2.93121
1917 2.98517
1918 3.03852
1919 3.08849
1920 3.14163
1921 3.19349
1922 3.24515
1923 3.29704
1924 3.35097
1925 3.39432
1926 3.44951
1927 3.4991
1928 3.55764
1929 3.60429
1930 3.65909
1931 3.71074
1932 3.7674
1933 3.81512
1934 3.86509
1935 3.91988
1936 3.97635
1937 4.02299
1938 4.07468
1939 4.12486
1940 4.18068
1941 4.23571
1942 4.27903
1943 4.33611
1944 4.39111
1945 4.4461
1946 4.49463
1947 4.54296
1948 4.59629
1949 4.64922
1950 4.70086
1951 4.75087
1952 4.80461
1953 4.86022
1954 4.91002
1955 4.95995
1956 4.98984
1957 4.99901
1958 5.00128
1959 5.00119
1960 5.00101
1961 5.00065
1962 5.00039
1963 5.00018
1964 5.00005
1965 5.00001
1966 5
1967 4.99999
1968 4.99999
1969 4.99998
1970 4.99998
1971 4.99998
1972 4.99998
1973 4.99998
1974 4.99998
1975 4.99998
1976 4.99998
1977 4.99998
1978 4.99998
1979 4.99999
1980 4.99999
1981 4.99999
1982 4.99999
1983 4.99999
1984 4.99999
1985 4.99999
1986 4.99999
1987 4.99999
1988 4.99999
1989 4.99999
1990 4.99999
1991 4.99999
1992 4.99999
1993 4.99999
1994 4.99999
1995 4.99999
1996 4.99999
1997 4.99999
1998 4.99999
1999 4.99999
2000 4.99999
2001 5
2002 5
2003 5
2004 5
2005 5
2006 5
2007 5
2008 5
2009 5
2010 5
2011 5
2012 5
2013 5
2014 5
2015 5
2016 5
2017 5
2018 5
2019 5
2020 4.98091
2021 4.94413
2022 4.89866
2023 4.8455
2024 4.79002
2025 4.73786
2026 4.68623
2027 4.63281
2028 4.57942
2029 4.52896
2030 4.47858
2031 4.42692
2032 4.3717
2033 4.31775
2034 4.27274
2035 4.21777
2036 4.1661
2037 4.10942
2038 4.06132
2039 4.01131
2040 3.95799
2041 3.90133
2042 3.84986
2043 3.79989
2044 3.74676
2045 3.69465
2046 3.64386
2047 3.5926
2048 3.53531
2049 3.49426
2050 3.44073
2051 3.38762
2052 3.33408
2053 3.28075
2054 3.22909
2055 3.17595
2056 3.12432
2057 3.06933
2058 3.02077
2059 2.96682
2060 2.91349
2061 2.85994
2062 2.80413
2063 2.75911
2064 2.70726
2065 2.65269
2066 2.60456
2067 2.54791
2068 2.49956
2069 2.44644
2070 2.39459
2071 2.34332
2072 2.28666
2073 2.24332
2074 2.18292
2075 2.13419
2076 2.08084
2077 2.02731
2078 1.98107
2079 1.92773
2080 1.87087
2081 1.82025
2082 1.76878
2083 1.71714
2084 1.66879
2085 1.61214
2086 1.56049
2087 1.50964
2088 1.45299
2089 1.40965
2090 1.35613
2091 1.30383
2092 1.25237
2093 1.19844
2094 1.14676
2095 1.0951
2096 1.04012
2097 0.984281
2098 0.932597
2099 0.882631
2100 0.828667
2101 0.783472
2102 0.726804
2103 0.674283
2104 0.619309
2105 0.574302
2106 0.51743
2107 0.463078
2108 0.414734
2109 0.359323
2110 0.308921
2111 0.258914
2112 0.203934
2113 0.157457
2114 0.104146
2115 0.052489
2116 0.0158104
2117 0.00221231
2118 -0.00112629
2119 -0.00118454
2120 -0.0010209
2121 -0.000712335
2122 -0.000471259
2123 -0.000264521
2124 -0.000106092
2125 -4.61786e-05
2126 -3.14962e-05
2127 -2.36814e-05
2128 -9.23573e-06
2129 4.02583e-06
2130 7.81485e-06
2131 8.05166e-06
2132 9.70935e-06
2133 1.08934e-05
2134 1.11302e-05
2135 1.0183e-05
2136 1.0183e-05
2137 9.94617e-06
2138 8.99891e-06
2139 7.81485e-06
2140 7.81485e-06
2141 8.05166e-06
2142 6.86759e-06
2143 4.73627e-06
2144 4.49946e-06
2145 4.97308e-06
2146 5.2099e-06
2147 3.5522e-06
2148 1.89451e-06
2149 2.13132e-06
2150 2.84176e-06
2151 2.60495e-06
2152 2.36814e-07
2153 0
2154 7.10441e-07
2155 1.42088e-06
2156 4.73627e-07
2157 -9.47254e-07
2158 -1.18407e-06
2159 -4.73627e-07
2160 -2.36814e-07
2161 -1.18407e-06
2162 -1.89451e-06
2163 -1.89451e-06
2164 -1.42088e-06
2165 -1.65769e-06
2166 -2.36814e-06
2167 -2.36814e-06
2168 -2.36814e-06
2169 -2.13132e-06
2170 -2.13132e-06
2171 -2.36814e-06
2172 -2.60495e-06
2173 -2.84176e-06
2174 -2.60495e-06
2175 -2.60495e-06
2176 -2.84176e-06
2177 -3.07858e-06
2178 -3.07858e-06
2179 -2.84176e-06
2180 0.0124758
2181 0.0445288
2182 0.0931852
2183 0.143143
2184 0.201158
2185 0.251459
2186 0.303928
2187 0.351521
2188 0.40827
2189 0.461652
2190 0.512461
2191 0.56409
2192 0.617463
2193 0.665789
2194 0.715798
2195 0.770564
2196 0.824094
2197 0.88201
2198 0.928475
2199 0.982209
2200 1.03451
2201 1.08951
2202 1.13804
2203 1.18741
2204 1.24239
2205 1.29741
2206 1.34531
2207 1.39862
2208 1.45696
2209 1.50343
2210 1.55323
2211 1.60175
2212 1.6586
2213 1.71486
2214 1.75652
2215 1.82007
2216 1.8682
2217 1.91816
2218 1.96819
2219 2.0188
2220 2.07379
2221 2.12879
2222 2.17752
2223 2.22775
2224 2.28109
2225 2.3419
2226 2.38689
2227 2.44357
2228 2.49042
2229 2.54001
2230 2.59499
2231 2.64687
2232 2.7025
2233 2.74935
2234 2.80769
2235 2.85227
2236 2.9056
2237 2.96227
2238 3.01351
2239 3.06849
2240 3.1135
2241 3.16869
2242 3.21829
2243 3.2714
2244 3.3268
2245 3.38057
2246 3.43055
2247 3.48076
2248 3.53701
2249 3.59034
2250 3.63534
2251 3.68782
2252 3.7428
2253 3.78781
2254 3.84594
2255 3.90092
2256 3.94591
2257 3.99781
2258 4.05177
2259 4.1032
2260 4.16027
2261 4.20653
2262 4.26152
2263 4.31839
2264 4.36381
2265 4.41879
2266 4.47048
2267 4.52192
2268 4.57525
2269 4.63026
2270 4.68107
2271 4.73108
2272 4.78608
2273 4.83128
2274 4.88565
2275 4.93896
2276 4.98167
2277 4.99604
2278 5.00078
2279 5.00126
2280 5.00109
2281 5.00082
2282 5.00049
2283 5.00026
2284 5.00009
2285 5.00002
2286 5
2287 5
2288 4.99999
2289 4.99998
2290 4.99998
2291 4.99998
2292 4.99998
2293 4.99998
2294 4.99998
2295 4.99998
2296 4.99998
2297 4.99998
2298 4.99998
2299 4.99998
2300 4.99999
2301 4.99999
2302 4.99999
2303 4.99999
2304 4.99999
2305 4.99999
2306 4.99999
2307 4.99999
2308 4.99999
2309 4.99999
2310 4.99999
2311 4.99999
2312 4.99999
2313 4.99999
2314 4.99999
2315 4.99999
2316 4.99999
2317 4.99999
2318 5
2319 4.99999
2320 4.99999
2321 5
2322 5
2323 5
2324 5
2325 5
2326 5
2327 5
2328 5
2329 5
2330 5
2331 5
2332 5
2333 5
2334 5
2335 5
2336 5
2337 5
2338 5
2339 5
2340 4.99588
2341 4.96332
2342 4.91767
2343 4.86523
2344 4.81672
2345 4.75962
2346 4.71613
2347 4.65683
2348 4.61006
2349 4.5567
2350 4.50025
2351 4.45024
2352 4.39526
2353 4.34503
2354 4.29273
2355 4.24276
2356 4.18922
2357 4.14132
2358 4.08152
2359 4.03297
2360 3.97716
2361 3.93048
2362 3.87882
2363 3.82758
2364 3.76738
2365 3.72072
2366 3.67071
2367 3.62011
2368 3.56346
2369 3.51635
2370 3.46031
2371 3.41012
2372 3.35511
2373 3.30263
2374 3.25262
2375 3.19782
2376 3.15139
2377 3.09639
2378 3.04641
2379 2.9939
2380 2.93577
2381 2.89079
2382 2.84036
2383 2.78747
2384 2.73101
2385 2.67413
2386 2.6302
2387 2.57686
2388 2.52351
2389 2.46874
2390 2.41874
2391 2.36541
2392 2.31063
2393 2.25896
2394 2.21564
2395 2.15419
2396 2.10751
2397 2.05587
2398 2.00398
2399 1.95171
2400 1.89504
2401 1.84962
2402 1.79693
2403 1.74524
2404 1.68858
2405 1.63778
2406 1.5911
2407 1.5311
2408 1.48299
2409 1.42964
2410 1.378
2411 1.3309
2412 1.27237
2413 1.21718
2414 1.16489
2415 1.11864
2416 1.06199
2417 1.01657
2418 0.964496
2419 0.907815
2420 0.854276
2421 0.804516
2422 0.751165
2423 0.699508
2424 0.647022
2425 0.598684
2426 0.547034
2427 0.490152
2428 0.440154
2429 0.383712
2430 0.333498
2431 0.281213
2432 0.23122
2433 0.177249
2434 0.130808
2435 0.0774617
2436 0.0276378
2437 0.00545358
2438 -0.000125274
2439 -0.00122504
2440 -0.00111042
2441 -0.000849687
2442 -0.000576641
2443 -0.000336749
2444 -0.000175242
2445 -6.6071e-05
2446 -3.50484e-05
2447 -2.72336e-05
2448 -1.63401e-05
2449 -2.36814e-07
2450 7.34122e-06
2451 8.05166e-06
2452 8.52529e-06
2453 1.04198e-05
2454 1.08934e-05
2455 9.94617e-06
2456 9.94617e-06
2457 9.94617e-06
2458 9.47254e-06
2459 8.05166e-06
2460 7.57803e-06
2461 7.57803e-06
2462 7.81485e-06
2463 5.92034e-06
2464 4.02583e-06
2465 4.49946e-06
2466 5.2099e-06
2467 4.49946e-06
2468 2.36814e-06
2469 1.65769e-06
2470 2.36814e-06
2471 2.84176e-06
2472 1.89451e-06
2473 2.36814e-07
2474 4.73627e-07
2475 1.18407e-06
2476 9.47254e-07
2477 0
2478 -1.18407e-06
2479 -4.73627e-07
2480 -2.36814e-07
2481 -4.73627e-07
2482 -1.42088e-06
2483 -1.65769e-06
2484 -1.65769e-06
2485 -1.65769e-06
2486 -1.65769e-06
2487 -2.36814e-06
2488 -2.60495e-06
2489 -2.13132e-06
2490 -2.36814e-06
2491 -2.36814e-06
2492 -2.36814e-06
2493 -2.60495e-06
2494 -2.84176e-06
2495 -2.84176e-06
2496 -2.84176e-06
2497 -2.60495e-06
2498 -3.07858e-06
2499 -3.5522e-06
2500 0.00157505
2501 0.0283302
2502 0.0699822
2503 0.12035
2504 0.170657
2505 0.222149
2506 0.277623
2507 0.326047
2508 0.382421
2509 0.430802
2510 0.484124
2511 0.533697
2512 0.592033
2513 0.640379
2514 0.693515
2515 0.743477
2516 0.798479
2517 0.850776
2518 0.89745
2519 0.9541
2520 1.00888
2521 1.05556
2522 1.10554
2523 1.16239
2524 1.21616
2525 1.26804
2526 1.31802
2527 1.36949
2528 1.42259
2529 1.48091
2530 1.52572
2531 1.57904
2532 1.62738
2533 1.68152
2534 1.73154
2535 1.78654
2536 1.83839
2537 1.89463
2538 1.94631
2539 1.99484
2540 2.0509
2541 2.09775
2542 2.14921
2543 2.20003
2544 2.25336
2545 2.30837
2546 2.36148
2547 2.41146
2548 2.46648
2549 2.5173
2550 2.56564
2551 2.61562
2552 2.67415
2553 2.72062
2554 2.7706
2555 2.82249
2556 2.87706
2557 2.93371
2558 2.98373
2559 3.03497
2560 3.09162
2561 3.13663
2562 3.196
2563 3.24764
2564 3.29432
2565 3.35223
2566 3.3989
2567 3.44888
2568 3.50429
2569 3.55889
2570 3.60888
2571 3.65742
2572 3.71345
2573 3.76698
2574 3.81865
2575 3.8676
2576 3.92425
2577 3.97093
2578 4.0255
2579 4.07718
2580 4.13426
2581 4.17757
2582 4.23196
2583 4.29049
2584 4.33382
2585 4.38694
2586 4.44527
2587 4.49381
2588 4.55256
2589 4.59588
2590 4.64922
2591 4.70336
2592 4.75835
2593 4.80336
2594 4.86127
2595 4.91293
2596 4.96464
2597 4.99087
2598 4.99976
2599 5.00129
2600 5.00119
2601 5.001
2602 5.00066
2603 5.00037
2604 5.00016
2605 5.00006
2606 5
2607 5
2608 4.99999
2609 4.99999
2610 4.99998
2611 4.99998
2612 4.99998
2613 4.99998
2614 4.99998
2615 4.99998
2616 4.99998
2617 4.99998
2618 4.99998
2619 4.99998
2620 4.99999
2621 4.99998
2622 4.99999
2623 4.99999
2624 4.99999
2625 4.99999
2626 4.99999
2627 4.99999
2628 4.99999
2629 4.99999
2630 4.99999
2631 4.99999
2632 4.99999
2633 4.99999
2634 4.99999
2635 4.99999
2636 4.99999
2637 4.99999
2638 5
2639 5
2640 4.99999
2641 4.99999
2642 5
2643 5
2644 5
2645 5
2646 5
2647 5
2648 5
2649 5
2650 5
2651 5
2652 5
2653 5
2654 5
2655 5
2656 5
2657 5
2658 5
2659 5
2660 4.99983
2661 4.98339
2662 4.94082
2663 4.89333
2664 4.84319
2665 4.78707
2666 4.73514
2667 4.68436
2668 4.63072
2669 4.57734
2670 4.53231
2671 4.47588
2672 4.42111
2673 4.36587
2674 4.32399
2675 4.2667
2676 4.21171
2677 4.16651
2678 4.11526
2679 4.05694
2680 4.00154
2681 3.9559
2682 3.90258
2683 3.84924
2684 3.79425
2685 3.75092
2686 3.68925
2687 3.6401
2688 3.58512
2689 3.54012
2690 3.48823
2691 3.4353
2692 3.37886
2693 3.33346
2694 3.27971
2695 3.22805
2696 3.17117
2697 3.11659
2698 3.06495
2699 3.01494
2700 2.96243
2701 2.90745
2702 2.8658
2703 2.80601
2704 2.75932
2705 2.70099
2706 2.64977
2707 2.59852
2708 2.54185
2709 2.4981
2710 2.43936
2711 2.38917
2712 2.34249
2713 2.28457
2714 2.2346
2715 2.18458
2716 2.13148
2717 2.07482
2718 2.02314
2719 1.97337
2720 1.91837
2721 1.87171
2722 1.81922
2723 1.76983
2724 1.71318
2725 1.66297
2726 1.61068
2727 1.55737
2728 1.50569
2729 1.44922
2730 1.40591
2731 1.34757
2732 1.29696
2733 1.24509
2734 1.1953
2735 1.14052
2736 1.08718
2737 1.0372
2738 0.985321
2739 0.932391
2740 0.877414
2741 0.83407
2742 0.773448
2743 0.730127
2744 0.673448
2745 0.619307
2746 0.56932
2747 0.515971
2748 0.464329
2749 0.40933
2750 0.36601
2751 0.305174
2752 0.258498
2753 0.203517
2754 0.151639
2755 0.0995429
2756 0.0446275
2757 0.0156299
2758 0.00128827
2759 -0.00117578
2760 -0.00116891
2761 -0.000992722
2762 -0.000702863
2763 -0.000472206
2764 -0.000253864
2765 -0.000104435
2766 -4.73627e-05
2767 -2.93649e-05
2768 -2.0366e-05
2769 -6.63078e-06
2770 5.68352e-06
2771 8.7621e-06
2772 8.52529e-06
2773 9.70935e-06
2774 1.16039e-05
2775 1.1367e-05
2776 1.04198e-05
2777 1.04198e-05
2778 1.06566e-05
2779 8.99891e-06
2780 7.57803e-06
2781 7.57803e-06
2782 8.05166e-06
2783 7.10441e-06
2784 5.2099e-06
2785 4.49946e-06
2786 5.44671e-06
2787 5.2099e-06
2788 3.31539e-06
2789 1.89451e-06
2790 2.13132e-06
2791 2.84176e-06
2792 2.36814e-06
2793 9.47254e-07
2794 0
2795 7.10441e-07
2796 1.18407e-06
2797 2.36814e-07
2798 -1.18407e-06
2799 -9.47254e-07
2800 -4.73627e-07
2801 -2.36814e-07
2802 -1.18407e-06
2803 -1.89451e-06
2804 -2.13132e-06
2805 -1.65769e-06
2806 -1.65769e-06
2807 -2.13132e-06
2808 -2.36814e-06
2809 -2.60495e-06
2810 -2.36814e-06
2811 -2.60495e-06
2812 -2.60495e-06
2813 -2.60495e-06
2814 -3.07858e-06
2815 -2.84176e-06
2816 -2.84176e-06
2817 -2.60495e-06
2818 -3.07858e-06
2819 -3.07858e-06
2820 -3.07858e-06
2821 0.0108757
2822 0.0460664
2823 0.0950129
2824 0.146485
2825 0.202833
2826 0.244764
2827 0.306634
2828 0.354868
2829 0.410151
2830 0.46186
2831 0.513713
2832 0.56763
2833 0.614336
2834 0.664333
2835 0.714549
2836 0.767637
2837 0.8243
2838 0.875572
2839 0.92889
2840 0.983876
2841 1.03055
2842 1.08053
2843 1.13887
2844 1.18573
2845 1.23969
2846 1.29138
2847 1.34155
2848 1.39613
2849 1.45115
2850 2.01484
2851 2.04944
2852 2.10109
2853 2.15606
2854 2.20525
2855 2.25523
2856 2.30691
2857 2.36253
2858 2.4125
2859 2.46419
2860 2.51125
2861 2.56502
2862 2.62167
2863 2.67352
2864 2.72645
2865 2.78146
2866 2.82976
2867 2.88228
2868 2.93225
2869 2.98725
2870 3.03538
2871 3.08537
2872 3.14017
2873 3.1985
2874 3.24681
2875 3.29683
2876 3.35223
2877 3.40036
2878 3.45034
2879 3.50201
2880 3.55535
2881 3.61201
2882 3.65534
2883 3.7147
2884 3.76636
2885 3.81949
2886 3.87095
2887 3.92258
2888 3.97427
2889 4.02633
2890 4.07842
2891 4.12842
2892 4.1836
2893 4.2384
2894 4.2834
2895 4.34026
2896 4.38923
2897 4.44255
2898 4.49567
2899 4.54547
2900 4.59879
2901 4.65379
2902 4.70628
2903 4.75627
2904 4.80795
2905 4.86419
2906 4.91605
2907 4.96187
2908 4.98916
2909 4.99974
2910 5.00129
2911 5.00119
2912 5.00097
2913 5.00062
2914 5.00037
2915 5.00016
2916 5.00004
2917 5
2918 5
2919 4.99999
2920 4.99999
2921 4.99998
2922 4.99998
2923 4.99998
2924 4.99998
2925 4.99998
2926 4.99998
2927 4.99998
2928 4.99998
2929 4.99998
2930 4.99998
2931 4.99999
2932 4.99998
2933 4.99999
2934 4.99999
2935 4.99999
2936 4.99999
2937 4.99999
2938 4.99999
2939 4.99999
2940 4.99999
2941 4.99999
2942 4.99999
2943 4.99999
2944 4.99999
2945 4.99999
2946 4.99999
2947 4.99999
2948 4.99999
2949 5
2950 4.99999
2951 4.99999
2952 4.99999
2953 5
2954 5
2955 5
2956 5
2957 5
2958 5
2959 5
2960 5
2961 5
2962 5
2963 5
2964 5
2965 5
2966 5
2967 5
2968 5
2969 5
2970 5
2971 5
2972 5
2973 5
2974 5
2975 5
2976 5
2977 5
2978 5
2979 5
2980 5
2981 4.99999
2982 4.98066
2983 4.93933
2984 4.88835
2985 4.83142
2986 4.78602
2987 4.73054
2988 4.67999
2989 4.62988
2990 4.57441
2991 4.5273
2992 4.469
2993 4.42236
2994 4.36919
2995 4.31586
2996 4.26235
2997 4.20673
2998 4.16028
2999 4.10527
3000 4.05255
3001 3.99883
3002 3.95089
3003 3.90091
3004 3.84945
3005 3.79446
3006 3.74052
3007 3.68987
3008 3.63843
3009 3.58012
3010 3.53012
3011 3.47843
3012 3.43156
3013 3.37594
3014 3.31929
3015 3.27096
3016 3.22053
3017 3.16451
3018 3.11951
3019 3.06098
3020 3.00786
3021 2.96118
3022 2.90933
3023 2.85974
3024 2.80643
3025 2.75143
3026 2.69496
3027 2.64497
3028 2.59499
3029 2.54666
3030 2.48999
3031 2.43998
3032 2.3898
3033 2.33188
3034 2.27854
3035 2.23001
3036 2.17876
3037 2.12542
3038 2.07003
3039 2.02543
3040 1.97317
3041 1.91712
3042 1.8669
3043 1.81713
3044 1.75922
3045 1.71339
3046 1.65839
3047 1.61005
3048 1.55319
3049 1.50319
3050 1.45152
3051 1.398
3052 1.3484
3053 1.29195
3054 1.23802
3055 1.18821
3056 1.13488
3057 1.09009
3058 1.03678
3059 0.981785
3060 0.930313
3061 0.876785
3062 0.821801
3063 0.771578
3064 0.719927
3065 0.665352
3066 0.612012
3067 0.563497
3068 0.513891
3069 0.460571
3070 0.403922
3071 0.359113
3072 0.300788
3073 0.247479
3074 0.202682
3075 0.151017
3076 0.0926841
3077 0.0405671
3078 0.0137475
3079 0.00099509
3080 -0.00118549
3081 -0.00115304
3082 -0.000969278
3083 -0.00071565
3084 -0.000415608
3085 -0.000231604
3086 -9.21205e-05
3087 -4.1916e-05
3088 -3.10226e-05
3089 -2.20237e-05
3090 -6.63078e-06
3091 5.68352e-06
3092 8.05166e-06
3093 8.05166e-06
3094 1.0183e-05
3095 1.1367e-05
3096 1.11302e-05
3097 1.0183e-05
3098 1.04198e-05
3099 1.0183e-05
3100 9.23573e-06
3101 7.57803e-06
3102 7.57803e-06
3103 8.05166e-06
3104 7.10441e-06
3105 5.2099e-06
3106 4.73627e-06
3107 5.2099e-06
3108 5.2099e-06
3109 3.31539e-06
3110 1.89451e-06
3111 2.13132e-06
3112 3.07858e-06
3113 2.36814e-06
3114 7.10441e-07
3115 0
3116 7.10441e-07
3117 9.47254e-07
3118 2.36814e-07
3119 -1.18407e-06
3120 -9.47254e-07
3121 -2.36814e-07
3122 -2.36814e-07
3123 -1.18407e-06
3124 -2.13132e-06
3125 -1.65769e-06
3126 -1.42088e-06
3127 -1.89451e-06
3128 -2.36814e-06
3129 -2.36814e-06
3130 -2.36814e-06
3131 -2.13132e-06
3132 -2.60495e-06
3133 -2.84176e-06
3134 -2.84176e-06
3135 -2.60495e-06
3136 -2.60495e-06
3137 -2.60495e-06
3138 -2.84176e-06
3139 -3.07858e-06
3140 -3.07858e-06
3141 -3.07858e-06
3142 0.0157865
3143 0.0467591
3144 0.100938
3145 0.155954
3146 0.201371
3147 0.249992
3148 0.308302
3149 0.361759
3150 0.40848
3151 0.466011
3152 0.514338
3153 0.567629
3154 0.622452
3155 0.670807
3156 0.722448
3157 0.774531
3158 0.826597
3159 0.874949
3160 0.932022
3161 0.988259
3162 1.03326
3163 1.08826
3164 1.13887
3165 1.19574
3166 1.24052
3167 1.2972
3168 1.35053
3169 1.40384
3170 1.45094
3171 1.5005
3172 1.55406
3173 1.60592
3174 1.65902
3175 1.71049
3176 1.76236
3177 1.81715
3178 1.8738
3179 1.91712
3180 1.97546
3181 2.03048
3182 2.07545
3183 2.12546
3184 2.18212
3185 2.23878
3186 2.28589
3187 2.33794
3188 2.39125
3189 2.44648
3190 2.49939
3191 2.54937
3192 2.59959
3193 2.65352
3194 2.70686
3195 2.75687
3196 2.80998
3197 2.86332
3198 2.9083
3199 2.96102
3200 3.01434
3201 3.06932
3202 3.11621
3203 3.17287
3204 3.22349
3205 3.27349
3206 3.32847
3207 3.37849
3208 3.4316
3209 3.48575
3210 3.53909
3211 3.58574
3212 3.6422
3213 3.70053
3214 3.74718
3215 3.79949
3216 3.85137
3217 3.90301
3218 3.94989
3219 4.00926
3220 4.05427
3221 4.10946
3222 4.16173
3223 4.21362
3224 4.79024
3225 4.83481
3226 4.88815
3227 4.94502
3228 4.98376
3229 4.99725
3230 5.00105
3231 5.00124
3232 5.00108
3233 5.00076
3234 5.00046
3235 5.00026
3236 5.00009
3237 5.00002
3238 5
3239 5
3240 4.99999
3241 4.99998
3242 4.99998
3243 4.99998
3244 4.99998
3245 4.99998
3246 4.99998
3247 4.99998
3248 4.99998
3249 4.99998
3250 4.99998
3251 4.99999
3252 4.99999
3253 4.99998
3254 4.99999
3255 4.99999
3256 4.99999
3257 4.99999
3258 4.99999
3259 4.99999
3260 4.99999
3261 4.99999
3262 4.99999
3263 4.99999
3264 4.99999
3265 5
3266 5
3267 5
3268 5
3269 5
3270 5
3271 5
3272 5
3273 5
3274 5
3275 5
3276 5
3277 5
3278 5
3279 5
3280 5
3281 5
3282 5
3283 5
3284 5
3285 5
3286 5
3287 5
3288 5
3289 5
3290 5
3291 5
3292 5
3293 5
3294 5
3295 5
3296 5
3297 5
3298 5
3299 5
3300 5
3301 5
