0 30.0007
1 30.0007
2 30.0007
3 30.0007
4 30.0007
5 30.0007
6 30.0007
7 30.0007
8 30.0007
9 30.0007
10 30.0007
11 30.0007
12 30.0007
13 30.0007
14 30.0007
15 30.0007
16 30.0007
17 30.0007
18 30.0007
19 30.0007
20 30.0007
21 30.0007
22 30.0007
23 30.0007
24 30.0007
25 30.0007
26 30.0007
27 30.0007
28 30.0007
29 30.0007
30 30.0007
31 30.0007
32 30.0007
33 30.0007
34 30.0007
35 30.0007
36 30.0007
37 30.0007
38 30.0007
39 30.0007
40 30.0007
41 30.0007
42 30.0007
43 30.0007
44 30.0007
45 30.0007
46 30.0007
47 30.0007
48 30.0007
49 30.0007
50 30.0007
51 30.0007
52 30.0007
53 30.0007
54 30.0007
55 30.0007
56 30.0007
57 30.0007
58 30.0007
59 30.0007
60 30.0007
61 30.0007
62 30.0007
63 30.0007
64 30.0007
65 30.0007
66 30.0007
67 30.0007
68 30.0007
69 30.0007
70 30.0007
71 30.0007
72 30.0007
73 30.0007
74 30.0007
75 30.0007
76 30.0007
77 30.0007
78 30.0007
79 30.0007
80 30.0007
81 30.0007
82 30.0007
83 30.0007
84 30.0007
85 30.0007
86 30.0007
87 30.0007
88 30.0007
89 30.0007
90 30.0007
91 30.0007
92 30.0007
93 30.0007
94 30.0007
95 30.0007
96 30.0007
97 30.0007
98 30.0007
99 30.0007
100 30.0007
101 30.0007
102 30.0007
103 30.0007
104 30.0007
105 30.0007
106 30.0007
107 30.0007
108 30.0007
109 30.0007
110 30.0008
111 30.0008
112 30.0008
113 30.0008
114 30.0008
115 30.0008
116 30.0008
117 30.0008
118 30.0008
119 30.0008
120 30.0008
121 30.0008
122 30.0008
123 30.0007
124 30.0007
125 30.0007
126 30.0007
127 30.0007
128 30.0007
129 30.0007
130 30.0007
131 30.0007
132 30.0007
133 30.0007
134 30.0007
135 30.0007
136 30.0007
137 30.0007
138 30.0007
139 30.0007
140 30.0007
141 30.0007
142 30.0007
143 30.0007
144 30.0007
145 30.0007
146 30.0007
147 30.0007
148 30.0007
149 30.0007
150 30.0007
151 30.0007
152 30.0007
153 30.0007
154 30.0007
155 30.0007
156 30.0007
157 30.0007
158 30.0007
159 30.0007
160 30.0007
161 30.0007
162 30.0007
163 30.0007
164 30.0007
165 30.0007
166 30.0007
167 30.0007
168 30.0007
169 30.0007
170 30.0007
171 30.0007
172 30.0007
173 30.0007
174 30.0007
175 30.0007
176 30.0007
177 30.0007
178 30.0007
179 30.0007
180 30.0007
181 30.0007
182 30.0007
183 30.0007
184 30.0007
185 30.0007
186 30.0007
187 30.0007
188 30.0007
189 30.0007
190 30.0007
191 30.0007
192 30.0007
193 30.0007
194 30.0007
195 30.0007
196 30.0007
197 30.0007
198 30.0007
199 30.0007
200 30.0007
201 30.0007
202 30.0007
203 30.0007
204 30.0007
205 30.0007
206 30.0007
207 30.0007
208 30.0007
209 30.0007
210 30.0007
211 30.0007
212 30.0007
213 30.0007
214 30.0007
215 30.0007
216 30.0007
217 30.0007
218 30.0007
219 30.0007
220 30.0007
221 30.0007
222 30.0007
223 30.0007
224 30.0007
225 30.0007
226 30.0007
227 30.0007
228 30.0006
229 30.0006
230 30.0005
231 30.0005
232 30.0004
233 30.0004
234 30.0003
235 30.0003
236 30.0003
237 30.0002
238 30.0002
239 30.0002
240 30.0001
241 30.0001
242 30.0001
243 30.0001
244 30.0001
245 30.0001
246 30
247 30
248 30
249 30
250 30
251 30
252 30
253 30
254 30
255 30
256 30
257 30
258 30
259 30
260 30
261 30
262 30
263 30
264 30
265 30
266 30
267 30
268 30
269 30
270 30
271 30
272 30
273 30
274 30
275 30
276 30
277 30
278 30
279 30
280 30
281 30
282 30
283 30
284 30
285 30
286 30
287 30
288 30
289 30
290 30
291 30
292 30
293 30
294 30
295 30
296 30
297 30
298 30
299 30
300 30
301 30
302 30
303 30
304 30
305 30
306 30
307 30
308 30
309 30
310 30
311 30
312 30
313 30
314 30
315 30
316 30
317 30
318 30
319 30
320 30
321 30
322 30
323 30
324 30
325 30
326 30
327 30
328 30
329 30
330 30
331 30
332 30
333 30
334 30
335 30
336 30
337 30
338 30
339 30
340 30
341 30
342 30
343 30
344 30
345 30
346 30
347 30
348 30
349 30
350 30
351 30
352 30
353 30
354 30
355 30
356 30
357 30
358 30
359 30
360 30
361 30
362 30
363 30
364 30
365 30
366 30
367 30
368 30
369 30
370 30
371 30
372 30
373 30
374 30
375 30
376 30
377 30
378 30
379 30
380 30
381 30
382 30
383 30
384 30
385 30
386 30
387 29.9967
388 29.7651
389 28.6836
390 26.8121
391 24.3733
392 22.2459
393 19.5221
394 16.8687
395 14.3046
396 11.6931
397 9.16689
398 6.56937
399 3.97755
400 1.94713
401 0.603866
402 0.0835175
403 -0.0430522
404 -0.0465061
405 -0.0322718
406 -0.0183123
407 -0.00797612
408 -0.00343972
409 -0.00153976
410 -0.000657868
411 -0.00023113
412 -3.24435e-05
413 6.58342e-05
414 0.000114618
415 0.000142799
416 0.000153929
417 0.000154876
418 0.000155586
419 0.000152982
420 0.000147772
421 0.000143746
422 0.000137352
423 0.000130011
424 0.000124327
425 0.00011746
426 0.000111302
427 0.000103014
428 9.87512e-05
429 9.09364e-05
430 8.28847e-05
431 8.02798e-05
432 7.41226e-05
433 6.89127e-05
434 6.3466e-05
435 5.87298e-05
436 5.47039e-05
437 4.87836e-05
438 4.59418e-05
439 4.23896e-05
440 3.90742e-05
441 3.59957e-05
442 3.29171e-05
443 3.05489e-05
444 2.69967e-05
445 2.46286e-05
446 2.10764e-05
447 1.87083e-05
448 1.79978e-05
449 1.49193e-05
450 1.34984e-05
451 1.3972e-05
452 1.0183e-05
453 9.94617e-06
454 8.05166e-06
455 7.10441e-06
456 6.63078e-06
457 5.44671e-06
458 5.2099e-06
459 4.02583e-06
460 2.84176e-06
461 3.07858e-06
462 2.60495e-06
463 1.89451e-06
464 9.47254e-07
465 9.47254e-07
466 1.42088e-06
467 9.47254e-07
468 2.36814e-07
469 -7.10441e-07
470 -7.10441e-07
471 -9.47254e-07
472 -1.18407e-06
473 -2.13132e-06
474 -1.42088e-06
475 -2.13132e-06
476 -1.42088e-06
477 -3.5522e-06
478 -4.02583e-06
479 -1.89451e-06
480 -2.84176e-06
481 -2.60495e-06
482 -3.07858e-06
483 -3.07858e-06
484 -2.36814e-06
485 -4.49946e-06
486 -2.36814e-06
487 -3.5522e-06
488 -3.07858e-06
489 -2.84176e-06
490 -3.78902e-06
491 -3.78902e-06
492 -3.31539e-06
493 -4.73627e-06
494 -4.02583e-06
495 -4.02583e-06
496 -2.60495e-06
497 -3.78902e-06
498 -3.78902e-06
499 -4.26264e-06
500 -4.02583e-06
501 -4.49946e-06
502 -2.84176e-06
503 -3.78902e-06
504 -2.84176e-06
505 -2.60495e-06
506 -3.78902e-06
507 -2.36814e-06
508 -3.31539e-06
509 -4.49946e-06
510 -4.26264e-06
511 -3.07858e-06
512 -3.31539e-06
513 -3.5522e-06
514 -2.84176e-06
515 -3.07858e-06
516 -2.36814e-06
517 -4.49946e-06
518 -3.5522e-06
519 -3.5522e-06
520 -3.78902e-06
521 -3.31539e-06
522 -2.84176e-06
523 -4.02583e-06
524 -3.78902e-06
525 -4.26264e-06
526 -4.02583e-06
527 -4.26264e-06
528 -1.42088e-06
529 -2.84176e-06
530 -3.78902e-06
531 -3.07858e-06
532 -3.5522e-06
533 -3.5522e-06
534 -3.78902e-06
535 -3.31539e-06
536 -4.73627e-06
537 -4.02583e-06
538 -2.13132e-06
539 -3.07858e-06
540 -3.31539e-06
541 -3.31539e-06
542 -2.84176e-06
543 -2.60495e-06
544 -3.5522e-06
545 -3.5522e-06
546 -2.84176e-06
547 -3.31539e-06
548 0.11366
549 0.735682
550 2.3283
551 4.67613
552 7.15457
553 9.68639
554 12.2681
555 14.8445
556 17.571
557 20.0566
558 22.7994
559 25.3844
560 27.3846
561 29.0673
562 29.8182
563 30.0179
564 30.0481
565 30.0377
566 30.0223
567 30.0106
568 30.0051
569 30.0023
570 30.001
571 30.0003
572 30
573 29.9999
574 29.9998
575 29.9998
576 29.9998
577 29.9998
578 29.9998
579 29.9998
