0 0
1 0
2 -0.00378902
3 0
4 0
5 0.00378902
6 0
7 -0.00378902
8 0.00378902
9 0
10 0.00757803
11 -0.00378902
12 0.00757803
13 0
14 0.00378902
15 0
16 0
17 0
18 0
19 -0.00378902
20 0
21 0.00378902
22 0.00378902
23 0.00378902
24 -0.00757803
25 0
26 0
27 -0.00757803
28 0
29 0.00378902
30 0.00378902
31 -0.00757803
32 -0.00757803
33 -0.011367
34 0.00378902
35 0.00378902
36 0.00378902
37 0
38 0.00757803
39 -0.00378902
40 0.00378902
41 0
42 -0.00378902
43 0
44 0
45 -0.011367
46 0.00378902
47 0
48 -0.00378902
49 0
50 0
51 0.00378902
52 0
53 0
54 -0.00378902
55 0
56 0
57 0
58 0.00378902
59 0
60 0.00378902
61 -0.00378902
62 0
63 0.00378902
64 0
65 0
66 0
67 -0.00378902
68 0
69 0.011367
70 0
71 0.00757803
72 -0.00378902
73 0
74 0
75 -0.00378902
76 0
77 0
78 0.00757803
79 0
80 0.00378902
81 0.00757803
82 -0.00378902
83 0.00757803
84 0
85 -0.00378902
86 0.00378902
87 0
88 0.00378902
89 -0.00757803
90 0
91 0
92 0
93 0
94 0
95 0
96 -0.00378902
97 0
98 0
99 0
100 0
101 0.00378902
102 -0.00378902
103 0.00378902
104 -0.00378902
105 -0.00757803
106 -0.00378902
107 0.00757803
108 0
109 0
110 0.011367
111 -0.00378902
112 -0.00378902
113 0.00378902
114 0
115 -0.00378902
116 -0.00378902
117 0
118 -0.00378902
119 0
120 0.00378902
121 -0.00378902
122 0
123 0.00378902
124 0
125 0
126 0.00378902
127 -0.00757803
128 0
129 0
130 0
131 0.00378902
132 0.00757803
133 0
134 0
135 0.00378902
136 -0.00378902
137 0.00378902
138 0
139 -0.00378902
140 0
141 0.00757803
142 -0.011367
143 0
144 0.00378902
145 0.00378902
146 0.011367
147 0
148 0
149 0
150 0.00378902
151 0
152 -0.00757803
153 -0.00378902
154 -0.00757803
155 0.00378902
156 0
157 0.011367
158 0.00378902
159 -0.00378902
160 0
161 0.00757803
162 0.00757803
163 0
164 0.00378902
165 0
166 0.00378902
167 0.00378902
168 0
169 -0.00378902
170 0
171 0.00378902
172 0
173 -0.00378902
174 0
175 -0.00757803
176 0.00378902
177 0
178 -0.00757803
179 0
180 0
181 0
182 -0.00378902
183 0
184 0
185 0
186 0.00378902
187 0.00378902
188 0
189 0
190 0.00378902
191 0.00378902
192 0.00378902
193 0
194 0.00378902
195 -0.00378902
196 0.00378902
197 -0.00378902
198 0.00378902
199 -0.00378902
200 0.00378902
201 0.00378902
202 0
203 0.00757803
204 0
205 0
206 0
207 0
208 0.00378902
209 0
210 0.00378902
211 0.00378902
212 0
213 0.00378902
214 0.00757803
215 0.00378902
216 0
217 -0.00378902
218 0.00757803
219 0.00757803
220 -0.00378902
221 0
222 0
223 0
224 0.00378902
225 0
226 0
227 0
228 0
229 0
230 0
231 -0.011367
232 0
233 0
234 -0.011367
235 -0.0378902
236 -0.132616
237 -0.136405
238 -0.0606243
239 0.011367
240 0.0871474
241 0.257653
242 0.212185
243 0.0682023
244 -0.011367
245 -0.0265231
246 -0.0795693
247 -0.0871474
248 -0.0682023
249 -0.0492572
250 -0.011367
251 -0.00757803
252 -0.00378902
253 -0.00757803
254 -0.00378902
255 -0.00378902
256 -0.00378902
257 0.00378902
258 0
259 -0.011367
260 -0.00378902
261 0
262 0.00757803
263 0.0341011
264 0.102303
265 0.0568352
266 -0.011367
267 -0.0492572
268 -0.132616
269 -0.174295
270 -0.102303
271 -0.00378902
272 0.0227341
273 0.0303121
274 0.0530462
275 0.0416792
276 0.0265231
277 0.0189451
278 0.0151561
279 -0.00378902
280 0.00378902
281 0.011367
282 -0.00378902
283 -0.00757803
284 -0.00378902
285 0.00378902
286 0
287 -0.00757803
288 -0.00378902
289 0.00378902
290 0.00757803
291 0
292 0
293 0
294 -0.00378902
295 -0.00378902
296 -0.00378902
297 0.00378902
298 -0.00378902
299 0.00378902
300 0
301 -0.00757803
302 -0.00378902
303 -0.00378902
304 0
305 -0.00378902
306 -0.011367
307 -0.00378902
308 0.00378902
309 -0.00757803
310 -0.00757803
311 0
312 -0.00378902
313 -0.00378902
314 0
315 0.00378902
316 0.00378902
317 0.00378902
318 0
319 -0.00378902
320 -0.00378902
321 0
322 0.00757803
323 -0.00757803
324 0
325 -0.011367
326 0
327 0.00378902
328 0
329 0.00378902
330 0
331 -0.00378902
332 -0.00378902
333 -0.011367
334 0
335 0
336 0.00378902
337 0
338 0
339 0
340 0.00378902
341 0.00378902
342 -0.00378902
343 0
344 0.00378902
345 -0.00378902
346 -0.00378902
347 0
348 -0.00378902
349 -0.00757803
350 -0.00378902
351 -0.00378902
352 0
353 -0.00378902
354 0.00757803
355 0
356 0
357 -0.00378902
358 -0.00378902
359 0
360 0
361 0
362 -0.00378902
363 -0.00378902
364 0
365 0
366 0.00378902
367 -0.00378902
368 -0.00378902
369 -0.00378902
370 -0.00378902
371 0.00378902
372 -0.00757803
373 0
374 0
375 0.00378902
376 0
377 0
378 0.00757803
379 -0.00378902
380 0.00378902
381 -0.00378902
382 0.00378902
383 -0.00757803
384 0.00378902
385 0
386 -0.00378902
387 0.00378902
388 0
389 0.00378902
390 -0.00378902
391 -0.00378902
392 -0.00378902
393 -0.00378902
394 0
395 -0.00378902
396 0
397 0
398 0
399 0
400 -0.00378902
401 -0.00378902
402 0.00378902
403 0.00378902
404 -0.00378902
405 -0.00378902
406 -0.00378902
407 0
408 -0.00378902
409 0.00378902
410 0.00378902
411 0.00757803
412 -0.00378902
413 0.00378902
414 0
415 0.00757803
416 0
417 0
418 0
419 -0.00378902
420 0
