0 -89.6563
1 -89.6563
2 -89.6563
3 -89.6563
4 -89.6563
5 -89.6563
6 -89.6563
7 -89.6563
8 -89.6563
9 -89.6563
10 -89.6563
11 -89.6563
12 -89.6563
13 -89.6563
14 -89.6563
15 -89.6563
16 -89.6563
17 -89.6563
18 -89.6563
19 -89.6563
20 -89.6563
21 -89.6563
22 -89.6563
23 -89.6563
24 -89.6563
25 -89.6563
26 -89.6563
27 -89.6563
28 -89.6563
29 -89.6563
30 -89.6563
31 -89.6563
32 -89.6563
33 -89.6563
34 -89.6563
35 -89.6563
36 -89.6563
37 -89.6563
38 -89.6563
39 -89.6563
40 -89.6563
41 -89.6563
42 -89.6563
43 -89.6563
44 -89.6563
45 -89.6563
46 -89.6563
47 -89.6563
48 -89.6563
49 -89.6563
50 -89.6563
51 -89.6563
52 -89.6563
53 -89.6563
54 -89.6563
55 -89.6563
56 -89.6563
57 -89.6563
58 -89.6563
59 -89.6563
60 -89.6563
61 -89.6563
62 -89.6563
63 -89.6563
64 -89.6563
65 -89.6563
66 -89.6563
67 -89.6563
68 -89.6563
69 -89.6563
70 -89.6563
71 -89.6563
72 -89.6563
73 -89.6563
74 -89.6563
75 -89.6563
76 -89.6563
77 -89.6563
78 -89.6563
79 -89.6563
80 -89.6563
81 -89.6563
82 -89.6563
83 -89.6563
84 -89.6563
85 -89.6563
86 -89.6563
87 -89.6563
88 -89.6563
89 -89.6563
90 -89.6563
91 -89.6563
92 -89.6563
93 -89.6563
94 -89.6563
95 -89.6563
96 -89.6563
97 -89.6563
98 -89.6563
99 -89.6563
100 -89.6563
101 -89.6563
102 -89.6563
103 -89.6563
104 -89.6563
105 -89.6563
106 -89.6563
107 -89.6563
108 -89.6563
109 -89.6563
110 -89.6563
111 -89.6563
112 -89.6563
113 -89.6563
114 -89.6563
115 -89.6563
116 -89.6563
117 -89.6563
118 -89.6563
119 -89.6563
120 -89.6563
121 -89.6563
122 -89.6563
123 -89.6563
124 -89.6563
125 -89.6563
126 -89.6563
127 -89.6563
128 -89.6563
129 -89.6563
130 -89.6563
131 -89.6563
132 -89.6563
133 -89.6563
134 -89.6563
135 -89.6563
136 -89.6563
137 -89.6563
138 -89.6563
139 -89.6563
140 -89.6563
141 -89.6563
142 -89.6563
143 -89.6563
144 -89.6563
145 -89.6563
146 -89.6563
147 -89.6563
148 -89.6563
149 -89.6563
150 -89.6563
151 -89.6563
152 -89.6563
153 -89.6563
154 -89.6563
155 -89.6563
156 -89.6563
157 -89.6563
158 -89.6563
159 -89.6563
160 -89.6563
161 -89.6563
162 -89.6563
163 -89.6563
164 -89.6563
165 -89.6563
166 -89.6563
167 -89.6563
168 -89.6563
169 -89.6563
170 -89.6563
171 -89.6563
172 -89.6563
173 -89.6563
174 -89.6563
175 -89.6563
176 -89.6563
177 -89.6563
178 -89.6563
179 -89.6563
180 -89.6563
181 -89.6563
182 -89.6563
183 -89.6563
184 -89.6563
185 -89.6563
186 -89.6563
187 -89.6563
188 -89.6563
189 -89.6563
190 -89.6563
191 -89.6563
192 -89.6563
193 -89.6563
194 -89.6563
195 -89.6563
196 -89.6563
197 -89.6563
198 -89.6563
199 -89.6563
200 -89.6563
201 -89.6563
202 -89.6563
203 -89.6563
204 -89.6563
205 -89.6563
206 -89.6563
207 -89.6563
208 -89.6563
209 -89.6563
210 -89.6563
211 -89.6563
212 -89.6563
213 -89.6563
214 -89.6563
215 -89.6563
216 -89.6563
217 -89.6563
218 -89.6563
219 -89.6563
220 -89.6563
221 -89.6563
222 -89.6563
223 -89.6563
224 -89.6563
225 -89.6563
226 -89.6563
227 -89.6563
228 -89.6563
229 -89.6563
230 -89.6563
231 -89.6563
232 -89.6563
233 -89.6563
234 -89.6563
235 -89.6563
236 -89.6563
237 -89.6563
238 -89.6563
239 -89.6563
240 -89.6563
241 -89.6563
242 -89.6563
243 -89.6563
244 -89.6563
245 -89.6563
246 -89.6563
247 -89.6563
248 -89.6563
249 -89.6563
250 -89.6563
251 -89.6563
252 -89.6563
253 -89.6563
254 -89.6563
255 -89.6563
256 -89.6563
257 -89.6563
258 -89.6563
259 -89.6563
260 -89.6563
261 -89.6563
262 -89.6563
263 -89.6563
264 -89.6563
265 -89.6563
266 -89.6563
267 -89.6563
268 -89.6563
269 -89.6563
270 -89.6563
271 -89.6563
272 -89.6563
273 -89.6563
274 -89.6563
275 -89.6563
276 -89.6563
277 -89.6563
278 -89.6563
279 -89.6563
280 -89.6563
281 -89.6563
282 -89.6563
283 -89.6563
284 -89.6563
285 -89.6563
286 -89.6563
287 -89.6563
288 -89.6563
289 -89.6563
290 -89.6563
291 -89.6563
292 -89.6563
293 -89.6563
294 -89.6563
295 -89.6563
296 -89.6563
297 -89.6563
298 -89.6612
299 -89.7819
300 -89.9216
301 -89.9797
302 -89.9994
303 -90.0028
304 -90.0027
305 -90.0025
306 -90.0022
307 -90.0019
308 -90.0016
309 -90.0012
310 -90.0008
311 -90.0005
312 -90.0003
313 -90.0001
314 -90
315 -90
316 -89.9999
317 -89.9999
318 -89.9999
319 -89.9999
320 -89.9999
321 -89.9999
322 -89.9999
323 -89.9999
324 -89.9999
325 -89.9999
326 -89.9999
327 -89.9999
328 -89.9999
329 -89.9999
330 -89.9999
331 -89.9999
332 -89.9999
333 -90
334 -90
335 -90
336 -90
337 -90
338 -90
339 -90
340 -90
341 -90
342 -90
343 -90
344 -90
345 -90
346 -90
347 -90
348 -90
349 -90
350 -90
351 -90
352 -90
353 -90
354 -90
355 -90
356 -90
357 -90
358 -90
359 -90
360 -90
361 -90
362 -90
363 -90
364 -90
365 -90
366 -90
367 -90
368 -90
369 -90
370 -90
371 -90
372 -90
373 -90
374 -90
375 -90
376 -90
377 -90
378 -90
379 -90
380 -90
381 -90
382 -90
383 -90
384 -90
385 -90
386 -90
387 -90
388 -90
389 -90
390 -90
391 -90
392 -90
393 -90
394 -90
395 -90
396 -90
397 -90
398 -90
399 -90
400 -90
401 -90
402 -90
403 -90
404 -90
405 -90
406 -90
407 -90
408 -90
409 -90
410 -90
411 -90
412 -90
413 -90
414 -90
415 -90
416 -90
417 -90
418 -90
419 -90
420 -90
421 -90
422 -90
423 -90
424 -90
425 -90
426 -90
427 -90
428 -90
429 -90
430 -90
431 -90
432 -90
433 -90
434 -90
435 -90
436 -90
437 -90
438 -90
439 -90
440 -90
441 -90
442 -90
443 -90
444 -90
445 -90
446 -90
447 -90
448 -90
449 -90
450 -90
451 -90
452 -90
453 -90
454 -90
455 -90
456 -90
457 -90
458 -89.9998
459 -89.9065
460 -89.7035
461 -89.4408
462 -89.1572
463 -88.8652
464 -88.5847
465 -88.3124
466 -88.0175
467 -87.7458
468 -87.4824
469 -87.1812
470 -86.894
471 -86.6244
472 -86.352
473 -86.0641
474 -85.758
475 -85.497
476 -85.2364
477 -84.9661
478 -84.6559
479 -84.3733
480 -84.0831
481 -83.8031
482 -83.5251
483 -83.2544
484 -82.9695
485 -82.6895
486 -82.4106
487 -82.1585
488 -81.8347
489 -81.5555
490 -81.2757
491 -81.0067
492 -80.7141
493 -80.4614
494 -80.1604
495 -80.0408
496 -80.0017
497 -79.9934
498 -79.9938
499 -79.9945
500 -79.9954
501 -79.9969
502 -79.9982
503 -79.9991
504 -79.9995
505 -79.9999
506 -80
507 -80.0001
508 -80.0001
509 -80.0002
510 -80.0002
511 -80.0002
512 -80.0002
513 -80.0001
514 -80.0001
515 -80.0001
516 -80.0001
517 -80.0001
518 -80.0001
519 -80.0001
520 -80.0001
521 -80.0001
522 -80.0001
523 -80.0001
524 -80.0001
525 -80.0001
526 -80.0001
527 -80.0001
528 -80.0001
529 -80.0001
530 -80
531 -80
532 -80
533 -80
534 -80
535 -80
536 -80
537 -80
538 -80
539 -80
540 -80
541 -80
542 -80
543 -80
544 -80
545 -80
546 -80
547 -80
548 -80
549 -80
550 -80
551 -80
552 -80
553 -80
554 -80
555 -80
556 -80
557 -80
558 -80
559 -80
560 -80
561 -80
562 -80
563 -80
564 -80
565 -80
566 -80
567 -80
568 -80
569 -80
570 -80
571 -80
572 -80
573 -80
574 -80
575 -80
576 -80
577 -80
578 -80
579 -80
580 -80
581 -80
582 -80
583 -80
584 -80
585 -80
586 -80
587 -80
588 -80
589 -80
590 -80
591 -80
592 -80
593 -80
594 -80
595 -80
596 -80
597 -80
598 -80
599 -80
600 -80
601 -80
602 -80
603 -80
604 -80
605 -80
606 -80
607 -80
608 -80
609 -80
610 -80
611 -80
612 -80
613 -80
614 -80
615 -80
616 -80
617 -80
618 -80
619 -80.0565
620 -80.2231
621 -80.5092
622 -80.791
623 -81.0655
624 -81.3423
625 -81.6232
626 -81.9086
627 -82.1775
628 -82.4656
629 -82.7427
630 -83.0213
631 -83.3187
632 -83.5883
633 -83.8672
634 -84.1553
635 -84.4364
636 -84.7
637 -84.9989
638 -85.2972
639 -85.5289
640 -85.8469
641 -86.1082
642 -86.4229
643 -86.674
644 -86.9438
645 -87.2578
646 -87.5546
647 -87.8031
648 -88.0813
649 -88.3655
650 -88.6571
651 -88.9281
652 -89.1967
653 -89.4862
654 -89.7687
655 -89.9292
656 -89.9927
657 -90.0063
658 -90.0067
659 -90.006
660 -90.0048
661 -90.0031
662 -90.0017
663 -90.0009
664 -90.0003
665 -90.0001
666 -90
667 -89.9999
668 -89.9999
669 -89.9999
670 -89.9999
671 -89.9999
672 -89.9999
673 -89.9999
674 -89.9999
675 -89.9999
676 -89.9999
677 -89.9999
678 -89.9999
679 -89.9999
680 -89.9999
681 -89.9999
682 -89.9999
683 -89.9999
684 -89.9999
685 -89.9999
686 -90
687 -90
688 -90
689 -90
690 -90
691 -90
692 -90
693 -90
694 -90
695 -90
696 -90
697 -90
698 -90
699 -90
700 -90
701 -90
702 -90
703 -90
704 -90
705 -90
706 -90
707 -90
708 -90
709 -90
710 -90
711 -90
712 -90
713 -90
714 -90
715 -90
716 -90
717 -90
718 -90
719 -90
720 -90
721 -90
722 -90
723 -90
724 -90
725 -90
726 -90
727 -90.0001
728 -90.0001
729 -90.0001
730 -90.0001
731 -90.0001
732 -90.0001
733 -90
734 -90
735 -90
736 -90
737 -90
738 -90
739 -90
740 -90
741 -90
742 -90
743 -90
744 -90
745 -90
746 -90
747 -90
748 -90
749 -90
750 -90
751 -90
752 -90
753 -90
754 -90
755 -90
756 -90
757 -90
758 -90
759 -90
760 -90
761 -90
762 -90
763 -90
764 -90
765 -90
766 -90
767 -90
768 -90
769 -90
770 -90
771 -90
772 -90
773 -90
774 -90
775 -90
776 -90
777 -90
778 -90
779 -89.9809
780 -89.8191
781 -89.5992
782 -89.2983
783 -89.0229
784 -88.7507
785 -88.479
786 -88.1964
787 -87.8801
788 -87.5923
789 -87.311
790 -87.0604
791 -86.7805
792 -86.4732
793 -86.2013
794 -85.9401
795 -85.6334
796 -85.352
797 -85.0641
798 -84.7931
799 -84.5151
800 -84.2208
801 -83.9595
802 -83.6683
803 -83.371
804 -83.1002
805 -82.8295
806 -82.5524
807 -82.2734
808 -81.9976
809 -81.7118
810 -81.4305
811 -81.1607
812 -80.8699
813 -80.5907
814 -80.3116
815 -80.1014
816 -80.0156
817 -79.995
818 -79.9932
819 -79.9938
820 -79.9947
821 -79.9963
822 -79.9978
823 -79.9989
824 -79.9995
825 -79.9998
826 -80
827 -80.0001
828 -80.0001
829 -80.0001
830 -80.0002
831 -80.0001
832 -80.0001
833 -80.0001
834 -80.0001
835 -80.0001
836 -80.0001
837 -80.0001
838 -80.0001
839 -80.0001
840 -80.0001
841 -80.0001
842 -80.0001
843 -80.0001
844 -80.0001
845 -80.0001
846 -80
847 -80
848 -80
849 -79.9999
850 -79.9999
851 -79.9999
852 -80
853 -80
854 -80
855 -80
856 -80
857 -80
858 -80
859 -80
860 -80
861 -80
862 -80
863 -80
864 -80
865 -80
866 -80
867 -80
868 -80
869 -80
870 -80
871 -80
872 -80
873 -80
874 -80
875 -80
876 -80
877 -80
878 -80
879 -80
880 -80
881 -80
882 -80
883 -80
884 -80
885 -80
886 -80
887 -80
888 -80
889 -80
890 -80
891 -80
892 -80
893 -80
894 -80
895 -80
896 -80
897 -80
898 -80
899 -80
900 -80
901 -80
902 -80
903 -80
904 -80
905 -80
906 -80
907 -80
908 -80
909 -80
910 -80
911 -80
912 -80
913 -80
914 -80
915 -80
916 -80
917 -80
918 -80
919 -80
920 -80
921 -80
922 -80
923 -80
924 -80
925 -80
926 -80
927 -80
928 -80
929 -80
930 -80
931 -80
932 -80
933 -80
934 -80
935 -80
936 -80
937 -80
938 -80
939 -80.0054
940 -80.1279
941 -80.3611
942 -80.6532
943 -80.8989
944 -81.1903
945 -81.4617
946 -81.779
947 -82.0209
948 -82.2993
949 -82.6142
950 -82.8649
951 -83.1521
952 -83.4409
953 -83.7202
954 -84.0167
955 -84.2871
956 -84.5748
957 -84.8447
958 -85.1408
959 -85.4038
960 -85.6898
961 -85.9684
962 -86.2668
963 -86.5613
964 -86.8311
965 -87.1016
966 -87.4038
967 -87.6774
968 -87.956
969 -88.2159
970 -88.5221
971 -88.793
972 -89.0734
973 -89.3465
974 -89.6447
975 -89.8656
976 -89.9732
977 -90.0023
978 -90.0069
979 -90.0064
980 -90.0054
981 -90.0038
982 -90.0021
983 -90.0012
984 -90.0005
985 -90.0002
986 -90
987 -89.9999
988 -89.9999
989 -89.9999
990 -89.9999
