0 0
1 0
2 0
3 0
4 0
5 0
6 0
7 0
8 0
9 0
10 0
11 0
12 0
13 0
14 0
15 0
16 0
17 0
18 0
19 0
20 0
21 0
22 0
23 0
24 0
25 0
26 0
27 0
28 0
29 0
30 0
31 0
32 0
33 0
34 0
35 0
36 0
37 0
38 0
39 0
40 0
41 0
42 0
43 0
44 0
45 0
46 0
47 0
48 0
49 0
50 0
51 0
52 0
53 0
54 0
55 0
56 0
57 0
58 0
59 0
60 0
61 0
62 0
63 0
64 0
65 0
66 0
67 0
68 0
69 0
70 0
71 0
72 0
73 0
74 0
75 0
76 0
77 0
78 0
79 0
80 0
81 0
82 0
83 0
84 0
85 0
86 0
87 0
88 0
89 0
90 0
91 0
92 0
93 0
94 0
95 0
96 0
97 0
98 0
99 0
100 0
101 0
102 0
103 0
104 0
105 0
106 0
107 0
108 0
109 0
110 -0.00121
111 0
112 -0.00121
113 -0.00121
114 -0.00121
115 -0.00121
116 -0.00121
117 -0.00121
118 -0.00121
119 -0.00121
120 -0.00121
121 -0.00121
122 -0.00121
123 -0.00121
124 -0.00121
125 -0.00121
126 -0.00121
127 -0.00121
128 -0.00121
129 -0.00121
130 -0.00121
131 -0.00121
132 -0.00121
133 -0.00121
134 -0.00121
135 -0.00121
136 -0.00121
137 -0.00121
138 -0.00242
139 -0.00242
140 -0.00121
141 -0.00242
142 -0.00121
143 -0.00242
144 -0.00242
145 -0.00242
146 -0.00242
147 -0.00242
148 -0.00242
149 -0.00242
150 -0.00242
151 -0.00242
152 -0.00242
153 -0.00242
154 -0.00242
155 -0.00242
156 -0.00242
157 -0.00242
158 -0.00242
159 -0.00242
160 -0.00242
161 -0.00242
162 -0.00242
163 -0.00242
164 -0.00242
165 -0.00242
166 -0.00242
167 -0.00242
168 -0.00242
169 -0.00242
170 -0.00242
171 -0.00242
172 -0.00242
173 -0.00242
174 -0.00242
175 -0.00242
176 -0.00242
177 -0.00242
178 -0.00242
179 -0.00242
180 -0.00242
181 -0.00242
182 -0.00242
183 -0.00242
184 -0.00242
185 -0.00242
186 -0.00242
187 -0.00242
188 -0.00242
189 -0.00242
190 -0.00242
191 -0.00242
192 -0.00242
193 -0.00242
194 -0.00242
195 -0.00242
196 -0.00242
197 -0.00242
198 -0.00242
199 -0.00242
200 -0.00242
201 -0.00242
202 -0.00242
203 -0.00242
204 -0.00242
205 -0.00242
206 -0.00242
207 -0.00242
208 -0.00242
209 -0.00242
210 -0.00242
211 -0.00242
212 -0.00242
213 -0.00242
214 -0.00242
215 -0.00242
216 -0.00242
217 -0.00242
218 -0.00242
219 -0.00242
220 -0.00242
221 -0.00242
222 -0.00242
223 -0.00242
224 -0.00242
225 -0.00242
226 -0.00242
227 -0.00242
228 -0.00242
229 -0.00242
230 -0.00242
231 -0.00242
232 -0.00242
233 -0.00242
234 -0.00242
235 -0.00242
236 -0.00242
237 -0.00121
238 -0.00242
239 -0.00121
240 -0.00121
241 -0.00121
242 -0.00121
243 0
244 0
245 0
246 0
247 0
248 0
249 0
250 0
251 0.00242
252 0.00484
253 0.00847
254 0.01331
255 0.01936
256 0.0242
257 0.02904
258 0.03509
259 0.04114
260 0.04719
261 0.05566
262 0.06292
263 0.07381
264 0.08107
265 0.08833
266 0.09075
267 0.09075
268 0.0847
269 0.0726
270 0.05445
271 0.04235
272 0.02783
273 0.01694
274 0.00726
275 -0.00242
276 -0.00847
277 -0.01331
278 -0.01694
279 -0.01815
280 -0.01936
281 -0.01936
282 -0.01936
283 -0.01936
284 -0.02057
285 -0.02299
286 -0.02662
287 -0.03025
288 -0.03509
289 -0.03993
290 -0.04477
291 -0.04961
292 -0.05445
293 -0.05929
294 -0.06413
295 -0.06897
296 -0.0726
297 -0.07744
298 -0.08228
299 -0.08591
300 -0.08833
301 -0.09196
302 -0.09438
303 -0.0968
304 -0.09922
305 -0.10043
306 -0.10164
307 -0.10285
308 -0.10406
309 -0.10527
310 -0.10527
311 -0.10648
312 -0.10648
313 -0.10648
314 -0.10648
315 -0.10648
316 -0.10648
317 -0.10527
318 -0.10648
319 -0.10648
320 -0.10648
321 -0.10769
322 -0.1089
323 -0.11011
324 -0.11011
325 -0.11132
326 -0.11253
327 -0.11374
328 -0.11374
329 -0.11374
330 -0.1089
331 -0.0847
332 -0.05929
333 -0.03993
334 -0.02299
335 -0.00605
336 0.00605
337 0.01452
338 0.01573
339 0.01694
340 0.01815
341 0.01815
342 0.01815
343 0.01694
344 0.01694
345 0.01694
346 0.01573
347 0.01573
348 0.01573
349 0.01452
350 0.01452
351 0.01452
352 0.01331
353 0.01331
354 0.01331
355 0.0121
356 0.0121
357 0.0121
358 0.0121
359 0.0121
360 0.0121
361 0.0121
362 0.0121
363 0.01452
364 0.01573
365 0.01815
366 0.02057
367 0.0242
368 0.02904
369 0.03509
370 0.04114
371 0.04719
372 0.05445
373 0.06413
374 0.0726
375 0.07986
376 0.08954
377 0.09559
378 0.10164
379 0.1089
380 0.11253
381 0.11858
382 0.12342
383 0.12705
384 0.13068
385 0.1331
386 0.13552
387 0.13673
388 0.13673
389 0.13552
390 0.13431
391 0.1331
392 0.13068
393 0.12584
394 0.11011
395 0.08107
396 0.05082
397 0.02783
398 0.00847
399 -0.00968
400 -0.01815
401 -0.02057
402 -0.02299
403 -0.02299
404 -0.02299
405 -0.02299
406 -0.02299
407 -0.02178
408 -0.02057
409 -0.01936
410 -0.01694
411 -0.01331
412 -0.00847
413 0.00121
414 0.01815
415 0.03509
416 0.05082
417 0.06655
418 0.08228
419 0.0968
420 0.10769
421 0.11979
422 0.12826
423 0.13794
424 0.14278
425 0.1452
426 0.14762
427 0.14641
428 0.14399
429 0.14036
430 0.13431
431 0.12221
432 0.09801
433 0.06655
434 0.04114
435 0.02178
436 0.00121
437 -0.01331
438 -0.01936
439 -0.02178
440 -0.02178
441 -0.02299
442 -0.02299
443 -0.02299
444 -0.02299
445 -0.02299
446 -0.02299
447 -0.02541
448 -0.02904
449 -0.03267
450 -0.03993
451 -0.0484
452 -0.05566
453 -0.06534
454 -0.07502
455 -0.08591
456 -0.09559
457 -0.10406
458 -0.11253
459 -0.11737
460 -0.10769
461 -0.07865
462 -0.0484
463 -0.02904
464 -0.0121
465 0.00121
466 0.0121
467 0.01452
468 0.01573
469 0.01573
470 0.01452
471 0.01089
472 0.00605
473 -0.00605
474 -0.01936
475 -0.03751
476 -0.05445
477 -0.07502
478 -0.09317
479 -0.11011
480 -0.12463
481 -0.13431
482 -0.13552
483 -0.11737
484 -0.08954
485 -0.05203
486 -0.03146
487 -0.01089
488 0.00484
489 0.01331
490 0.01573
491 0.01694
492 0.01694
493 0.01694
494 0.01694
495 0.01573
496 0.01573
497 0.01573
498 0.01452
499 0.01452
500 0.01452
501 0.01452
502 0.01573
503 0.01694
504 0.01815
505 0.02057
506 0.0242
507 0.02904
508 0.03388
509 0.04235
510 0.04961
511 0.05687
512 0.06171
513 0.06897
514 0.07502
515 0.08107
516 0.0847
517 0.09075
518 0.09438
519 0.0968
520 0.10043
521 0.10406
522 0.10527
523 0.10769
524 0.1089
525 0.11011
526 0.11253
527 0.11374
528 0.11495
529 0.11737
530 0.11858
531 0.121
532 0.12221
533 0.12463
534 0.12584
535 0.12705
536 0.12826
537 0.12947
538 0.12947
539 0.13068
540 0.13189
541 0.13189
542 0.1331
543 0.1331
544 0.13431
545 0.13552
546 0.13794
547 0.13915
548 0.14157
549 0.14278
550 0.14399
551 0.1452
552 0.14762
553 0.14762
554 0.15004
555 0.15004
556 0.15246
557 0.15367
558 0.15367
559 0.15125
560 0.14883
561 0.13189
562 0.10527
563 0.07986
564 0.05929
565 0.03872
566 0.01936
567 0.00121
568 -0.01331
569 -0.01936
570 -0.02057
571 -0.02178
572 -0.02299
573 -0.02299
574 -0.02299
575 -0.02178
576 -0.02178
577 -0.02178
578 -0.02057
579 -0.01936
580 -0.01936
581 -0.01936
582 -0.01815
583 -0.01815
584 -0.01815
585 -0.01694
586 -0.01694
587 -0.01694
588 -0.01573
589 -0.01573
590 -0.01573
591 -0.01452
592 -0.01452
593 -0.01452
594 -0.01452
595 -0.01452
596 -0.01331
597 -0.01331
598 -0.01331
599 -0.01331
600 -0.01331
601 -0.01331
602 -0.01331
603 -0.0121
604 -0.0121
605 -0.0121
606 -0.0121
607 -0.0121
608 -0.0121
609 -0.0121
610 -0.0121
611 -0.0121
612 -0.0121
613 -0.0121
614 -0.0121
615 -0.0121
616 -0.0121
617 -0.0121
618 -0.0121
619 -0.0121
620 -0.0121
621 -0.0121
622 -0.0121
623 -0.0121
624 -0.0121
625 -0.0121
626 -0.0121
627 -0.01089
628 -0.01089
629 -0.01089
630 -0.0121
631 -0.01089
632 -0.0121
633 -0.01089
634 -0.0121
635 -0.0121
636 -0.01089
637 -0.01089
638 -0.0121
639 -0.0121
640 -0.0121
641 -0.01089
642 -0.0121
643 -0.01089
644 -0.0121
645 -0.0121
646 -0.0121
647 -0.01089
648 -0.01089
649 -0.01089
650 -0.0121
651 -0.0121
652 -0.01089
653 -0.01089
654 -0.0121
655 -0.0121
656 -0.01089
657 -0.0121
658 -0.01089
659 -0.01089
660 -0.0121
661 -0.01089
662 -0.0121
663 -0.0121
664 -0.0121
665 -0.0121
666 -0.0121
667 -0.0121
668 -0.0121
669 -0.0121
670 -0.0121
671 -0.0121
672 -0.0121
673 -0.0121
674 -0.0121
675 -0.0121
676 -0.0121
677 -0.0121
678 -0.0121
679 -0.0121
680 -0.0121
681 -0.0121
682 -0.0121
683 -0.0121
684 -0.0121
685 -0.0121
686 -0.0121
687 -0.0121
688 -0.0121
689 -0.0121
690 -0.0121
691 -0.0121
692 -0.0121
693 -0.0121
694 -0.0121
695 -0.0121
696 -0.0121
697 -0.0121
698 -0.0121
699 -0.0121
700 -0.0121
701 -0.0121
702 -0.0121
703 -0.01089
704 -0.0121
705 -0.0121
706 -0.0121
707 -0.0121
708 -0.0121
709 -0.0121
710 -0.0121
711 -0.0121
712 -0.01089
713 -0.0121
714 -0.0121
715 -0.01089
716 -0.0121
717 -0.01089
718 -0.0121
719 -0.0121
720 -0.0121
721 -0.01089
722 -0.01089
723 -0.0121
724 -0.0121
725 -0.0121
726 -0.0121
727 -0.0121
728 -0.0121
729 -0.01089
730 -0.0121
731 -0.0121
732 -0.0121
733 -0.0121
734 -0.0121
735 -0.0121
736 -0.0121
737 -0.0121
738 -0.0121
739 -0.0121
740 -0.0121
741 -0.0121
742 -0.0121
743 -0.0121
744 -0.0121
745 -0.0121
746 -0.0121
747 -0.01089
748 -0.0121
749 -0.0121
750 -0.0121
751 -0.0121
752 -0.0121
753 -0.0121
754 -0.0121
755 -0.0121
756 -0.0121
757 -0.0121
758 -0.0121
759 -0.0121
760 -0.0121
761 -0.0121
762 -0.0121
763 -0.0121
764 -0.0121
765 -0.0121
766 -0.0121
767 -0.0121
768 -0.0121
769 -0.0121
770 -0.0121
771 -0.0121
772 -0.0121
773 -0.0121
774 -0.0121
775 -0.0121
776 -0.0121
777 -0.0121
778 -0.0121
779 -0.0121
780 -0.0121
781 -0.0121
782 -0.0121
783 -0.0121
784 -0.0121
785 -0.0121
786 -0.0121
787 -0.0121
788 -0.0121
789 -0.0121
790 -0.0121
791 -0.0121
792 -0.0121
793 -0.0121
794 -0.0121
795 -0.0121
796 -0.0121
797 -0.0121
798 -0.0121
799 -0.0121
800 -0.0121
801 -0.0121
802 -0.0121
803 -0.0121
804 -0.0121
805 -0.0121
806 -0.0121
807 -0.0121
808 -0.0121
809 -0.0121
810 -0.0121
811 -0.0121
812 -0.0121
813 -0.0121
814 -0.0121
815 -0.0121
816 -0.0121
817 -0.0121
818 -0.0121
819 -0.0121
820 -0.0121
821 -0.0121
822 -0.0121
823 -0.0121
824 -0.0121
825 -0.0121
826 -0.0121
827 -0.0121
828 -0.0121
829 -0.0121
830 -0.0121
831 -0.0121
832 -0.0121
833 -0.0121
