0 5.00001
1 5.00001
2 5.00001
3 5.00001
4 5.00001
5 5.00001
6 5.00001
7 5.00001
8 5.00001
9 5.00001
10 5.00001
11 5.00001
12 5.00001
13 5.00001
14 5.00001
15 5.00001
16 5.00001
17 5.00001
18 5.00001
19 5.00001
20 5.00001
21 5.00001
22 5.00001
23 5.00001
24 5.00001
25 5.00001
26 5.00001
27 5.00001
28 5.00001
29 5.00001
30 5.00001
31 5.00001
32 5.00001
33 5.00001
34 5.00001
35 5.00001
36 5.00001
37 5.00001
38 5.00001
39 5.00001
40 5.00001
41 5.00001
42 5.00001
43 5.00001
44 5.00001
45 5.00001
46 5.00001
47 5.00001
48 5.00001
49 5.00001
50 5.00001
51 5.00001
52 5.00001
53 5.00001
54 5.00001
55 5.00001
56 5.00001
57 5.00001
58 5.00001
59 5.00001
60 5.00001
61 5.00001
62 5.00001
63 5.00001
64 5.00001
65 5.00001
66 5.00001
67 5.00001
68 5.00001
69 5.00001
70 5.00001
71 5.00001
72 5.00001
73 5.00001
74 5.00001
75 5.00001
76 5.00001
77 5.00001
78 5.00001
79 5.00001
80 5.00001
81 5.00001
82 5.00001
83 5.00001
84 5.00001
85 5.00001
86 5.00001
87 5.00001
88 5.00001
89 5.00001
90 5.00001
91 5.00001
92 5.00001
93 5.00001
94 5.00001
95 5.00001
96 5.00001
97 5.00001
98 5.00001
99 5.00001
100 5.00001
101 5.00001
102 5.00002
103 5.00002
104 5.00002
105 5.00002
106 5.00002
107 5.00002
108 5.00002
109 5.00002
110 5.00002
111 5.00002
112 5.00002
113 5.00002
114 5.00002
115 5.00002
116 5.00002
117 5.00002
118 5.00002
119 5.00002
120 5.00002
121 5.00002
122 5.00002
123 5.00002
124 5.00002
125 5.00002
126 5.00002
127 5.00002
128 5.00002
129 5.00002
130 5.00002
131 5.00002
132 5.00002
133 5.00002
134 5.00002
135 5.00002
136 5.00002
137 5.00002
138 5.00002
139 5.00002
140 5.00002
141 5.00002
142 5.00002
143 5.00002
144 5.00002
145 5.00002
146 5.00002
147 5.00002
148 5.00002
149 5.00002
150 5.00002
151 5.00002
152 5.00002
153 5.00002
154 5.00002
155 5.00002
156 5.00002
157 5.00002
158 5.00002
159 5.00002
160 5.00002
161 5.00002
162 5.00002
163 5.00002
164 5.00002
165 5.00002
166 5.00002
167 5.00002
168 5.00002
169 5.00002
170 5.00002
171 5
172 5
173 5
174 5
175 5
176 5
177 5
178 5
179 5
180 5
181 5
182 5
183 5
184 5
185 5
186 5
187 5
188 5
189 5
190 5
191 5
192 5
193 5
194 5
195 5
196 5
197 5
198 5
199 5
200 5
201 5
202 5
203 5
204 5
205 5
206 5
207 5
208 5
209 5
210 5
211 5
212 5
213 5
214 5
215 5
216 5
217 5
218 5
219 5
220 5
221 5
222 5
223 5
224 5
225 5
226 5
227 5
228 5
229 5
230 5
231 5
232 5
233 5
234 5
235 5
236 5
237 5
238 5
239 5
240 5
241 5
242 5
243 5
244 5
245 5
246 5
247 5
248 5
249 5
250 5
251 5
252 5
253 5
254 5
255 5
256 5
257 5
258 5
259 5
260 5
261 5
262 5
263 5
264 5
265 5
266 5
267 5
268 5
269 5
270 5
271 5
272 5
273 5
274 5
275 5
276 5
277 5
278 5
279 5
280 5
281 5
282 5
283 5
284 5
285 5
286 5
287 5
288 5
289 5
290 5
291 5
292 5
293 5
294 5
295 5
296 5
297 5
298 5
299 5
300 5
301 5
302 5
303 5
304 5
305 5
306 5
307 5
308 5
309 5
310 5
311 5
312 5
313 5
314 5
315 5
316 5
317 5
318 5
319 5
320 5
321 5
322 5
323 5
324 5
325 5
326 5
327 5
328 5
329 5
330 5
331 5
332 -3.78902e-06
333 -3.78902e-06
334 -3.5522e-06
335 -3.5522e-06
336 -3.78902e-06
337 -3.78902e-06
338 -3.78902e-06
339 -4.02583e-06
340 -3.78902e-06
341 -3.78902e-06
342 -3.78902e-06
343 -4.02583e-06
344 -3.78902e-06
345 -3.78902e-06
346 -4.02583e-06
347 -3.5522e-06
348 -3.78902e-06
349 -3.78902e-06
350 -3.78902e-06
351 -3.78902e-06
352 -3.5522e-06
353 -3.78902e-06
354 -3.78902e-06
355 -3.78902e-06
356 -3.78902e-06
357 -3.78902e-06
358 -3.5522e-06
359 -3.78902e-06
360 -3.78902e-06
361 -3.78902e-06
362 -3.78902e-06
363 -3.78902e-06
364 -3.78902e-06
365 -3.78902e-06
366 -3.78902e-06
367 -3.5522e-06
368 -3.5522e-06
369 -3.78902e-06
370 -3.78902e-06
371 -3.78902e-06
372 -3.78902e-06
373 -3.78902e-06
374 -3.78902e-06
375 -3.78902e-06
376 -3.78902e-06
377 -3.78902e-06
378 -3.5522e-06
379 -3.78902e-06
380 -4.02583e-06
381 -4.02583e-06
382 -3.78902e-06
383 -3.78902e-06
384 -3.78902e-06
385 -3.78902e-06
386 -3.78902e-06
387 -3.78902e-06
388 -3.5522e-06
389 -3.78902e-06
390 -3.78902e-06
391 -3.78902e-06
392 -3.78902e-06
393 -4.02583e-06
394 -3.78902e-06
395 -3.78902e-06
396 -3.78902e-06
397 -3.78902e-06
398 -4.02583e-06
399 -4.02583e-06
400 -3.78902e-06
401 -3.5522e-06
402 -3.5522e-06
403 -3.78902e-06
404 -3.78902e-06
405 -3.78902e-06
406 -3.78902e-06
407 -3.78902e-06
408 -3.78902e-06
409 -3.5522e-06
410 -3.78902e-06
411 -3.78902e-06
412 -4.02583e-06
413 -3.78902e-06
414 -4.02583e-06
415 -3.78902e-06
416 -3.78902e-06
417 -3.78902e-06
418 -3.78902e-06
419 -3.78902e-06
420 -3.78902e-06
421 -4.02583e-06
422 -3.78902e-06
423 -3.78902e-06
424 -3.78902e-06
425 -3.78902e-06
426 -3.78902e-06
427 -4.02583e-06
428 -3.78902e-06
429 -4.02583e-06
430 -3.78902e-06
431 -3.5522e-06
432 -3.78902e-06
433 -3.78902e-06
434 -4.02583e-06
435 -4.02583e-06
436 -3.78902e-06
437 -3.78902e-06
438 -3.78902e-06
439 -3.78902e-06
440 -4.02583e-06
441 -3.78902e-06
442 -3.78902e-06
443 -3.78902e-06
444 -3.78902e-06
445 -3.78902e-06
446 -4.02583e-06
447 -3.78902e-06
448 -3.78902e-06
449 -3.78902e-06
450 -4.02583e-06
451 -3.78902e-06
452 -4.02583e-06
453 -3.78902e-06
454 -3.78902e-06
455 -3.78902e-06
456 -3.78902e-06
457 -3.78902e-06
458 -3.5522e-06
459 -3.78902e-06
460 -3.78902e-06
461 -3.78902e-06
462 -3.5522e-06
463 -4.02583e-06
464 -3.78902e-06
465 -3.5522e-06
466 -3.78902e-06
467 -4.02583e-06
468 -4.02583e-06
469 -3.5522e-06
470 -3.78902e-06
471 -4.02583e-06
472 -4.02583e-06
473 -3.5522e-06
474 -3.5522e-06
475 -3.5522e-06
476 -3.78902e-06
477 -4.02583e-06
478 -3.78902e-06
479 -3.78902e-06
480 -3.5522e-06
481 -3.78902e-06
482 -4.02583e-06
483 -3.78902e-06
484 -3.78902e-06
485 -4.02583e-06
486 -3.5522e-06
487 -3.78902e-06
488 -3.78902e-06
489 -3.78902e-06
490 -3.78902e-06
491 -3.78902e-06
492 -3.5522e-06
493 0.0824687
494 0.293726
495 0.580537
496 0.897047
497 1.19994
498 1.5062
499 1.82513
500 2.14464
501 2.43646
502 2.7543
503 3.03246
504 3.37886
505 3.68682
506 3.98473
507 4.29752
508 4.61648
509 4.86216
510 4.97796
511 5.00428
512 5.00705
513 5.00494
514 5.0027
515 5.00126
516 5.0006
517 5.00037
518 5.00023
519 5.00014
520 5.00003
521 4.99992
522 4.9999
523 4.99991
524 4.99993
525 4.99993
526 4.99993
527 4.99993
528 4.99995
529 4.99996
530 4.99996
531 4.99996
532 4.99997
533 4.99998
534 4.99998
535 4.99998
536 4.99998
537 4.99998
538 4.99999
539 4.99999
540 4.99999
541 4.99999
542 4.99999
543 5
544 4.99999
545 4.99999
546 4.99999
547 5
548 5
549 4.99999
550 4.99999
551 4.99999
552 5
553 5
554 5
555 4.99999
556 5
557 5
558 5
559 5
560 5
561 5
562 5
563 5
564 5
565 5
566 5
567 5
568 5
569 5
570 5
571 5
572 5
573 5
574 5
575 5
576 5
577 5
578 5
579 5
580 5
581 5
582 5
583 5
584 5
585 5
586 5
587 5
588 5
589 5
590 5
591 5
592 5
593 5
594 5
595 5
596 5
597 5
598 5
599 5
600 5
601 5
602 5
603 5
604 5
605 5
606 5
607 5
608 5
609 5
610 5
611 5
612 5
613 5
614 5
615 5
616 5
617 5
618 5
619 5
620 5
621 5
622 5
623 5
624 5
625 5
626 5
627 5
628 5
629 5
630 5
631 5
632 5
633 5
634 5
635 5
636 5
637 5
638 5
639 5
640 5
641 5
642 5
643 5
644 5
645 5
646 5
647 5
648 5
649 5
650 5
651 5
652 5
653 4.96449
654 4.81713
655 4.50457
656 4.2313
657 3.92147
658 3.5887
659 3.28942
660 2.94114
661 2.6455
662 2.34749
663 2.05444
664 1.72664
665 1.41498
666 1.09844
667 0.788171
668 0.47786
669 0.189524
670 0.0528838
671 0.00053212
672 -0.00721216
673 -0.00618296
674 -0.0032029
675 -0.00157031
676 -0.000775327
677 -0.000387901
678 -0.000313067
679 -0.000227104
680 -0.000127642
681 -1.79978e-05
682 5.9677e-05
683 7.29386e-05
684 6.67814e-05
685 5.3283e-05
686 4.49946e-05
687 4.66523e-05
688 4.831e-05
689 4.28632e-05
690 2.91281e-05
691 2.10764e-05
692 2.34445e-05
693 2.5339e-05
694 2.20237e-05
695 1.32616e-05
696 7.10441e-06
697 9.47254e-06
698 1.18407e-05
699 1.0183e-05
700 4.49946e-06
701 7.10441e-07
702 3.31539e-06
703 5.68352e-06
704 3.78902e-06
705 -2.36814e-07
706 -1.65769e-06
707 4.73627e-07
708 2.13132e-06
709 9.47254e-07
710 -2.36814e-06
711 -3.31539e-06
712 -9.47254e-07
713 0
714 -1.65769e-06
715 -3.78902e-06
716 -4.26264e-06
717 -3.07858e-06
718 -2.36814e-06
719 -3.31539e-06
720 -4.49946e-06
721 -4.73627e-06
722 -3.5522e-06
723 -3.07858e-06
724 -4.02583e-06
725 -4.49946e-06
726 -4.26264e-06
727 -3.5522e-06
728 -3.07858e-06
729 -3.31539e-06
730 -4.02583e-06
731 -4.02583e-06
732 -3.5522e-06
733 -3.07858e-06
734 -3.5522e-06
735 -4.02583e-06
736 -3.78902e-06
737 -3.5522e-06
738 -3.5522e-06
739 -3.5522e-06
740 -4.73627e-06
741 -4.26264e-06
742 -4.02583e-06
743 -3.5522e-06
744 -3.78902e-06
745 -4.49946e-06
746 -4.49946e-06
747 -3.78902e-06
748 -3.5522e-06
749 -4.02583e-06
750 -4.02583e-06
751 -4.02583e-06
752 -3.5522e-06
753 -3.31539e-06
754 -3.78902e-06
755 -4.02583e-06
756 -3.78902e-06
757 -3.5522e-06
758 -3.31539e-06
759 -3.78902e-06
760 -4.26264e-06
761 -4.02583e-06
762 -3.5522e-06
763 -3.78902e-06
764 -4.02583e-06
765 -4.26264e-06
766 -4.02583e-06
767 -3.78902e-06
768 -4.02583e-06
769 -4.02583e-06
770 -4.02583e-06
771 -3.78902e-06
772 -3.78902e-06
773 -3.78902e-06
774 -4.02583e-06
775 -4.02583e-06
776 -3.78902e-06
777 -3.5522e-06
778 -3.5522e-06
779 -3.78902e-06
780 -4.02583e-06
781 -3.78902e-06
782 -3.5522e-06
783 -3.5522e-06
784 -3.78902e-06
785 -3.78902e-06
786 -4.02583e-06
787 -4.02583e-06
788 -4.02583e-06
789 -4.26264e-06
790 -4.26264e-06
791 -4.02583e-06
792 -3.5522e-06
793 -4.02583e-06
794 -3.78902e-06
795 -3.78902e-06
796 -3.5522e-06
797 -3.78902e-06
798 -3.78902e-06
799 -3.78902e-06
800 -3.78902e-06
801 -3.5522e-06
802 -3.5522e-06
803 -3.5522e-06
804 -3.78902e-06
805 -3.78902e-06
806 -3.78902e-06
807 -3.78902e-06
808 -3.5522e-06
809 -4.02583e-06
810 -4.02583e-06
811 -3.78902e-06
812 -3.78902e-06
813 0.0032505
814 0.127813
815 0.378582
816 0.703018
817 0.962042
818 1.32509
819 1.586
820 1.93585
821 2.22539
822 2.54697
823 2.8636
824 3.14297
825 3.4596
826 3.78736
827 4.09522
828 4.41171
829 4.73764
830 4.92319
831 4.98833
832 5.00657
833 5.00675
834 5.00439
835 5.00212
836 5.00096
837 5.00049
838 5.00031
839 5.00019
840 5.0001
841 4.99998
842 4.9999
843 4.9999
844 4.99992
845 4.99993
846 4.99993
847 4.99993
848 4.99994
849 4.99996
850 4.99996
851 4.99996
852 4.99996
853 4.99997
854 4.99998
855 4.99998
856 4.99998
857 4.99998
858 4.99999
859 4.99999
860 4.99999
861 4.99999
862 4.99999
863 4.99999
864 5
865 4.99999
866 4.99999
867 4.99999
868 5
869 5
870 4.99999
871 4.99999
872 5
873 5
874 5
875 5
876 5
877 5
878 5
879 5
880 5
881 5
882 5
883 5
884 5
885 5
886 5
887 5
888 5
889 5
890 5
891 5
892 5
893 5
894 5
895 5
896 5
897 5
898 5
899 5
900 5
901 5
902 5
903 5
904 5
905 5
906 5
907 5
908 5
909 5
910 5
911 5
912 5
913 5
914 5
915 5
916 5
917 5
918 5
919 5
920 5
921 5
922 5
923 5
924 5
925 5
926 5
927 5
928 5
929 5
930 5
931 5
932 5
933 5
934 5
935 5
936 5
937 5
938 5
939 5
940 5
941 5
942 5
943 5
944 5
945 5
946 5
947 5
948 5
949 5
950 5
951 5
952 5
953 5
954 5
955 5
956 5
957 5
958 5
959 5
960 5
961 5
962 5
963 5
964 5
965 5
966 5
967 5
968 5
969 5
970 5
971 5
972 5
973 4.99997
974 4.91218
975 4.68723
976 4.4424
977 4.08669
978 3.815
979 3.4639
980 3.14379
981 2.88644
982 2.53125
983 2.22331
984 1.92531
985 1.61613
986 1.28834
987 0.970618
988 0.691347
989 0.364935
990 0.117049
991 0.0219713
992 -0.00502897
993 -0.00710109
994 -0.00495698
995 -0.00254361
996 -0.00108437
997 -0.000561011
998 -0.000354273
999 -0.000282992
1000 -0.000181636
1001 -9.30677e-05
1002 3.19698e-05
1003 6.89127e-05
1004 7.29386e-05
1005 6.39396e-05
1006 4.97308e-05
1007 4.59418e-05
1008 4.80731e-05
1009 4.75995e-05
1010 4.00215e-05
1011 2.51022e-05
1012 2.17868e-05
1013 2.51022e-05
1014 2.48654e-05
1015 1.98923e-05
1016 8.99891e-06
1017 7.34122e-06
1018 1.0183e-05
1019 1.1367e-05
1020 8.28847e-06
1021 2.60495e-06
1022 9.47254e-07
1023 4.26264e-06
1024 5.44671e-06
1025 3.07858e-06
1026 -1.18407e-06
1027 -1.65769e-06
1028 1.18407e-06
1029 2.13132e-06
1030 2.36814e-07
1031 -3.31539e-06
1032 -2.84176e-06
1033 -9.47254e-07
1034 -7.10441e-07
1035 -2.36814e-06
1036 -4.73627e-06
1037 -4.02583e-06
1038 -2.60495e-06
1039 -2.60495e-06
1040 -4.02583e-06
1041 -4.97308e-06
1042 -4.73627e-06
1043 -3.5522e-06
1044 -3.31539e-06
1045 -3.78902e-06
1046 -4.49946e-06
1047 -4.26264e-06
1048 -3.5522e-06
1049 -3.07858e-06
1050 -3.5522e-06
1051 -4.02583e-06
1052 -3.78902e-06
1053 -3.5522e-06
1054 -3.07858e-06
1055 -3.78902e-06
1056 -4.26264e-06
1057 -4.02583e-06
1058 -3.5522e-06
1059 -3.31539e-06
1060 -4.02583e-06
1061 -4.26264e-06
1062 -4.49946e-06
1063 -3.78902e-06
1064 -4.02583e-06
1065 -4.26264e-06
1066 -4.49946e-06
1067 -4.26264e-06
1068 -3.78902e-06
1069 -3.5522e-06
1070 -4.02583e-06
1071 -4.02583e-06
1072 -3.78902e-06
1073 -3.78902e-06
1074 -3.31539e-06
1075 -3.78902e-06
1076 -3.78902e-06
1077 -3.5522e-06
1078 -3.5522e-06
1079 -3.78902e-06
1080 -4.02583e-06
1081 -4.02583e-06
1082 -3.78902e-06
1083 -3.78902e-06
1084 -3.78902e-06
1085 -4.26264e-06
1086 -4.26264e-06
1087 -4.02583e-06
1088 -4.02583e-06
1089 -3.78902e-06
1090 -4.02583e-06
1091 -4.02583e-06
1092 -4.02583e-06
1093 -3.78902e-06
1094 -3.78902e-06
1095 -3.78902e-06
1096 -3.5522e-06
1097 -3.5522e-06
1098 -3.31539e-06
1099 -3.5522e-06
1100 -3.78902e-06
1101 -3.78902e-06
1102 -3.78902e-06
1103 -3.5522e-06
1104 -3.5522e-06
1105 -4.02583e-06
1106 -4.02583e-06
1107 -3.5522e-06
1108 -3.78902e-06
1109 -3.78902e-06
1110 -4.02583e-06
1111 -4.02583e-06
1112 -4.02583e-06
1113 -3.5522e-06
1114 -4.02583e-06
1115 -3.78902e-06
1116 -3.78902e-06
1117 -3.78902e-06
1118 -3.5522e-06
1119 -3.5522e-06
1120 -3.78902e-06
1121 -4.02583e-06
1122 -3.5522e-06
1123 -3.5522e-06
1124 -3.5522e-06
1125 -3.78902e-06
1126 -4.02583e-06
1127 -3.78902e-06
1128 -4.02583e-06
1129 -4.02583e-06
1130 -4.02583e-06
1131 -4.02583e-06
1132 -3.78902e-06
1133 -3.78902e-06
1134 0.0441094
1135 0.2367
1136 0.519181
1137 0.82339
1138 1.1536
1139 1.44629
1140 1.78031
1141 2.09
1142 2.39052
1143 2.68851
1144 3.02501
1145 3.32424
1146 3.61606
1147 3.93384
1148 4.25161
1149 4.55814
1150 4.83429
1151 4.95941
1152 5.00226
1153 5.0072
1154 5.00568
1155 5.00322
1156 5.00139
1157 5.00068
1158 5.00039
1159 5.00025
1160 5.00015
1161 5.00006
1162 4.99993
1163 4.9999
1164 4.99991
1165 4.99993
1166 4.99993
1167 4.99993
1168 4.99993
1169 4.99995
1170 4.99996
1171 4.99996
1172 4.99996
1173 4.99996
1174 4.99998
1175 4.99998
1176 4.99998
1177 4.99998
1178 4.99998
1179 4.99999
1180 4.99999
1181 4.99999
1182 4.99999
1183 4.99999
1184 5
1185 4.99999
1186 4.99999
1187 4.99999
1188 5
1189 5
1190 4.99999
1191 4.99999
1192 4.99999
1193 5
1194 5
1195 5
1196 5
1197 5
1198 5
1199 5
1200 5
1201 5
1202 5
1203 5
1204 5
1205 5
1206 5
1207 5
1208 5
1209 5
1210 5
1211 5
1212 5
1213 5
1214 5
1215 5
1216 5
1217 5
1218 5
1219 5
1220 5
1221 5
1222 5
1223 5
1224 5
1225 5
1226 5
1227 5
1228 5
1229 5
1230 5
1231 5
1232 5
1233 5
1234 5
1235 5
1236 5
1237 5
1238 5
1239 5
1240 5
1241 5
1242 5
1243 5
1244 5
1245 5
1246 5
1247 5
1248 5
1249 5
1250 5
1251 5
1252 5
1253 5
1254 5
1255 5
1256 5
1257 5
1258 5
1259 5
1260 5
1261 5
1262 5
1263 5
1264 5
1265 5
1266 5
1267 5
1268 5
1269 5
1270 5
1271 5
1272 5
1273 5
1274 5
1275 5
1276 5
1277 5
1278 5
1279 5
1280 5
1281 5
1282 5
1283 5
1284 5
1285 5
1286 5
1287 5
1288 5
1289 5
1290 5
1291 5
1292 5
1293 5
1294 4.98714
1295 4.81714
1296 4.5364
1297 4.2549
1298 3.96408
1299 3.60369
1300 3.32058
1301 3.03186
1302 2.67404
1303 2.40585
1304 2.08796
1305 1.78005
1306 1.47082
1307 1.16298
1308 0.815452
1309 0.505181
1310 0.206474
1311 0.0543601
1312 0.00135623
1313 -0.00706604
1314 -0.00607095
1315 -0.0037381
1316 -0.00178226
1317 -0.00079001
1318 -0.000417502
1319 -0.000324435
1320 -0.000222368
1321 -0.000127169
1322 -1.63401e-05
1323 5.47039e-05
1324 7.41226e-05
1325 7.08072e-05
1326 5.68352e-05
1327 4.66523e-05
1328 4.71259e-05
1329 4.9494e-05
1330 4.59418e-05
1331 3.10226e-05
1332 2.20237e-05
1333 2.32077e-05
1334 2.58127e-05
1335 2.34445e-05
1336 1.44456e-05
1337 7.57803e-06
1338 8.7621e-06
1339 1.1367e-05
1340 1.0183e-05
1341 4.49946e-06
1342 4.73627e-07
1343 2.13132e-06
1344 5.2099e-06
1345 4.26264e-06
1346 7.10441e-07
1347 -1.89451e-06
1348 0
1349 2.13132e-06
1350 9.47254e-07
1351 -1.89451e-06
1352 -3.31539e-06
1353 -1.65769e-06
1354 -2.36814e-07
1355 -1.18407e-06
1356 -3.78902e-06
1357 -4.49946e-06
1358 -3.31539e-06
1359 -2.13132e-06
1360 -3.07858e-06
1361 -4.49946e-06
1362 -4.97308e-06
1363 -4.02583e-06
1364 -3.31539e-06
1365 -3.78902e-06
1366 -4.49946e-06
1367 -4.49946e-06
1368 -3.5522e-06
1369 -3.07858e-06
1370 -3.31539e-06
1371 -4.02583e-06
1372 -4.49946e-06
1373 -3.5522e-06
1374 -3.07858e-06
1375 -3.31539e-06
1376 -4.02583e-06
1377 -4.26264e-06
1378 -3.78902e-06
1379 -3.31539e-06
1380 -4.02583e-06
1381 -4.26264e-06
1382 -4.49946e-06
1383 -4.02583e-06
1384 -3.78902e-06
1385 -3.5522e-06
1386 -4.49946e-06
1387 -4.49946e-06
1388 -4.02583e-06
1389 -3.5522e-06
1390 -3.78902e-06
1391 -4.26264e-06
1392 -4.02583e-06
1393 -3.78902e-06
1394 -3.31539e-06
1395 -3.78902e-06
1396 -3.78902e-06
1397 -3.78902e-06
1398 -3.5522e-06
1399 -3.5522e-06
1400 -3.5522e-06
1401 -3.78902e-06
1402 -4.02583e-06
1403 -3.5522e-06
1404 -3.78902e-06
1405 -4.02583e-06
1406 -4.26264e-06
1407 -4.02583e-06
1408 -4.02583e-06
1409 -3.78902e-06
1410 -4.02583e-06
1411 -4.26264e-06
1412 -4.02583e-06
1413 -4.02583e-06
1414 -3.5522e-06
1415 -4.02583e-06
1416 -4.02583e-06
1417 -3.78902e-06
1418 -3.78902e-06
1419 -3.5522e-06
1420 -3.78902e-06
1421 -3.78902e-06
1422 -3.78902e-06
1423 -3.78902e-06
1424 -3.5522e-06
1425 -3.78902e-06
1426 -4.02583e-06
1427 -4.02583e-06
1428 -3.78902e-06
1429 -4.02583e-06
1430 -3.78902e-06
1431 -4.02583e-06
1432 -4.02583e-06
1433 -3.78902e-06
1434 -3.78902e-06
1435 -3.78902e-06
1436 -3.78902e-06
1437 -4.02583e-06
1438 -3.78902e-06
1439 -3.78902e-06
1440 -3.78902e-06
1441 -3.78902e-06
1442 -3.78902e-06
1443 -3.5522e-06
1444 -3.5522e-06
1445 -3.78902e-06
1446 -4.02583e-06
1447 -3.78902e-06
1448 -3.78902e-06
1449 -3.5522e-06
1450 -3.78902e-06
1451 -3.78902e-06
1452 -4.02583e-06
1453 -3.78902e-06
1454 0.000458708
1455 0.116914
1456 0.354079
1457 0.640258
1458 0.958274
1459 1.26004
1460 1.56854
1461 1.87741
1462 2.19558
1463 2.49608
1464 2.82014
1465 3.11814
1466 3.41738
1467 3.76253
1468 4.08032
1469 4.37942
1470 4.69335
1471 4.9058
1472 4.98771
1473 5.00563
1474 5.00694
1475 5.00447
1476 5.00226
1477 5.00104
1478 5.00054
1479 5.00032
1480 5.0002
1481 5.00011
1482 5
1483 4.99991
1484 4.9999
1485 4.99992
1486 4.99993
1487 4.99993
1488 4.99993
1489 4.99994
1490 4.99996
1491 4.99996
1492 4.99996
1493 4.99996
1494 4.99997
1495 4.99998
1496 4.99998
1497 4.99998
1498 4.99998
1499 4.99999
1500 4.99999
1501 4.99999
1502 4.99999
1503 4.99999
1504 4.99999
1505 5
1506 4.99999
1507 4.99999
1508 4.99999
1509 5
1510 5
1511 4.99999
1512 4.99999
1513 5
1514 5
1515 5
1516 5
1517 5
1518 5
1519 5
1520 5
1521 5
1522 5
1523 5
1524 5
1525 5
1526 5
1527 5
1528 5
1529 5
1530 5
1531 5
1532 5
1533 5
1534 5
1535 5
1536 5
1537 5
1538 5
1539 5
1540 5
1541 5
1542 5
1543 5
1544 5
1545 5
1546 5
1547 5
1548 5
1549 5
1550 5
1551 5
1552 5
1553 5
1554 5
1555 5
1556 5
1557 5
1558 5
1559 5
1560 5
1561 5
1562 5
1563 5
1564 5
1565 5
1566 5
1567 5
1568 5
1569 5
1570 5
1571 5
1572 5
1573 5
1574 5
1575 5
1576 5
1577 5
1578 5
1579 5
1580 5
1581 5
1582 5
1583 5
1584 5
1585 5
1586 5
1587 5
1588 5
1589 5
1590 5
1591 5
1592 5
1593 5
1594 5
1595 5
1596 5
1597 5
1598 5
1599 5
1600 5
1601 5
1602 5
1603 5
1604 5
1605 5
1606 5
1607 5
1608 5
1609 5
1610 5
1611 5
1612 5
1613 5
1614 5
1615 4.93369
1616 4.75645
1617 4.48914
1618 4.13293
1619 3.85256
1620 3.53004
1621 3.23463
1622 2.91628
1623 2.59707
1624 2.28414
1625 1.96629
1626 1.65833
1627 1.3529
1628 1.01405
1629 0.716172
1630 0.4332
1631 0.166509
1632 0.0317074
1633 -0.0029578
1634 -0.00721287
1635 -0.00562314
1636 -0.00280032
1637 -0.00132805
1638 -0.000593928
1639 -0.000377718
1640 -0.000301227
1641 -0.000203896
1642 -0.000113434
1643 1.23143e-05
1644 6.89127e-05
1645 7.60171e-05
1646 6.86759e-05
1647 5.39935e-05
1648 4.75995e-05
1649 4.87836e-05
1650 4.99676e-05
1651 4.1916e-05
1652 2.86544e-05
1653 2.20237e-05
1654 2.48654e-05
1655 2.58127e-05
1656 2.17868e-05
1657 1.18407e-05
1658 7.34122e-06
1659 9.94617e-06
1660 1.16039e-05
1661 9.47254e-06
1662 2.84176e-06
1663 4.73627e-07
1664 3.78902e-06
1665 5.68352e-06
1666 3.5522e-06
1667 -9.47254e-07
1668 -1.65769e-06
1669 9.47254e-07
1670 2.13132e-06
1671 2.36814e-07
1672 -3.07858e-06
1673 -2.84176e-06
1674 -1.18407e-06
1675 -2.36814e-07
1676 -2.13132e-06
1677 -4.49946e-06
1678 -4.49946e-06
1679 -2.84176e-06
1680 -2.36814e-06
1681 -3.5522e-06
1682 -4.97308e-06
1683 -4.73627e-06
1684 -3.5522e-06
1685 -3.07858e-06
1686 -4.26264e-06
1687 -4.73627e-06
1688 -4.26264e-06
1689 -3.31539e-06
1690 -3.07858e-06
1691 -3.5522e-06
1692 -4.02583e-06
1693 -4.02583e-06
1694 -3.31539e-06
1695 -3.07858e-06
1696 -3.5522e-06
1697 -4.02583e-06
1698 -4.26264e-06
1699 -3.5522e-06
1700 -3.5522e-06
1701 -3.78902e-06
1702 -4.49946e-06
1703 -4.26264e-06
1704 -4.26264e-06
1705 -3.78902e-06
1706 -3.78902e-06
1707 -4.26264e-06
1708 -4.49946e-06
1709 -4.02583e-06
1710 -3.5522e-06
1711 -4.02583e-06
1712 -4.02583e-06
1713 -4.26264e-06
1714 -3.5522e-06
1715 -3.31539e-06
1716 -3.5522e-06
1717 -4.02583e-06
1718 -3.78902e-06
1719 -3.5522e-06
1720 -3.31539e-06
1721 -3.5522e-06
1722 -4.02583e-06
1723 -3.78902e-06
1724 -3.78902e-06
1725 -3.5522e-06
1726 -4.02583e-06
1727 -4.02583e-06
1728 -4.02583e-06
1729 -4.02583e-06
1730 -3.78902e-06
1731 -4.02583e-06
1732 -4.02583e-06
1733 -4.02583e-06
1734 -3.78902e-06
1735 -4.02583e-06
1736 -3.78902e-06
1737 -3.5522e-06
1738 -3.78902e-06
1739 -3.5522e-06
1740 -3.5522e-06
1741 -3.78902e-06
1742 -3.78902e-06
1743 -3.5522e-06
1744 -3.5522e-06
1745 -3.78902e-06
1746 -3.78902e-06
1747 -3.78902e-06
1748 -4.02583e-06
1749 -3.5522e-06
1750 -4.02583e-06
1751 -4.26264e-06
1752 -3.78902e-06
1753 -4.02583e-06
1754 -3.78902e-06
1755 -3.78902e-06
1756 -3.78902e-06
1757 -4.02583e-06
1758 -3.78902e-06
1759 -3.5522e-06
1760 -3.78902e-06
1761 -3.78902e-06
1762 -3.78902e-06
1763 -3.5522e-06
1764 -3.5522e-06
1765 -3.78902e-06
1766 -3.78902e-06
1767 -3.78902e-06
1768 -3.78902e-06
1769 -3.78902e-06
1770 -4.02583e-06
1771 -3.78902e-06
1772 -4.02583e-06
1773 -3.78902e-06
1774 -3.78902e-06
1775 0.0215036
1776 0.22017
1777 0.482404
1778 0.807203
1779 1.10728
1780 1.40759
1781 1.69565
1782 2.04401
1783 2.33216
1784 2.65623
1785 2.98402
1786 3.27209
1787 3.57258
1788 3.9053
1789 4.18334
1790 4.49237
1791 4.78697
1792 4.94922
1793 4.9987
1794 5.00718
1795 5.00604
1796 5.00334
1797 5.00155
1798 5.00081
1799 5.00043
1800 5.00027
1801 5.00016
1802 5.00007
1803 4.99994
1804 4.9999
1805 4.99991
1806 4.99992
1807 4.99993
1808 4.99993
1809 4.99993
1810 4.99994
1811 4.99996
1812 4.99996
1813 4.99996
1814 4.99996
1815 4.99997
1816 4.99998
1817 4.99998
1818 4.99998
1819 4.99998
1820 4.99999
1821 4.99999
1822 4.99999
1823 4.99999
1824 4.99999
1825 5
1826 4.99999
1827 4.99999
1828 4.99999
1829 4.99999
1830 5
1831 5
1832 4.99999
1833 4.99999
1834 5
1835 5
1836 5
1837 5
1838 5
1839 5
1840 5
1841 5
1842 5
1843 5
1844 5
1845 5
1846 5
1847 5
1848 5
1849 5
1850 5
1851 5
1852 5
1853 5
1854 5
1855 5
1856 5
1857 5
1858 5
1859 5
1860 5
1861 5
1862 5
1863 5
1864 5
1865 5
1866 5
1867 5
1868 5
1869 5
1870 5
1871 5
1872 5
1873 5
1874 5
1875 5
1876 5
1877 5
1878 5
1879 5
1880 5
1881 5
1882 5
1883 5
1884 5
1885 5
1886 5
1887 5
1888 5
1889 5
1890 5
1891 5
1892 5
1893 5
1894 5
1895 5
1896 5
1897 5
1898 5
1899 5
1900 5
1901 5
1902 5
1903 5
1904 5
1905 5
1906 5
1907 5
1908 5
1909 5
1910 5
1911 5
1912 5
1913 5
1914 5
1915 5
1916 5
1917 5
1918 5
1919 5
1920 5
1921 5
1922 5
1923 5
1924 5
1925 5
1926 5
1927 5
1928 5
1929 5
1930 5
1931 5
1932 5
1933 5
1934 5
1935 4.99663
1936 4.85189
1937 4.62026
1938 4.31671
1939 3.99789
1940 3.66741
1941 3.37042
1942 3.06046
1943 2.74362
1944 2.43315
1945 2.12149
1946 1.82349
1947 1.50312
1948 1.1692
1949 0.91102
1950 0.593302
1951 0.24453
1952 0.0763262
1953 0.00709706
1954 -0.00678494
1955 -0.00663457
1956 -0.00416058
1957 -0.00201173
1958 -0.000940623
1959 -0.000446867
1960 -0.000331065
1961 -0.000243918
1962 -0.000146588
1963 -5.18622e-05
1964 5.42303e-05
1965 7.53067e-05
1966 7.29386e-05
1967 6.06243e-05
1968 4.9494e-05
1969 4.73627e-05
1970 4.97308e-05
1971 4.73627e-05
1972 3.52852e-05
1973 2.29709e-05
1974 2.27341e-05
1975 2.60495e-05
1976 2.43918e-05
1977 1.72874e-05
1978 8.05166e-06
1979 8.28847e-06
1980 1.1367e-05
1981 1.08934e-05
1982 6.63078e-06
1983 7.10441e-07
1984 1.89451e-06
1985 4.73627e-06
1986 4.73627e-06
1987 1.42088e-06
1988 -2.13132e-06
1989 -4.73627e-07
1990 2.13132e-06
1991 1.65769e-06
1992 -1.42088e-06
1993 -3.5522e-06
1994 -2.36814e-06
1995 -4.73627e-07
1996 -1.42088e-06
1997 -3.07858e-06
1998 -4.73627e-06
1999 -3.78902e-06
2000 -2.13132e-06
2001 -2.84176e-06
2002 -4.26264e-06
2003 -4.97308e-06
2004 -4.02583e-06
2005 -3.07858e-06
2006 -3.5522e-06
2007 -4.26264e-06
2008 -4.49946e-06
2009 -3.78902e-06
2010 -3.07858e-06
2011 -3.07858e-06
2012 -3.78902e-06
2013 -4.26264e-06
2014 -3.78902e-06
2015 -3.07858e-06
2016 -3.31539e-06
2017 -3.78902e-06
2018 -4.26264e-06
2019 -4.02583e-06
2020 -3.5522e-06
2021 -3.5522e-06
2022 -4.02583e-06
2023 -4.49946e-06
2024 -4.02583e-06
2025 -3.78902e-06
2026 -3.78902e-06
2027 -4.26264e-06
2028 -4.49946e-06
2029 -4.02583e-06
2030 -3.78902e-06
2031 -3.5522e-06
2032 -4.02583e-06
2033 -4.26264e-06
2034 -3.78902e-06
2035 -3.31539e-06
2036 -3.5522e-06
2037 -3.78902e-06
2038 -4.02583e-06
2039 -3.78902e-06
2040 -3.31539e-06
2041 -3.5522e-06
2042 -4.02583e-06
2043 -4.02583e-06
2044 -3.78902e-06
2045 -3.5522e-06
2046 -3.78902e-06
2047 -4.26264e-06
2048 -4.02583e-06
2049 -4.02583e-06
2050 -3.78902e-06
2051 -3.78902e-06
2052 -4.02583e-06
2053 -3.78902e-06
2054 -3.5522e-06
2055 -3.5522e-06
2056 -3.78902e-06
2057 -3.78902e-06
2058 -3.78902e-06
2059 -3.5522e-06
2060 -3.78902e-06
2061 -3.78902e-06
2062 -4.02583e-06
2063 -4.02583e-06
2064 -3.5522e-06
2065 -3.5522e-06
2066 -4.02583e-06
2067 -4.02583e-06
2068 -4.02583e-06
2069 -4.02583e-06
2070 -3.5522e-06
2071 -3.78902e-06
2072 -4.02583e-06
2073 -4.02583e-06
2074 -4.02583e-06
2075 -3.78902e-06
2076 -4.02583e-06
2077 -4.02583e-06
2078 -3.78902e-06
2079 -3.78902e-06
2080 -3.78902e-06
2081 -3.78902e-06
2082 -3.78902e-06
2083 -3.5522e-06
2084 -3.5522e-06
2085 -3.31539e-06
2086 -3.78902e-06
2087 -3.78902e-06
2088 -3.78902e-06
2089 -3.78902e-06
2090 -3.78902e-06
2091 -3.78902e-06
2092 -4.02583e-06
2093 -3.78902e-06
2094 -3.78902e-06
2095 8.21743e-05
2096 0.111607
2097 0.354083
2098 0.619462
2099 0.91453
2100 1.26505
2101 1.55732
2102 1.85874
2103 2.16701
2104 2.49483
2105 2.82137
2106 3.10945
2107 3.40743
2108 3.73025
2109 4.07784
2110 4.36576
2111 4.68348
2112 4.90528
2113 4.98366
2114 5.00545
2115 5.00696
2116 5.00459
2117 5.00249
2118 5.00108
2119 5.00055
2120 5.00032
2121 5.00021
2122 5.00011
2123 5
2124 4.99991
2125 4.9999
2126 4.99992
2127 4.99993
2128 4.99993
2129 4.99993
2130 4.99994
2131 4.99995
2132 4.99996
2133 4.99996
2134 4.99996
2135 4.99997
2136 4.99998
2137 4.99998
2138 4.99998
2139 4.99998
2140 4.99998
2141 4.99999
2142 4.99999
2143 4.99999
2144 4.99999
2145 4.99999
2146 5
2147 4.99999
2148 4.99999
2149 4.99999
2150 5
2151 5
2152 4.99999
2153 4.99999
2154 5
2155 5
2156 5
2157 5
2158 5
2159 5
2160 5
2161 5
2162 5
2163 5
2164 5
2165 5
2166 5
2167 5
2168 5
2169 5
2170 5
2171 5
2172 5
2173 5
2174 5
2175 5
2176 5
2177 5
2178 5
2179 5
2180 5
2181 5
2182 5
2183 5
2184 5
2185 5
2186 5
2187 5
2188 5
2189 5
2190 5
2191 5
2192 5
2193 5
2194 5
2195 5
2196 5
2197 5
2198 5
2199 5
2200 5
2201 5
2202 5
2203 5
2204 5
2205 5
2206 5
2207 5
2208 5
2209 5
2210 5
2211 5
2212 5
2213 5
2214 5
2215 5
2216 5
2217 5
2218 5
2219 5
2220 5
2221 5
2222 5
2223 5
2224 5
2225 5
2226 5
2227 5
2228 5
2229 5
2230 5
2231 5
2232 5
2233 5
2234 5
2235 5
2236 5
2237 5
2238 5
2239 5
2240 5
2241 5
2242 5
2243 5
2244 5
2245 5
2246 5
2247 5
2248 5
2249 5
2250 5
2251 5
2252 5
2253 5
2254 5
2255 5
2256 4.94894
2257 4.75844
2258 4.48319
2259 4.1741
2260 3.85381
2261 3.51382
2262 3.20601
2263 2.89762
2264 2.58961
2265 2.27669
2266 1.95884
2267 1.65088
2268 1.34048
2269 1.02893
2270 0.732302
2271 0.422026
2272 0.143412
2273 0.0319791
2274 -0.00279108
2275 -0.0071996
2276 -0.00549407
2277 -0.00290618
2278 -0.00133989
2279 -0.000621162
2280 -0.000359957
2281 -0.000292938
2282 -0.000194898
2283 -0.00010704
2284 2.84176e-06
2285 6.74918e-05
2286 7.62539e-05
2287 6.82023e-05
2288 5.44671e-05
2289 4.75995e-05
2290 4.97308e-05
2291 5.04413e-05
2292 4.1916e-05
2293 2.98385e-05
2294 2.24973e-05
2295 2.51022e-05
2296 2.60495e-05
2297 2.17868e-05
2298 1.08934e-05
2299 7.10441e-06
2300 9.70935e-06
2301 1.16039e-05
2302 9.94617e-06
2303 2.60495e-06
2304 4.73627e-07
2305 3.31539e-06
2306 5.44671e-06
2307 3.78902e-06
2308 -1.18407e-06
2309 -1.89451e-06
2310 7.10441e-07
2311 1.89451e-06
2312 0
2313 -2.84176e-06
2314 -3.31539e-06
2315 -9.47254e-07
2316 -7.10441e-07
2317 -2.36814e-06
2318 -4.49946e-06
2319 -4.49946e-06
2320 -2.60495e-06
2321 -2.13132e-06
2322 -3.5522e-06
2323 -5.2099e-06
2324 -5.2099e-06
2325 -3.5522e-06
2326 -3.07858e-06
2327 -4.02583e-06
2328 -4.97308e-06
2329 -4.26264e-06
2330 -3.78902e-06
2331 -3.07858e-06
2332 -4.02583e-06
2333 -4.26264e-06
2334 -4.02583e-06
2335 -3.31539e-06
2336 -3.07858e-06
2337 -3.5522e-06
2338 -4.02583e-06
2339 -4.02583e-06
2340 -3.78902e-06
2341 -3.31539e-06
2342 -3.78902e-06
2343 -4.49946e-06
2344 -4.26264e-06
2345 -4.26264e-06
2346 -4.02583e-06
2347 -4.02583e-06
2348 -4.49946e-06
2349 -4.49946e-06
2350 -4.02583e-06
2351 -3.78902e-06
2352 -3.78902e-06
2353 -4.02583e-06
2354 -4.02583e-06
2355 -3.5522e-06
2356 -3.31539e-06
2357 -3.5522e-06
2358 -4.26264e-06
2359 -3.78902e-06
2360 -3.31539e-06
2361 -3.5522e-06
2362 -3.78902e-06
2363 -4.02583e-06
2364 -3.78902e-06
2365 -3.78902e-06
2366 -3.5522e-06
2367 -4.02583e-06
2368 -4.26264e-06
2369 -4.26264e-06
2370 -3.78902e-06
2371 -3.78902e-06
2372 -4.02583e-06
2373 -4.02583e-06
2374 -4.02583e-06
2375 -3.78902e-06
2376 -3.78902e-06
2377 -3.78902e-06
2378 -3.5522e-06
2379 -3.78902e-06
2380 -3.5522e-06
2381 -3.78902e-06
2382 -3.78902e-06
2383 -3.78902e-06
2384 -3.5522e-06
2385 -3.5522e-06
2386 -3.5522e-06
2387 -3.78902e-06
2388 -4.26264e-06
2389 -4.02583e-06
2390 -3.78902e-06
2391 -3.78902e-06
2392 -4.02583e-06
2393 -4.02583e-06
2394 -4.02583e-06
2395 -4.02583e-06
2396 -3.78902e-06
2397 -3.78902e-06
2398 -4.02583e-06
2399 -3.78902e-06
2400 -3.5522e-06
2401 -3.78902e-06
2402 -3.5522e-06
2403 -3.78902e-06
2404 -3.78902e-06
2405 -3.78902e-06
2406 -4.02583e-06
2407 -4.02583e-06
2408 -3.78902e-06
2409 -3.78902e-06
2410 -3.78902e-06
2411 -4.02583e-06
2412 -4.02583e-06
2413 -4.02583e-06
2414 -4.02583e-06
2415 -3.78902e-06
2416 0.0345878
2417 0.188345
2418 0.450747
2419 0.767402
2420 1.08598
2421 1.39634
2422 1.69815
2423 1.99305
2424 2.33093
2425 2.62022
2426 2.93188
2427 3.2398
2428 3.56762
2429 3.87552
2430 4.17341
2431 4.49113
2432 4.79901
2433 4.93907
2434 4.99685
2435 5.00719
2436 5.00629
2437 5.00366
2438 5.00174
2439 5.00076
2440 5.00045
2441 5.00027
2442 5.00016
2443 5.00007
2444 4.99994
2445 4.9999
2446 4.99991
2447 4.99992
2448 4.99993
2449 4.99993
2450 4.99993
2451 4.99995
2452 4.99996
2453 4.99996
2454 4.99996
2455 4.99996
2456 4.99998
2457 4.99998
2458 4.99998
2459 4.99998
2460 4.99998
2461 4.99999
2462 4.99999
2463 4.99999
2464 4.99999
2465 4.99999
2466 5
2467 4.99999
2468 4.99999
2469 4.99999
2470 4.99999
2471 5
2472 5
2473 4.99999
2474 4.99999
2475 5
2476 5
2477 5
2478 5
2479 5
2480 5
2481 5
2482 5
2483 5
2484 5
2485 5
2486 5
2487 5
2488 5
2489 5
2490 5
2491 5
2492 5
2493 5
2494 5
2495 5
2496 5
2497 5
2498 5
2499 5
2500 5
2501 5
2502 5
2503 5
2504 5
2505 5
2506 5
2507 5
2508 5
2509 5
2510 5
2511 5
2512 5
2513 5
2514 5
2515 5
2516 5
2517 5
2518 5
2519 5
2520 5
2521 5
2522 5
2523 5
2524 5
2525 5
2526 5
2527 5
2528 5
2529 5
2530 5
2531 5
2532 5
2533 5
2534 5
2535 5
2536 5
2537 5
2538 5
2539 5
2540 5
2541 5
2542 5
2543 5
2544 5
2545 5
2546 5
2547 5
2548 5
2549 5
2550 5
2551 5
2552 5
2553 5
2554 5
2555 5
2556 5
2557 5
2558 5
2559 5
2560 5
2561 5
2562 5
2563 5
2564 5
2565 5
2566 5
2567 5
2568 5
2569 5
2570 5
2571 5
2572 5
2573 5
2574 5
2575 5
2576 4.99772
2577 4.87851
2578 4.60333
2579 4.33518
2580 4.00289
2581 3.69115
2582 3.38287
2583 3.06667
2584 2.74858
2585 2.45052
2586 2.1575
2587 1.8297
2588 1.50187
2589 1.20518
2590 0.906057
2591 0.608198
2592 0.270438
2593 0.0844456
2594 0.0104719
2595 -0.00626088
2596 -0.00670348
2597 -0.00426927
2598 -0.00212919
2599 -0.000962173
2600 -0.000443789
2601 -0.00033296
2602 -0.000255759
2603 -0.000154166
2604 -6.08611e-05
2605 4.99676e-05
2606 7.45963e-05
2607 7.38858e-05
2608 6.18083e-05
2609 4.97308e-05
2610 4.78363e-05
2611 5.04413e-05
2612 4.71259e-05
2613 3.62325e-05
2614 2.32077e-05
2615 2.27341e-05
2616 2.58127e-05
2617 2.48654e-05
2618 1.7761e-05
2619 8.52529e-06
2620 7.81485e-06
2621 1.11302e-05
2622 1.08934e-05
2623 6.63078e-06
2624 1.18407e-06
2625 1.65769e-06
2626 5.2099e-06
2627 5.2099e-06
2628 1.65769e-06
2629 -1.65769e-06
2630 -7.10441e-07
2631 2.13132e-06
2632 1.89451e-06
2633 -1.18407e-06
2634 -3.31539e-06
2635 -2.36814e-06
2636 -4.73627e-07
2637 -7.10441e-07
2638 -3.5522e-06
2639 -4.97308e-06
2640 -3.78902e-06
2641 -2.36814e-06
2642 -2.84176e-06
2643 -4.26264e-06
2644 -5.2099e-06
2645 -4.26264e-06
2646 -3.07858e-06
2647 -3.5522e-06
2648 -4.26264e-06
2649 -4.73627e-06
2650 -3.78902e-06
2651 -3.07858e-06
2652 -3.31539e-06
2653 -4.02583e-06
2654 -4.26264e-06
2655 -3.78902e-06
2656 -3.31539e-06
2657 -3.31539e-06
2658 -4.02583e-06
2659 -4.26264e-06
2660 -4.02583e-06
2661 -3.5522e-06
2662 -3.78902e-06
2663 -3.78902e-06
2664 -4.26264e-06
2665 -4.02583e-06
2666 -3.31539e-06
2667 -3.31539e-06
2668 -4.02583e-06
2669 -4.02583e-06
2670 -3.78902e-06
2671 -3.5522e-06
2672 -3.78902e-06
2673 -3.78902e-06
2674 -4.26264e-06
2675 -3.78902e-06
2676 -3.78902e-06
2677 -4.02583e-06
2678 -4.26264e-06
2679 -4.26264e-06
2680 -4.02583e-06
2681 -3.78902e-06
2682 -3.78902e-06
2683 -4.26264e-06
2684 -4.02583e-06
2685 -4.26264e-06
2686 -3.5522e-06
2687 -3.78902e-06
2688 -4.02583e-06
2689 -3.78902e-06
2690 -3.78902e-06
2691 -3.31539e-06
2692 -3.5522e-06
2693 -3.78902e-06
2694 -3.78902e-06
2695 -3.5522e-06
2696 -3.78902e-06
2697 -3.5522e-06
2698 -3.78902e-06
2699 -4.02583e-06
2700 -3.78902e-06
2701 -3.78902e-06
2702 -4.02583e-06
2703 -4.02583e-06
2704 -4.02583e-06
2705 -4.02583e-06
2706 -3.78902e-06
2707 -3.78902e-06
2708 -3.78902e-06
2709 -3.78902e-06
2710 -3.78902e-06
2711 -3.78902e-06
2712 -3.5522e-06
2713 -3.78902e-06
2714 -3.78902e-06
2715 -3.78902e-06
2716 -3.5522e-06
2717 -3.5522e-06
2718 -4.02583e-06
2719 -3.78902e-06
2720 -3.78902e-06
2721 -3.5522e-06
2722 -4.02583e-06
2723 -3.78902e-06
2724 -3.78902e-06
2725 -3.78902e-06
2726 -4.02583e-06
2727 -4.02583e-06
2728 -4.02583e-06
2729 -3.78902e-06
2730 -3.78902e-06
2731 -3.78902e-06
2732 -3.5522e-06
2733 -3.5522e-06
2734 -3.78902e-06
2735 -3.5522e-06
2736 -4.02583e-06
