0 0
1 0
2 -0.000378665
3 0
4 -0.000378665
5 0
6 0
7 -0.000378665
8 0
9 -0.000378665
10 0.000378665
11 0
12 -0.000378665
13 -0.000378665
14 0.000757566
15 0.000378665
16 -0.000378665
17 0.000757566
18 0
19 0
20 0
21 -0.000757566
22 -0.000757566
23 0
24 0
25 -0.000378665
26 0
27 0.000378665
28 -0.000378665
29 -0.000378665
30 -0.000757566
31 -0.000378665
32 0
33 0
34 0.000757566
35 -0.000378665
36 0
37 0
38 0
39 0
40 0.000378665
41 0
42 0.000378665
43 0
44 0
45 -0.000378665
46 0.000378665
47 0.000757566
48 0
49 0.000378665
50 0
51 -0.000378665
52 0.000378665
53 -0.000378665
54 0
55 0
56 -0.000378665
57 0
58 0.000378665
59 0.000757566
60 -0.000378665
61 0
62 0
63 -0.000378665
64 0.000378665
65 0
66 0
67 0
68 -0.000378665
69 0.000378665
70 0.000378665
71 0
72 0
73 0
74 0
75 0.000378665
76 0.000757566
77 0.000757566
78 0.000378665
79 -0.000378665
80 0
81 0.000378665
82 0
83 0
84 0.000378665
85 0
86 0
87 0
88 -0.000757566
89 -0.000757566
90 -0.000378665
91 -0.000378665
92 -0.000757566
93 0.000378665
94 -0.000378665
95 0.000378665
96 0
97 -0.000378665
98 0.000757566
99 0.000378665
100 0.000378665
101 0.000378665
102 0
103 -0.000378665
104 0.000378665
105 0.000378665
106 0
107 -0.000757566
108 0.000378665
109 0.000378665
110 0
111 -0.000378665
112 0.000757566
113 0
114 -0.000378665
115 0
116 -0.000378665
117 -0.000378665
118 0.000378665
119 0
120 -0.000757566
121 -0.000378665
122 0
123 0
124 0
125 0.000378665
126 0
127 0.000378665
128 -0.000378665
129 0
130 -0.000757566
131 0.000378665
132 0
133 0.000378665
134 0
135 0.000378665
136 0
137 0.000757566
138 -0.000757566
139 0
140 0.000378665
141 0
142 0.000378665
143 -0.000378665
144 -0.000757566
145 -0.000757566
146 -0.000378665
147 0.000378665
148 0
149 0
150 -0.000757566
151 -0.000378665
152 0.000378665
153 0.000378665
154 0.000378665
155 -0.000757566
156 0.000378665
157 0
158 -0.000757566
159 0.000378665
160 -0.000378665
161 -0.000378665
