0 0
1 0
2 0
3 0
4 0
5 0
6 0
7 0
8 0
9 0
10 0
11 0
12 0
13 0
14 0
15 0
16 0
17 0
18 0
19 0
20 0
21 0
22 0
23 0
24 0
25 0
26 0
27 0
28 0
29 0
30 0
31 0
32 0
33 0
34 0
35 0
36 0
37 0
38 0
39 0
40 0
41 0
42 0
43 0
44 0
45 0
46 0
47 0
48 0
49 0
50 0
51 0
52 0
53 0
54 0
55 0
56 0
57 0
58 0
59 0
60 0
61 0
62 0
63 0
64 0
65 0
66 0
67 0
68 0
69 0
70 0
71 0
72 0
73 0
74 0
75 0
76 0
77 0
78 0
79 0
80 0
81 0
82 0
83 0
84 0
85 0
86 0
87 0
88 0
89 0
90 0
91 0
92 0
93 0
94 0
95 0
96 0
97 0
98 0
99 0
100 0
101 0
102 0
103 0
104 0
105 0
106 0.00121
107 0
108 0.00121
109 0.00121
110 0.00121
111 0.00121
112 0.00121
113 0.00121
114 0.00121
115 0.00121
116 0.00121
117 0.00121
118 0.00121
119 0.00121
120 0.00121
121 0.00121
122 0.00121
123 0.00121
124 0.00121
125 0.00121
126 0.00121
127 0.00121
128 0.00121
129 0.00121
130 0.00121
131 0.00121
132 0.00121
133 0.00121
134 0.00121
135 0.00121
136 0.00121
137 0.00121
138 0.00121
139 0.00121
140 0.00121
141 0.00121
142 0.00121
143 0.00121
144 0.00121
145 0.00121
146 0.00121
147 0.00121
148 0.00121
149 0.00121
150 0.00121
151 0.00121
152 0.00121
153 0.00121
154 0.00121
155 0.00121
156 0.00121
157 0.00121
158 0.00121
159 0.00121
160 0.00121
161 0.00121
162 0.00121
163 0.00121
164 0.00121
165 0.00121
166 0.00121
167 0.00121
168 0.00121
169 0.00121
170 0.00121
171 0.00121
172 0.00121
173 0.00121
174 0.00121
175 0.00121
176 0.00121
177 0.00121
178 0.00121
179 0.00121
180 0.00121
181 0.00121
182 0.00121
183 0.00121
184 0.00121
185 0.00121
186 0.00121
187 0.00121
188 0.00121
189 0.00121
190 0.00121
191 0.00121
192 0.00121
193 0.00121
194 0.00121
195 0.00121
196 0.00121
197 0.00121
198 0.00121
199 0.00121
200 0.00121
201 0.00121
202 0.00121
203 0.00121
204 0.00121
205 0.00121
206 0.00121
207 0.00121
208 0.00121
209 0.00121
210 0.00121
211 0.00121
212 0.00121
213 0.00121
214 0.00121
215 0.00121
216 0.00121
217 0.00121
218 0.00121
219 0.00121
220 0.00121
221 0.00121
222 0.00121
223 0.00121
224 0.00121
225 0.00121
226 0.00121
227 0.00121
228 0.00121
229 0.00121
230 0.00121
231 0.00121
232 0.00121
233 0.00121
234 0.00121
235 0.00121
236 0.00121
237 0.00121
238 0.00121
239 0.00121
240 0.00121
241 0.00121
242 0.00121
243 0.00121
244 0.00121
245 0.00121
246 0.00121
247 0.18634
248 0.12584
249 0.07865
250 0.06292
251 0.0605
252 0.05929
253 0.05808
254 0.05929
255 0.06171
256 0.05929
257 0.05929
258 0.05929
259 0.0605
260 0.0605
261 0.0605
262 0.05808
263 0.0605
264 0.05929
265 0.0605
266 0.0605
267 0.05929
268 0.0605
269 0.06171
270 0.05929
271 0.05929
272 0.0605
273 0.06171
274 0.0605
275 0.0605
276 0.05808
277 0.05929
278 0.05929
279 0.05808
280 0.05929
281 0.05929
282 0.05929
283 0.06171
284 0.05929
285 0.0605
286 0.05929
287 0.0605
288 0.06171
289 0.05929
290 0.05929
291 0.05929
292 0.06171
293 0.0605
294 0.0605
295 0.05929
296 0.0605
297 0.06292
298 0.05929
299 0.0605
300 0.05687
301 0.0605
302 0.06171
303 0.05929
304 0.0605
305 0.0605
306 0.05929
307 0.05808
308 0.05808
309 0.05808
310 0.05929
311 0.05929
312 0.05929
313 0.05687
314 0.05929
315 0.0605
316 0.06171
317 0.05808
318 0.05929
319 0.05808
320 0.0605
321 0.05929
322 0.05929
323 0.05929
324 0.05929
325 0.06292
326 0.05929
327 0.0605
328 0.05808
329 0.0605
330 0.06171
331 -0.26136
332 -0.06655
333 -0.01089
334 0.01936
335 -0.01452
336 -0.01815
337 -0.02178
338 -0.02057
339 -0.02178
340 -0.01936
341 -0.01936
342 -0.01815
343 -0.01694
344 -0.01573
345 -0.01573
346 -0.01452
347 -0.01331
348 -0.01331
349 -0.0121
350 -0.0121
351 -0.01089
352 -0.00968
353 -0.00968
354 -0.00968
355 -0.00847
356 -0.00847
357 -0.00847
358 -0.00726
359 -0.00726
360 -0.00726
361 -0.00605
362 -0.00605
363 -0.00605
364 -0.00605
365 -0.00605
366 -0.00605
367 -0.00605
368 -0.00605
369 -0.00605
370 -0.00484
371 -0.00484
372 -0.00484
373 -0.00484
374 -0.00484
375 -0.00484
376 -0.00484
377 -0.00484
378 -0.00484
379 -0.00484
380 -0.00484
381 -0.00484
382 -0.00484
383 -0.00484
384 -0.00484
385 -0.00484
386 -0.00484
387 -0.00484
388 -0.00484
389 -0.00484
390 -0.00484
391 -0.00484
392 -0.00484
393 -0.00484
394 -0.00484
395 -0.00484
396 -0.00484
397 -0.00484
398 -0.00484
399 -0.00484
400 -0.00484
401 -0.00484
402 -0.00484
403 -0.00484
404 -0.00484
405 -0.00484
406 -0.00484
407 -0.27104
408 -0.14762
409 -0.08833
410 -0.07139
411 -0.05929
412 -0.0605
413 -0.05687
414 -0.05808
415 -0.05808
416 -0.05808
417 -0.05808
418 -0.05929
419 -0.05808
420 -0.05808
421 -0.05808
422 -0.05687
423 -0.05808
424 -0.05929
425 -0.05808
426 -0.05445
427 -0.05445
428 -0.05687
429 -0.05929
430 -0.05929
431 -0.05687
432 -0.05808
433 -0.05929
434 -0.0605
435 -0.05687
436 -0.05687
437 -0.05808
438 -0.05808
439 -0.05687
440 -0.05687
441 -0.05929
442 -0.05808
443 -0.05929
444 -0.05929
445 -0.05808
446 -0.05808
447 -0.05687
448 -0.05687
449 -0.05687
450 -0.05687
451 -0.05687
452 -0.05687
453 -0.05687
454 -0.05687
455 -0.05687
456 -0.05808
457 -0.05687
458 -0.05687
459 -0.05566
460 -0.05566
461 -0.05808
462 -0.05808
463 -0.05566
464 -0.05687
465 -0.05203
466 -0.05808
467 -0.05808
468 -0.05566
469 -0.0605
470 -0.05687
471 -0.05687
472 -0.05687
473 -0.05445
474 -0.05566
475 -0.05687
476 -0.05566
477 -0.05687
478 -0.05687
479 -0.05566
480 -0.05687
481 -0.05566
482 -0.05566
483 -0.05687
484 -0.05687
485 -0.05566
486 -0.05566
487 -0.05445
488 -0.05566
489 -0.05687
490 -0.05687
491 -0.05687
492 -0.05445
493 -0.05687
494 -0.05566
495 -0.05566
496 -0.05687
497 -0.05566
498 -0.05687
499 -0.05687
500 -0.05566
501 -0.05445
502 -0.05808
503 -0.05687
504 -0.06171
505 -0.05687
506 -0.05445
507 -0.05687
508 -0.05566
509 -0.05566
510 -0.05566
511 -0.05566
512 -0.05808
513 -0.05566
514 -0.05687
515 -0.05445
516 -0.05566
517 -0.05445
518 -0.05566
519 -0.05687
520 -0.05445
521 -0.05566
522 -0.05566
523 -0.05566
524 -0.05203
525 -0.05687
526 -0.05687
527 -0.05566
528 -0.05445
529 -0.05566
530 -0.05808
531 -0.05566
532 -0.05687
533 -0.05445
534 -0.05445
535 -0.05687
536 -0.05566
537 -0.05566
538 -0.05566
539 -0.05566
540 -0.05566
541 -0.05808
542 -0.05687
543 -0.05445
544 -0.05445
545 -0.05445
546 -0.05445
547 -0.05566
548 -0.05324
549 -0.05445
550 -0.05566
551 -0.05687
552 -0.05687
553 -0.05566
554 -0.05687
555 -0.05566
556 -0.05687
557 -0.05445
558 -0.05566
559 -0.05445
560 -0.05445
561 -0.05566
562 -0.05445
563 -0.05566
564 -0.05445
565 -0.05445
566 -0.05445
567 -0.05566
568 -0.05324
569 -0.05445
570 -0.05324
571 -0.05082
572 -0.05324
573 -0.05566
574 -0.05566
575 -0.05445
576 -0.05566
577 -0.05566
578 -0.05324
579 -0.05324
580 -0.05445
581 -0.05324
582 -0.05445
583 -0.05445
584 -0.05566
585 -0.05324
586 -0.05445
587 -0.05566
588 -0.05566
589 -0.05687
590 -0.05082
591 -0.05324
592 -0.05445
593 -0.05566
594 -0.05445
595 -0.05445
596 -0.05445
597 -0.05445
598 -0.05808
599 0.42713
600 0.23474
601 0.14157
602 0.07986
603 0.0605
604 0.05566
605 0.05808
606 0.05929
607 0.06171
608 0.0605
609 0.05808
610 0.05808
611 0.06171
612 0.0605
613 0.05929
614 0.05929
615 0.05808
616 0.0605
617 0.05929
618 0.05929
619 0.06171
620 0.0605
621 0.05687
622 0.05687
623 0.05808
624 0.05929
625 0.05929
626 0.05687
627 0.05808
628 0.05808
629 0.05929
630 0.05929
631 0.05808
632 0.05808
633 0.05687
634 0.05687
635 0.06292
636 0.05929
637 0.05808
638 0.05808
639 0.05808
640 0.05929
641 0.05808
642 0.05566
643 0.05808
644 0.05808
645 0.05808
646 0.05808
647 0.05566
648 0.05566
649 0.05929
650 0.0605
651 0.05808
652 0.05687
653 0.05929
654 0.0605
655 0.05566
656 0.05687
657 0.05808
658 0.0605
659 0.0605
660 0.05687
661 0.05808
662 0.05808
663 0.0605
664 0.05687
665 0.05929
666 0.05808
667 0.05808
668 0.05808
669 0.05808
670 0.05808
671 0.05687
672 0.05808
673 0.05808
674 0.05687
675 0.05687
676 0.05687
677 0.05808
678 0.05687
679 0.05687
680 0.05566
681 0.05566
682 0.05687
683 0.05687
684 0.05808
685 0.05687
686 0.05808
687 0.05808
688 0.05687
689 0.05929
690 0.05808
691 0.05808
692 0.05566
693 0.05687
694 0.05808
695 0.05808
696 0.05687
697 0.05566
698 0.05687
699 0.05929
700 0.05808
701 0.06171
702 0.05687
703 0.05929
704 0.05808
705 0.05808
706 0.05808
707 0.05687
708 0.05687
709 0.05929
710 0.05929
711 0.05566
712 0.05687
713 0.05566
714 0.05808
715 0.05808
716 0.05808
717 0.05687
718 0.05566
719 0.05929
720 0.05808
721 0.05566
722 0.05445
723 0.05687
724 0.06171
725 0.05808
726 0.05566
727 0.05566
728 0.05808
729 0.05929
730 0.05687
731 0.05566
732 0.05687
733 0.05808
734 0.05808
735 0.05566
736 0.05566
737 0.05566
738 0.05808
739 0.05687
740 0.05687
741 0.05566
742 0.05808
743 0.05687
744 0.05445
745 0.05566
746 0.05687
747 0.05929
748 0.05687
749 0.05687
750 0.05566
751 0.05808
752 0.05808
753 0.05687
754 0.05687
755 0.05808
756 0.05808
757 0.05808
758 0.05808
759 0.05566
760 0.05566
761 0.05687
762 0.05687
763 0.05687
764 0.05808
765 0.05566
766 0.05687
767 0.05445
768 0.05808
769 0.05566
770 0.05808
771 0.05687
772 0.05687
773 0.05808
774 0.05687
775 0.05687
776 0.05687
777 0.05566
778 0.05566
779 0.05929
780 0.05929
781 0.05687
782 0.05566
783 0.05566
784 0.05687
785 0.05808
786 0.05566
787 0.05687
788 0.05808
789 0.05808
790 0.05808
791 -0.18997
792 -0.26015
793 -0.16698
794 -0.07139
795 -0.06897
796 -0.05808
797 -0.05445
798 -0.05808
799 -0.05566
800 -0.05808
801 -0.05808
802 -0.05808
803 -0.05687
804 -0.05687
805 -0.05808
806 -0.05808
807 -0.05687
808 -0.05929
809 -0.05687
810 -0.05808
811 -0.05808
812 -0.05687
813 -0.05687
814 -0.05808
815 -0.05687
816 -0.05808
817 -0.05929
818 -0.05808
819 -0.05687
820 -0.05687
821 -0.05566
822 -0.05687
823 -0.05566
824 -0.05687
825 -0.05687
826 -0.05687
827 -0.05687
828 -0.05445
829 -0.05687
830 -0.05687
831 -0.05445
832 -0.05566
833 -0.05687
834 -0.05566
835 -0.05566
836 -0.05566
837 -0.05445
838 -0.06292
839 -0.05566
840 -0.05808
841 -0.05687
842 -0.05687
843 -0.05808
844 -0.05203
845 -0.05566
846 -0.05566
847 -0.05808
848 -0.05566
849 -0.05566
850 -0.05566
851 -0.05445
852 -0.05445
853 -0.05324
854 -0.0605
855 -0.05566
856 -0.05566
857 -0.05566
858 -0.05566
859 -0.05445
860 -0.05445
861 -0.05324
862 -0.05687
863 -0.05445
864 -0.05566
865 -0.05203
866 -0.05445
867 -0.05687
868 -0.05687
869 -0.05687
870 -0.05566
871 -0.05687
872 -0.05566
873 -0.05566
874 -0.05445
875 -0.05566
876 -0.05445
877 -0.05445
878 -0.05687
879 -0.05566
880 -0.05566
881 -0.05687
882 -0.05566
883 -0.05324
884 -0.05445
885 -0.05687
886 -0.05566
887 -0.05566
888 -0.05445
889 -0.05566
890 -0.05687
891 -0.05445
892 -0.05445
893 -0.05324
894 -0.05445
895 -0.05445
896 -0.05566
897 -0.05566
898 -0.05445
899 -0.05687
900 -0.05687
901 -0.05929
902 -0.05324
903 -0.05445
904 -0.05566
905 -0.05687
906 -0.05566
907 -0.05566
908 -0.05445
909 -0.05566
910 -0.05687
911 -0.05687
912 -0.05445
913 -0.05687
914 -0.05445
915 -0.05808
916 -0.05566
917 -0.05445
918 -0.05445
919 -0.05566
920 -0.05445
921 -0.05566
922 -0.05566
923 -0.05566
924 -0.05566
925 -0.05566
926 -0.05687
927 -0.05566
928 -0.05445
929 -0.05687
930 -0.05687
931 -0.05445
932 -0.05445
933 -0.05445
934 -0.05445
935 -0.05566
936 -0.05566
937 -0.05324
938 -0.05566
939 -0.05687
940 -0.05445
941 -0.05445
942 -0.05324
943 -0.05566
944 -0.05566
945 -0.05566
946 -0.05082
947 -0.05324
948 -0.05445
949 -0.05566
950 -0.05566
951 -0.05203
952 -0.05445
953 -0.05445
954 -0.05445
955 -0.05445
956 -0.05324
957 -0.05687
958 -0.05566
959 -0.05687
960 -0.05445
961 -0.05566
962 -0.05445
963 -0.05324
964 -0.05445
965 -0.05445
966 -0.05566
967 -0.05566
968 -0.05566
969 -0.05203
970 -0.05445
971 -0.05445
972 -0.05566
973 -0.05324
974 -0.05324
975 -0.05445
976 -0.05566
977 -0.05203
978 -0.05203
979 -0.05566
980 -0.05445
981 -0.05324
982 -0.05445
983 0.4235
984 0.22869
985 0.13189
986 0.07018
987 0.06292
988 0.05808
989 0.05687
990 0.05929
991 0.05929
992 0.05808
993 0.05808
994 0.05929
995 0.05808
996 0.05929
997 0.05808
998 0.05808
999 0.05566
1000 0.05808
1001 0.0605
1002 0.05808
1003 0.05687
1004 0.05808
1005 0.05929
1006 0.05808
1007 0.05929
1008 0.05808
1009 0.05808
1010 0.05929
1011 0.0605
1012 0.05687
1013 0.05929
1014 0.05808
1015 0.05687
1016 0.05808
1017 0.05808
1018 0.05687
1019 0.05929
1020 0.05808
1021 0.05808
1022 0.05566
1023 0.05808
1024 0.05929
1025 0.05687
1026 0.05808
1027 0.05808
1028 0.05808
1029 0.0605
1030 0.05808
1031 0.05566
1032 0.05687
1033 0.05808
1034 0.05687
1035 0.05808
1036 0.05808
1037 0.05929
1038 0.05687
1039 0.05566
1040 0.05808
1041 0.05808
1042 0.05808
1043 0.05929
1044 0.05808
1045 0.05808
1046 0.05808
1047 0.05808
1048 0.05808
1049 0.05687
1050 0.05808
1051 0.05687
1052 0.05808
1053 0.05566
1054 0.05687
1055 0.05566
1056 0.05687
1057 0.05687
1058 0.05566
1059 0.05687
1060 0.05808
1061 0.05808
1062 0.05929
1063 0.05687
1064 0.05808
1065 0.05808
1066 0.05808
1067 0.05929
1068 0.05687
1069 0.05566
1070 0.0605
1071 0.05808
1072 0.05687
1073 0.05566
1074 0.05808
1075 0.05929
1076 0.05687
1077 0.05566
1078 0.05687
1079 0.05445
1080 0.0605
1081 0.05808
1082 0.05566
1083 0.05566
1084 0.05445
1085 0.05929
1086 0.05808
1087 0.05566
1088 0.05566
1089 0.05445
1090 0.05687
1091 0.05566
1092 0.05566
1093 0.05687
1094 0.0605
1095 0.05687
1096 0.05566
1097 0.05566
1098 0.05445
1099 0.05687
1100 0.05566
1101 0.05566
1102 0.05445
1103 0.05687
1104 0.05566
1105 0.05566
1106 0.05566
1107 0.05808
1108 0.05687
1109 0.05566
1110 0.05566
1111 0.05808
1112 0.05687
1113 0.05929
1114 0.05687
1115 0.05566
1116 0.05445
1117 0.05566
1118 0.05687
1119 0.05687
1120 0.05445
1121 0.05445
1122 0.05566
1123 0.05445
1124 0.05445
1125 0.05566
1126 0.05566
1127 0.05687
1128 0.05687
1129 0.05808
1130 0.05687
1131 0.05808
1132 0.05687
1133 0.05687
1134 0.05445
1135 0.05808
1136 0.05687
1137 0.05808
1138 0.05566
1139 0.05566
1140 0.05687
1141 0.05808
1142 0.05566
1143 0.05566
1144 0.05687
1145 0.05808
1146 0.05808
1147 0.05566
1148 0.05687
1149 0.05808
1150 0.05808
1151 0.05687
1152 0.05566
1153 0.05687
1154 0.05808
1155 0.05929
1156 0.05808
1157 0.05808
1158 0.05687
1159 0.05808
1160 0.05687
1161 0.05687
1162 0.05687
1163 0.05687
1164 0.0605
1165 0.05445
1166 0.05566
1167 0.05445
1168 0.05445
1169 0.05929
1170 0.05808
1171 0.05687
1172 0.05445
1173 0.05566
1174 0.05808
1175 -0.4114
1176 -0.25289
1177 -0.14278
1178 -0.07623
1179 -0.05445
1180 -0.05566
1181 -0.05566
1182 -0.05566
1183 -0.05566
1184 -0.05808
1185 -0.05687
1186 -0.05808
1187 -0.05566
1188 -0.05687
1189 -0.05687
1190 -0.05687
1191 -0.05808
