0 -2.27341e-05
1 -2.27341e-05
2 -2.27341e-05
3 -2.27341e-05
4 -2.27341e-05
5 -2.27341e-05
6 -2.27341e-05
7 -2.27341e-05
8 -2.27341e-05
9 -2.27341e-05
10 -2.27341e-05
11 -2.27341e-05
12 -2.27341e-05
13 -2.27341e-05
14 -2.27341e-05
15 -2.27341e-05
16 -2.27341e-05
17 -2.27341e-05
18 -2.27341e-05
19 -2.27341e-05
20 -2.27341e-05
21 -2.27341e-05
22 -2.27341e-05
23 -2.27341e-05
24 -2.27341e-05
25 -2.27341e-05
26 -2.27341e-05
27 -2.27341e-05
28 -2.27341e-05
29 -2.27341e-05
30 -2.27341e-05
31 -2.27341e-05
32 -2.27341e-05
33 -2.27341e-05
34 -2.27341e-05
35 -2.27341e-05
36 -2.27341e-05
37 -2.29709e-05
38 -2.27341e-05
39 -2.27341e-05
40 -2.27341e-05
41 -2.29709e-05
42 -2.29709e-05
43 -2.27341e-05
44 -2.27341e-05
45 -2.27341e-05
46 -2.29709e-05
47 -2.29709e-05
48 -2.27341e-05
49 -2.27341e-05
50 -2.27341e-05
51 -2.27341e-05
52 -2.27341e-05
53 -2.27341e-05
54 -2.27341e-05
55 -2.27341e-05
56 -2.29709e-05
57 -2.29709e-05
58 -2.27341e-05
59 -2.27341e-05
60 -2.27341e-05
61 -2.27341e-05
62 -2.29709e-05
63 -2.29709e-05
64 -2.29709e-05
65 -2.29709e-05
66 -2.29709e-05
67 -2.29709e-05
68 -2.29709e-05
69 -2.29709e-05
70 -2.29709e-05
71 -2.29709e-05
72 -2.27341e-05
73 -2.29709e-05
74 -2.29709e-05
75 -2.27341e-05
76 -2.29709e-05
77 -2.27341e-05
78 -2.29709e-05
79 -2.29709e-05
80 -2.29709e-05
81 -2.29709e-05
82 -2.29709e-05
83 -2.29709e-05
84 -2.27341e-05
85 -2.29709e-05
86 -2.29709e-05
87 -2.29709e-05
88 -2.29709e-05
89 -2.29709e-05
90 -2.29709e-05
91 -2.29709e-05
92 -2.29709e-05
93 -2.29709e-05
94 -2.27341e-05
95 -2.29709e-05
96 -2.29709e-05
97 -2.29709e-05
98 -2.29709e-05
99 -2.29709e-05
100 -2.29709e-05
101 -2.29709e-05
102 -2.155e-05
103 -2.29709e-05
104 -2.29709e-05
105 -2.27341e-05
106 -2.29709e-05
107 -2.27341e-05
108 -2.27341e-05
109 -2.29709e-05
110 -2.67599e-05
111 -2.72336e-05
112 -2.67599e-05
113 -2.67599e-05
114 -2.65231e-05
115 -2.65231e-05
116 -2.62863e-05
117 -2.62863e-05
118 -2.60495e-05
119 -2.58127e-05
120 -2.55759e-05
121 -2.51022e-05
122 -2.5339e-05
123 -2.48654e-05
124 -2.46286e-05
125 -2.48654e-05
126 -2.48654e-05
127 -2.43918e-05
128 -2.4155e-05
129 -2.4155e-05
130 -2.4155e-05
131 -2.43918e-05
132 -2.39182e-05
133 -2.39182e-05
134 -2.36814e-05
135 -2.34445e-05
136 -2.36814e-05
137 -2.34445e-05
138 -2.32077e-05
139 -2.32077e-05
140 -2.32077e-05
141 -2.29709e-05
142 -2.29709e-05
143 -2.29709e-05
144 -2.32077e-05
145 -2.29709e-05
146 -2.27341e-05
147 -2.27341e-05
148 -2.27341e-05
149 -2.24973e-05
150 -2.27341e-05
151 -2.27341e-05
152 -2.27341e-05
153 -2.27341e-05
154 -2.27341e-05
155 -2.27341e-05
156 -2.24973e-05
157 -2.24973e-05
158 -2.24973e-05
159 -2.22605e-05
160 -2.24973e-05
161 -2.24973e-05
162 -2.24973e-05
163 -2.24973e-05
164 -2.22605e-05
165 -2.24973e-05
166 -2.22605e-05
167 -2.24973e-05
168 -2.22605e-05
169 -2.22605e-05
170 -2.24973e-05
171 -2.22605e-05
172 -2.22605e-05
173 -2.22605e-05
174 -2.22605e-05
175 -2.22605e-05
176 -2.20237e-05
177 -2.22605e-05
178 -2.22605e-05
179 -2.24973e-05
180 -2.22605e-05
181 -2.24973e-05
182 -2.24973e-05
183 -2.22605e-05
184 -2.22605e-05
185 -2.22605e-05
186 -2.22605e-05
187 -2.22605e-05
188 -2.22605e-05
189 -2.24973e-05
190 -2.22605e-05
191 -2.22605e-05
192 -2.20237e-05
193 -2.20237e-05
194 -2.22605e-05
195 -2.20237e-05
196 -2.22605e-05
197 -2.22605e-05
198 -2.22605e-05
199 -2.20237e-05
200 -2.24973e-05
201 -2.22605e-05
202 -2.22605e-05
203 -2.22605e-05
204 -2.22605e-05
205 -2.22605e-05
206 -2.22605e-05
207 -2.22605e-05
208 -2.22605e-05
209 -2.22605e-05
210 -2.22605e-05
211 -2.22605e-05
212 -2.22605e-05
213 -2.24973e-05
214 -2.22605e-05
215 -2.22605e-05
216 -2.20237e-05
217 -2.22605e-05
218 -2.22605e-05
219 -2.22605e-05
220 -2.22605e-05
221 -2.20237e-05
222 -2.24973e-05
223 -2.24973e-05
224 -2.22605e-05
225 -2.20237e-05
226 -2.24973e-05
227 -2.22605e-05
228 -2.24973e-05
229 -2.22605e-05
230 -2.22605e-05
231 -2.22605e-05
232 -2.22605e-05
233 -2.22605e-05
234 -2.20237e-05
235 -2.20237e-05
236 -2.20237e-05
237 -2.22605e-05
238 -2.22605e-05
239 -2.20237e-05
240 -2.22605e-05
241 -2.22605e-05
242 -2.22605e-05
243 -2.22605e-05
244 -2.24973e-05
245 -2.24973e-05
246 -2.20237e-05
247 -2.22605e-05
248 -2.20237e-05
249 -2.22605e-05
250 -2.22605e-05
251 -2.20237e-05
252 -2.20237e-05
253 -2.20237e-05
254 -2.20237e-05
255 -2.22605e-05
256 -2.22605e-05
257 -2.22605e-05
258 -2.22605e-05
259 -2.20237e-05
260 -2.22605e-05
261 -2.20237e-05
262 -2.22605e-05
263 -2.22605e-05
264 -2.24973e-05
265 -2.22605e-05
266 -2.22605e-05
267 -2.22605e-05
268 -2.24973e-05
269 -2.22605e-05
270 -2.20237e-05
271 -2.22605e-05
272 -2.22605e-05
273 -2.22605e-05
274 -2.22605e-05
275 -2.22605e-05
276 -2.24973e-05
277 -2.22605e-05
278 -2.22605e-05
279 -2.22605e-05
280 -2.22605e-05
281 -2.24973e-05
282 -2.20237e-05
283 -2.22605e-05
284 -2.22605e-05
285 -2.24973e-05
286 -2.22605e-05
287 -2.22605e-05
288 -2.22605e-05
289 -2.22605e-05
290 -2.24973e-05
291 -2.24973e-05
292 -2.20237e-05
293 -2.22605e-05
294 -2.22605e-05
295 -2.22605e-05
296 -2.22605e-05
297 -2.22605e-05
298 -2.22605e-05
299 -2.22605e-05
300 -2.22605e-05
301 -2.22605e-05
302 -2.20237e-05
303 -2.24973e-05
304 -2.22605e-05
305 -2.22605e-05
306 -2.22605e-05
307 -2.24973e-05
308 -2.22605e-05
309 -2.22605e-05
310 -2.22605e-05
311 -2.24973e-05
312 -2.22605e-05
313 -2.22605e-05
314 -2.24973e-05
315 -2.22605e-05
316 -2.22605e-05
317 -2.22605e-05
318 -2.20237e-05
319 -2.20237e-05
320 -2.22605e-05
321 -2.22605e-05
322 -2.20237e-05
323 -2.22605e-05
324 -2.24973e-05
325 -2.22605e-05
326 -2.22605e-05
327 -2.20237e-05
328 -2.22605e-05
329 -2.24973e-05
330 -2.24973e-05
331 -2.24973e-05
332 -2.22605e-05
333 -2.22605e-05
334 -2.24973e-05
335 -2.22605e-05
336 -2.22605e-05
337 -2.22605e-05
338 -2.20237e-05
339 -2.22605e-05
340 -2.20237e-05
341 -2.22605e-05
342 -2.22605e-05
343 -2.22605e-05
344 -2.24973e-05
345 -2.24973e-05
346 -2.20237e-05
347 -2.22605e-05
348 -2.22605e-05
349 4.99999
350 4.99999
351 4.99999
352 5
353 5
354 4.99999
355 4.99999
356 4.99999
357 5
358 5
359 5
360 4.99999
361 5
362 5
363 5
364 5
365 5
366 5
367 5
368 5
369 5
370 5
371 5
372 5
373 5
374 5
375 5
376 5
377 5
378 5
379 5
380 5
381 5
382 5
383 5
384 5
385 5
386 5
387 5
388 5
389 5
390 5
391 5
392 5
393 5
394 5
395 5
396 5
397 5
398 5
399 5
400 5
401 5
402 5
403 5
404 5
405 5
406 5
407 5
408 5
409 5
410 5
411 5
412 5
413 5
414 5
415 5
416 5
417 5
418 5
419 5
420 5
421 5
422 5
423 5
424 5
425 5
426 5
427 5
428 5
429 5
430 5
431 5
432 5
433 5
434 5
435 5
436 5
437 5
438 5
439 5
440 5
441 5
442 5
443 5
444 5
445 5
446 5
447 5
448 5
449 5
450 5
451 5
452 5
453 5
454 5
455 5
456 5
457 5
458 5
459 5
460 5
461 5
462 5
463 5
464 5
465 5
466 5
467 5
468 5
469 5
470 5
471 5
472 5
473 5
474 5
475 5
476 5
477 5
478 5
479 5
480 5
481 5
482 5
483 5
484 5
485 5
486 5
487 5
488 5
489 5
490 5
491 5
492 5
493 5
494 5
495 5
496 5
497 5
498 5
499 5
500 5
501 5
502 5
503 5
504 5
505 5
506 5
507 5
508 5
