0 0
1 0
2 0.000378665
3 0
4 -0.000757566
5 -0.000757566
6 -0.000378665
7 0.000378665
8 -0.000757566
9 0
10 0.000378665
11 -0.000378665
12 0.000378665
13 0
14 0.000757566
15 -0.000757566
16 -0.000378665
17 0.000378665
18 0
19 0.000378665
20 0
21 0
22 -0.000378665
23 0.000757566
24 0
25 -0.000378665
26 0.000378665
27 -0.000378665
28 -0.000378665
29 -0.000378665
30 0
31 -0.000378665
32 0
33 0.000378665
34 -0.000378665
35 -0.000378665
36 0.000378665
37 0
38 -0.000378665
39 -0.000378665
40 0.000378665
41 0
42 0.000378665
43 0
44 0.000757566
45 0.000757566
46 -0.000378665
47 0
48 -0.0011367
49 0
50 -0.000378665
51 0.000757566
52 0.000378665
53 0
54 -0.000378665
55 0.000757566
56 -0.000378665
57 0.000378665
58 0
59 0
60 0
61 -0.000378665
62 0
63 0
64 -0.000378665
65 0.000378665
66 -0.000378665
67 -0.000378665
68 0.000378665
69 0
70 0
71 0
72 -0.000378665
73 -0.000378665
74 0
75 0
76 0
77 0
78 0.000378665
79 0
80 0.000378665
81 0.000378665
82 0
83 0
84 0
85 0.000378665
86 0.000378665
87 0.000378665
88 0
89 -0.000757566
90 0.000378665
91 0.000378665
92 -0.000757566
93 0
94 0
95 -0.000378665
96 0.000378665
97 0.000378665
98 0.000378665
99 0.000378665
100 0
101 0.000757566
102 0
103 -0.000378665
104 -0.000378665
105 0
106 0.000378665
107 0
108 -0.000378665
109 0
110 -0.00378878
111 0.000378665
112 -0.000378665
113 0
114 0
115 0.000378665
116 0.000378665
117 0
118 0.000378665
119 0.000378665
120 0
121 0.000378665
122 0
123 -0.000757566
124 -0.000378665
125 -0.000757566
126 0.000378665
127 0
128 0.000757566
129 0.000378665
130 0
131 0.000378665
132 -0.000378665
133 0.000378665
134 0.000378665
135 0
136 0
137 -0.000378665
138 -0.000378665
139 0.000757566
140 0
141 -0.000378665
142 0
143 0
144 0
145 0
146 0
147 0
148 0
149 0.000378665
150 -0.000757566
151 0
152 0.000378665
153 0
154 0.000378665
155 0
156 -0.000378665
157 0.000757566
158 0.000378665
159 0.000378665
160 0
161 -0.000378665
162 0.000378665
163 0.000378665
164 0
165 0.000378665
166 -0.000757566
167 0
168 0.000757566
169 0
170 0.000378665
171 0
172 0.000757566
173 0
174 0
175 -0.000378665
176 0.000378665
177 0.000378665
178 0
179 0.000757566
180 0
181 -0.000378665
182 -0.000378665
183 0
184 0
185 0
186 0
187 0.000378665
188 0
189 0
190 0
191 -0.000378665
192 -0.000378665
193 0
194 0
195 0.000378665
196 0
197 0.000378665
198 0.000378665
199 -0.000378665
200 0.000757566
201 0.0011367
202 0
203 -0.000378665
204 0.000378665
205 0.000757566
206 0
207 0
208 0.000757566
209 0
210 -0.000757566
211 0.000757566
212 0
213 0.000378665
214 -0.0011367
215 0
216 0.000757566
217 -0.000757566
218 -0.000378665
219 -0.000378665
220 0
221 0.000378665
222 0
223 -0.000378665
224 0.000378665
225 0
226 -0.000378665
227 0
228 0.000378665
229 -0.000378665
230 -0.000378665
231 0
232 -0.000757566
233 -0.000378665
234 0
235 -0.000378665
236 0.000757566
237 -0.000378665
238 0.000378665
239 -0.000378665
240 -0.000378665
241 -0.000757566
242 0.000378665
243 0
244 0.000378665
245 -0.000378665
246 0.000378665
247 -0.000757566
248 0
249 0
250 -0.000378665
251 -0.000378665
252 -0.000757566
253 0.000378665
254 -0.000378665
255 -0.000757566
256 -0.000378665
257 -0.000378665
258 0.000378665
259 0.000378665
260 -0.000378665
261 -0.000757566
262 0
263 0.000378665
264 -0.000378665
265 0
266 -0.000378665
267 0
268 -0.000378665
269 0.000378665
270 0
271 -0.000378665
272 -0.00151537
273 0
274 -0.000378665
275 -0.000378665
276 -0.000757566
277 -0.000378665
278 -0.000378665
279 -0.000378665
280 -0.000378665
281 0.000378665
282 0.000378665
283 -0.000378665
284 0
285 0
286 -0.000757566
287 0.000378665
288 0.0011367
289 -0.000378665
290 0
291 0.000378665
292 0
293 -0.000378665
294 -0.000378665
295 -0.000378665
296 0.000378665
297 -0.000757566
298 -0.000378665
299 -0.000757566
300 0.000378665
301 0.000757566
302 0.000378665
303 -0.000378665
304 -0.000757566
305 -0.000378665
306 0
307 0
308 0.000378665
309 -0.000378665
310 0.000378665
311 0.000378665
312 0.000757566
313 0.000757566
314 0
315 0.000757566
316 -0.000378665
317 0.000757566
318 0
319 0
320 0.000757566
321 0.000757566
322 0.000378665
323 0
324 -0.000378665
325 0.000757566
326 0
327 0
328 0.000378665
329 0
330 0
331 0.000378665
332 -0.000378665
333 0.000378665
334 -0.000378665
335 -0.000378665
336 -0.000757566
337 0.000378665
338 0
339 -0.000757566
340 -0.0011367
341 0
342 0
343 0
344 0
345 -0.000378665
346 0
347 0
348 0.000378665
349 -0.0011367
350 -0.000378665
351 0
352 0.000378665
353 0.000378665
354 0.000378665
355 -0.000757566
356 0.000378665
357 0.000378665
