0 30.0008
1 30.0008
2 30.0008
3 30.0008
4 30.0008
5 30.0008
6 30.0008
7 30.0008
8 30.0008
9 30.0008
10 30.0008
11 30.0008
12 30.0008
13 30.0008
14 30.0008
15 30.0008
16 30.0008
17 30.0008
18 30.0008
19 30.0008
20 30.0008
21 30.0008
22 30.0008
23 30.0008
24 30.0008
25 30.0008
26 30.0008
27 30.0008
28 30.0008
29 30.0008
30 30.0008
31 30.0008
32 30.0008
33 30.0008
34 30.0008
35 30.0008
36 30.0008
37 30.0008
38 30.0008
39 30.0008
40 30.0008
41 30.0008
42 30.0008
43 30.0008
44 30.0008
45 30.0008
46 30.0008
47 30.0008
48 30.0008
49 30.0008
50 30.0008
51 30.0008
52 30.0008
53 30.0008
54 30.0008
55 30.0008
56 30.0008
57 30.0008
58 30.0008
59 30.0008
60 30.0008
61 30.0008
62 30.0008
63 30.0008
64 30.0008
65 30.0008
66 30.0008
67 30.0008
68 30.0008
69 30.0008
70 30.0008
71 30.0008
72 30.0008
73 30.0008
74 30.0008
75 30.0008
76 30.0008
77 30.0008
78 30.0008
79 30.0008
80 30.0008
81 30.0008
82 30.0008
83 30.0008
84 30.0008
85 30.0008
86 30.0008
87 30.0008
88 30.0008
89 30.0008
90 30.0008
91 30.0008
92 30.0008
93 30.0008
94 30.0008
95 30.0008
96 30.0008
97 30.0008
98 30.0008
99 30.0008
100 30.0008
101 30.0008
102 30.0008
103 30.0008
104 30.0008
105 30.0008
106 30.0008
107 30.0008
108 30.0008
109 30.0008
110 30.0008
111 30.0008
112 30.0008
113 30.0008
114 30.0008
115 30.0008
116 30.0008
117 30.0008
118 30.0008
119 30.0008
120 30.0008
121 30.0008
122 30.0008
123 30.0008
124 30.0008
125 30.0008
126 30.0008
127 30.0008
128 30.0008
129 30.0008
130 30.0008
131 30.0008
132 30.0008
133 30.0008
134 30.0008
135 30.0008
136 30.0008
137 30.0008
138 30.0008
139 30.0008
140 30.0008
141 30.0008
142 30.0008
143 30.0008
144 30.0008
145 30.0008
146 30.0008
147 30.0008
148 30.0008
149 30.0008
150 30.0008
151 30.0008
152 30.0008
153 30.0008
154 30.0008
155 30.0008
156 30.0008
157 30.0008
158 30.0008
159 30.0008
160 30.0008
161 30.0008
162 30.0008
163 30.0008
164 30.0008
165 30.0008
166 30.0008
167 30.0008
168 30.0008
169 30.0008
170 30.0008
171 30.0008
172 30.0008
173 30.0008
174 30.0008
175 30.0008
176 30.0008
177 30.0008
178 30.0008
179 30.0008
180 30.0008
181 30.0008
182 30.0008
183 30.0008
184 30.0008
185 30.0008
186 30.0008
187 30.0008
188 30.0008
189 30.0008
190 30.0008
191 30.0008
192 30.0008
193 30.0008
194 30.0008
195 30.0008
196 30.0008
197 30.0008
198 30.0008
199 30.0008
200 30.0008
201 30.0008
202 30.0008
203 30.0008
204 30.0008
205 30.0008
206 30.0008
207 30.0008
208 30.0008
209 30.0008
210 30.0008
211 30.0008
212 30.0008
213 30.0008
214 30.0008
215 30.0008
216 30.0008
217 30.0008
218 30.0008
219 30.0008
220 30.0008
221 30.0008
222 30.0008
223 30.0008
224 30.0008
225 30.0008
226 30.0008
227 30.0008
228 30.0008
229 30.0008
230 30.0008
231 30.0008
232 30.0008
233 30.0008
234 30.0008
235 30.0008
236 30.0008
237 30.0008
238 30.0008
239 30.0008
240 30.0008
241 30.0008
242 30.0008
243 30.0008
244 30.0008
245 30.0008
246 30.0008
247 30.0008
248 30.0008
249 30.0008
250 30.0008
251 30.0008
252 30.0008
253 30.0008
254 30.0008
255 30.0008
256 30.0008
257 30.0008
258 30.0008
259 30.0008
260 30.0008
261 30.0008
262 30.0008
263 30.0008
264 30.0008
265 30.0008
266 30.0008
267 30.0008
268 30.0008
269 30.0008
270 30.0008
271 30.0008
272 30.0008
273 30.0008
274 30.0008
275 30.0008
276 30.0008
277 30.0008
278 30.0008
279 30.0008
280 30.0008
281 30.0008
282 30.0008
283 30.0008
284 30.0008
285 30.0008
286 30.0008
287 30.0007
288 30.0007
289 30.0006
290 30.0005
291 30.0005
292 30.0004
293 30.0004
294 30.0003
295 30.0003
296 30.0002
297 30.0002
298 30.0002
299 30.0002
300 30.0001
301 30.0001
302 30.0001
303 30.0001
304 30.0001
305 30
306 30
307 30
308 30
309 30
310 30
311 30
312 30
313 30
314 30
315 30
316 30
317 30
318 30
319 30
320 30
321 30
322 30
323 30
324 30
325 30
326 30
327 30
328 30
329 30
330 30
331 30
332 30
333 30
334 30
335 30
336 30
337 30
338 30
339 30
340 30
341 30
342 30
343 30
344 30
345 30
346 30
347 30
348 30
349 30
350 30
351 30
352 30
353 30
354 30
355 30
356 30
357 30
358 30
359 30
360 30
361 30
362 30
363 30
364 30
365 30
366 30
367 30
368 30
369 30
370 30
371 30
372 30
373 30
374 30
375 30
376 30
377 30
378 30
379 30
380 30
381 30
382 30
383 30
384 30
385 30
386 30
387 30
388 30
389 30
390 30
391 30
392 30
393 30
394 30
395 30
396 30
397 30
398 30
399 30
400 30
401 30
402 30
403 30
404 30
405 30
406 30
407 30
408 30
409 30
410 30
411 30
412 30
413 30
414 30
415 30
416 30
417 30
418 30
419 30
420 30
421 30
422 30
423 30
424 30
425 30
426 30
427 30
428 30
429 30
430 30
431 30
432 30
433 30
434 30
435 30
436 30
437 30
438 30
439 30
440 30
441 30
442 30
443 30
444 30
445 30
446 30
447 29.9672
448 29.5385
449 28.4452
450 26.3909
451 24.0306
452 21.2707
453 18.7723
454 16.1831
455 13.693
456 10.9786
457 8.41136
458 5.83478
459 3.31757
460 1.29804
461 0.393055
462 0.0339403
463 -0.0468609
464 -0.0439055
465 -0.0290961
466 -0.0147859
467 -0.00697724
468 -0.00287326
469 -0.00129277
470 -0.000558406
471 -0.000213606
472 -2.98385e-05
473 7.45963e-05
474 0.000122196
475 0.000145167
476 0.000154166
477 0.000155586
478 0.000154402
479 0.000149193
480 0.000146588
481 0.000139957
482 0.00013451
483 0.000127406
484 0.000122669
485 0.000116749
486 0.000109881
487 0.00010183
488 9.56727e-05
489 9.11732e-05
490 8.40688e-05
491 7.83853e-05
492 7.29386e-05
493 6.91495e-05
494 6.37028e-05
495 5.94402e-05
496 5.25726e-05
497 4.9494e-05
498 4.59418e-05
499 4.28632e-05
500 3.78902e-05
501 3.41011e-05
502 3.31539e-05
503 2.88912e-05
504 2.67599e-05
505 2.32077e-05
506 2.13132e-05
507 1.96555e-05
508 1.7761e-05
509 1.53929e-05
510 1.34984e-05
511 1.34984e-05
512 1.1367e-05
513 9.47254e-06
514 7.57803e-06
515 5.68352e-06
516 6.15715e-06
517 5.2099e-06
518 5.68352e-06
519 3.5522e-06
520 3.31539e-06
521 3.78902e-06
522 2.36814e-06
523 9.47254e-07
524 1.42088e-06
525 7.10441e-07
526 0
527 4.73627e-07
528 2.36814e-07
529 -2.36814e-07
530 -9.47254e-07
531 -1.18407e-06
532 -9.47254e-07
533 -9.47254e-07
534 -3.07858e-06
535 -1.65769e-06
536 -2.36814e-06
537 -2.60495e-06
538 -2.60495e-06
539 -1.65769e-06
540 -4.26264e-06
541 -4.26264e-06
542 -2.13132e-06
543 -3.31539e-06
544 -1.65769e-06
545 -3.78902e-06
546 -3.5522e-06
547 -4.73627e-06
548 -3.07858e-06
549 -2.60495e-06
550 -1.65769e-06
551 -3.31539e-06
552 -3.5522e-06
553 -4.02583e-06
554 -3.5522e-06
555 -3.78902e-06
556 -2.84176e-06
557 -3.78902e-06
558 -3.5522e-06
559 -3.5522e-06
560 -4.49946e-06
561 -4.26264e-06
562 -4.49946e-06
563 -4.49946e-06
564 -4.26264e-06
565 -3.78902e-06
566 -3.07858e-06
567 -4.02583e-06
568 -4.02583e-06
569 -3.78902e-06
570 -3.07858e-06
571 -2.84176e-06
572 -3.07858e-06
573 -3.5522e-06
574 -2.84176e-06
575 -3.78902e-06
576 -3.5522e-06
577 -3.07858e-06
578 -4.02583e-06
579 -3.78902e-06
580 -3.31539e-06
581 -3.5522e-06
582 -3.07858e-06
583 -3.5522e-06
584 -4.49946e-06
585 -4.26264e-06
586 -3.78902e-06
587 -4.02583e-06
588 -1.89451e-06
589 -4.26264e-06
590 -3.5522e-06
591 -3.78902e-06
592 -3.78902e-06
593 -4.02583e-06
594 -3.5522e-06
595 -4.02583e-06
596 -2.84176e-06
597 -3.5522e-06
598 -3.07858e-06
599 -3.07858e-06
600 -2.84176e-06
601 -4.02583e-06
602 -4.49946e-06
603 -3.78902e-06
604 -2.60495e-06
605 -3.5522e-06
606 -3.31539e-06
607 0.00101167
608 0.289822
609 1.29289
610 2.79176
611 5.16715
612 7.85728
613 10.4987
614 12.9958
615 15.4979
616 18.2757
617 20.9365
618 23.4097
619 25.9165
620 28.2517
621 29.3859
622 29.9009
623 30.0393
624 30.047
625 30.0332
626 30.0186
627 30.0091
628 30.004
629 30.0018
630 30.0007
631 30.0002
632 30
633 29.9999
634 29.9998
635 29.9998
636 29.9998
637 29.9998
638 29.9998
639 29.9998
640 29.9998
641 29.9998
642 29.9998
643 29.9998
644 29.9998
645 29.9999
646 29.9999
647 29.9999
648 29.9999
649 29.9999
650 29.9999
651 29.9999
652 29.9999
653 29.9999
654 29.9999
655 29.9999
656 29.9999
657 29.9999
658 29.9999
659 29.9999
660 30
661 30
662 30
663 30
664 30
665 30
666 30
667 30
668 30
669 30
670 30
671 30
672 30
673 30
674 30
675 30
676 30
677 30
678 30
679 30
680 30
681 30
682 30
683 30
684 30
685 30
686 30
687 30
688 30
689 30
690 30
691 30
692 30
693 30
694 30
695 30
696 30
697 30
698 30
699 30
700 30
701 30
702 30
703 30
704 30
705 30
706 30
707 30
708 30
709 30
710 30
711 30
712 30
713 30
714 30
715 30
716 30
717 30
718 30
719 30
720 30
