0 0
1 -0.000757566
2 0.000378665
3 0.000757566
4 0.000378665
5 -0.000378665
6 -0.000378665
7 0.000757566
8 0.000757566
9 -0.000757566
10 0.000378665
11 0.000378665
12 0
13 0.000378665
14 -0.000378665
15 0.000378665
16 0
17 -0.000378665
18 0.000378665
19 0
20 -0.000757566
21 0
22 0
23 0
24 0
25 0
26 0.000378665
27 0
28 0.000378665
29 0
30 -0.000378665
31 -0.000378665
32 -0.000378665
33 0
34 0
35 0
36 0
37 0.000378665
38 0
39 -0.000378665
40 0
41 0.000378665
42 -0.000378665
43 0.000378665
44 -0.000378665
45 -0.000378665
46 0
47 -0.000378665
48 0
49 0
50 0
51 0
52 -0.000378665
53 0
54 0
55 0.000378665
56 0
57 0
58 0
59 -0.000378665
60 0.000378665
61 0.000757566
62 0
63 0.000378665
64 0.000378665
65 0.000378665
66 0
67 -0.000378665
68 0.000378665
69 -0.000378665
70 0.000757566
71 0
72 0.000757566
73 0
74 0.000378665
75 -0.000378665
76 0
77 0.000378665
78 -0.000378665
79 0
80 -0.000378665
81 0
82 0.000757566
83 0.000378665
84 0.000757566
85 0.000378665
86 0.000757566
87 0.000378665
88 0
89 0
90 0.000378665
91 0.000378665
92 -0.000378665
93 -0.000378665
94 0
95 0.000378665
96 -0.000378665
97 -0.000378665
98 0.000378665
99 0
100 0
101 0
102 0
103 0
104 0
105 0.000378665
106 0.000378665
107 -0.000378665
108 0.000378665
109 -0.000378665
110 0.000378665
111 0
112 -0.000378665
113 0
114 -0.000378665
115 -0.000378665
116 0.000378665
117 0.000378665
118 0.000757566
119 0
120 0
121 -0.00151537
122 0.000378665
123 -0.0011367
124 -0.0011367
125 -0.000378665
126 -0.000378665
127 -0.000378665
128 0
129 0.000378665
130 0.000757566
131 0
132 0.000378665
133 0
134 0.000378665
135 0
136 0
137 -0.000757566
138 0
139 -0.000378665
140 -0.000378665
141 0.000378665
142 0.000378665
143 0
144 -0.0011367
145 0
146 -0.000757566
147 0.000757566
148 0
149 0.000378665
150 -0.000757566
151 0.000757566
152 0
153 0
154 0.000757566
155 0
156 -0.000378665
157 -0.000757566
158 0.000378665
159 0.000378665
160 0.000378665
161 0.000378665
162 0
163 -0.000378665
164 0
165 0.000378665
166 -0.000378665
167 0.000378665
168 0
169 0.000378665
170 -0.000378665
171 0.000757566
172 -0.000378665
173 0.000378665
174 0
175 0.000757566
176 -0.000757566
177 0.000378665
178 -0.000757566
179 -0.000378665
180 0.000378665
181 -0.000378665
182 0
183 0
184 -0.000378665
185 0.000378665
186 0.000378665
187 0.000378665
188 0.000378665
189 0.000378665
190 -0.000757566
191 0
192 0.000757566
193 0.000378665
194 0
195 0
196 -0.000378665
197 -0.000757566
198 0.000378665
199 -0.000378665
200 -0.000378665
201 0
202 -0.000378665
203 0
204 0
205 0.0011367
206 0.000378665
207 0
208 0.0011367
209 0.000378665
210 0.000378665
211 -0.000757566
212 -0.000757566
213 0
214 0
215 0
216 0.000757566
217 0.000378665
218 0
219 0.000378665
220 -0.0011367
221 -0.000757566
222 0
223 0
224 0.000378665
225 0
226 -0.000757566
227 0.000757566
228 0
229 0.000757566
230 0
231 0.000378665
232 0.000757566
233 0.000378665
234 -0.000378665
235 -0.000378665
236 0
237 0
238 0.000757566
239 0.000378665
240 -0.000378665
241 0.000378665
242 0.000378665
243 0.000378665
244 0.000378665
245 -0.000378665
246 0
247 0.00151537
248 0
249 -0.000757566
250 0
251 0.000378665
252 -0.000378665
253 0.000378665
254 -0.000378665
255 -0.000378665
256 3.11419
257 6.4633
258 7.83569
259 8.35175
260 8.40745
261 8.37069
262 8.36577
263 8.34303
264 8.33432
265 8.33053
266 8.33925
267 8.33205
268 8.33243
269 8.32788
270 8.32257
271 8.32409
272 8.34379
273 8.32106
274 8.33773
275 6.0018
276 2.79023
277 0.668003
278 0.0538038
279 -0.0647922
280 -0.0640344
281 -0.0394058
282 -0.0170506
283 -0.00719889
284 -0.00416792
285 -0.00340988
286 -0.00265207
287 -0.00151537
288 0.000757566
289 0.000757566
290 0.000378665
291 0
292 0.000378665
293 0.000378665
294 0.000378665
295 0.000378665
296 -0.000378665
297 0
298 0
299 0.0011367
300 0
301 0.000378665
302 0.000378665
303 0
304 -0.000378665
305 -0.000757566
306 -0.000378665
307 0.000378665
308 -0.000378665
309 0
310 -0.000378665
311 -0.000757566
312 0.000378665
313 0
314 0
315 -0.000757566
316 -0.000378665
317 0
318 -0.000378665
319 0
320 -0.000378665
321 0
322 0.000378665
323 0.000378665
324 0.000378665
325 0.000757566
326 -0.000378665
327 0.000757566
328 0.0011367
329 0.0011367
330 -0.000378665
331 -0.000757566
332 0.000378665
333 -0.000378665
334 0.000378665
335 0.000378665
336 0.000378665
337 0.000378665
338 -0.000378665
339 0
340 -0.000757566
341 0.000378665
342 0.000378665
343 0.000378665
344 0
345 -0.000378665
346 0.000378665
347 0.000378665
348 0
349 0
350 0.000378665
351 0.000757566
352 0
353 0
354 0.000378665
355 0.000378665
356 0.000378665
357 0.000378665
358 0
359 0.000378665
360 -0.000757566
361 0.000378665
362 0
363 0
364 0.000378665
365 0
366 0.000378665
367 0.000378665
368 0.000378665
369 0.000378665
370 -0.000378665
371 0.000378665
372 0.000378665
373 -0.000378665
374 -0.000757566
375 0
376 0
377 0
378 -0.000757566
379 -0.000378665
380 -0.000378665
381 0.000378665
382 0.000378665
383 0.000757566
384 0
385 0.000378665
386 -0.000378665
387 0.000378665
388 -0.000757566
389 -0.000378665
390 0.0011367
391 -0.000378665
392 0.000757566
393 0.000378665
394 -0.000757566
395 0
396 0.000378665
397 0.000378665
398 0.000378665
399 -0.000378665
400 -0.000378665
401 -0.000378665
402 0
403 0.000378665
404 0
405 0.000378665
406 -0.000757566
407 0.000757566
408 -0.000378665
409 0
410 -0.000378665
411 0
412 0
413 0
414 -0.000378665
415 0.000757566
416 -0.119733
417 -1.00182
418 -1.47393
419 -1.64216
420 -1.67437
421 -1.67096
422 -1.67626
423 -1.66944
424 -1.6774
425 -1.663
426 -1.663
427 -1.65618
428 -1.66414
429 -1.68005
430 -1.69104
431 -1.65807
432 -1.66906
433 -1.67588
434 -1.66603
435 -1.66868
436 -1.66565
437 -1.67133
438 -1.66338
439 -1.64178
440 -1.67285
441 -1.65921
442 -1.663
443 -1.68232
444 -1.66262
445 -1.67096
446 -1.66489
447 -1.6774
448 -1.67058
449 -1.64746
450 -1.65542
451 -1.66868
452 -1.69142
453 -1.65656
454 -1.66073
455 -1.64936
456 -1.65087
457 -1.65504
458 -1.65959
459 -1.6683
460 -1.66338
461 -1.66944
462 -1.66376
463 -1.65694
464 -1.66906
465 -1.66565
466 -1.67096
467 -1.67361
468 -1.67512
469 -1.6755
470 -1.66376
471 -1.67853
472 -1.67778
473 -1.65921
474 -1.67096
475 -1.67626
476 -1.66376
477 -1.68687
478 -1.65618
479 -1.65845
480 -1.66414
481 -1.65769
482 -1.66906
483 -1.65694
484 -1.663
485 -1.67247
486 -1.68535
487 -1.67967
488 -1.65807
489 -1.66717
490 -1.67929
491 -1.66376
492 -1.66527
493 -1.66982
494 -1.67171
495 -1.6683
496 -1.65618
497 -1.66527
498 -1.65618
499 -1.67133
500 -1.6611
501 -1.66717
502 -1.66906
503 -1.66982
504 -1.6755
505 -1.66906
506 -1.67664
507 -1.66186
508 -1.65883
509 -1.68346
510 -1.65315
511 -1.67361
512 -1.59859
513 -0.62102
514 -0.180736
515 -0.0132613
516 0.00340988
517 0.00568329
518 0.00871474
519 0.00719889
520 0.00644109
521 0.00340988
522 0.000757566
523 0.000378665
524 0.000378665
525 0.000378665
526 0.000757566
527 0
528 0.0011367
529 0.000757566
530 0
531 0.000378665
532 -0.000378665
533 0
534 0.000378665
535 0
536 -0.000757566
537 -0.000378665
538 -0.000378665
539 -0.000378665
540 0.000378665
541 0.000378665
542 0.000378665
543 0
544 0
545 0
546 0
547 -0.000378665
548 -0.000378665
549 0.000757566
550 0
551 0.000378665
552 -0.000378665
553 0
554 0
555 -0.0011367
556 0
557 -0.000378665
558 0
559 0
560 0.000378665
561 0.000378665
562 0
563 0.000378665
564 0
565 0
566 0.0011367
567 0.000378665
568 -0.000378665
569 0.000757566
570 0
571 0.000378665
572 -0.000378665
573 -0.000757566
574 0
575 -0.000378665
576 0.000378665
577 0.817669
578 1.35382
579 1.61753
580 1.67664
581 1.67285
582 1.67437
583 1.68005
584 1.65353
585 1.67323
586 1.66792
587 1.69483
588 1.64178
589 1.65163
590 1.67133
591 1.64898
592 1.68649
593 1.64822
594 1.63951
595 1.67285
596 1.68573
597 1.65732
598 1.66868
599 1.66603
600 1.68422
601 1.67626
602 1.66414
603 1.66906
604 1.64443
605 1.68157
606 1.65769
607 1.67058
608 1.67399
609 1.66035
610 1.66717
611 1.67967
612 1.65694
613 1.66717
614 1.68573
615 1.67285
616 1.68535
617 1.68763
618 1.65959
619 1.66792
620 1.65732
621 1.67247
622 1.66755
623 1.65807
624 1.6774
625 1.66148
626 1.67967
627 1.66641
628 1.65656
629 1.66679
630 1.67778
631 1.66414
632 1.67967
633 1.66262
634 1.6683
635 1.66148
636 1.65239
637 1.65277
638 1.6558
639 1.65315
640 1.68611
641 1.64746
642 1.67323
643 1.69483
644 1.64557
645 1.67929
646 1.66603
647 1.65504
648 1.6971
649 1.65997
650 1.65997
651 1.66224
652 1.66755
653 1.68081
654 1.66338
655 1.67929
656 1.66262
657 1.66679
658 1.67891
659 1.66603
660 1.66944
661 1.67816
662 1.66035
663 1.65466
664 1.6558
665 1.64595
666 1.66982
667 1.65883
668 1.65428
669 1.65959
670 1.66792
671 1.6505
672 1.65845
673 0.89686
674 0.316004
675 0.0579717
676 -0.00378878
677 -0.00568329
678 -0.010609
679 -0.00871474
680 -0.00719889
681 -0.00378878
682 -0.00227341
683 -0.000378665
684 0.000757566
685 -0.000378665
686 0
687 0.000757566
688 0.000378665
689 0
690 -0.000757566
691 -0.000378665
692 0.000378665
693 0.000378665
694 -0.000378665
695 -0.000757566
696 0
697 -0.000378665
698 -0.000378665
699 0.000378665
700 0.000757566
701 0.000378665
702 0
703 0.000378665
704 0.000378665
705 0
706 -0.000378665
707 -0.000757566
708 0.000378665
709 -0.000378665
710 -0.000757566
711 -0.000378665
712 0.000378665
713 0.000378665
714 0.000757566
715 0
716 0
717 0.000757566
718 -0.000757566
719 0
720 -0.000378665
721 0
722 -0.000378665
723 0.000378665
724 0
725 0
726 0
727 0
728 -0.000757566
729 -0.000378665
730 -0.000378665
731 -0.000378665
732 0.000757566
733 0.000378665
734 -0.000757566
735 0.000378665
736 0.000378665
737 -0.593739
738 -1.24393
739 -1.56903
740 -1.67967
741 -1.67626
742 -1.66717
743 -1.67664
744 -1.66376
745 -1.67247
746 -1.66224
747 -1.64254
748 -1.67247
749 -1.66262
750 -1.66641
751 -1.64936
752 -1.66944
753 -1.65694
754 -1.6611
755 -1.65959
756 -1.67474
757 -1.6827
758 -1.66224
759 -1.67967
760 -1.67171
761 -1.68422
762 -1.64292
763 -1.65239
764 -1.69028
765 -1.65315
766 -1.65769
767 -1.67171
768 -1.65769
769 -1.67058
770 -1.66451
771 -1.663
772 -1.67588
773 -1.68043
774 -1.67437
775 -1.66679
776 -1.67437
777 -1.6558
778 -1.64633
779 -1.66982
780 -1.65732
781 -1.64936
782 -1.67437
783 -1.68839
784 -1.64519
785 -1.66451
786 -1.66603
787 -1.64822
788 -1.6683
789 -1.66641
790 -1.65428
791 -1.66338
792 -1.65807
793 -1.67247
794 -1.66603
795 -1.66376
796 -1.67929
797 -1.6755
798 -1.67133
799 -1.65997
800 -1.66868
801 -1.66641
802 -1.65542
803 -1.65504
804 -1.66868
805 -1.65959
806 -1.68043
807 -1.65997
808 -1.66527
809 -1.68952
810 -1.66717
811 -1.67096
812 -1.66679
813 -1.66073
814 -1.66376
815 -1.663
816 -1.67058
817 -1.67967
818 -1.66186
819 -1.67626
820 -1.67437
821 -1.65997
822 -1.69369
823 -1.66414
824 -1.6827
825 -1.6702
826 -1.67474
827 -1.65959
828 -1.6486
829 -1.67778
830 -1.66565
831 -1.66527
832 -1.6558
833 -1.09162
834 -0.430811
835 -0.0924518
836 0.00189427
837 0.00454682
838 0.00947254
839 0.00795693
840 0.00719889
841 0.00454682
842 0.00189427
843 0
844 0.000378665
845 0.000757566
846 0.000757566
847 0
848 0.000378665
849 0
850 0.000378665
851 0
852 0.000378665
853 0.000378665
854 0
855 0
856 -0.000378665
857 -0.0011367
858 -0.000378665
859 -0.000378665
860 0
861 0.000378665
862 -0.000378665
863 -0.000757566
864 0.0011367
865 0
866 -0.000378665
867 0
868 0
869 -0.000757566
870 0
871 -0.000378665
872 0.000757566
873 -0.000757566
874 0
875 0
876 0.000378665
877 -0.000757566
878 0.000378665
879 -0.000378665
880 0.000757566
881 -0.000378665
882 -0.000378665
883 0.000378665
884 0
885 0.000378665
886 0.000378665
887 0.000378665
888 -0.000757566
889 0
890 -0.000757566
891 0.000757566
892 0
893 0.000378665
894 0
895 0.00189427
896 0.0011367
897 0.0075778
898 1.01659
899 1.50803
900 1.66451
901 1.68573
902 1.67929
903 1.6558
904 1.67285
905 1.66338
906 1.64557
907 1.66906
908 1.65428
909 1.6414
910 1.66792
911 1.66262
912 1.65353
913 1.68119
914 1.64671
915 1.67588
916 1.66527
917 1.63913
918 1.66641
919 1.6827
920 1.67096
921 1.68914
922 1.66224
923 1.66376
924 1.6702
925 1.66148
926 1.67133
927 1.64898
928 1.64367
929 1.66338
930 1.66338
931 1.66906
932 1.65618
933 1.67058
934 1.65732
935 1.6702
936 1.66679
937 1.65163
938 1.6558
939 1.66755
940 1.68308
941 1.66868
942 1.66944
943 1.66186
944 1.64519
945 1.65694
946 1.66565
947 1.6683
948 1.67323
949 1.66868
950 1.67285
951 1.65807
952 1.66717
953 1.64519
954 1.67247
955 1.65504
956 1.65391
957 1.66906
958 1.67096
959 1.6611
960 1.67096
961 1.6558
962 1.67171
963 1.67171
964 1.66035
965 1.66338
966 1.65883
967 1.66792
968 1.67209
969 1.66186
970 1.65921
971 1.68801
972 1.68194
973 1.68801
974 1.67361
975 1.6611
976 1.66679
977 1.65845
978 1.66489
979 1.69369
980 1.6611
981 1.67664
982 1.66565
983 1.64822
984 1.65997
985 1.65353
986 1.65466
987 1.66489
988 1.64292
989 1.64709
990 1.65087
991 1.66035
992 1.67437
993 1.65542
994 0.628977
995 0.168611
996 0.0128824
997 -0.00492572
998 -0.00795693
999 -0.00985144
1000 -0.00795693
1001 -0.00530439
1002 -0.00378878
1003 -0.0011367
1004 0
1005 -0.000378665
1006 -0.000378665
1007 -0.000757566
1008 0.000378665
1009 0.000378665
1010 0
1011 0.000757566
1012 -0.000378665
1013 0
1014 0
1015 0
1016 0
1017 0
1018 0.000378665
1019 0
1020 -0.000378665
1021 0.000757566
1022 -0.000378665
1023 0.000378665
1024 0
1025 -0.000378665
1026 0
1027 0
1028 0
1029 0
1030 -0.000378665
1031 0
1032 0.000378665
1033 0
1034 0.000378665
1035 0.000378665
1036 -0.000378665
1037 0.000757566
1038 -0.00151537
1039 0.000757566
1040 0.000378665
1041 0.000378665
1042 0
1043 0.000757566
1044 -0.000757566
1045 0.000378665
1046 0
1047 -0.000378665
1048 -0.000378665
1049 -0.0011367
1050 -0.000378665
1051 -0.000378665
1052 0
1053 0
1054 0.000378665
1055 0
1056 -0.000757566
1057 -0.000757566
1058 -0.777506
1059 -1.36405
1060 -1.62018
1061 -1.67285
1062 -1.6755
1063 -1.68119
1064 -1.66338
1065 -1.6702
1066 -1.66603
1067 -1.67133
1068 -1.6774
1069 -1.67133
1070 -1.67209
1071 -1.68611
1072 -1.66148
1073 -1.65845
1074 -1.65921
1075 -1.66376
1076 -1.65201
1077 -1.66565
1078 -1.66603
1079 -1.67399
1080 -1.66717
1081 -1.64481
1082 -1.67171
1083 -1.65769
1084 -1.64822
1085 -1.68687
1086 -1.67247
1087 -1.68119
1088 -1.66073
1089 -1.67512
1090 -1.69142
1091 -1.64557
1092 -1.69483
1093 -1.68763
1094 -1.66376
1095 -1.67588
1096 -1.68308
1097 -1.6774
1098 -1.65845
1099 -1.66906
1100 -1.65769
1101 -1.65997
1102 -1.66073
1103 -1.65959
1104 -1.67512
1105 -1.66376
1106 -1.66224
1107 -1.66489
1108 -1.67171
1109 -1.66565
1110 -1.663
1111 -1.64898
1112 -1.64936
1113 -1.6702
1114 -1.66262
1115 -1.66338
1116 -1.67626
1117 -1.67323
1118 -1.67247
1119 -1.65542
1120 -1.66489
1121 -1.67361
1122 -1.66376
1123 -1.67096
1124 -1.67058
1125 -1.65012
1126 -1.68384
1127 -1.663
1128 -1.65997
1129 -1.66944
1130 -1.66679
1131 -1.65883
1132 -1.65353
1133 -1.67285
1134 -1.67209
1135 -1.66489
1136 -1.64974
1137 -1.64898
1138 -1.65201
1139 -1.66868
1140 -1.65391
1141 -1.65845
1142 -1.66906
1143 -1.66376
1144 -1.66679
1145 -1.66224
1146 -1.66868
1147 -1.66565
1148 -1.67474
1149 -1.64936
1150 -1.67588
1151 -1.67096
1152 -1.65921
1153 -1.67209
1154 -0.863895
1155 -0.285313
1156 -0.0416789
1157 0.00265207
1158 0.00606219
1159 0.0113668
1160 0.00795693
1161 0.00644109
1162 0.00454682
1163 0.000757566
1164 0.000378665
1165 0
1166 0
1167 -0.000378665
1168 0
1169 0
1170 0.000378665
1171 0
1172 0
1173 -0.0011367
1174 -0.000378665
1175 -0.000378665
1176 0.000757566
1177 0.000378665
1178 0.000378665
1179 0
1180 -0.000378665
1181 -0.000378665
1182 0
1183 0
1184 0.000378665
1185 -0.000378665
1186 -0.000378665
1187 -0.000378665
1188 0.000378665
1189 -0.000378665
1190 -0.0011367
1191 -0.000378665
1192 0
1193 -0.000757566
1194 0.000378665
1195 -0.000757566
1196 -0.000757566
1197 0
1198 0.000757566
1199 0
1200 0.000757566
1201 -0.000378665
1202 -0.000378665
1203 -0.000378665
1204 -0.000757566
1205 0.000757566
1206 -0.000757566
1207 0.000378665
1208 0.000378665
1209 0.000757566
1210 0.000378665
1211 -0.000378665
1212 -0.000378665
1213 0.000757566
1214 -0.000378665
1215 0
1216 0
1217 -0.000378665
1218 0.515306
1219 1.25795
1220 1.58949
1221 1.6827
1222 1.67323
1223 1.68687
1224 1.68611
1225 1.65997
1226 1.68119
1227 1.66414
1228 1.65466
1229 1.6774
1230 1.65428
1231 1.66906
1232 1.66451
1233 1.67058
1234 1.67171
1235 1.66944
1236 1.66755
1237 1.67399
1238 1.67285
1239 1.67096
1240 1.65656
1241 1.67702
1242 1.66717
1243 1.66148
1244 1.67399
1245 1.68157
1246 1.68081
1247 1.65959
1248 1.66035
1249 1.6683
1250 1.67247
1251 1.65883
1252 1.67323
1253 1.68573
1254 1.66565
1255 1.65087
1256 1.66717
1257 1.6505
1258 1.66489
1259 1.67778
1260 1.66527
1261 1.67664
1262 1.65656
1263 1.65391
1264 1.65807
1265 1.67437
1266 1.67096
1267 1.68194
1268 1.67778
1269 1.64746
1270 1.6827
1271 1.66792
1272 1.64633
1273 1.66982
1274 1.67437
1275 1.6683
1276 1.67209
1277 1.66717
1278 1.66073
1279 1.66376
1280 1.66338
1281 1.67702
1282 1.66527
1283 1.66679
1284 1.66489
1285 1.65845
1286 1.66414
1287 1.6827
1288 1.65845
1289 1.65353
1290 1.6755
1291 1.65012
1292 1.65163
1293 1.65694
1294 1.67361
1295 1.65959
1296 1.66565
1297 1.66868
1298 1.67323
1299 1.66527
1300 1.66944
1301 1.66451
1302 1.67816
1303 1.64784
1304 1.64216
1305 1.66527
1306 1.65428
1307 1.67209
1308 1.67209
1309 1.65694
1310 1.68043
1311 1.66414
1312 1.65997
1313 1.67285
1314 1.08139
1315 0.412624
1316 0.10685
1317 -0.000378665
1318 -0.00492572
1319 -0.0109879
1320 -0.00909364
1321 -0.00719889
1322 -0.00492572
1323 -0.00265207
1324 -0.000757566
1325 0
1326 0
1327 0
1328 0
1329 0
1330 -0.000378665
1331 0.000378665
1332 0
1333 0
1334 0
1335 0
1336 0.000757566
1337 0.000378665
1338 -0.000757566
1339 0.000378665
1340 -0.000378665
1341 0
1342 0
1343 -0.000378665
1344 0
1345 -0.000378665
1346 0.000757566
1347 0.000757566
1348 0
1349 -0.000378665
1350 -0.000378665
1351 0
1352 0
1353 -0.000757566
1354 0
1355 0.000757566
1356 0.000757566
1357 0
1358 0
1359 0
1360 0.000378665
1361 -0.0011367
1362 -0.000378665
1363 -0.000378665
1364 0.000378665
1365 0.000378665
1366 0
1367 0
1368 0
1369 0
1370 0
1371 0.000378665
1372 0.000378665
1373 0
1374 -0.000378665
1375 0.000757566
1376 0.000378665
1377 0.000757566
1378 -0.18604
1379 -1.09881
1380 -1.54213
1381 -1.66641
1382 -1.69483
1383 -1.67133
1384 -1.66717
1385 -1.66641
1386 -1.69028
1387 -1.70013
1388 -1.68649
1389 -1.65845
1390 -1.67323
1391 -1.66073
1392 -1.64216
1393 -1.66717
1394 -1.65012
1395 -1.66906
1396 -1.65883
1397 -1.66641
1398 -1.64709
1399 -1.66792
1400 -1.64822
1401 -1.66717
1402 -1.67816
1403 -1.67702
1404 -1.66679
1405 -1.66489
1406 -1.6611
1407 -1.66641
1408 -1.66035
1409 -1.66451
1410 -1.67891
1411 -1.65845
1412 -1.6683
1413 -1.65277
1414 -1.66755
1415 -1.67626
1416 -1.66186
1417 -1.65845
1418 -1.6774
1419 -1.68573
1420 -1.67058
1421 -1.6755
1422 -1.66944
1423 -1.67058
1424 -1.68194
1425 -1.68194
1426 -1.66755
1427 -1.65087
1428 -1.66338
1429 -1.66451
1430 -1.66224
1431 -1.66148
1432 -1.66868
1433 -1.65959
1434 -1.67512
1435 -1.66679
1436 -1.66414
1437 -1.7024
1438 -1.66565
1439 -1.64481
1440 -1.67285
1441 -1.68005
1442 -1.6486
1443 -1.66792
1444 -1.64405
1445 -1.65732
1446 -1.65921
1447 -1.6702
1448 -1.65542
1449 -1.64292
1450 -1.64367
1451 -1.68384
1452 -1.66148
1453 -1.65845
1454 -1.65618
1455 -1.65997
1456 -1.68649
1457 -1.6505
1458 -1.66641
1459 -1.66679
1460 -1.66906
1461 -1.65466
1462 -1.6702
1463 -1.67778
1464 -1.65732
1465 -1.65012
1466 -1.67247
1467 -1.66755
1468 -1.64595
1469 -1.66982
1470 -1.69217
1471 -1.65239
1472 -1.66489
1473 -1.64481
1474 -1.54061
1475 -0.544103
1476 -0.136783
1477 -0.00947254
1478 0.00416792
1479 0.00795693
1480 0.00985144
1481 0.0075778
1482 0.00568329
1483 0.00227341
1484 0.0011367
1485 0
1486 0.0011367
1487 0
1488 0.000378665
1489 -0.000378665
1490 0.000378665
1491 0
1492 0
1493 0
1494 -0.000378665
1495 0
1496 0
1497 0.000378665
1498 0
1499 0.0011367
1500 0.000757566
1501 0
1502 0
1503 0
1504 0.000757566
1505 0.000378665
1506 0
1507 -0.000757566
1508 0.000378665
1509 0
1510 0
1511 -0.000378665
1512 0
1513 0
1514 0.000378665
1515 0
1516 0
1517 0.000378665
1518 -0.000378665
1519 -0.000757566
1520 0
1521 0
1522 -0.000378665
1523 0
1524 0
1525 -0.000378665
1526 0
1527 0.000757566
1528 0.000378665
1529 0
1530 0
1531 0.000378665
1532 0
1533 0.000378665
1534 -0.000378665
1535 -0.000757566
1536 0
1537 0
1538 -0.000378665
1539 0.860485
1540 1.37276
1541 1.6361
1542 1.68081
1543 1.68081
1544 1.68914
1545 1.66906
1546 1.67171
1547 1.67588
1548 1.6846
1549 1.66982
1550 1.65618
1551 1.66527
1552 1.67967
1553 1.67285
1554 1.67096
1555 1.66451
1556 1.67816
1557 1.66906
1558 1.66792
1559 1.67323
1560 1.66755
1561 1.6558
1562 1.66376
1563 1.67512
1564 1.66565
1565 1.67285
1566 1.65845
1567 1.66717
1568 1.65883
1569 1.65883
1570 1.64633
1571 1.66792
1572 1.66755
1573 1.66679
1574 1.65921
1575 1.65694
1576 1.66565
1577 1.67285
1578 1.67209
1579 1.65921
1580 1.66868
1581 1.67967
1582 1.66868
1583 1.68384
1584 1.67664
1585 1.65087
1586 1.65845
1587 1.68157
1588 1.65959
1589 1.66035
1590 1.66262
1591 1.67702
1592 1.65391
1593 1.66414
1594 1.67361
1595 1.65163
1596 1.67929
1597 1.66868
1598 1.65201
1599 1.6486
1600 1.65997
1601 1.66148
1602 1.6702
1603 1.66186
1604 1.6558
1605 1.68194
1606 1.67778
1607 1.67171
1608 1.67133
1609 1.66376
1610 1.67626
1611 1.67664
1612 1.66338
1613 1.65466
1614 1.66755
1615 1.67664
1616 1.67626
1617 1.66527
1618 1.6558
1619 1.66414
1620 1.66982
1621 1.66982
1622 1.66489
1623 1.66755
1624 1.67588
1625 1.68194
1626 1.68043
1627 1.66906
1628 1.66868
1629 1.65163
1630 1.65504
1631 1.67247
1632 1.65012
1633 1.64292
1634 1.68308
1635 0.884356
1636 0.274325
1637 0.0325855
1638 -0.00340988
1639 -0.00719889
1640 -0.00985144
1641 -0.00795693
1642 -0.00568329
1643 -0.00378878
1644 -0.00189427
1645 0.000378665
1646 -0.000378665
1647 -0.000378665
1648 -0.000378665
1649 0
1650 -0.000378665
1651 0
1652 0
1653 0.000378665
1654 0.000757566
1655 0
1656 -0.000378665
1657 0
1658 0
1659 -0.000757566
1660 0.000378665
1661 0.0011367
1662 0.000378665
1663 0
1664 0
1665 0
1666 -0.000378665
1667 0.000378665
1668 0
1669 0
1670 0.0011367
1671 0
1672 -0.000378665
1673 0.000378665
1674 0
1675 0.000378665
1676 0
1677 0
1678 -0.000378665
1679 0.000757566
1680 -0.000378665
1681 0
1682 0
1683 0
1684 0.000378665
1685 0.000378665
1686 -0.000378665
1687 0.000378665
1688 0.000378665
1689 0
1690 0
1691 0.000378665
1692 0.000378665
1693 -0.000378665
1694 -0.000378665
1695 -0.000378665
1696 0
1697 0.000378665
1698 -0.000378665
1699 -0.585024
1700 -1.28107
1701 -1.57471
1702 -1.65504
1703 -1.67853
1704 -1.6702
1705 -1.66641
1706 -1.65125
1707 -1.67399
1708 -1.65997
1709 -1.67664
1710 -1.67891
1711 -1.64784
1712 -1.66414
1713 -1.66148
1714 -1.66868
1715 -1.66982
1716 -1.68573
1717 -1.64746
1718 -1.67664
1719 -1.66073
1720 -1.66073
1721 -1.66414
1722 -1.6486
1723 -1.65694
1724 -1.65769
1725 -1.66186
1726 -1.68081
1727 -1.65921
1728 -1.65163
1729 -1.69786
1730 -1.66489
1731 -1.66717
1732 -1.66035
1733 -1.66376
1734 -1.67588
1735 -1.66414
1736 -1.66451
1737 -1.6683
1738 -1.66451
1739 -1.67096
1740 -1.66868
1741 -1.67891
1742 -1.67285
1743 -1.66262
1744 -1.64974
1745 -1.66792
1746 -1.67967
1747 -1.67664
1748 -1.66338
1749 -1.65883
1750 -1.65807
1751 -1.64974
1752 -1.66451
1753 -1.66565
1754 -1.66035
1755 -1.66641
1756 -1.66489
1757 -1.66414
1758 -1.68649
1759 -1.66338
1760 -1.67816
1761 -1.6558
1762 -1.66035
1763 -1.6683
1764 -1.67778
1765 -1.66641
1766 -1.66906
1767 -1.68043
1768 -1.64822
1769 -1.66982
1770 -1.66035
1771 -1.65353
1772 -1.64822
1773 -1.65428
1774 -1.65239
1775 -1.66603
1776 -1.68876
1777 -1.66224
1778 -1.65769
1779 -1.67285
1780 -1.66224
1781 -1.65845
1782 -1.67096
1783 -1.66565
1784 -1.67512
1785 -1.66035
1786 -1.66224
1787 -1.67626
1788 -1.66073
1789 -1.66755
1790 -1.68005
1791 -1.66073
1792 -1.6774
1793 -1.66792
1794 -1.66073
1795 -1.09654
1796 -0.3933
1797 -0.104577
1798 0.00265207
1799 0.00340988
1800 0.00985144
1801 0.00833584
1802 0.00719889
1803 0.00454682
1804 0.00151537
1805 0
1806 0.000757566
1807 0.000757566
1808 0.000757566
1809 0
1810 -0.000757566
1811 0
1812 0.000378665
1813 0
1814 0.000757566
1815 -0.000757566
1816 0.000378665
1817 -0.000378665
1818 -0.000378665
1819 0
1820 -0.000378665
1821 0.000378665
1822 -0.000757566
1823 0
1824 0.000378665
1825 0
1826 0
1827 -0.000757566
1828 -0.000378665
1829 -0.000378665
1830 -0.000378665
1831 0
1832 0
1833 0.0011367
1834 0
1835 0.000378665
1836 0
1837 0
1838 -0.000378665
1839 -0.000378665
1840 -0.000757566
1841 0
1842 0
1843 0
1844 -0.000757566
1845 0.000378665
1846 -0.000757566
1847 0
1848 -0.000378665
1849 0
1850 -0.000378665
1851 0
1852 -0.000757566
1853 0
1854 0.000378665
1855 0.000378665
1856 0.000378665
1857 0.000378665
1858 -0.000378665
1859 0.189451
1860 1.12534
1861 1.54061
1862 1.63723
1863 1.70127
1864 1.67929
1865 1.65618
1866 1.68157
1867 1.66451
1868 1.67171
1869 1.66376
1870 1.66527
1871 1.65504
1872 1.66868
1873 1.66717
1874 1.66148
1875 1.67626
1876 1.69634
1877 1.67588
1878 1.67361
1879 1.68346
1880 1.67437
1881 1.67588
1882 1.64102
1883 1.67209
1884 1.66035
1885 1.64709
1886 1.67664
1887 1.65125
1888 1.66186
1889 1.67171
1890 1.65201
1891 1.66224
1892 1.69104
1893 1.67437
1894 1.66148
1895 1.65694
1896 1.66906
1897 1.6918
1898 1.67171
1899 1.66148
1900 1.64936
1901 1.65807
1902 1.65883
1903 1.67853
1904 1.64292
1905 1.67929
1906 1.65959
1907 1.66792
1908 1.64974
1909 1.67133
1910 1.67247
1911 1.66868
1912 1.66376
1913 1.67474
1914 1.67171
1915 1.65618
1916 1.66527
1917 1.67816
1918 1.68687
1919 1.64898
1920 1.64367
1921 1.67323
1922 1.66489
1923 1.64822
1924 1.65656
1925 1.69066
1926 1.65732
1927 1.67702
1928 1.66906
1929 1.66641
1930 1.65883
1931 1.68005
1932 1.6702
1933 1.6702
1934 1.67285
1935 1.65618
1936 1.66527
1937 1.66414
1938 1.66792
1939 1.67285
1940 1.64557
1941 1.66717
1942 1.65428
1943 1.6558
1944 1.67133
1945 1.67171
1946 1.66035
1947 1.67399
1948 1.66148
1949 1.66603
1950 1.67096
1951 1.65997
1952 1.66414
1953 1.67285
1954 1.68232
1955 1.44778
1956 0.53122
1957 0.162549
1958 0.00644109
1959 -0.00492572
1960 -0.00947254
1961 -0.0109879
1962 -0.00833584
1963 -0.00530439
1964 -0.00265207
1965 0
1966 0.000378665
1967 -0.000378665
1968 0
1969 0.000757566
1970 -0.000378665
1971 0
1972 0.000378665
1973 -0.000378665
1974 0.000378665
1975 0
1976 0
1977 0
1978 0
1979 -0.000378665
1980 0.000378665
1981 -0.000378665
1982 -0.000378665
1983 0.000378665
1984 0.000757566
1985 0
1986 0.000757566
1987 0
1988 0.000378665
1989 0
1990 0.000378665
1991 0.000378665
1992 0.000378665
1993 -0.000378665
1994 -0.000378665
1995 0
1996 0.000757566
1997 0
1998 0
1999 0
2000 0
2001 -0.000757566
2002 0
2003 -0.000378665
2004 0.000378665
2005 0.000378665
2006 0.000378665
2007 -0.000378665
2008 -0.000378665
2009 0.0011367
2010 0
2011 0
2012 -0.000378665
2013 0.000757566
2014 -0.000378665
2015 -0.000378665
2016 -0.000757566
2017 0.000378665
2018 0.000757566
2019 -0.00151537
2020 -1.02076
2021 -1.45726
2022 -1.64443
2023 -1.68043
2024 -1.69899
2025 -1.67702
2026 -1.68763
2027 -1.66451
2028 -1.66565
2029 -1.66451
2030 -1.65277
2031 -1.66186
2032 -1.67209
2033 -1.64936
2034 -1.65466
2035 -1.66792
2036 -1.65769
2037 -1.65921
2038 -1.66073
2039 -1.67209
2040 -1.67891
2041 -1.68952
2042 -1.65921
2043 -1.67323
2044 -1.65959
2045 -1.66641
2046 -1.66565
2047 -1.65656
2048 -1.66717
2049 -1.66755
2050 -1.67664
2051 -1.68005
2052 -1.68081
2053 -1.67778
2054 -1.65959
2055 -1.67171
2056 -1.66755
2057 -1.65997
2058 -1.69217
2059 -1.67778
2060 -1.69104
2061 -1.69445
2062 -1.67512
2063 -1.66376
2064 -1.67891
2065 -1.66186
2066 -1.66224
2067 -1.663
2068 -1.66717
2069 -1.65694
2070 -1.66073
2071 -1.67285
2072 -1.6774
2073 -1.65163
2074 -1.66982
2075 -1.67967
2076 -1.67816
2077 -1.69407
2078 -1.66035
2079 -1.66944
2080 -1.67853
2081 -1.66073
2082 -1.66792
2083 -1.66717
2084 -1.68422
2085 -1.6827
2086 -1.66148
2087 -1.65428
2088 -1.65997
2089 -1.6755
2090 -1.67323
2091 -1.6611
2092 -1.65807
2093 -1.65694
2094 -1.67626
2095 -1.67096
2096 -1.67058
2097 -1.64936
2098 -1.66565
2099 -1.64974
2100 -1.66376
2101 -1.66527
2102 -1.66451
2103 -1.65239
2104 -1.6774
2105 -1.66603
2106 -1.68687
2107 -1.66603
2108 -1.66489
2109 -1.68952
2110 -1.66451
2111 -1.65504
2112 -1.6827
2113 -1.64405
2114 -1.66679
2115 -1.66186
2116 -0.731659
2117 -0.228856
2118 -0.0234917
2119 0.00340988
2120 0.00719889
2121 0.00909364
2122 0.00719889
2123 0.00568329
2124 0.00303098
2125 0.000757566
2126 0.000757566
2127 0.000378665
2128 0.000378665
2129 0.000757566
2130 0.000378665
2131 0.000378665
2132 0.000378665
2133 0
2134 0.000378665
2135 -0.000378665
2136 -0.000378665
2137 0.000378665
2138 0.000378665
2139 -0.000378665
2140 0
2141 0.000757566
2142 0.000378665
2143 -0.000378665
2144 0.000757566
2145 0.000378665
2146 0
2147 0.000757566
2148 -0.000378665
2149 0
2150 -0.000757566
2151 0.000378665
2152 -0.000757566
2153 -0.000757566
2154 0
2155 0
2156 -0.000378665
2157 0
2158 -0.000378665
2159 -0.000378665
2160 0
2161 0
2162 0.000378665
2163 0
2164 0
2165 -0.000757566
2166 0.000378665
2167 0
2168 -0.000757566
2169 0.000378665
2170 -0.000378665
2171 0
2172 0
2173 0.00151537
2174 -0.000378665
2175 -0.000378665
2176 0
2177 0
2178 0.000378665
2179 0
2180 0.865032
2181 1.37049
2182 1.63117
2183 1.67664
2184 1.68308
2185 1.66338
2186 1.68119
2187 1.67171
2188 1.67664
2189 1.67664
2190 1.67474
2191 1.67778
2192 1.66641
2193 1.66755
2194 1.67891
2195 1.67247
2196 1.66679
2197 1.66527
2198 1.66944
2199 1.67133
2200 1.67285
2201 1.6505
2202 1.64405
2203 1.69521
2204 1.6505
2205 1.66565
2206 1.69104
2207 1.65845
2208 1.64519
2209 1.68914
2210 1.66414
2211 1.67702
2212 1.66603
2213 1.66035
2214 1.66376
2215 1.66679
2216 1.66262
2217 1.67247
2218 1.66679
2219 1.6702
2220 1.66603
2221 1.65883
2222 1.6702
2223 1.66338
2224 1.67096
2225 1.67626
2226 1.67399
2227 1.6683
2228 1.663
2229 1.67171
2230 1.67285
2231 1.65656
2232 1.67816
2233 1.64292
2234 1.66451
2235 1.68232
2236 1.66035
2237 1.67588
2238 1.68763
2239 1.65201
2240 1.65807
2241 1.67778
2242 1.66224
2243 1.67171
2244 1.68535
2245 1.65732
2246 1.66755
2247 1.65959
2248 1.64709
2249 1.65391
2250 1.6558
2251 1.6683
2252 1.66679
2253 1.6755
2254 1.68498
2255 1.64064
2256 1.66982
2257 1.66073
2258 1.68839
2259 1.68194
2260 1.66944
2261 1.66944
2262 1.66868
2263 1.66186
2264 1.65315
2265 1.66982
2266 1.66641
2267 1.66073
2268 1.65921
2269 1.66792
2270 1.67133
2271 1.6611
2272 1.68346
2273 1.66148
2274 1.66414
2275 1.67474
2276 0.793799
2277 0.308047
2278 0.0583506
2279 -0.00378878
2280 -0.00644109
2281 -0.010609
2282 -0.00795693
2283 -0.00644109
2284 -0.00378878
2285 -0.000757566
2286 -0.000378665
2287 0
2288 0
2289 -0.000378665
2290 0.000378665
2291 0
2292 0.000378665
2293 0
2294 -0.000757566
2295 0
2296 0.000378665
2297 -0.000378665
2298 0
2299 -0.000378665
2300 0
2301 0
2302 0.000378665
2303 0
2304 0.000757566
2305 0.000378665
2306 0
2307 -0.000378665
2308 0
2309 0
2310 0.000378665
2311 0
2312 0.000378665
2313 0.000757566
2314 0.000378665
2315 -0.000378665
2316 0.000378665
2317 0.000378665
2318 0.000757566
2319 -0.000378665
2320 0
2321 0
2322 -0.000378665
2323 -0.000378665
2324 0
2325 0
2326 -0.0011367
2327 0
2328 0
2329 -0.000378665
2330 -0.000378665
2331 0.000378665
2332 0.000378665
2333 0
2334 0
2335 0
2336 -0.000378665
2337 0.000378665
2338 -0.0011367
2339 -0.000378665
2340 -0.564942
2341 -1.28789
2342 -1.57358
2343 -1.67096
2344 -1.66527
2345 -1.67588
2346 -1.68611
2347 -1.67361
2348 -1.6774
2349 -1.66944
2350 -1.66338
2351 -1.663
2352 -1.6774
2353 -1.66755
2354 -1.66565
2355 -1.68611
2356 -1.68043
2357 -1.66073
2358 -1.66527
2359 -1.65277
2360 -1.67816
2361 -1.66376
2362 -1.69521
2363 -1.66679
2364 -1.64443
2365 -1.68611
2366 -1.65997
2367 -1.65656
2368 -1.66565
2369 -1.65845
2370 -1.67096
2371 -1.67474
2372 -1.64481
2373 -1.6827
2374 -1.66338
2375 -1.67171
2376 -1.66073
2377 -1.65883
2378 -1.66679
2379 -1.65239
2380 -1.65769
2381 -1.68384
2382 -1.67778
2383 -1.66755
2384 -1.66035
2385 -1.66603
2386 -1.66792
2387 -1.65807
2388 -1.67285
2389 -1.64898
2390 -1.66717
2391 -1.6702
2392 -1.65201
2393 -1.67058
2394 -1.66262
2395 -1.68005
2396 -1.66035
2397 -1.66148
2398 -1.66224
2399 -1.67399
2400 -1.67209
2401 -1.68573
2402 -1.64974
2403 -1.67702
2404 -1.67967
2405 -1.67853
2406 -1.6558
2407 -1.67285
2408 -1.66262
2409 -1.66603
2410 -1.68384
2411 -1.66868
2412 -1.6611
2413 -1.69255
2414 -1.64595
2415 -1.67664
2416 -1.67171
2417 -1.68194
2418 -1.6433
2419 -1.66224
2420 -1.66906
2421 -1.65959
2422 -1.66717
2423 -1.65807
2424 -1.67816
2425 -1.68043
2426 -1.66186
2427 -1.65959
2428 -1.66868
2429 -1.67171
2430 -1.6683
2431 -1.66944
2432 -1.66717
2433 -1.64936
2434 -1.66565
2435 -1.66262
2436 -1.03895
2437 -0.373597
2438 -0.100788
2439 0.00227341
2440 0.00416792
2441 0.0109879
2442 0.00795693
2443 0.00644109
2444 0.00492572
2445 0.00189427
2446 0
2447 -0.000378665
2448 0.0011367
2449 0.0011367
2450 -0.000757566
2451 -0.000378665
2452 0
2453 0.000378665
2454 -0.000757566
2455 -0.000378665
2456 -0.000378665
2457 0.000378665
2458 0
2459 -0.000378665
2460 0.000378665
2461 0
2462 0.000757566
2463 0.000378665
2464 -0.000378665
2465 0
2466 -0.000378665
2467 0
2468 0.000378665
2469 0
2470 -0.000378665
2471 0
2472 0
2473 -0.000378665
2474 0.000378665
2475 0
2476 0.000378665
2477 0.000378665
2478 0
2479 0.000378665
2480 0
2481 0.000757566
2482 0.000378665
2483 0
2484 0.0011367
2485 0
2486 0.000757566
2487 0.0011367
2488 -0.000378665
2489 0.000378665
2490 -0.000757566
2491 -0.000378665
2492 0.000757566
2493 0.000378665
2494 0
2495 -0.000378665
2496 0
2497 0
2498 0.000378665
2499 -0.000378665
2500 0.402014
2501 1.1871
2502 1.53152
2503 1.66641
2504 1.69748
2505 1.663
2506 1.67626
2507 1.68876
2508 1.65353
2509 1.68649
2510 1.66262
2511 1.67209
2512 1.68081
2513 1.66035
2514 1.66982
2515 1.66603
2516 1.66073
2517 1.67058
2518 1.64974
2519 1.6505
2520 1.67474
2521 1.65163
2522 1.6899
2523 1.67626
2524 1.6611
2525 1.6755
2526 1.65959
2527 1.66603
2528 1.67626
2529 1.68232
2530 1.68535
2531 1.66338
2532 1.6827
2533 1.68498
2534 1.66906
2535 1.65921
2536 1.66868
2537 1.64254
2538 1.68194
2539 1.67664
2540 1.66717
2541 1.64974
2542 1.66792
2543 1.67588
2544 1.66414
2545 1.66489
2546 1.68573
2547 1.66414
2548 1.65959
2549 1.66868
2550 1.65125
2551 1.6774
2552 1.6755
2553 1.66527
2554 1.66679
2555 1.65807
2556 1.67323
2557 1.66982
2558 1.64405
2559 1.67361
2560 1.67474
2561 1.66944
2562 1.67096
2563 1.67967
2564 1.64898
2565 1.68914
2566 1.66565
2567 1.66792
2568 1.66262
2569 1.67058
2570 1.68801
2571 1.66679
2572 1.68535
2573 1.68763
2574 1.65921
2575 1.67209
2576 1.66982
2577 1.67323
2578 1.6505
2579 1.67323
2580 1.6683
2581 1.6414
2582 1.66944
2583 1.65428
2584 1.67361
2585 1.66906
2586 1.66792
2587 1.64557
2588 1.66035
2589 1.66451
2590 1.66603
2591 1.6755
2592 1.66906
2593 1.66868
2594 1.67399
2595 1.68043
2596 1.25871
2597 0.495603
2598 0.122006
2599 0.00227341
2600 -0.00454682
2601 -0.0109879
2602 -0.00985144
2603 -0.00719889
2604 -0.00530439
2605 -0.00303098
2606 -0.0011367
2607 0.000757566
2608 0
2609 -0.000378665
2610 0
2611 0
2612 0
2613 0
2614 -0.000378665
2615 -0.000378665
2616 -0.000378665
2617 0
2618 -0.000378665
2619 0.000378665
2620 0
2621 0
2622 0
2623 0
2624 0
2625 -0.0011367
2626 0
2627 0.0011367
2628 -0.000757566
2629 -0.000378665
2630 0.000378665
2631 0.000378665
2632 -0.000378665
2633 0
2634 -0.000378665
2635 -0.000378665
2636 -0.000378665
2637 0
2638 -0.000378665
2639 0.000757566
2640 0
2641 -0.000378665
2642 0
2643 0
2644 0.000378665
2645 0
2646 0
2647 0.000378665
2648 -0.000757566
2649 0
2650 0
2651 0
2652 -0.000378665
2653 0.000757566
2654 -0.000757566
2655 -0.000378665
2656 -0.000757566
2657 -0.000378665
2658 -0.000757566
2659 0
2660 -0.121248
2661 -0.965441
2662 -1.47885
2663 -1.62473
2664 -1.69104
2665 -1.68081
2666 -1.67474
2667 -1.66679
2668 -1.67816
2669 -1.6611
2670 -1.65466
2671 -1.6755
2672 -1.66338
2673 -1.6486
2674 -1.65807
2675 -1.66186
2676 -1.67702
2677 -1.67474
2678 -1.6683
2679 -1.67816
2680 -1.65618
2681 -1.67399
2682 -1.65163
2683 -1.6414
2684 -1.68308
2685 -1.65769
2686 -1.65921
2687 -1.65201
2688 -1.67323
2689 -1.67853
2690 -1.65807
2691 -1.66717
2692 -1.67096
2693 -1.65504
2694 -1.67285
2695 -1.64405
2696 -1.66414
2697 -1.67096
2698 -1.66565
2699 -1.66792
2700 -1.67626
2701 -1.67133
2702 -1.67209
2703 -1.69558
2704 -1.66148
2705 -1.65542
2706 -1.65769
2707 -1.65997
2708 -1.66565
2709 -1.65769
2710 -1.68573
2711 -1.66906
2712 -1.66073
2713 -1.67816
2714 -1.64898
2715 -1.66679
2716 -1.68498
2717 -1.67171
2718 -1.64026
2719 -1.68346
2720 -1.64595
2721 -1.68119
2722 -1.66186
2723 -1.67133
2724 -1.66679
2725 -1.66792
2726 -1.67133
2727 -1.66073
2728 -1.66603
2729 -1.67853
2730 -1.66148
2731 -1.66906
2732 -1.6683
2733 -1.67323
2734 -1.67209
2735 -1.66717
2736 -1.66944
2737 -1.67778
2738 -1.65921
2739 -1.68649
2740 -1.67323
2741 -1.66414
2742 -1.663
2743 -1.6558
2744 -1.65921
2745 -1.67853
2746 -1.6505
2747 -1.65542
2748 -1.66641
2749 -1.66527
2750 -1.65201
2751 -1.67399
2752 -1.67096
2753 -1.6774
2754 -1.63951
2755 -1.6774
2756 -1.61564
2757 -0.71385
2758 -0.176189
2759 -0.0151558
2760 0.00378878
2761 0.00795693
2762 0.0102303
2763 0.00795693
2764 0.00644109
2765 0.00265207
2766 0.0011367
2767 0.000378665
2768 0.000378665
2769 0
2770 0.000378665
2771 0.000757566
2772 0.000757566
2773 -0.000378665
2774 0.000757566
2775 0.000378665
2776 0.000378665
2777 0.000378665
2778 -0.000757566
2779 -0.000378665
2780 -0.000378665
2781 0.000378665
2782 -0.000757566
2783 -0.000757566
2784 0
2785 0
2786 -0.000378665
2787 0.000757566
2788 -0.000378665
2789 0.000378665
2790 0
2791 0
2792 0.000378665
2793 0
2794 0
2795 0.000378665
2796 0.0011367
2797 -0.000378665
2798 0.000378665
2799 -0.000378665
2800 -0.000378665
2801 -0.000757566
2802 -0.000757566
2803 0.000378665
2804 0
2805 0
2806 0.000378665
2807 0
2808 0.000378665
2809 0
2810 -0.000378665
2811 0
2812 -0.000378665
2813 0.000378665
2814 0.000757566
2815 -0.000378665
2816 -0.000378665
2817 0.0011367
2818 0.000378665
2819 0.000378665
2820 0
2821 0.816912
2822 1.37352
2823 1.63382
2824 1.66679
2825 1.67512
2826 1.6846
2827 1.6702
2828 1.65391
2829 1.66489
2830 1.67171
2831 1.66906
2832 1.66755
2833 1.69331
2834 1.66603
2835 1.66641
2836 1.67588
2837 1.6702
2838 1.66224
2839 1.65315
2840 1.67058
2841 1.65087
2842 1.65466
2843 1.66338
2844 1.65504
2845 1.64519
2846 1.68763
2847 1.66527
2848 1.67816
2849 1.65012
2850 1.66489
2851 1.65542
2852 1.6683
2853 1.66792
2854 1.66755
2855 1.66944
2856 1.66338
2857 1.65012
2858 1.6827
2859 1.64481
2860 1.68157
2861 1.66527
2862 1.66262
2863 1.65353
2864 1.66148
2865 1.67171
2866 1.66982
2867 1.66035
2868 1.6702
2869 1.65921
2870 1.67323
2871 1.63761
2872 1.68346
2873 1.66451
2874 1.66565
2875 1.64898
2876 1.6846
2877 1.663
2878 1.66792
2879 1.66338
2880 1.67891
2881 1.67437
2882 1.65163
2883 1.64936
2884 1.66944
2885 1.65997
2886 1.67285
2887 1.6702
2888 1.64898
2889 1.68157
2890 1.663
2891 1.67853
2892 1.65428
2893 1.67853
2894 1.68611
2895 1.68725
2896 1.65618
2897 1.67096
2898 1.65542
2899 1.67323
2900 1.66868
2901 1.65769
2902 1.66565
2903 1.64898
2904 1.67323
2905 1.66565
2906 1.67361
2907 1.36405
2908 0.553954
2909 0.12428
2910 0.00151537
2911 -0.00492572
2912 -0.0109879
2913 -0.00947254
2914 -0.00833584
2915 -0.00568329
2916 -0.00189427
2917 -0.000378665
2918 0.000378665
2919 0
2920 0.000378665
2921 0.000378665
2922 0.000378665
2923 -0.000378665
2924 0
2925 0.000378665
2926 -0.000378665
2927 0
2928 0.000378665
2929 -0.000378665
2930 -0.000378665
2931 0.000378665
2932 0
2933 0.000378665
2934 -0.000378665
2935 0
2936 0
2937 0
2938 0.000378665
2939 -0.000378665
2940 0.000757566
2941 0.0011367
2942 -0.000378665
2943 0
2944 0.000378665
2945 0
2946 0
2947 -0.000378665
2948 0
2949 0.000378665
2950 0.000378665
2951 0
2952 0.000378665
2953 0.000757566
2954 0
2955 0
2956 0
2957 0
2958 0
2959 -0.000757566
2960 0
2961 0
2962 -0.000378665
2963 0
2964 -0.000378665
2965 -0.000378665
2966 0
2967 0.000378665
2968 0
2969 0.000378665
2970 0
2971 -0.000378665
2972 -0.000757566
2973 0
2974 -0.000757566
2975 -0.000757566
2976 -0.000378665
2977 0.000378665
2978 0
2979 0.000757566
2980 0.000378665
2981 -0.0102303
2982 -1.03213
2983 -1.48681
2984 -1.66489
2985 -1.68801
2986 -1.67967
2987 -1.6827
2988 -1.66906
2989 -1.65883
2990 -1.6505
2991 -1.65769
2992 -1.6755
2993 -1.66262
2994 -1.67399
2995 -1.66527
2996 -1.67512
2997 -1.66414
2998 -1.66565
2999 -1.65997
3000 -1.66035
3001 -1.65921
3002 -1.64784
3003 -1.66679
3004 -1.64557
3005 -1.67967
3006 -1.66982
3007 -1.69483
3008 -1.67096
3009 -1.67323
3010 -1.64178
3011 -1.67929
3012 -1.6486
3013 -1.67247
3014 -1.67285
3015 -1.65921
3016 -1.67209
3017 -1.68194
3018 -1.69255
3019 -1.68043
3020 -1.6505
3021 -1.67702
3022 -1.64784
3023 -1.67437
3024 -1.68308
3025 -1.65239
3026 -1.64784
3027 -1.68157
3028 -1.66906
3029 -1.67474
3030 -1.68384
3031 -1.66148
3032 -1.65239
3033 -1.69369
3034 -1.67816
3035 -1.66565
3036 -1.65845
3037 -1.67058
3038 -1.67588
3039 -1.66641
3040 -1.6755
3041 -1.67967
3042 -1.67664
3043 -1.65012
3044 -1.66868
3045 -1.67171
3046 -1.66489
3047 -1.67512
3048 -1.67967
3049 -1.6611
3050 -1.69521
3051 -1.67285
3052 -1.6414
3053 -1.65087
3054 -1.65466
3055 -1.663
3056 -1.6774
3057 -1.67247
3058 -1.68043
3059 -1.66906
3060 -1.65959
3061 -1.67209
3062 -1.68232
3063 -1.663
3064 -1.66717
3065 -1.64822
3066 -1.64595
3067 -1.65391
3068 -1.65959
3069 -1.68157
3070 -1.67778
3071 -1.68346
3072 -1.67285
3073 -1.65391
3074 -1.65883
3075 -1.663
3076 -1.64898
3077 -1.46711
3078 -0.655121
3079 -0.162928
3080 -0.0121246
3081 0.00378878
3082 0.00947254
3083 0.00947254
3084 0.00719889
3085 0.00454682
3086 0.00265207
3087 0.0011367
3088 0.0011367
3089 0
3090 0
3091 0.000757566
3092 0.000378665
3093 0
3094 0
3095 0
3096 0.000378665
3097 0
3098 0.000378665
3099 0
3100 -0.0011367
3101 0
3102 0
3103 0.000757566
3104 -0.000757566
3105 0.000378665
3106 0.000378665
3107 0
3108 0.000378665
3109 -0.000378665
3110 -0.000378665
3111 0.000757566
3112 0.000378665
3113 -0.000378665
3114 -0.000757566
3115 -0.000757566
3116 0.000757566
3117 -0.000757566
3118 -0.000378665
3119 0.000378665
3120 0
3121 -0.0011367
3122 0
3123 -0.0011367
3124 0.000378665
3125 0.000757566
3126 0.000378665
3127 0.000378665
3128 0
3129 0
3130 0
3131 0
3132 -0.000378665
3133 0.000378665
3134 -0.000757566
3135 0.000378665
3136 0
3137 0.000378665
3138 0.000378665
3139 0
3140 0
3141 0.000378665
3142 0.953695
3143 1.38148
3144 1.63989
3145 1.68611
3146 1.67247
3147 1.68611
3148 1.65732
3149 1.67664
3150 1.67133
3151 1.64746
3152 1.64746
3153 1.66868
3154 1.66679
3155 1.67664
3156 1.65618
3157 1.66641
3158 1.67437
3159 1.64784
3160 1.6683
3161 1.65125
3162 1.65201
3163 1.68725
3164 1.6683
3165 1.68081
3166 1.66527
3167 1.67702
3168 1.66868
3169 1.67171
3170 1.65466
3171 1.6846
3172 1.68194
3173 1.66414
3174 1.67778
3175 1.66186
3176 1.67209
3177 1.66717
3178 1.66148
3179 1.64822
3180 1.6702
3181 1.66376
3182 1.66641
3183 1.65239
3184 1.65125
3185 1.65466
3186 1.66679
3187 1.6683
3188 1.63951
3189 1.66717
3190 1.66679
3191 1.64671
3192 1.65087
3193 1.6505
3194 1.64633
3195 1.67967
3196 1.67209
3197 1.66755
3198 1.65656
3199 1.65087
3200 1.66679
3201 1.66717
3202 1.65769
3203 1.65845
3204 1.64064
3205 1.67323
3206 1.65845
3207 1.65125
3208 1.67209
3209 1.66414
3210 1.66527
3211 1.66792
3212 1.65959
3213 1.64178
3214 1.67285
3215 1.64102
3216 1.68801
3217 1.66944
3218 1.67323
3219 1.67816
3220 1.67702
3221 1.67512
3222 1.66679
3223 1.66186
3224 1.6558
3225 1.65997
3226 1.6683
3227 1.65239
3228 0.73128
3229 0.247423
3230 0.0359957
3231 -0.00303098
3232 -0.00644109
3233 -0.00985144
3234 -0.0075778
3235 -0.0075778
3236 -0.00378878
3237 -0.00151537
3238 0
3239 0
3240 -0.000378665
3241 -0.000757566
3242 0.000757566
3243 -0.000378665
3244 0
3245 0
3246 -0.000378665
3247 0
3248 -0.000378665
3249 0.000378665
3250 0
3251 -0.0011367
3252 0.000378665
3253 0.000378665
3254 0.000378665
3255 0.000378665
3256 0.000378665
3257 -0.000378665
3258 0
3259 0.000378665
3260 -0.000378665
3261 -0.000378665
3262 -0.000757566
3263 0
3264 0
3265 0
3266 -0.000378665
3267 0
3268 0.000378665
3269 0
3270 0
3271 0
3272 0
3273 0
3274 0
3275 0.000378665
3276 0
3277 0
3278 -0.000757566
3279 0.000378665
3280 0.000378665
3281 0.000378665
3282 0.000378665
3283 0.000378665
3284 0
3285 0.000378665
3286 0
3287 -0.000757566
3288 -0.000757566
3289 -0.000378665
3290 0
3291 0
3292 -0.000378665
3293 0
3294 0.000757566
3295 0
3296 -0.000378665
3297 0.000378665
3298 0.000378665
3299 -0.000378665
3300 0
3301 0.000378665
