0 -1.96555e-05
1 -1.96555e-05
2 -1.96555e-05
3 -1.96555e-05
4 -1.96555e-05
5 -1.96555e-05
6 -1.96555e-05
7 -1.96555e-05
8 -1.96555e-05
9 -1.96555e-05
10 -1.96555e-05
11 -1.96555e-05
12 -1.96555e-05
13 -1.96555e-05
14 -1.96555e-05
15 -1.96555e-05
16 -1.96555e-05
17 -1.96555e-05
18 -1.96555e-05
19 -1.96555e-05
20 -1.96555e-05
21 -1.96555e-05
22 -1.96555e-05
23 -1.96555e-05
24 -1.96555e-05
25 -1.96555e-05
26 -1.96555e-05
27 -1.96555e-05
28 -1.96555e-05
29 -1.96555e-05
30 -1.96555e-05
31 -1.96555e-05
32 -1.96555e-05
33 -1.96555e-05
34 -1.96555e-05
35 -1.96555e-05
36 -1.96555e-05
37 -1.96555e-05
38 -1.96555e-05
39 -1.96555e-05
40 -1.96555e-05
41 -1.96555e-05
42 -1.96555e-05
43 -1.96555e-05
44 -1.96555e-05
45 -1.96555e-05
46 -1.96555e-05
47 -1.96555e-05
48 -1.96555e-05
49 -1.96555e-05
50 -1.96555e-05
51 -1.96555e-05
52 -1.96555e-05
53 -1.96555e-05
54 -1.96555e-05
55 -1.96555e-05
56 -1.96555e-05
57 -1.96555e-05
58 -1.96555e-05
59 -1.96555e-05
60 -1.96555e-05
61 -1.96555e-05
62 -1.96555e-05
63 -1.96555e-05
64 -1.96555e-05
65 -1.96555e-05
66 -1.96555e-05
67 -1.96555e-05
68 -1.96555e-05
69 -1.96555e-05
70 -1.96555e-05
71 -1.96555e-05
72 -1.96555e-05
73 -1.96555e-05
74 -1.96555e-05
75 -1.96555e-05
76 -1.96555e-05
77 -1.96555e-05
78 -1.96555e-05
79 -1.96555e-05
80 -1.96555e-05
81 -1.96555e-05
82 -1.96555e-05
83 -1.96555e-05
84 -1.96555e-05
85 -1.96555e-05
86 -1.96555e-05
87 -1.96555e-05
88 -1.96555e-05
89 -1.96555e-05
90 -1.96555e-05
91 -1.96555e-05
92 -1.96555e-05
93 -1.96555e-05
94 -1.96555e-05
95 -1.96555e-05
96 -1.96555e-05
97 -1.96555e-05
98 -1.96555e-05
99 -1.96555e-05
100 -1.96555e-05
101 -1.96555e-05
102 -1.91819e-05
103 -1.96555e-05
104 -1.96555e-05
105 -1.96555e-05
106 -1.96555e-05
107 -1.96555e-05
108 -1.96555e-05
109 -1.98923e-05
110 -2.51022e-05
111 -2.5339e-05
112 -2.51022e-05
113 -2.5339e-05
114 -2.48654e-05
115 -2.48654e-05
116 -2.46286e-05
117 -2.43918e-05
118 -2.46286e-05
119 -2.4155e-05
120 -2.39182e-05
121 -2.36814e-05
122 -2.34445e-05
123 -2.34445e-05
124 -2.32077e-05
125 -2.29709e-05
126 -2.27341e-05
127 -2.27341e-05
128 -2.24973e-05
129 -2.22605e-05
130 -2.17868e-05
131 -2.20237e-05
132 -2.17868e-05
133 -2.155e-05
134 -2.155e-05
135 -2.10764e-05
136 -2.10764e-05
137 -2.08396e-05
138 -2.10764e-05
139 -2.08396e-05
140 -2.08396e-05
141 -2.08396e-05
142 -2.06028e-05
143 -2.0366e-05
144 -2.0366e-05
145 -2.01291e-05
146 -2.0366e-05
147 -1.98923e-05
148 -1.98923e-05
149 -1.98923e-05
150 -2.01291e-05
151 -1.98923e-05
152 -1.96555e-05
153 -1.98923e-05
154 -1.98923e-05
155 -1.96555e-05
156 -1.98923e-05
157 -2.01291e-05
158 -1.96555e-05
159 -1.94187e-05
160 -1.96555e-05
161 -1.94187e-05
