0 -89.658
1 -89.658
2 -89.658
3 -89.658
4 -89.658
5 -89.658
6 -89.658
7 -89.658
8 -89.658
9 -89.658
10 -89.658
11 -89.658
12 -89.658
13 -89.658
14 -89.658
15 -89.658
16 -89.658
17 -89.658
18 -89.658
19 -89.658
20 -89.658
21 -89.658
22 -89.658
23 -89.658
24 -89.658
25 -89.658
26 -89.658
27 -89.658
28 -89.658
29 -89.658
30 -89.658
31 -89.658
32 -89.658
33 -89.658
34 -89.658
35 -89.658
36 -89.658
37 -89.658
38 -89.658
39 -89.658
40 -89.658
41 -89.658
42 -89.658
43 -89.658
44 -89.658
45 -89.658
46 -89.658
47 -89.658
48 -89.658
49 -89.658
50 -89.658
51 -89.658
52 -89.658
53 -89.658
54 -89.658
55 -89.658
56 -89.658
57 -89.658
58 -89.658
59 -89.658
60 -89.658
61 -89.658
62 -89.658
63 -89.658
64 -89.658
65 -89.658
66 -89.658
67 -89.658
68 -89.658
69 -89.658
70 -89.658
71 -89.658
72 -89.658
73 -89.658
74 -89.658
75 -89.658
76 -89.658
77 -89.658
78 -89.658
79 -89.658
80 -89.658
81 -89.658
82 -89.658
83 -89.658
84 -89.658
85 -89.658
86 -89.658
87 -89.658
88 -89.658
89 -89.658
90 -89.658
91 -89.658
92 -89.658
93 -89.658
94 -89.658
95 -89.658
96 -89.658
97 -89.658
98 -89.658
99 -89.658
100 -89.658
101 -89.658
102 -89.658
103 -89.658
104 -89.658
105 -89.658
106 -89.658
107 -89.658
108 -89.658
109 -89.658
110 -89.658
111 -89.658
112 -89.658
113 -89.6572
114 -89.6552
115 -89.6552
116 -89.6552
117 -89.6552
118 -89.6552
119 -89.6552
120 -89.6552
121 -89.6552
122 -89.6552
123 -89.6552
124 -89.6552
125 -89.6552
126 -89.6552
127 -89.6552
128 -89.6552
129 -89.6552
130 -89.6552
131 -89.6552
132 -89.6552
133 -89.6552
134 -89.6552
135 -89.6552
136 -89.6552
137 -89.6552
138 -89.6552
139 -89.6552
140 -89.6552
141 -89.6552
142 -89.6552
143 -89.6552
144 -89.6552
145 -89.6552
146 -89.6552
147 -89.6552
148 -89.6552
149 -89.6552
150 -89.6552
151 -89.6552
152 -89.6552
153 -89.6552
154 -89.6552
155 -89.6552
156 -89.6552
157 -89.6552
158 -89.6552
159 -89.6552
160 -89.6552
161 -89.6552
162 -89.6552
163 -89.6552
164 -89.6552
165 -89.6552
166 -89.6552
167 -89.6552
168 -89.6552
169 -89.6552
170 -89.6552
171 -89.6552
172 -89.6552
173 -89.6552
174 -89.6552
175 -89.6552
176 -89.6552
177 -89.6552
178 -89.6552
179 -89.6552
180 -89.6552
181 -89.6552
182 -89.6552
183 -89.6552
184 -89.6578
185 -89.6579
186 -89.6579
187 -89.6579
188 -89.6579
189 -89.6579
190 -89.6579
191 -89.6579
192 -89.6579
193 -89.6579
194 -89.6579
195 -89.6579
196 -89.6579
197 -89.6579
198 -89.6579
199 -89.6579
200 -89.6579
201 -89.6579
202 -89.6579
203 -89.6579
204 -89.6579
205 -89.6579
206 -89.6579
207 -89.6579
208 -89.6579
209 -89.6579
210 -89.6579
211 -89.6579
212 -89.6579
213 -89.6579
214 -89.6579
215 -89.6579
216 -89.6579
217 -89.6579
218 -89.6579
219 -89.6579
220 -89.6579
221 -89.6579
222 -89.6579
223 -89.6579
224 -89.6579
225 -89.6579
226 -89.6579
227 -89.6579
228 -89.6579
229 -89.6579
230 -89.6579
231 -89.6579
232 -89.6579
233 -89.6579
234 -89.6579
235 -89.6579
236 -89.6579
237 -89.6579
238 -89.6579
239 -89.6579
240 -89.6579
241 -89.6579
242 -89.6579
243 -89.6579
244 -89.6579
245 -89.6579
246 -89.6579
247 -89.6579
248 -89.6579
249 -89.6579
250 -89.6579
251 -89.6579
252 -89.6579
253 -89.6579
254 -89.6579
255 -89.6579
256 -89.6579
257 -89.6579
258 -89.6579
259 -89.6579
260 -89.6579
261 -89.6579
262 -89.6579
263 -89.6579
264 -89.6579
265 -89.6579
266 -89.6579
267 -89.6579
268 -89.6579
269 -89.6579
270 -89.6579
271 -89.6579
272 -89.6579
273 -89.6579
274 -89.6579
275 -89.6579
276 -89.6579
277 -89.6579
278 -89.6579
279 -89.6579
280 -89.6579
281 -89.6579
282 -89.6579
283 -89.6579
284 -89.6579
285 -89.6579
286 -89.6579
287 -89.6579
288 -89.6579
289 -89.6579
290 -89.6579
291 -89.6579
292 -89.6579
293 -89.6579
294 -89.6579
295 -89.6579
296 -89.6579
297 -89.6579
298 -89.6579
299 -89.6579
300 -89.6579
301 -89.6579
302 -89.6579
303 -89.6579
304 -89.6579
305 -89.6579
306 -89.6579
307 -89.6579
308 -89.6579
309 -89.6579
310 -89.6579
311 -89.6579
312 -89.6579
313 -89.6579
314 -89.6579
315 -89.6579
316 -89.6579
317 -89.6579
318 -89.6579
319 -89.6579
320 -89.6579
321 -89.6579
322 -89.6579
323 -89.6579
324 -89.6579
325 -89.6579
326 -89.6579
327 -89.6579
328 -89.6579
329 -89.6579
330 -89.6579
331 -89.6579
332 -89.6579
333 -89.6579
334 -89.6579
335 -89.6579
336 -89.6579
337 -89.6579
338 -89.6579
339 -89.6579
340 -89.6579
341 -89.6579
342 -89.6579
343 -89.6579
344 -89.6579
345 -89.6579
346 -89.6579
347 -89.6579
348 -89.6579
349 -89.6579
350 -89.6579
351 -89.6579
352 -89.6579
353 -89.6579
354 -89.6579
355 -89.6579
356 -89.6579
357 -89.6579
358 -89.6579
359 -89.6579
360 -89.6579
361 -89.6579
362 -89.6579
363 -89.6579
364 -89.6579
365 -89.6579
366 -89.6579
367 -89.6579
368 -89.6579
369 -89.6579
370 -89.6579
371 -89.6579
372 -89.6579
373 -89.6579
374 -89.6579
375 -89.6579
376 -89.6579
377 -89.6579
378 -89.6579
379 -89.6579
380 -89.6579
381 -89.6579
382 -89.6579
383 -89.6579
384 -89.6579
385 -89.6579
386 -89.6579
387 -89.6579
388 -89.6579
389 -89.6579
390 -89.6579
391 -89.6579
392 -89.6579
393 -89.6579
394 -89.6579
395 -89.6579
396 -89.6579
397 -89.6579
398 -89.6579
399 -89.6579
400 -89.6579
401 -89.6579
402 -89.6579
403 -89.6579
404 -89.6579
405 -89.6579
406 -89.6579
407 -89.6579
408 -89.6579
409 -89.6579
410 -89.6579
411 -89.6579
412 -89.6579
413 -89.6579
414 -89.6579
415 -89.6579
416 -89.6579
417 -89.6579
418 -89.6579
419 -89.6579
420 -89.6579
421 -89.6579
422 -89.6579
423 -89.6579
424 -89.6579
425 -89.6579
426 -89.6579
427 -89.6579
428 -89.6579
429 -89.6579
430 -89.6579
431 -89.6579
432 -89.6579
433 -89.6579
434 -89.6579
435 -89.6579
436 -89.6579
437 -89.6579
438 -89.6579
439 -89.6579
440 -89.6579
441 -89.6579
