0 0
1 -0.000378665
2 0
3 0
4 0
5 -0.000378665
6 -0.000757566
7 -0.000378665
8 0.000378665
9 0
10 -0.000378665
11 0.000378665
12 0
13 0
14 0
15 0
16 0.000378665
17 0
18 -0.000757566
19 -0.0011367
20 -0.000378665
21 -0.000757566
22 -0.000378665
23 0
24 0.000757566
25 -0.000378665
26 0.000757566
27 0
28 0
29 -0.000378665
30 -0.000757566
31 0
32 0
33 0
34 0
35 0.000757566
36 -0.0011367
37 0
38 -0.000757566
39 0
40 0
41 0
42 0.000378665
43 0.000378665
44 -0.0011367
45 0
46 0
47 -0.000378665
48 0
49 -0.000378665
50 0
51 0
52 0
53 0.000378665
54 0
55 0
56 -0.000378665
57 0
58 0
59 0
60 0
61 0
62 0
63 0.000378665
64 0
65 0.000378665
66 0
67 0.000378665
68 0.000378665
69 0
70 0.000378665
71 0
72 0
73 -0.000378665
74 0
75 0
76 0
77 0.000378665
78 0
79 0
80 0.000378665
81 0.000378665
82 -0.000378665
83 0.000378665
84 0
85 0.000378665
86 -0.000378665
87 -0.000378665
88 0.000378665
89 0
90 0
91 -0.000378665
92 -0.000378665
93 -0.000378665
94 0.000757566
95 0
96 -0.000378665
97 0
98 -0.000378665
99 -0.000378665
100 0
101 -0.000378665
102 -0.000378665
103 -0.000378665
104 0.000757566
105 -0.000757566
106 -0.000378665
107 0
108 0.000757566
109 0
110 0
111 0
112 -0.0011367
113 -0.000378665
114 0
115 -0.000378665
116 0.000378665
117 -0.000378665
118 -0.000378665
119 0
120 0.000378665
121 -0.000757566
122 0
123 0.000378665
124 -0.000378665
125 0
126 -0.000378665
127 0.000378665
128 0
129 0
130 0
131 0.0011367
132 0.000757566
133 -0.000378665
134 0
135 -0.000378665
136 -0.000378665
137 0.000378665
138 0
139 0.000378665
140 -0.000378665
141 0
142 0
143 -0.000378665
144 0.000378665
145 -0.000378665
146 0
147 -0.000378665
148 0
149 0
150 0
151 -0.000378665
152 0
153 -0.000378665
154 -0.000757566
155 0.000378665
156 0.000378665
157 -0.000757566
158 -0.000378665
159 0
160 0
161 0
162 0.000378665
163 0
164 0.000378665
165 0
166 0
167 0
168 -0.000378665
169 -0.000378665
170 -0.000378665
171 0.000378665
172 0
173 -0.000378665
174 0
175 0
176 0
177 0
178 0
179 -0.0011367
180 0
181 0.000378665
182 0
183 -0.000378665
184 -0.000757566
185 0
186 0.000378665
187 0
188 0.00151537
189 -0.000378665
190 0
191 -0.0011367
192 0
193 -0.000378665
194 0
195 0
196 0
197 0
198 -0.000378665
199 0.000757566
200 0.000757566
201 0.0011367
202 0
203 0.000757566
204 0
205 0
206 0
207 -0.000378665
208 0
209 0.000378665
210 0.000378665
211 0.000378665
212 0
213 0
214 0.000378665
215 0.000378665
216 0.000757566
217 -0.000378665
218 0
219 0.000378665
220 -0.000378665
221 0
222 0.000378665
223 0.000378665
224 0
225 -0.000378665
226 -0.000757566
227 -0.000378665
228 0.000378665
229 -0.000378665
230 0.000378665
231 -0.000757566
232 0.000378665
233 -0.000757566
234 0
235 -0.000757566
236 0
237 0
238 0
239 0.000757566
240 0
241 -0.000378665
242 -0.000757566
243 -0.000757566
244 0
245 0.000378665
246 0
247 0.000378665
248 0.000757566
249 0.000378665
250 -0.000378665
251 0.000378665
252 0.000378665
253 0
254 0
255 0
256 -0.000378665
257 0.000378665
258 -0.00151537
259 -0.000378665
260 -0.0011367
261 -0.000378665
262 0.000757566
263 0
264 0
265 0.000378665
266 -0.000378665
267 0
268 0
269 0.000378665
270 0
271 -0.000378665
272 0.000757566
273 -0.000378665
274 0.000378665
275 0.0011367
276 0.000378665
277 0.000378665
278 0
279 0
280 0
281 0.000378665
282 0.000378665
283 0
284 0.000757566
285 -0.000378665
286 0.000378665
287 -0.000378665
288 0
289 0
290 0.000378665
291 0
292 -0.000378665
293 0
294 -0.000757566
295 0
296 0.000378665
297 0.000378665
298 0.000378665
299 -0.000378665
300 0
301 0
302 0
303 0
304 -0.000757566
305 0
306 0.00151537
307 -0.000378665
308 -0.000378665
309 -0.000757566
310 0
311 -0.000757566
312 -0.000378665
313 0.000378665
314 0.0011367
315 0.000378665
316 -0.000378665
317 -0.000757566
318 -0.000757566
319 0.000757566
320 0.000378665
321 0.000757566
322 0.000378665
323 0.000378665
324 0.000757566
325 -0.000378665
326 -0.000378665
327 -0.000378665
328 0
329 0
330 -0.000378665
331 0
332 0.000378665
333 0
334 0.000378665
335 -0.0011367
336 0
337 0.000378665
338 0.000757566
339 -0.000378665
340 0
341 0.000378665
342 0
343 0.000378665
344 -0.000757566
345 0
346 0
347 -4.15958
348 -7.93837
349 -9.52256
350 -9.97307
351 -10.0242
352 -9.99277
353 -9.95375
354 -9.94996
355 -9.93745
356 -9.94048
357 -9.92874
358 -9.93935
359 -9.92647
360 -9.92192
361 -9.9276
362 -9.90828
363 -5.94913
364 -2.32153
365 -0.494845
366 0.0109879
367 0.0867682
368 0.0632766
369 0.0375113
370 0.014398
371 0.00340988
372 0.00303098
373 0.00340988
374 0.00340988
375 0.00227341
376 -0.000378665
377 0
378 -0.0011367
379 0
380 -0.000378665
381 0
382 0.000757566
383 0
384 0
385 0
386 0.000378665
387 0.000757566
388 -0.0011367
389 -0.0011367
390 0
391 -0.000757566
392 -0.000757566
393 0
394 -0.000378665
395 0
396 0.000378665
397 0.000378665
398 -0.000378665
399 -0.000378665
400 -0.000378665
401 0
402 0
403 -0.0011367
404 -0.000378665
405 0
406 -0.000378665
407 0
408 0
409 0.000757566
410 0
411 0
412 0.000378665
413 0
414 -0.000378665
415 -0.000378665
416 0
417 -0.000378665
418 0
419 -0.000378665
420 0.000378665
421 -0.000757566
422 -0.000378665
423 0
424 -0.000757566
425 -0.000378665
426 0
427 0.000378665
428 0
429 -0.000378665
430 -0.000378665
431 0
432 0
433 0.000378665
434 0.000378665
435 -0.0011367
436 0
437 -0.000378665
438 0.000378665
439 0
440 0.000378665
441 0.000378665
442 -0.000378665
443 0
444 0.000757566
445 0
446 0.000757566
447 -0.000378665
448 0
449 0.000378665
450 0.000378665
451 0
452 0.000378665
453 0
454 -0.000378665
455 -0.000378665
456 0.000757566
457 0
458 0
459 -0.000757566
460 0.000378665
461 0
462 -0.000378665
463 0.000757566
464 0
465 -0.000757566
466 0
467 0
468 -0.000378665
469 0
470 0.000378665
471 -0.000378665
472 -0.000378665
473 -0.000378665
474 0.000378665
475 0.000378665
476 0.000757566
477 0
478 0.000757566
479 0
480 -0.000378665
481 0.000378665
482 0
483 0.000378665
484 0.000378665
485 0
486 -0.000378665
487 -0.000378665
488 0.000378665
489 -0.000378665
490 0
491 0.000378665
492 -0.000378665
493 0
494 -0.000757566
495 -0.000757566
496 0.000378665
497 0.000378665
498 0
499 -0.000378665
500 0
501 0.000378665
502 0
503 0
504 0.000378665
505 0
506 0.000378665
507 2.54167
508 7.02673
509 9.16449
510 9.89994
511 10.0132
512 10.0026
513 9.98065
514 9.95602
515 9.93859
516 9.93935
517 9.94238
518 9.93518
519 9.93328
520 9.9151
521 9.93442
522 9.92305
523 7.91715
524 3.34646
525 0.883977
526 0.053046
527 -0.0735069
528 -0.0735069
529 -0.045468
530 -0.019324
531 -0.00719889
532 -0.00227341
533 -0.00340988
534 -0.00340988
535 -0.00378878
536 0
537 0.000757566
538 0
539 0
540 0.000378665
541 -0.000757566
542 0.000757566
543 0
544 0.000378665
545 0
546 0.000378665
547 0.000378665
548 -0.000378665
549 0.000378665
550 0.000378665
551 0.000378665
552 0.000378665
553 0
554 0
555 -0.000378665
556 0.000757566
557 0
558 0
559 -0.000378665
560 0
561 -0.000757566
562 -0.000378665
563 -0.000378665
564 0
565 0.000757566
566 -0.000757566
567 -0.000378665
568 0.000378665
569 0.000378665
570 0.000378665
571 0
572 0
573 -0.000757566
574 0.000757566
575 0
576 0
577 0.000378665
578 0
579 0
580 0.0011367
581 0.0011367
582 0
583 0.000757566
584 0.000757566
585 0
586 0
587 0.000757566
588 -0.000757566
589 0.000378665
590 0
591 0
592 0.000378665
593 0.000378665
594 0
595 -0.000378665
596 0
597 0
598 0
599 -0.000378665
600 -0.000757566
601 0.000378665
602 0.000757566
603 0.000757566
604 -0.000378665
605 0
606 0.000757566
607 0
608 -0.000378665
609 0
610 0.000378665
611 0.000378665
612 0.000378665
613 0
614 0
615 0
616 -0.000378665
617 0
618 0
619 0.000378665
620 0.000757566
621 -0.000378665
622 0
623 -0.000378665
624 -0.000378665
625 0.000378665
626 -0.000378665
627 -0.000378665
628 0.000378665
629 -0.000378665
630 0.000757566
631 0.000378665
632 0
633 0
634 0
635 0.000378665
636 0
637 0.000378665
638 0
639 0.000757566
640 -0.000378665
641 0.000378665
642 -0.000378665
643 0.000757566
644 -0.000378665
645 0.000378665
646 0.000757566
647 0
648 -0.000378665
649 0.000378665
650 0
651 -0.000378665
652 0.000378665
653 0
654 0.000757566
655 -0.000378665
656 -0.000378665
657 0.000378665
658 0
659 0
660 0
661 -0.000378665
662 -0.000378665
663 0.000378665
664 0.000378665
665 -0.000378665
666 -0.000378665
667 -0.181494
668 -6.12153
669 -8.89282
670 -9.84841
671 -10.006
672 -10.0068
673 -9.97799
674 -9.94996
675 -9.93177
676 -9.92381
677 -9.93328
678 -9.93063
679 -9.93328
680 -9.91889
681 -9.93101
682 -9.93215
683 -9.69003
684 -4.16716
685 -1.26705
686 -0.173537
687 0.0583506
688 0.0901783
689 0.0522882
690 0.0242495
691 0.00795693
692 0.00265207
693 0.00340988
694 0.00378878
695 0.00378878
696 0.00151537
697 0
698 -0.000378665
699 -0.000378665
700 0.000378665
701 0
702 -0.000378665
703 0
704 -0.000378665
705 -0.000378665
706 -0.000378665
707 0.000378665
708 -0.000757566
709 -0.000378665
710 0.000378665
711 0.000757566
712 -0.000378665
713 -0.000757566
714 -0.000378665
715 -0.000378665
716 0.000378665
717 -0.000378665
718 0.000378665
719 0
720 0
721 -0.000757566
722 0.000378665
723 0
724 0.000378665
725 0
726 0.000378665
727 0.000378665
728 0
729 0
730 0.000378665
731 -0.000378665
732 0
733 0.000757566
734 0.000378665
735 0
736 0
737 0
738 0
739 -0.000378665
740 0
741 0.000378665
742 0.000378665
743 0.000757566
744 0
745 0
746 0
747 -0.000378665
748 0
749 0.000378665
750 -0.000378665
751 0.000378665
752 0
753 0
754 -0.000378665
755 -0.000757566
756 0.000378665
757 0
758 0.000378665
759 0.000378665
760 -0.000378665
761 0.000378665
762 -0.000757566
763 0.000378665
764 -0.000757566
765 0
766 0.000378665
767 0
768 0
769 -0.000378665
770 -0.000378665
771 0
772 0
773 0.000378665
774 0.000378665
775 -0.000757566
776 -0.000757566
777 0
778 0.000378665
779 0
780 0
781 0.000378665
782 0.000378665
783 0.000378665
784 0
785 -0.000378665
786 0
787 0
788 0
789 -0.000378665
790 -0.000757566
791 0.000757566
792 -0.000378665
793 0
794 0.000378665
795 -0.000378665
796 0.000378665
797 0.000378665
798 0
799 0.000757566
800 -0.000378665
801 0
802 0.000378665
803 -0.000378665
804 0.000757566
805 0.000378665
806 0
807 -0.000378665
808 -0.000378665
809 0.000378665
810 -0.000757566
811 0
812 0.000378665
813 -0.000378665
814 0
815 0.000378665
816 0.000378665
817 0
818 0.000378665
819 -0.000757566
820 0.000757566
821 0.000378665
822 0
823 0.000378665
824 0
825 0.000757566
826 0
827 0.0109879
828 4.80334
829 8.57947
830 9.63736
831 9.98709
832 10.0072
833 9.9977
834 9.95867
835 9.92874
836 9.95337
837 9.93632
838 9.92381
839 9.93707
840 9.93556
841 9.9348
842 9.92647
843 9.92647
844 5.68997
845 1.73613
846 0.298953
847 -0.0166717
848 -0.087526
849 -0.0617607
850 -0.0306908
851 -0.0132613
852 -0.00492572
853 -0.00340988
854 -0.00265207
855 -0.00454682
856 -0.00189427
857 0.0011367
858 0.0011367
859 0
860 0
861 0
862 0.000378665
863 0
864 0.000378665
865 0.000378665
866 -0.000378665
867 0
868 0
869 -0.000378665
870 0
871 0
872 0.000378665
873 0.0011367
874 -0.000378665
875 -0.000378665
876 -0.000378665
877 0.000378665
878 -0.000378665
879 0
880 -0.000378665
881 0
882 -0.000757566
883 0
884 0.000378665
885 0.000378665
886 0
887 -0.000757566
888 -0.000378665
889 0
890 -0.000378665
891 0.000378665
892 -0.000378665
893 -0.000378665
894 -0.000378665
895 -0.000757566
896 -0.000378665
897 0.000378665
898 0.000378665
899 -0.000378665
900 -0.000378665
901 -0.000378665
902 0.000757566
903 0.000757566
904 -0.000757566
905 0
906 0.000378665
907 -0.000378665
908 0
909 -0.000378665
910 0.000378665
911 0.000378665
912 0
913 0.000378665
914 0.000378665
915 0
916 -0.000757566
917 0
918 -0.000378665
919 0
920 0.000378665
921 0
922 -0.000757566
923 -0.000378665
924 0
925 0
926 0.000378665
927 0
928 0.000378665
929 0.000378665
930 -0.000757566
931 -0.000757566
932 0
933 0.000757566
934 0.000378665
935 0
936 0.000378665
937 0.000378665
938 0.000378665
939 0
940 0
941 0
942 0
943 0.000757566
944 0.000378665
945 -0.000378665
946 -0.000378665
947 0
948 -0.000757566
949 -0.000378665
950 0.000378665
951 0.000378665
952 -0.000378665
953 0.000378665
954 -0.000757566
