0 0.000378665
1 0.000378665
2 0
3 -0.000378665
4 -0.000378665
5 0.000378665
6 0
7 0.000378665
8 0
9 -0.000378665
10 -0.000378665
11 0.000378665
12 -0.000378665
13 0
14 -0.000378665
15 0
16 0
17 0.000757566
18 0.000757566
19 -0.000378665
20 0.000378665
21 -0.000378665
22 0
23 0
24 0
25 0.000378665
26 0.000378665
27 0.000378665
28 0.000757566
29 0
30 -0.000378665
31 -0.000378665
32 -0.000378665
33 -0.000757566
34 -0.000378665
35 0
36 0
37 0
38 -0.000378665
39 0
40 -0.000378665
41 0
42 -0.000378665
43 -0.000378665
44 0
45 0
46 0
47 -0.000378665
48 0.000378665
49 0.000757566
50 0.000378665
51 -0.000378665
52 0
53 -0.000378665
54 0
55 0.000378665
56 0.000757566
57 -0.000378665
58 0.000378665
59 0.000378665
60 0.000378665
61 -0.000378665
62 0
63 0
64 -0.000378665
65 -0.000378665
66 0.000378665
67 -0.000378665
68 0
69 0.000378665
70 -0.000378665
71 -0.000378665
72 0
73 0.000378665
74 0.000757566
75 0.000378665
76 0
77 0
78 0.000378665
79 0
80 0.000378665
81 0
82 -0.000378665
83 -0.000378665
84 -0.000757566
85 -0.000378665
86 -0.000378665
87 0.000378665
88 -0.000378665
89 0
90 0.000378665
91 0
92 0.000378665
93 0.000378665
94 -0.000378665
95 -0.000378665
96 0.000757566
97 -0.000757566
98 -0.000378665
99 0
100 0
101 0
102 -0.00151537
103 -0.0011367
104 -0.000757566
105 0.000378665
106 0.000757566
107 0.0011367
108 -0.000378665
109 0.000757566
110 0.000757566
111 0
112 0.000378665
113 0
114 0.000378665
115 0.000378665
116 -0.000378665
117 0
118 0.000378665
119 -0.000378665
120 0.000757566
121 0
122 0.000378665
123 0
124 0.000378665
125 0
126 0.000378665
127 -0.000378665
128 0
129 0.000757566
130 0.000378665
131 0.000757566
132 0.000378665
133 0.000378665
134 0.000378665
135 -0.000378665
136 0.000757566
137 0.000378665
138 0
139 0.000757566
140 0
141 0.000378665
142 0.0011367
143 0
144 0
145 0.000378665
146 0.000378665
147 0
148 -0.000757566
149 0
150 0
151 0.000378665
152 -0.0011367
153 0.000378665
154 0.000378665
155 0.000378665
156 0
157 0
158 -0.000378665
159 0
160 0
161 0.000378665
162 -0.000378665
163 -0.000378665
164 -0.000378665
165 0.000378665
166 0.000378665
167 0.000757566
168 -0.0011367
169 0.000378665
170 0.000757566
171 0
172 0
173 0
174 -0.000378665
175 0
176 -0.0011367
177 0
178 0.000378665
179 -0.000378665
180 0.000378665
181 -0.000378665
182 0.000378665
183 -0.000378665
184 0
185 0.000378665
186 0.000378665
187 0
188 0
189 -0.000378665
190 0.000378665
191 0
192 0
193 0
194 0.0966197
195 5.27128
196 7.84516
197 8.86706
198 9.05234
199 9.06712
200 9.04135
201 9.01142
202 9.02089
203 9.01104
204 9.00308
205 8.98982
206 8.99816
207 8.98793
208 9.00649
209 8.99512
210 9.00157
211 8.9955
212 8.99475
213 9.00801
214 8.99702
215 9.01217
216 8.98906
217 9.01672
218 9.02089
219 8.98982
220 9.00725
221 9.00157
222 8.99058
223 8.98186
224 9.00043
225 8.99134
226 8.98262
227 9.00081
228 8.99588
229 9.00081
230 9.01028
231 8.98717
232 9.0046
233 8.98717
234 9.01331
235 8.99853
236 9.00877
237 9.00914
238 8.99361
239 8.99778
240 8.99664
241 9.01028
242 9.00043
243 9.00763
244 9.00194
245 8.98906
246 9.00649
247 8.99209
248 8.99702
249 9.01142
250 8.99588
251 8.99475
252 9.01369
253 9.00346
254 9.00573
255 8.99588
256 9.01369
257 8.99475
258 3.88791
259 1.14997
260 0.152697
261 -0.0405425
262 -0.0735069
263 -0.0439523
264 -0.0272807
265 -0.0121246
266 -0.00492572
267 -0.00265207
268 -0.00151537
269 -0.000378665
270 0
271 0.000378665
272 0.000378665
273 0.000757566
274 0
275 0.000378665
276 0
277 0.000757566
278 0
279 -0.000378665
280 0
281 0.000378665
282 0.000378665
283 -0.000378665
284 0
285 -0.000757566
286 0.000378665
287 -0.000378665
288 0
289 0
290 -0.000378665
291 -0.000378665
292 0
293 0.000378665
294 0.000378665
295 -0.000757566
296 0
297 0.000757566
298 0
299 0.000378665
300 0
301 0
302 0
303 0
304 0.000378665
305 -0.000378665
306 -0.000378665
307 0.000378665
308 0.000378665
309 -0.000378665
310 0
311 0.000757566
312 -0.000757566
313 -0.000378665
314 0
315 -0.000757566
316 0
317 -0.000378665
318 0
319 0
320 -0.00151537
321 0
322 0.000378665
323 0
324 0.000378665
325 0
326 -0.000378665
327 0
328 0
329 -0.000757566
330 0.000378665
331 -0.000378665
332 0.000757566
333 -0.000378665
334 0.000757566
335 0
336 0.000757566
337 -0.000378665
338 0
339 0.000378665
340 0
341 0
342 0
343 0.000378665
344 0.000757566
345 0
346 0.000757566
347 0
348 0.000378665
349 0
350 0.000378665
351 0.000378665
352 0
353 0.0011367
354 0.000378665
355 -4.15882
356 -7.50869
357 -8.65828
358 -9.02923
359 -9.07583
360 -9.0531
361 -9.01786
362 -9.00346
363 -9.01748
364 -9.00081
365 -8.9883
366 -9.00649
367 -9.00194
368 -8.99891
369 -9.00157
370 -8.99929
371 -8.98868
372 -8.99967
373 -8.99929
374 -9.01824
375 -8.99361
376 -8.99171
377 -8.99664
378 -8.99285
379 -8.99437
380 -9.00763
381 -9.01331
382 -9.00535
383 -8.99209
384 -8.983
385 -9.00005
386 -9.00005
387 -9.00914
388 -8.99247
389 -9.00346
390 -8.99853
391 -8.98793
392 -9.0027
393 -9.01407
394 -8.99437
395 -9.0046
396 -8.98376
397 -8.99209
398 -8.98944
399 -9.00498
400 -8.99891
401 -9.00914
402 -8.9811
403 -9.00687
404 -9.00081
405 -8.99702
406 -8.98376
407 -8.99891
408 -8.99664
409 -8.99778
410 -9.01217
411 -8.99512
412 -8.99171
413 -9.01975
414 -9.0027
415 -9.00498
416 -8.99702
417 -9.019
418 -8.99512
419 -9.01142
420 -9.00801
421 -9.019
422 -8.99096
423 -8.99399
424 -9.0027
425 -8.99702
426 -9.00194
427 -8.99475
428 -8.99323
429 -8.99664
430 -9.00043
431 -8.99475
432 -8.98793
433 -9.00346
434 -9.00422
435 -9.00157
436 -9.00877
437 -8.9902
438 -9.00914
439 -8.99853
440 -9.00232
441 -8.99323
442 -8.99626
443 -9.0027
444 -8.99247
445 -8.99929
446 -8.99626
447 -9.00914
448 -8.99475
449 -8.98641
450 -8.99702
451 -8.99626
452 -8.98717
453 -9.00043
454 -9.00043
455 -9.00763
456 -9.00043
457 -9.00384
458 -8.9974
459 -8.99626
460 -8.9955
461 -8.71284
462 -3.66966
463 -1.20604
464 -0.108745
465 0.0303119
466 0.0678234
467 0.0481203
468 0.0253862
469 0.0113668
470 0.00568329
471 0.00303098
472 0.00151537
473 0.000378665
474 0.000378665
475 0
476 0
477 0
478 0
479 0.000378665
480 -0.000757566
481 -0.000378665
482 0
483 -0.000378665
484 0
485 -0.000378665
486 0.000378665
487 0.000757566
488 0
489 0
490 0
491 0.000757566
492 0.000378665
493 -0.000378665
494 -0.000378665
495 0
496 0
497 -0.000378665
498 -0.000378665
499 0
500 0.000378665
501 -0.000757566
502 0.000378665
503 0
504 0
505 -0.000378665
506 0.000378665
507 -0.000378665
508 0.000378665
509 0
510 0
511 0.000378665
512 -0.000378665
513 0
514 0.000757566
515 3.26689
516 7.02976
517 8.48361
518 9.00157
519 9.07128
520 9.05234
521 9.0368
522 9.01521
523 9.00384
524 8.99967
525 9.00573
526 8.99475
527 8.99475
528 8.98717
529 9.01066
530 8.98717
531 8.99323
532 8.99778
533 9.00422
534 9.00725
535 8.99134
536 8.99702
537 9.00535
538 8.99778
539 9.01028
540 8.9902
541 8.99929
542 8.99209
543 9.00839
544 8.98982
545 9.00573
546 9.00194
547 8.99929
548 9.00914
549 8.99285
550 9.0099
551 8.99702
552 8.99702
553 9.00308
554 9.00573
555 9.00498
556 9.00005
557 8.9883
558 9.01862
559 8.99285
560 8.99399
561 9.00725
562 8.9974
563 9.00725
564 9.00119
565 9.01255
566 8.99323
567 8.99209
568 9.00422
569 8.98982
570 8.99399
571 8.98793
572 9.00952
573 8.99816
574 9.00081
575 9.00232
576 8.99323
577 9.00081
578 9.00157
579 9.00005
580 8.9974
581 8.99929
582 9.00573
583 8.99778
584 8.99475
585 8.99702
586 8.99399
587 9.00839
588 9.00081
589 9.00687
590 9.00573
591 8.99209
592 9.00346
593 9.00384
594 9.00763
595 9.00763
596 9.00839
597 9.03074
598 8.99626
599 8.99512
600 9.00081
601 9.00611
602 9.00308
603 9.01028
604 9.00801
605 8.98527
606 9.01217
607 8.99778
608 8.98717
609 8.99323
610 8.99778
611 9.00157
612 9.00801
613 8.99929
614 8.99967
615 8.99626
616 8.9955
617 8.98868
618 9.00952
619 9.00877
620 9.00763
621 8.99437
622 4.70331
623 1.43679
624 0.172021
625 -0.0265229
626 -0.0742647
627 -0.0538038
628 -0.0250073
629 -0.0136402
630 -0.00644109
631 -0.00227341
632 -0.00151537
633 -0.0011367
634 -0.000378665
635 0.000378665
636 0.000757566
637 0
638 0
639 0
640 0
641 0.000378665
642 0
643 0.000757566
644 0
645 -0.000378665
646 0.000378665
647 -0.000378665
648 0
649 0
650 0
651 0
652 0.000378665
653 -0.000378665
654 0
655 0.000378665
656 0
657 -0.000378665
658 0
659 -0.000757566
660 0.000378665
661 0
662 0.000757566
663 0
664 -0.000378665
665 0.000378665
666 -0.000378665
667 0.000378665
668 -0.000378665
669 0.000378665
670 -0.000378665
671 0.000378665
672 -0.000378665
673 0
674 0
675 -0.973777
676 -6.03704
677 -8.0797
678 -8.92048
679 -9.06522
680 -9.0709
681 -9.03074
682 -9.01369
683 -9.01558
684 -9.00384
685 -9.00194
686 -8.99285
687 -8.98565
688 -8.99891
689 -8.99171
690 -8.99437
691 -9.00157
692 -9.00119
693 -8.99058
694 -8.99285
695 -9.0046
696 -8.99437
697 -9.00839
698 -9.00346
699 -9.00043
700 -8.99399
701 -9.0027
702 -9.00687
703 -8.99171
704 -9.01142
705 -9.00801
706 -8.99475
707 -9.00611
708 -9.01142
709 -9.01596
710 -9.01066
711 -9.019
712 -9.0118
713 -8.98376
714 -9.00763
715 -8.99778
716 -9.00005
717 -9.00081
718 -8.98944
719 -8.9955
720 -9.00498
721 -8.99778
722 -8.99512
723 -8.99058
724 -9.00877
725 -8.99512
726 -9.00119
727 -8.9974
728 -9.00384
729 -8.99475
730 -8.99475
731 -9.01028
732 -8.99323
733 -8.9974
734 -9.0027
735 -9.00384
736 -9.00081
737 -8.9902
738 -8.99588
739 -9.00725
740 -9.00119
741 -9.00157
742 -8.99512
743 -9.00081
744 -8.9902
745 -9.00649
746 -8.9955
747 -9.00346
748 -8.99134
749 -9.00952
750 -8.98755
751 -8.99323
752 -9.00081
753 -9.00308
754 -8.9974
755 -9.00535
756 -9.00119
757 -8.99285
758 -9.00498
759 -9.0046
760 -8.99134
761 -8.98338
762 -9.00839
763 -8.99929
764 -9.01824
765 -8.99778
766 -8.99664
767 -8.9974
768 -8.99512
769 -8.99702
770 -9.00422
771 -9.00877
772 -9.01255
773 -9.00119
774 -8.97997
775 -9.00384
776 -9.0099
777 -8.99702
778 -9.00384
779 -9.01369
780 -9.00611
781 -8.99512
782 -5.88358
783 -2.11882
784 -0.447483
785 0.0113668
786 0.0663078
787 0.060624
788 0.0329644
789 0.0170506
790 0.00719889
791 0.00340988
792 0.00265207
793 0.00151537
794 0.0011367
795 0
796 0.000378665
797 0
798 -0.000378665
799 0
800 0.000378665
801 0.000378665
802 0.000378665
803 -0.000757566
804 0
805 0
806 0
807 0.000378665
808 -0.000378665
809 0.000378665
810 0.000378665
811 0.000378665
812 -0.000378665
813 -0.000378665
814 0.000378665
815 0
816 0
817 -0.000378665
818 -0.0011367
819 0.000378665
820 0
821 0.000378665
822 -0.000757566
823 0.000378665
824 0.000757566
825 0.000378665
826 0.000378665
827 -0.000757566
828 0.000378665
829 0.000378665
830 -0.000757566
831 0
832 -0.000757566
833 -0.000378665
834 0
835 0.00909364
836 5.04242
837 7.89252
838 8.8034
839 9.0709
840 9.05499
841 9.05499
842 9.0368
843 9.01028
844 8.9974
845 9.0027
846 8.99058
847 8.99096
848 9.00839
849 9.01862
850 8.99475
851 9.00877
852 8.98641
853 9.00232
854 8.99702
855 9.00422
856 8.99853
857 8.99285
858 9.00687
859 8.99134
860 8.99853
861 9.00384
862 8.99475
863 8.99778
864 8.99475
865 9.00232
866 8.98755
867 8.99588
868 8.99437
869 9.00005
870 8.99929
871 8.9974
872 9.00535
873 9.00157
874 9.00005
875 8.98982
876 8.99816
877 8.99664
878 9.00081
879 9.00119
880 9.01066
881 8.99929
882 9.0171
883 9.00498
884 9.00043
885 8.99853
886 8.99171
887 9.01066
888 8.99096
889 9.00535
890 9.01293
891 8.99626
892 9.00687
893 8.99512
894 9.01028
895 9.00649
896 9.00194
897 8.99664
898 8.99437
899 8.9955
900 8.97845
901 9.0027
902 8.9883
903 9.00498
904 8.9974
905 8.99891
906 9.0099
907 8.99816
908 8.9883
909 9.00649
910 8.9974
911 9.01066
912 9.00043
913 9.01255
914 9.00081
915 8.98868
916 9.00877
917 8.99853
918 9.00611
919 9.00157
920 9.0027
921 9.01066
922 8.9883
923 8.99778
924 8.99702
925 9.00839
926 9.01331
927 9.00763
928 9.00877
929 8.99399
930 8.99778
931 8.99437
932 9.00573
933 9.00081
934 8.98224
935 9.00119
936 8.99361
937 9.00725
938 8.9974
939 8.99626
940 9.01331
941 8.99816
942 7.56022
943 2.74817
944 0.65891
945 0.0458469
946 -0.0613818
947 -0.0674445
948 -0.038648
949 -0.0215972
950 -0.010609
951 -0.00568329
952 -0.00227341
953 -0.000378665
954 0
955 -0.000757566
956 -0.000378665
957 0
958 0.000757566
959 0.000378665
960 0
961 -0.000378665
962 -0.000378665
963 0.000757566
964 0
965 -0.000378665
966 0.000757566
967 -0.000378665
968 0
969 0.000757566
970 0.000757566
971 0
972 0
973 0.000757566
974 0
975 -0.000378665
976 0.000378665
977 0.000378665
978 -0.000378665
979 0
980 0.000378665
981 0
982 -0.000378665
983 0
984 0
985 0.000378665
986 -0.000378665
987 0.000378665
988 0.000757566
989 -0.000378665
990 0
991 0
992 0
993 0.000378665
994 0
995 0
996 -3.99287
997 -6.93428
998 -8.57113
999 -9.00194
1000 -9.06977
1001 -9.04059
1002 -9.02468
1003 -9.02733
1004 -9.00839
1005 -9.00422
1006 -9.0046
1007 -9.00914
1008 -9.00119
1009 -9.00573
1010 -9.00422
1011 -8.97959
1012 -9.01445
1013 -8.99247
1014 -9.00081
1015 -9.00308
1016 -8.9811
1017 -9.00801
1018 -8.99929
1019 -9.00687
1020 -9.00043
1021 -9.00081
1022 -8.99512
1023 -8.99171
1024 -8.99816
1025 -8.99626
1026 -9.0027
1027 -8.99058
1028 -8.98868
1029 -8.99664
1030 -8.98944
1031 -9.00081
1032 -8.98944
1033 -9.00763
1034 -8.98452
1035 -9.00763
1036 -9.01558
1037 -9.01028
1038 -8.99626
1039 -9.00573
1040 -9.00005
1041 -9.00384
1042 -9.00194
1043 -9.0046
1044 -9.00157
1045 -9.00308
1046 -9.00422
1047 -8.99475
1048 -8.98944
1049 -8.99626
1050 -8.99171
1051 -9.00611
1052 -8.99323
1053 -8.99437
1054 -8.9955
1055 -9.00346
1056 -8.99778
1057 -8.99437
1058 -8.99361
1059 -8.99399
1060 -9.00725
1061 -8.99171
1062 -9.01104
1063 -9.00232
1064 -9.00081
1065 -9.00346
1066 -9.00043
1067 -8.99664
1068 -9.01483
1069 -9.00687
1070 -8.99967
1071 -9.0027
1072 -8.99664
1073 -8.99664
1074 -9.0046
1075 -8.99702
1076 -8.99929
1077 -8.99853
1078 -8.9955
1079 -8.99437
1080 -8.99588
1081 -8.97618
1082 -9.01369
1083 -9.00194
1084 -9.00384
1085 -9.0099
1086 -8.99361
1087 -9.0046
1088 -8.98414
1089 -9.01558
1090 -8.99285
1091 -8.99512
1092 -9.00081
1093 -8.98376
1094 -9.00308
1095 -8.9974
1096 -9.01331
1097 -9.00914
1098 -8.99512
1099 -9.00687
1100 -8.99399
1101 -8.99285
1102 -8.91707
1103 -3.89283
1104 -1.09503
1105 -0.174673
1106 0.0325855
1107 0.0708546
1108 0.0503937
1109 0.0219761
1110 0.0125035
1111 0.00644109
1112 0.00303098
1113 0.00189427
1114 0
1115 0.000378665
1116 0
1117 -0.000378665
1118 0
1119 0.000757566
1120 0
1121 0.000378665
1122 0.000378665
1123 -0.000378665
1124 0.000757566
1125 0.000378665
1126 0
1127 -0.000757566
1128 0
1129 0.000757566
1130 -0.000378665
1131 0.000757566
1132 -0.000378665
1133 -0.000378665
1134 -0.000378665
1135 0
1136 0.000378665
1137 0
1138 0
1139 -0.000378665
1140 0
1141 0.000378665
1142 -0.000757566
1143 -0.000378665
1144 -0.000378665
1145 0.000378665
1146 0.000378665
1147 0.000378665
1148 0.000378665
1149 -0.000378665
1150 0.000378665
1151 0.000378665
1152 -0.000757566
1153 -0.000378665
1154 0
1155 0
1156 2.59889
1157 6.68875
1158 8.37107
1159 8.97618
1160 9.08
1161 9.05651
1162 9.02392
1163 9.01142
1164 9.00649
1165 8.98755
1166 9.01596
1167 8.98982
1168 8.99134
1169 8.99626
1170 9.00573
1171 9.0046
1172 9.00914
1173 9.00308
1174 8.98868
1175 8.99437
1176 8.99247
1177 8.99171
1178 9.01028
1179 8.9955
1180 9.0046
1181 8.98679
1182 9.00839
1183 9.01558
1184 8.99058
1185 9.00687
1186 8.98035
1187 9.00801
1188 9.0046
1189 8.99096
1190 9.01445
1191 9.00763
1192 8.99664
1193 9.0046
1194 9.00914
1195 9.00346
1196 8.9902
1197 8.98793
1198 8.98944
1199 9.00081
1200 9.00308
1201 8.99096
1202 9.01293
1203 9.01293
1204 9.00422
1205 9.00725
1206 8.9974
1207 8.99778
1208 8.99171
1209 9.00952
1210 8.99626
1211 9.01331
1212 8.99247
1213 8.99323
1214 9.00952
1215 8.99399
1216 9.00157
1217 8.98982
1218 8.99929
1219 9.0099
1220 9.00194
1221 9.00081
1222 9.00005
1223 9.00346
1224 9.01672
1225 8.9902
1226 9.00232
1227 8.98603
1228 9.00649
1229 9.00232
1230 9.00005
1231 8.9955
1232 8.99134
1233 9.0027
1234 8.99967
1235 8.9974
1236 8.99475
1237 8.98982
1238 9.0099
1239 8.99626
1240 9.00877
1241 9.00157
1242 9.00573
1243 8.99816
1244 8.9955
1245 9.00611
1246 9.00422
1247 8.99475
1248 8.99778
1249 9.00005
1250 9.00801
1251 8.99475
1252 8.99778
1253 9.01293
1254 8.99209
1255 9.00573
1256 8.9883
1257 9.0118
1258 8.99247
1259 8.98376
1260 9.00763
1261 8.99475
1262 9.01369
1263 4.93974
1264 1.63079
1265 0.359199
1266 -0.0242495
1267 -0.0727491
1268 -0.0556983
1269 -0.0284174
1270 -0.0159139
1271 -0.00719889
1272 -0.00303098
1273 -0.00151537
1274 -0.000757566
1275 0
1276 0
1277 0.000378665
1278 0.000378665
1279 0.000757566
1280 0
1281 0
1282 0
1283 0
1284 0
1285 0
1286 0
1287 0
1288 -0.000757566
1289 -0.000378665
1290 0
1291 0.000378665
1292 0.000378665
1293 0
1294 0.000757566
1295 0.000378665
1296 -0.000378665
1297 0.000757566
1298 -0.000378665
1299 0.000378665
1300 0
1301 0
1302 0.000378665
1303 0
1304 0.000378665
1305 0.000378665
1306 0.000757566
1307 0.000378665
1308 0.000378665
1309 -0.000378665
1310 0.000378665
1311 0.000757566
1312 -0.000757566
1313 -0.000378665
1314 0.0011367
1315 0.000378665
1316 -0.726733
1317 -5.81614
1318 -7.9395
1319 -8.85834
1320 -9.06105
1321 -9.07621
1322 -9.03377
1323 -9.02998
1324 -9.01824
1325 -8.99967
1326 -8.99929
1327 -8.99853
1328 -8.98944
1329 -8.99929
1330 -9.0027
1331 -9.00877
1332 -9.00914
1333 -8.9883
1334 -9.01142
1335 -8.98944
1336 -9.00308
1337 -9.00422
1338 -9.00232
1339 -8.99323
1340 -9.0046
1341 -8.99816
1342 -8.99778
1343 -9.00422
1344 -9.00384
1345 -9.00422
1346 -8.98793
1347 -9.0027
1348 -9.00763
1349 -8.99323
1350 -8.9955
1351 -9.01217
1352 -8.9974
1353 -9.00232
1354 -9.00422
1355 -8.99816
1356 -9.00573
1357 -8.98603
1358 -8.98906
1359 -8.9974
1360 -9.01483
1361 -9.00763
1362 -9.00952
1363 -8.9883
1364 -9.00725
1365 -9.0046
1366 -8.99058
1367 -9.00801
1368 -9.00005
1369 -9.00839
1370 -9.00119
1371 -8.98224
1372 -9.00535
1373 -8.9955
1374 -8.99171
1375 -8.99967
1376 -8.9955
1377 -8.98489
1378 -8.9883
1379 -8.99588
1380 -9.00157
1381 -8.98755
1382 -8.99247
1383 -9.00005
1384 -9.00119
1385 -9.00649
1386 -9.00232
1387 -9.00384
1388 -8.99209
1389 -8.99891
1390 -9.00422
1391 -8.98944
1392 -9.00194
1393 -8.9974
1394 -9.00005
1395 -8.99323
1396 -8.99247
1397 -9.00877
1398 -8.98338
1399 -8.99361
1400 -9.00232
1401 -8.99512
1402 -8.9974
1403 -9.00043
1404 -9.02241
1405 -8.9974
1406 -8.99209
1407 -8.99096
1408 -8.99323
1409 -9.00043
1410 -8.99285
1411 -9.00346
1412 -9.00839
1413 -9.00308
1414 -9.0099
1415 -8.99361
1416 -9.00725
1417 -9.00346
1418 -8.99929
1419 -8.99853
1420 -9.01596
1421 -8.9955
1422 -8.99891
1423 -6.78992
1424 -2.4909
1425 -0.584645
1426 -0.0136402
1427 0.0636555
1428 0.0610029
1429 0.0333433
1430 0.0170506
1431 0.00909364
1432 0.00454682
1433 0.00227341
1434 0.000757566
1435 0.000757566
1436 0.000757566
1437 -0.000378665
1438 0.000378665
1439 0
1440 0
1441 -0.000378665
1442 -0.000378665
1443 -0.000757566
1444 0
1445 0.000378665
1446 0
1447 -0.000378665
1448 0.000378665
1449 -0.000378665
1450 0.000378665
1451 0.000378665
1452 0
1453 0.000757566
1454 -0.000757566
1455 -0.000378665
1456 0
1457 -0.000378665
1458 -0.000757566
1459 -0.000378665
1460 0.000378665
1461 -0.000757566
1462 0
1463 -0.000378665
1464 0.000378665
1465 0
1466 0
1467 0.000378665
1468 0.000378665
1469 0.000378665
1470 0
1471 -0.000378665
1472 0.000378665
1473 0
1474 0.000378665
1475 0
1476 0
1477 4.78022
1478 7.64055
1479 8.73482
1480 9.06257
1481 9.0781
1482 9.03264
1483 9.02165
1484 9.01369
1485 9.01824
1486 9.00839
1487 9.00649
1488 8.99626
1489 9.00194
1490 9.00346
1491 8.99475
1492 9.00232
1493 9.00157
1494 9.00422
1495 9.0027
1496 8.99778
1497 9.01028
1498 8.9955
1499 9.00194
1500 9.01331
1501 9.00005
1502 9.00346
1503 9.00081
1504 9.00725
1505 9.00005
1506 8.9883
1507 8.99209
1508 8.99588
1509 9.00763
1510 9.01483
1511 9.00687
1512 8.99967
1513 8.98414
1514 9.01066
1515 8.97087
1516 8.99853
1517 9.00043
1518 8.99588
1519 9.00573
1520 9.00081
1521 9.0099
1522 8.98982
1523 8.99361
1524 9.00725
1525 9.00649
1526 8.99929
1527 8.98755
1528 8.98906
1529 9.00043
1530 8.99816
1531 9.01445
1532 9.00914
1533 9.00498
1534 8.9974
1535 9.00384
1536 9.00839
1537 9.00043
1538 9.0027
1539 8.9902
1540 9.01369
1541 9.01407
1542 8.98338
1543 8.99891
1544 8.99512
1545 9.00763
1546 9.00801
1547 8.99475
1548 9.00952
1549 8.98944
1550 8.99209
1551 8.99588
1552 9.01521
1553 8.99096
1554 8.99475
1555 9.00573
1556 8.99058
1557 8.98565
1558 9.01293
1559 9.00308
1560 9.00573
1561 9.01142
1562 8.99816
1563 8.99399
1564 8.98906
1565 8.99588
1566 9.01748
1567 9.00308
1568 8.98489
1569 9.00801
1570 8.99588
1571 9.00498
1572 8.99323
1573 9.01558
1574 8.99891
1575 8.99285
1576 8.99247
1577 9.00801
1578 8.97883
1579 9.00043
1580 8.9902
1581 8.98489
1582 9.01407
1583 8.30742
1584 3.61624
1585 0.921489
1586 0.109502
1587 -0.0420578
1588 -0.0716124
1589 -0.0416789
1590 -0.0215972
1591 -0.0109879
1592 -0.00568329
1593 -0.00265207
1594 -0.000757566
1595 0.000378665
1596 0.0011367
1597 0.000757566
1598 0.000757566
1599 0.000378665
1600 -0.000378665
1601 0.000378665
1602 -0.000378665
1603 0.000378665
1604 -0.000378665
1605 0.000757566
1606 -0.000378665
1607 0.000378665
1608 0.000757566
1609 -0.000378665
1610 -0.000757566
1611 0
1612 0
1613 0.000757566
1614 -0.000378665
1615 0
1616 0
1617 0.000757566
1618 0.000757566
1619 0
1620 -0.000378665
1621 -0.000757566
1622 0
1623 0
1624 -0.000757566
1625 -0.000378665
1626 -0.000378665
1627 0.000378665
1628 -0.0011367
1629 -0.000378665
1630 0
1631 -0.000757566
1632 -0.000757566
1633 0.000378665
1634 -0.000378665
1635 0
1636 0
1637 -3.14375
1638 -6.87858
1639 -8.65714
1640 -8.99967
1641 -9.06939
1642 -9.05726
1643 -9.03339
1644 -9.01786
1645 -9.01293
1646 -8.99929
1647 -8.98376
1648 -9.00194
1649 -8.9974
1650 -8.99171
1651 -9.00081
1652 -8.98565
1653 -8.9974
1654 -9.00043
1655 -9.00649
1656 -9.00877
1657 -8.98565
1658 -9.00043
1659 -8.99626
1660 -8.99816
1661 -9.00498
1662 -8.99134
1663 -8.98868
1664 -9.00119
1665 -8.99702
1666 -8.9955
1667 -8.99285
1668 -9.00498
1669 -8.98186
1670 -9.00498
1671 -9.00043
1672 -9.00081
1673 -9.00687
1674 -8.98944
1675 -8.98982
1676 -8.99512
1677 -9.00346
1678 -9.00877
1679 -8.99816
1680 -8.99891
1681 -9.00308
1682 -8.99209
