0 0
1 0
2 0
3 0
4 0
5 0
6 0
7 0
8 0
9 0
10 0
11 0
12 0
13 0
14 0
15 0
16 0
17 0
18 0
19 0
20 0
21 0
22 0
23 0
24 0
25 0
26 0
27 0
28 0
29 0
30 0
31 0
32 0
33 0
34 0
35 0
36 0
37 0
38 0
39 0
40 0
41 0
42 0
43 0
44 0
45 0
46 0
47 0
48 0
49 0
50 0
51 0
52 0
53 0
54 0
55 0
56 0
57 0
58 0
59 0
60 0
61 0
62 0
63 0
64 0
65 0
66 0
67 0
68 0
69 0
70 0
71 0
72 0
73 0
74 0
75 0
76 0
77 0
78 0
79 0
80 0
81 0
82 0
83 0
84 0
85 0
86 0
87 0
88 0
89 0
90 0
91 0
92 0
93 0
94 0
95 0
96 0
97 0
98 0
99 0
100 0
101 0
102 0
103 0
104 0
105 0
106 0
107 0
108 0
109 0
110 0
111 0
112 0
113 0
114 0
115 0
116 -0.00121
117 -0.00121
118 -0.00121
119 -0.00121
120 -0.00121
121 -0.00121
122 -0.00121
123 -0.00121
124 -0.00121
125 -0.00121
126 -0.00121
127 -0.00121
128 -0.00121
129 -0.00121
130 -0.00121
131 -0.00121
132 -0.00121
133 -0.00121
134 -0.00121
135 -0.00121
136 -0.00121
137 -0.00121
138 -0.00121
139 -0.00121
140 -0.00121
141 -0.00121
142 -0.00121
143 -0.00121
144 -0.00121
145 -0.00121
146 -0.00121
147 -0.00121
148 -0.00121
149 -0.00121
150 -0.00121
151 -0.00121
152 -0.00121
153 -0.00121
154 -0.00121
155 -0.00121
156 -0.00121
157 -0.00121
158 -0.00121
159 -0.00121
160 -0.00121
161 -0.00121
162 -0.00121
163 -0.00121
164 -0.00121
165 -0.00121
166 -0.00121
167 -0.00121
168 -0.00121
169 -0.00121
170 -0.00121
171 -0.00121
172 -0.00121
173 -0.00121
174 -0.00121
175 -0.00121
176 -0.00121
177 -0.00121
178 -0.00121
179 -0.00121
180 -0.00121
181 -0.00121
182 -0.00121
183 -0.00121
184 -0.00121
185 -0.00121
186 -0.00121
187 -0.00121
188 -0.00121
189 -0.00121
190 -0.00121
191 -0.00121
192 -0.00121
193 -0.00121
194 -0.00121
195 -0.00121
196 -0.00121
197 -0.00121
198 -0.00121
199 -0.00121
200 -0.00121
201 -0.00121
202 -0.00121
203 -0.00121
204 -0.00121
205 -0.00121
206 -0.00121
207 -0.00121
208 -0.00121
209 -0.00121
210 -0.00121
211 -0.00121
212 -0.00121
213 -0.00121
214 -0.00121
215 -0.00121
216 -0.00121
217 -0.00121
218 -0.00121
219 -0.00121
220 -0.00121
221 -0.00121
222 -0.00121
223 -0.00121
224 -0.00121
225 -0.00121
226 -0.00121
227 -0.00121
228 -0.00121
229 -0.00121
230 -0.00121
231 -0.00121
232 -0.00121
233 -0.00121
234 -0.00121
235 -0.00121
236 -0.00121
237 -0.00121
238 -0.00121
239 -0.00121
240 -0.00121
241 -0.00121
242 -0.00121
243 -0.00121
244 -0.00121
245 -0.00121
246 -0.00121
247 -0.00121
248 -0.00121
249 -0.00121
250 -0.00121
251 -0.00121
252 -0.00121
253 -0.00121
254 -0.00121
255 -0.00121
256 -0.00121
257 -0.00121
258 -0.00121
259 -0.00121
260 -0.00121
261 -0.00121
262 -0.00121
263 -0.00121
264 -0.00121
265 -0.00121
266 -0.00121
267 -0.00121
268 -0.00121
269 -0.00121
270 -0.00121
271 -0.00121
272 -0.00121
273 -0.00121
274 -0.00121
275 -0.00121
276 -0.00121
277 -0.00121
278 -0.00121
279 -0.00121
280 -0.00121
281 -0.00121
282 -0.00121
283 -0.00121
284 -0.00121
285 -0.00121
286 -0.00121
287 -0.00121
288 -0.00121
289 -0.00121
290 -0.00121
291 0.05929
292 0.05324
293 0.03872
294 0.02783
295 0.03146
296 0.03267
297 0.02783
298 0.02904
299 0.03146
300 0.03509
301 0.03267
302 0.0363
303 0.0242
304 0.03146
305 0.03751
306 0.02783
307 0.0363
308 0.02904
309 0.02662
310 0.03025
311 0.02783
312 0.0363
313 0.02299
314 0.02783
315 0.02904
316 0.02662
317 0.03872
318 0.03267
319 0.03025
320 0.02299
321 0.02662
322 0.0363
323 0.03146
324 0.03872
325 0.0242
326 0.03146
327 0.03025
328 0.02783
329 0.03509
330 0.02541
331 0.03872
332 0.03509
333 0.0363
334 0.0363
335 0.03146
336 0.0363
337 0.0242
338 0.02904
339 0.03025
340 0.02783
341 0.0363
342 0.02662
343 0.03751
344 0.03025
345 0.03267
346 0.03388
347 0.02904
348 0.03872
349 0.0242
350 0.03146
351 0.0363
352 0.02904
353 0.0363
354 0.02541
355 0.03872
356 0.0242
357 0.02783
358 0.0363
359 0.02904
360 0.03751
361 0.02662
362 0.03751
363 0.02783
364 0.02783
365 0.03751
366 0.02541
367 0.03751
368 0.02541
369 0.02541
370 0.03751
371 0.03146
372 0.03872
373 0.0242
374 0.03509
375 0.02783
376 0.02662
377 0.03872
378 0.02299
379 0.03751
380 0.02662
381 0.02904
382 0.0363
383 0.03267
384 0.03751
385 0.0242
386 0.02662
387 0.02904
388 0.03146
389 0.03751
390 0.02662
391 0.02662
392 0.0242
393 0.02541
394 0.03509
395 0.02662
396 0.03388
397 0.03146
398 0.02662
399 0.03509
400 0.03025
401 0.03751
402 0.02541
403 0.03509
404 0.0363
405 0.02904
406 0.0363
407 0.02904
408 0.03751
409 0.02541
410 0.02662
411 0.03146
412 0.02904
413 0.03872
414 0.02662
415 0.03751
416 0.03025
417 0.02904
418 0.03751
419 0.03146
420 0.02904
421 0.03509
422 0.03388
423 0.03146
424 0.02904
425 0.03751
426 0.02299
427 0.02662
428 0.03388
429 0.02662
430 0.0363
431 0.03025
432 0.03025
433 0.03509
434 0.03146
435 0.03025
436 0.02904
437 0.03872
438 0.02541
439 0.02662
440 0.02783
441 0.02662
442 0.03751
443 0.03146
444 0.0363
445 0.0363
446 0.03509
447 0.0363
448 0.03267
449 0.03509
450 0.02541
451 0.02662
452 0.0363
453 0.03267
454 0.03872
455 0.02783
456 0.0363
457 0.03267
458 0.02904
459 0.03509
460 0.03146
461 0.03872
462 0.0242
463 0.03267
464 0.02783
465 0.03025
466 0.03751
467 0.0242
468 0.03146
469 0.03025
470 0.02904
471 0.03025
472 0.0242
473 0.03751
474 0.02541
475 0.03751
476 0.03509
477 0.03146
478 0.03751
479 0.02783
480 0.02904
481 0.02904
482 0.02541
483 0.0363
484 0.03146
485 0.03751
486 0.02541
487 0.02904
488 0.03146
489 0.03146
490 0.03751
491 0.02541
492 0.03267
493 0.0242
494 0.03388
495 0.0363
496 0.03267
497 0.03751
498 0.02299
499 0.03388
500 0.0363
501 0.03146
502 0.03751
503 0.02541
504 0.03146
505 0.03509
506 0.02783
507 0.03751
508 0.02783
509 0.03751
510 0.02662
511 0.03025
512 0.03388
513 0.03388
514 0.03509
515 0.02541
516 0.02783
517 0.03146
518 0.02662
519 0.0363
520 0.02662
521 0.0363
522 0.0242
523 0.02783
524 0.0363
525 0.02783
526 0.03993
527 0.02662
528 0.02904
529 0.03146
530 0.02662
531 0.03509
532 0.03146
533 0.03751
534 0.02541
535 0.02904
536 0.0363
537 0.03146
538 0.03751
539 0.02904
540 0.03872
541 0.0363
542 0.02783
543 0.03509
544 0.02904
545 0.03751
546 0.02783
547 0.02783
548 0.0363
549 0.0242
550 0.0363
551 0.02541
552 0.02662
553 0.0363
554 0.03025
555 0.03509
556 0.0242
557 0.03509
558 0.0363
559 0.02662
560 0.0363
561 0.02541
562 0.0363
563 0.0242
564 0.02662
565 0.03509
566 0.02662
567 0.03751
568 0.02662
569 0.03509
570 0.02783
571 0.02662
572 0.03388
573 0.03388
574 0.03509
575 0.02541
576 0.0363
577 0.0363
578 0.03025
579 0.0363
580 0.03146
581 0.0363
582 0.02541
583 0.03146
584 0.0363
585 0.03146
586 0.03751
587 0.02541
588 0.03146
589 0.03509
590 0.03388
591 0.03751
592 0.02783
593 0.03146
594 0.0363
595 0.02662
596 0.03509
597 0.03267
598 0.0363
599 0.0242
600 0.03146
601 0.03509
602 0.03146
603 0.0363
604 0.02299
605 0.03025
606 0.03751
607 0.02783
608 0.0363
609 0.02783
610 0.03267
611 0.02783
612 0.02662
613 0.0363
614 0.03146
615 0.03751
616 0.02904
617 0.02662
618 0.03388
619 0.03267
620 0.03751
621 0.02299
622 0.03388
623 0.02662
624 0.02662
625 0.03509
626 0.03388
627 0.0363
628 0.02541
629 0.03509
630 0.0363
631 0.02662
632 0.03509
633 0.02662
634 0.03751
635 0.0242
636 0.03267
637 0.0363
638 0.03146
639 0.0363
640 0.02662
641 0.02783
642 0.0363
643 0.03267
644 0.03751
645 0.02541
646 0.03509
647 0.02662
648 0.02662
649 0.0363
650 0.03146
651 0.03751
652 0.0242
653 0.02662
654 0.0363
655 0.02904
656 0.03872
657 0.02904
658 0.02904
659 0.0242
660 0.03025
661 0.03509
662 0.02783
663 0.03751
664 0.02541
665 0.02783
666 0.03751
667 0.03025
668 0.0363
669 0.0242
670 0.02783
671 0.02783
672 0.02662
673 0.0363
674 0.02541
675 0.03751
676 0.02541
677 0.03146
678 0.03509
679 0.03267
680 0.0363
681 0.02541
682 0.03509
683 0.02783
684 0.02662
685 0.0363
686 0.0242
687 0.03751
688 0.02541
689 0.02783
690 0.0363
691 0.02662
692 0.03751
693 0.0242
694 0.03146
695 0.02541
696 0.02783
697 0.0363
698 0.02541
699 0.03751
700 0.0242
701 0.02541
702 0.0363
703 0.03146
704 0.03872
705 0.0242
706 0.03751
707 0.0363
708 0.02662
709 0.03509
710 0.02299
711 0.03872
712 0.0242
713 0.03267
714 0.0363
715 0.02541
716 0.03509
717 0.03025
718 -0.02904
719 -0.05929
720 -0.04477
721 -0.02662
722 -0.03146
723 -0.03267
724 -0.03872
725 -0.03146
726 -0.03388
727 -0.03751
728 -0.02541
729 -0.03872
730 -0.02783
731 -0.0363
732 -0.0363
733 -0.03025
734 -0.03509
735 -0.02178
736 -0.03872
737 -0.03509
738 -0.03025
739 -0.03509
740 -0.03025
741 -0.03872
742 -0.02541
743 -0.03388
744 -0.03751
745 -0.03025
746 -0.03872
747 -0.02299
748 -0.0363
749 -0.03388
750 -0.03267
751 -0.03267
752 -0.02299
753 -0.03751
754 -0.02904
755 -0.03267
756 -0.03146
757 -0.02541
758 -0.03509
759 -0.02299
760 -0.03751
761 -0.03146
762 -0.03146
763 -0.03146
764 -0.02178
765 -0.03872
766 -0.03509
767 -0.03388
768 -0.03146
769 -0.03025
770 -0.03388
771 -0.02178
772 -0.03872
773 -0.03146
774 -0.03146
775 -0.03509
776 -0.0242
777 -0.03872
778 -0.02783
779 -0.03388
780 -0.03388
781 -0.03025
782 -0.03267
783 -0.02783
784 -0.03872
785 -0.03146
786 -0.03146
787 -0.03509
788 -0.02178
789 -0.03993
790 -0.0363
791 -0.03267
792 -0.03509
793 -0.02662
794 -0.03388
795 -0.02057
796 -0.03267
797 -0.03025
798 -0.02904
799 -0.03267
800 -0.02299
801 -0.0363
802 -0.03146
803 -0.03146
804 -0.03267
805 -0.02783
806 -0.0363
807 -0.02299
808 -0.03267
809 -0.03146
810 -0.02299
811 -0.03146
812 -0.02299
813 -0.03872
814 -0.03509
815 -0.03388
816 -0.03388
817 -0.02178
818 -0.0363
819 -0.02783
820 -0.03509
821 -0.03025
822 -0.03146
823 -0.03146
824 -0.0242
825 -0.00484
826 -0.01936
827 -0.02541
828 -0.02299
829 -0.00605
830 0.00605
831 0.01089
832 0.0121
833 0.01331
834 0.01331
835 0.01331
836 0.01331
837 0.01331
838 0.0121
839 0.0121
840 0.0121
841 0.01089
842 0.01089
843 0.00968
844 0.00968
845 0.00968
846 0.00968
847 0.00847
848 0.00847
849 0.00847
850 0.00847
851 0.00847
852 0.00726
853 0.00726
854 0.00726
855 0.00726
856 0.00726
857 0.00605
858 0.00605
859 0.00605
860 0.00605
861 0.00605
862 0.00605
863 0.00605
864 0.00605
865 0.00605
866 0.00605
867 0.00605
868 0.00605
869 0.00484
870 0.00484
871 0.00484
872 0.00484
873 0.00484
874 0.00484
875 0.00484
876 0.00484
877 0.00484
878 0.00484
879 0.00484
880 0.00484
881 0.00484
882 0.00484
883 0.00484
884 0.00484
885 0.00484
886 0.00484
887 0.00484
888 0.00484
889 0.00484
890 0.00484
891 0.00484
892 0.00484
893 0.00484
894 0.00484
895 0.00484
896 0.00484
897 0.00484
898 0.00484
899 0.00484
900 0.00484
901 0.00484
902 0.00484
903 0.00484
904 0.00484
905 0.00484
906 0.00484
907 0.00484
908 0.00484
909 0.00484
910 0.00484
911 0.00484
912 0.00484
913 0.00484
914 0.00484
915 0.00484
916 0.00484
917 0.00484
918 0.00484
919 0.00484
920 0.00484
921 0.00484
922 0.00484
923 0.00484
924 0.00484
925 0.00484
926 0.00484
927 0.00484
928 0.00484
929 0.00484
930 0.00484
931 0.00484
932 0.05324
933 0.05082
934 0.03993
935 0.03146
936 0.03751
937 0.02662
938 0.03872
939 0.02299
940 0.03267
941 0.0363
942 0.02783
943 0.03872
944 0.02783
945 0.03025
946 0.03267
947 0.02904
948 0.03751
949 0.0242
950 0.0363
951 0.02662
952 0.03146
953 0.03509
954 0.03025
955 0.03751
956 0.02299
957 0.03388
958 0.03146
959 0.02662
960 0.03872
961 0.02541
962 0.02904
963 0.03025
964 0.02783
965 0.0363
966 0.02904
967 0.03872
968 0.03388
969 0.02662
970 0.0363
971 0.02662
972 0.03509
973 0.02299
974 0.03751
975 0.02662
976 0.02783
977 0.03872
978 0.02783
979 0.03751
980 0.02662
981 0.02904
982 0.0363
983 0.02783
984 0.03993
985 0.02541
986 0.0363
987 0.02299
988 0.03267
989 0.0363
990 0.02541
991 0.03872
992 0.02541
993 0.0363
994 0.03025
995 0.02783
996 0.0363
997 0.02662
998 0.02904
999 0.0363
1000 0.02904
1001 0.03751
1002 0.03267
1003 0.03751
1004 0.0242
1005 0.02783
1006 0.03509
1007 0.02904
1008 0.03751
1009 0.02783
1010 0.0363
1011 0.0363
1012 0.02783
1013 0.03388
1014 0.03267
1015 0.03388
1016 0.02783
1017 0.02783
1018 0.03872
1019 0.03267
1020 0.03751
1021 0.02662
1022 0.02662
1023 0.03388
1024 0.02783
1025 0.03872
1026 0.03025
1027 0.03509
1028 0.0363
1029 0.02662
1030 0.03509
1031 0.02904
1032 0.03267
1033 0.0242
1034 0.03751
1035 0.0363
1036 0.02541
1037 0.0363
1038 0.0242
1039 0.00363
1040 0.01815
1041 0.02178
1042 0.01936
1043 0.00363
1044 -0.00847
1045 -0.01452
1046 -0.01573
1047 -0.01694
1048 -0.01694
1049 -0.01573
1050 -0.01573
1051 -0.01573
1052 -0.01452
1053 -0.01452
1054 -0.01331
1055 -0.01331
1056 -0.01331
1057 -0.0121
1058 -0.0121
1059 -0.01089
1060 -0.01089
1061 -0.01089
1062 -0.01089
1063 -0.00968
1064 -0.00968
1065 -0.00968
1066 -0.00968
1067 -0.00847
1068 -0.00847
1069 -0.00847
1070 -0.00847
1071 -0.00847
1072 -0.00847
1073 -0.00726
1074 -0.00726
1075 -0.00726
1076 -0.00726
1077 -0.00726
1078 -0.00726
1079 -0.00726
1080 -0.00726
1081 -0.00726
1082 -0.00726
1083 -0.00726
1084 -0.00726
1085 -0.00726
1086 -0.00726
1087 -0.00605
1088 -0.00726
1089 -0.00605
1090 -0.00605
1091 -0.00605
1092 -0.07744
1093 -0.05203
1094 -0.04114
1095 -0.03388
1096 -0.03388
1097 -0.03388
1098 -0.02541
1099 -0.03388
1100 -0.02541
1101 -0.03388
1102 -0.03146
1103 -0.03388
1104 -0.0363
1105 -0.02783
1106 -0.03388
1107 -0.03509
1108 -0.0363
1109 -0.03509
1110 -0.03267
1111 -0.03751
1112 -0.02783
1113 -0.03388
1114 -0.03146
1115 -0.03025
1116 -0.03146
1117 -0.02299
1118 -0.03509
1119 -0.03267
1120 -0.03388
1121 -0.03509
1122 -0.03025
1123 -0.03509
1124 -0.02541
1125 -0.03267
1126 -0.03146
1127 -0.03267
1128 -0.0363
1129 -0.02541
1130 -0.03267
1131 -0.02904
1132 -0.03025
1133 -0.03146
1134 -0.02057
1135 -0.0363
1136 -0.02783
1137 -0.03509
1138 -0.0363
1139 -0.02541
1140 -0.03509
1141 -0.02299
1142 -0.03509
1143 -0.02662
1144 -0.03267
1145 -0.03509
1146 -0.02299
1147 -0.03388
1148 -0.02541
1149 -0.03146
1150 -0.03388
1151 -0.02178
1152 -0.03267
1153 -0.0242
1154 -0.03267
1155 -0.03509
1156 -0.03025
1157 -0.03146
1158 -0.02662
1159 -0.03751
1160 -0.02541
1161 -0.03267
1162 -0.03146
1163 -0.03025
1164 -0.0363
1165 -0.02299
1166 -0.03993
1167 -0.03267
1168 -0.03267
1169 -0.03267
1170 -0.02299
1171 -0.03267
1172 -0.03388
1173 -0.02783
1174 -0.03146
1175 -0.03025
1176 -0.03388
1177 -0.02178
1178 -0.03751
1179 -0.03388
1180 -0.02904
1181 -0.03388
1182 -0.0242
1183 -0.03872
1184 -0.03751
1185 -0.03267
1186 -0.03509
1187 -0.0242
1188 -0.03872
1189 -0.03025
1190 -0.03025
1191 -0.0363
1192 -0.03025
1193 -0.03751
1194 -0.02299
1195 -0.03509
1196 -0.03146
1197 -0.03025
1198 -0.03388
1199 0.00363
1200 -0.0121
1201 -0.02299
1202 -0.02541
1203 -0.0121
1204 0.00363
1205 0.00968
1206 0.0121
1207 0.01331
1208 0.01331
1209 0.01331
1210 0.01331
1211 0.0121
1212 0.0121
1213 0.0121
1214 0.01089
1215 0.01089
1216 0.01089
1217 0.00968
1218 0.00968
1219 0.00968
1220 0.00847
1221 0.00847
1222 0.00847
1223 0.00847
1224 0.00726
1225 0.00726
1226 0.00726
1227 0.00726
1228 0.00726
1229 0.00726
1230 0.00726
1231 0.00605
1232 0.00605
1233 0.00605
1234 0.00605
1235 0.00605
1236 0.00605
1237 0.00605
1238 0.00605
1239 0.00484
1240 0.00484
1241 0.00484
1242 0.00484
1243 0.00484
1244 0.00484
1245 0.00484
1246 0.00484
1247 0.00484
1248 0.00484
1249 0.00484
1250 0.00484
1251 0.00484
1252 0.01694
1253 0.04719
1254 0.04114
1255 0.0363
1256 0.0363
1257 0.02783
1258 0.0363
1259 0.03388
1260 0.03751
1261 0.02541
1262 0.02783
1263 0.02783
1264 0.03267
1265 0.03751
1266 0.03025
1267 0.02783
1268 0.0242
1269 0.02662
1270 0.0363
1271 0.0242
1272 0.03509
1273 0.02541
1274 0.03146
1275 0.02541
1276 0.03146
1277 0.03751
1278 0.02783
1279 0.03267
1280 0.02662
1281 0.02783
1282 0.0363
1283 0.03267
1284 0.03751
1285 0.02541
1286 0.03267
1287 0.02541
1288 0.03267
1289 0.03751
1290 0.0242
1291 0.03025
1292 0.02904
1293 0.02662
1294 0.0363
1295 0.03146
1296 0.03509
1297 0.02783
1298 0.02904
1299 0.0363
1300 0.03267
1301 0.03751
1302 0.02904
1303 0.02662
1304 0.0363
1305 0.03025
1306 0.0363
1307 0.03146
1308 0.03872
1309 0.03509
1310 0.02662
1311 0.0363
1312 0.03146
1313 0.0363
1314 0.02662
1315 0.03751
1316 0.02541
1317 0.03509
1318 0.0363
1319 0.03146
1320 0.0363
1321 0.0363
1322 0.03025
1323 0.0242
1324 0.03025
1325 0.0363
1326 0.02299
1327 0.03751
1328 0.0363
1329 0.02783
1330 0.03509
1331 0.02783
1332 0.03751
1333 0.03025
1334 0.02783
1335 0.03509
1336 0.02783
1337 0.03872
1338 0.02662
1339 0.03509
1340 0.0242
1341 0.03267
1342 0.0363
1343 0.02299
1344 0.03872
1345 0.02783
1346 0.02662
1347 0.03146
1348 0.03267
1349 0.03751
1350 0.02299
1351 0.0363
1352 0.02904
1353 0.02662
1354 0.03872
1355 0.03388
1356 0.03509
1357 0.03267
1358 0.02662
1359 -0.01452
1360 0.01452
1361 0.01815
1362 0.0242
1363 0.0121
1364 -0.00484
1365 -0.0121
1366 -0.01452
1367 -0.01573
1368 -0.01573
1369 -0.01573
1370 -0.01573
1371 -0.01573
1372 -0.01452
1373 -0.01452
1374 -0.01331
1375 -0.01331
1376 -0.0121
1377 -0.0121
1378 -0.0121
1379 -0.01089
1380 -0.01089
1381 -0.01089
1382 -0.01089
1383 -0.00968
1384 -0.00968
1385 -0.00968
1386 -0.00968
1387 -0.00847
1388 -0.00847
1389 -0.00847
1390 -0.00847
1391 -0.00847
1392 -0.00847
1393 -0.00726
1394 -0.00726
1395 -0.00726
1396 -0.00726
1397 -0.00726
1398 -0.00726
1399 -0.00726
1400 -0.00726
1401 -0.00726
1402 -0.00726
1403 -0.00605
1404 -0.00726
1405 -0.00726
1406 -0.00605
1407 -0.00726
1408 -0.00605
1409 -0.00605
1410 -0.00605
1411 -0.00605
1412 -0.00605
1413 -0.05324
1414 -0.04719
1415 -0.02904
1416 -0.03872
1417 -0.03146
1418 -0.03267
1419 -0.03267
1420 -0.0242
1421 -0.03146
1422 -0.02662
1423 -0.03872
1424 -0.03146
1425 -0.03025
1426 -0.03388
1427 -0.02178
1428 -0.03751
1429 -0.03146
1430 -0.03025
1431 -0.03025
1432 -0.02299
1433 -0.0363
