0 0
1 0
2 -0.000757566
3 0
4 0.000378665
5 -0.000757566
6 0
7 0
8 0
9 0
10 -0.000378665
11 -0.000378665
12 -0.000378665
13 0.000378665
14 0.000378665
15 0
16 0.000378665
17 -0.000378665
18 -0.000757566
19 0
20 0.000378665
21 0
22 0.000378665
23 0.000757566
24 0
25 0.000378665
26 -0.000757566
27 0.000757566
28 0
29 0
30 0
31 0.000378665
32 -0.000378665
33 0
34 -0.000378665
35 -0.000378665
36 0
37 -0.000378665
38 0
39 -0.000378665
40 -0.000757566
41 0
42 0
43 -0.000378665
44 0
45 0.000378665
46 0.000757566
47 0
48 -0.000378665
49 -0.000378665
50 0
51 0
52 -0.000378665
53 0
54 0.000378665
55 0.000378665
56 -0.000378665
57 0.000378665
58 0
59 -0.000757566
60 -0.000378665
61 -0.000757566
62 0
63 0
64 0
65 -0.000757566
66 0.000378665
67 -0.000378665
68 -0.000378665
69 0.0011367
70 0.000757566
71 0
72 -0.000378665
73 0
74 0
75 0
76 0.000378665
77 0.000378665
78 0
79 -0.000757566
80 0
81 -0.000378665
82 0
83 0
84 0.000378665
85 0.000757566
86 0
87 -0.000757566
88 0.000378665
89 -0.000757566
90 0.000378665
91 -0.000378665
92 0.000378665
93 0
94 -0.000378665
95 0.000378665
96 -0.000378665
97 0.000378665
98 0.000378665
99 0.000757566
100 0.000378665
101 0.000378665
102 0
103 0
104 -0.000378665
105 0.000378665
106 0
107 0
108 0
109 -0.00189427
110 0
111 -0.000378665
112 -0.000378665
113 -0.000378665
114 0
115 0
116 0.000378665
117 0
118 -0.000378665
119 0
120 -0.000378665
121 -0.000378665
122 0.000378665
123 -0.000378665
124 -0.000378665
125 0.000378665
126 -0.000757566
127 0.000757566
128 0
129 -0.000378665
130 0.000378665
131 -0.000378665
132 -0.000757566
133 0.000378665
134 -0.000378665
135 0.000378665
136 0
137 0
138 0
139 -0.000378665
140 0.000378665
141 0
142 -0.000378665
143 0.000378665
144 0
145 -0.000378665
146 -0.000378665
147 -0.000378665
148 0.000378665
149 0
150 -0.000378665
151 -0.000378665
152 -0.000378665
153 0
154 -0.000378665
155 0.000378665
156 -0.000757566
157 0.000378665
158 -0.000378665
159 -0.000378665
160 0
161 0
162 0
163 0
164 -0.000378665
165 0
166 0.000378665
167 0
168 -0.000378665
169 0
170 -0.000378665
171 0.0375113
172 5.30462
173 7.99975
174 8.86781
175 9.06674
176 9.06333
177 9.03301
178 9.00384
179 9.00384
180 9.01937
181 8.9004
182 3.9546
183 1.17687
184 0.174673
185 -0.0352379
186 -0.0738858
187 -0.0511515
188 -0.0242495
189 -0.0109879
190 -0.00454682
191 -0.00227341
192 -0.0011367
193 0
194 -0.000757566
195 0
196 0
197 0
198 0
199 0.000378665
200 0
201 0.000378665
202 0
203 0.000757566
204 0.000757566
205 -0.000378665
206 -0.000378665
207 0.000757566
208 0.000757566
209 0
210 -0.000378665
211 0.000757566
212 0.000757566
213 0.000757566
214 0.000757566
215 0
216 0.000378665
217 0
218 0.000378665
219 0
220 -0.000378665
221 0
222 0
223 -0.000378665
224 -0.000757566
225 0
226 0.000378665
227 0.000757566
228 0
229 0
230 0.000378665
231 0
232 -0.000757566
233 0.000378665
234 -0.000378665
235 0.000378665
236 0
237 -0.000378665
238 -0.000757566
239 0
240 0.000378665
241 0
242 0.000757566
243 0
244 0
245 0.000378665
246 -0.000378665
247 0.000378665
248 0.000378665
249 -0.000757566
250 0.0011367
251 0.000378665
252 0.000757566
253 0.000757566
254 0
255 0.0011367
256 0
257 0.000757566
258 0
259 -0.000757566
260 0.000378665
261 0
262 0.000757566
263 0.000378665
264 -0.000378665
265 0
266 0
267 -0.0011367
268 0.000757566
269 0.000757566
270 0.000378665
271 0.000757566
272 -0.000378665
273 -0.000757566
274 0.000757566
275 0.000378665
276 -0.00151537
277 0
278 0.000378665
279 0.0011367
280 -0.000378665
281 0.0011367
282 0.000757566
283 0
284 -0.000757566
285 0.000757566
286 0.000378665
287 0
288 0.000378665
289 0.000378665
290 0
291 -0.000378665
292 -0.000378665
293 -0.000757566
294 0.0011367
295 0.000378665
296 -0.000378665
297 0.000378665
298 0.000378665
299 0
300 0.000378665
301 0
302 0.000378665
303 0
304 0
305 0.000378665
306 0.000378665
307 -0.000378665
308 0
309 -0.000378665
310 -0.000757566
311 0
312 -0.000378665
313 0
314 -0.0011367
315 0.000757566
316 -0.0011367
317 0.000378665
318 0.000378665
319 0.000378665
320 -0.000378665
321 -0.000378665
322 0
323 0.000757566
324 -0.000378665
325 -0.000378665
326 -0.000378665
327 0
328 -0.000757566
329 0.000757566
330 0
331 -0.00227341
332 -4.33274
333 -7.63108
334 -8.79431
335 -9.04893
336 -9.07962
337 -9.044
338 -9.03226
339 -8.99702
340 -9.00308
341 -9.00194
342 -8.99134
343 -9.00649
344 -8.99285
345 -9.01483
346 -8.99967
347 -9.00308
348 -8.99323
349 -8.9902
350 -9.0046
351 -9.00308
352 -9.00914
353 -9.01293
354 -9.00877
355 -9.0027
356 -8.99209
357 -8.99967
358 -8.9902
359 -9.01293
360 -8.98641
361 -9.00384
362 -9.00535
363 -8.99399
364 -9.00649
365 -8.99816
366 -8.99209
367 -9.00725
368 -8.98755
369 -9.01255
370 -8.983
371 -9.00308
372 -9.00119
373 -8.99437
374 -9.00119
375 -9.00649
376 -9.0046
377 -9.00043
378 -9.01066
379 -9.01862
380 -8.9974
381 -9.00346
382 -8.983
383 -9.00346
384 -9.00573
385 -8.99475
386 -9.00573
387 -8.99891
388 -8.99929
389 -9.00801
390 -8.99475
391 -9.00081
392 -8.99664
393 -8.98944
394 -8.99702
395 -9.00308
396 -9.00535
397 -8.99247
398 -9.00687
399 -8.99929
400 -9.00422
401 -8.99437
402 -9.01672
403 -9.00952
404 -8.99058
405 -8.99399
406 -9.00308
407 -9.01407
408 -9.00081
409 -8.98906
410 -9.00649
411 -8.99853
412 -8.99853
413 -8.99361
414 -9.00194
415 -9.01028
416 -8.99361
417 -8.99361
418 -9.00194
419 -8.99399
420 -8.99512
421 -9.00422
422 -9.00611
423 -8.98982
424 -9.00043
425 -9.00384
426 -8.98565
427 -9.01066
428 -8.99399
429 -9.00877
430 -9.00232
431 -9.01066
432 -9.01407
433 -8.99929
434 -9.00346
435 -8.9777
436 -8.99134
437 -8.99361
438 -8.74467
439 -3.20589
440 -0.803271
441 -0.114428
442 0.0572139
443 0.0689601
444 0.0447102
445 0.0185662
446 0.0117457
447 0.00454682
448 0.00227341
449 0.0011367
450 0.00151537
451 -0.000757566
452 0
453 0
454 -0.000378665
455 -0.000757566
456 -0.000378665
457 0
458 -0.000378665
459 0.000378665
460 -0.000378665
461 -0.000378665
462 -0.000378665
463 0.000378665
464 0
465 0.000378665
466 0
467 0
468 0.00151537
469 0
470 -0.000378665
471 -0.000378665
472 0
473 0.000757566
474 0
475 0.000378665
476 -0.0011367
477 0.000378665
478 -0.000378665
479 0.000378665
480 0.000378665
481 -0.000378665
482 -0.000757566
483 0
484 0
485 0
486 0.000378665
487 -0.000378665
488 -0.000378665
489 0
490 0.000378665
491 0
492 3.73142
493 7.20519
494 8.52263
495 9.00157
496 9.08568
497 9.05651
498 9.03112
499 9.019
500 9.00687
501 8.9974
502 8.98376
503 8.99475
504 8.98565
505 9.01521
506 8.9955
507 8.9974
508 9.00573
509 9.00194
510 9.0027
511 9.00119
512 8.99588
513 9.00346
514 8.99096
515 9.01369
516 8.98868
517 8.99475
518 8.99929
519 8.99891
520 9.01445
521 8.99588
522 9.00422
523 9.00535
524 8.98148
525 9.01293
526 8.98262
527 8.9883
528 9.00763
529 8.98679
530 8.99778
531 8.99702
532 9.00914
533 8.99816
534 8.99816
535 8.99588
536 8.99058
537 8.99285
538 8.99891
539 8.99967
540 8.99096
541 8.99816
542 8.99512
543 8.9955
544 8.99778
545 9.00232
546 8.99702
547 9.01483
548 9.00308
549 8.99588
550 9.00119
551 9.00422
552 9.01142
553 8.9974
554 9.00422
555 8.99134
556 9.00839
557 8.99891
558 9.00422
559 9.00573
560 9.00043
561 8.98868
562 8.99512
563 8.99247
564 8.99399
565 8.99247
566 8.99323
567 8.98868
568 8.99664
569 9.00725
570 8.9974
571 8.99853
572 9.00005
573 9.00801
574 8.99209
575 9.01104
576 9.00801
577 8.99399
578 8.99399
579 9.00043
580 8.99891
581 9.01786
582 9.01445
583 8.9955
584 9.00157
585 8.99853
586 8.99853
587 8.99929
588 8.9974
589 8.99588
590 9.00232
591 9.00498
592 8.99475
593 9.00649
594 8.99853
595 9.00687
596 8.99702
597 9.01255
598 8.99399
599 3.98415
600 1.30266
601 0.173537
602 -0.0329644
603 -0.0735069
604 -0.0496359
605 -0.0246284
606 -0.0147769
607 -0.00644109
608 -0.00303098
609 -0.00151537
610 -0.000378665
611 0.000378665
612 0
613 0
614 0.000378665
615 -0.000378665
616 -0.000378665
617 -0.000378665
618 0.000378665
619 0.000378665
620 0
621 0
622 0
623 0.000378665
624 0
625 -0.000378665
626 0
627 0.000378665
628 0
629 -0.000378665
630 0
631 0.000378665
632 -0.000378665
633 0.000757566
634 0
635 -0.000378665
636 -0.000757566
637 0
638 0.000378665
639 -0.000378665
640 0.000378665
641 0.000378665
642 0.000757566
643 0.000378665
644 -0.000378665
645 0
646 0.000378665
647 0.000378665
648 -0.000757566
649 -0.000378665
650 -0.000378665
651 0
652 -1.93619
653 -6.21778
654 -8.28317
655 -8.97163
656 -9.07583
657 -9.07204
658 -9.02203
659 -9.00839
660 -9.01028
661 -8.99399
662 -8.98868
663 -9.01142
664 -9.00725
665 -9.01066
666 -8.98452
667 -9.00308
668 -9.00005
669 -8.98944
670 -9.00687
671 -8.99816
672 -9.01331
673 -8.98793
674 -8.99588
675 -8.99967
676 -9.00801
677 -9.0046
678 -9.00725
679 -9.00498
680 -8.98452
681 -8.99664
682 -8.9883
683 -9.00194
684 -9.00119
685 -9.00649
686 -9.00801
687 -8.99891
688 -9.01293
689 -9.00952
690 -8.99285
691 -9.00308
692 -8.99853
693 -9.00498
694 -8.98489
695 -8.98906
696 -9.00308
697 -8.99171
698 -9.00649
699 -9.00422
700 -9.00801
701 -8.98679
702 -9.00005
703 -9.01028
704 -9.00119
705 -9.00611
706 -8.99702
707 -9.00043
708 -8.99702
709 -9.00043
710 -9.00157
711 -8.99702
712 -9.01217
713 -8.99702
714 -8.99664
715 -9.01862
716 -8.99399
717 -8.99853
718 -8.9974
719 -9.00157
720 -9.0027
721 -8.99134
722 -8.99702
723 -9.00422
724 -9.01028
725 -8.99778
726 -9.00611
727 -9.00649
728 -8.99853
729 -8.99702
730 -9.00232
731 -9.00877
732 -9.00043
733 -8.99967
734 -8.99929
735 -9.00384
736 -8.99853
737 -8.99929
738 -8.99588
739 -9.00346
740 -8.98755
741 -9.02089
742 -9.01369
743 -9.00573
744 -9.00573
745 -9.00157
746 -9.00308
747 -8.98376
748 -9.00498
749 -9.00232
750 -8.98944
751 -8.99702
752 -8.99664
753 -9.00649
754 -9.00194
755 -9.00611
756 -9.00801
757 -9.00498
758 -9.01293
759 -5.09244
760 -1.9809
761 -0.387995
762 0.0159139
763 0.0712335
764 0.056835
765 0.0287963
766 0.0159139
767 0.00795693
768 0.00416792
769 0.00227341
770 0.0011367
771 0.000757566
772 -0.000378665
773 -0.000378665
774 0.000378665
775 -0.000378665
776 -0.000378665
777 0.000378665
778 -0.000378665
779 -0.000378665
780 -0.000378665
781 0.000757566
782 0
783 0.000378665
784 0.000378665
785 0
786 0
787 -0.000378665
788 0.000378665
789 0.000757566
790 0.000757566
791 0.000378665
792 0
793 0
794 0.0011367
795 -0.000378665
796 -0.000378665
797 0
798 0.000378665
799 0
800 0
801 0
802 -0.000757566
803 0.000378665
804 0.000378665
805 0
806 0.000378665
807 0.000757566
808 0
809 0
810 -0.000757566
811 -0.000378665
812 0.199302
813 5.86578
814 7.88153
815 8.86402
816 9.07166
817 9.06939
818 9.04438
819 9.02127
820 9.01862
821 9.01521
822 9.0046
823 8.99475
824 8.99209
825 9.00498
826 8.99209
827 8.99664
828 8.99512
829 9.01028
830 9.00725
831 8.98452
832 9.00194
833 9.00081
834 8.99967
835 9.00914
836 8.99096
837 8.99361
838 9.00573
839 8.99929
840 8.99058
841 8.99512
842 9.00308
843 9.00801
844 8.99171
845 8.98982
846 9.00005
847 9.00611
848 8.99058
849 9.00535
850 8.99323
851 9.00877
852 9.01483
853 8.99247
854 8.99475
855 9.01937
856 9.00384
857 9.00346
858 9.01558
859 8.99512
860 8.99702
861 9.00839
862 8.99399
863 9.01407
864 8.98868
865 8.99588
866 9.01331
867 8.99626
868 8.99588
869 8.99853
870 9.00914
871 9.01066
872 9.00232
873 9.01407
874 8.99437
875 9.00611
876 8.99285
877 9.00119
878 9.0118
879 8.98944
880 8.99626
881 9.00725
882 8.98982
883 9.00081
884 8.98679
885 8.99816
886 9.00119
887 9.00687
888 9.00687
889 9.00308
890 9.00308
891 8.9902
892 8.99891
893 8.98603
894 8.99512
895 8.99171
896 8.99626
897 9.00725
898 9.00043
899 9.00119
900 9.00839
901 8.99209
902 9.0118
903 8.99664
904 8.99891
905 8.99323
906 9.00535
907 8.99853
908 8.98603
909 9.00649
910 9.0027
911 8.98868
912 8.9955
913 9.00043
914 9.01445
915 9.00422
916 8.99967
917 9.00763
918 9.0046
919 6.03514
920 2.28137
921 0.489162
922 0.0181873
923 -0.0636555
924 -0.0666867
925 -0.0329644
926 -0.0181873
927 -0.00795693
928 -0.00378878
929 -0.00151537
930 -0.0011367
931 -0.000757566
932 0.000757566
933 -0.000378665
934 -0.000378665
935 0
936 0.000378665
937 0.0011367
938 0.000757566
939 -0.000378665
940 -0.000757566
941 0
942 0
943 0.000378665
944 0.000378665
945 0.000378665
946 -0.000378665
947 0
948 0
949 0.000378665
950 -0.000378665
951 0
952 -0.000378665
953 0
954 0
955 0.000378665
956 0.000378665
957 0
958 -0.000757566
959 0
960 0
961 -0.0011367
962 -0.000757566
963 0.0011367
964 0
965 -0.000378665
966 -0.000378665
967 0.000378665
968 0.000378665
969 0.000757566
970 0.000378665
971 0
972 0.000378665
973 -3.82387
974 -7.17867
975 -8.61395
976 -9.02809
977 -9.07356
978 -9.05575
979 -9.03946
980 -9.02468
981 -9.01142
982 -9.00535
983 -8.99967
984 -9.00422
985 -9.00801
986 -9.00081
987 -9.00801
988 -8.98679
989 -8.99967
990 -8.99929
991 -9.00914
992 -9.02695
993 -8.99853
994 -9.00384
995 -8.99664
996 -9.00535
997 -9.00157
998 -9.00346
999 -8.99096
1000 -9.00232
1001 -9.00346
1002 -9.00005
1003 -9.00081
1004 -9.00914
1005 -9.00194
1006 -9.0099
1007 -9.0027
1008 -8.99929
1009 -9.00043
1010 -8.99399
1011 -8.99967
1012 -8.9883
1013 -9.00801
1014 -8.99058
1015 -8.99399
1016 -9.00725
1017 -8.99361
1018 -9.0027
1019 -9.01369
1020 -8.9974
1021 -9.00157
1022 -8.9902
1023 -9.01066
1024 -8.99853
1025 -9.00914
1026 -9.00611
1027 -8.99588
1028 -9.00346
1029 -8.98565
1030 -9.00384
1031 -8.9955
1032 -9.00308
1033 -9.00081
1034 -9.00194
1035 -9.01293
1036 -9.00422
1037 -9.0118
1038 -8.99134
1039 -9.00801
1040 -9.00422
1041 -8.98376
1042 -9.00308
1043 -9.00611
1044 -8.99853
1045 -8.99816
1046 -9.00157
1047 -9.00801
1048 -9.01142
1049 -9.00725
1050 -8.99096
1051 -9.00005
1052 -8.99816
1053 -8.99361
1054 -8.99437
1055 -8.99702
1056 -8.99853
1057 -8.98868
1058 -9.00611
1059 -9.0027
1060 -8.98489
1061 -9.00194
1062 -8.99285
1063 -8.99588
1064 -9.00498
1065 -8.99664
1066 -9.01028
1067 -8.99475
1068 -9.0099
1069 -9.01483
1070 -8.98376
1071 -9.01521
1072 -9.00422
1073 -8.99967
1074 -8.99475
1075 -8.99664
1076 -9.0118
1077 -8.99096
1078 -9.00611
1079 -9.00422
1080 -3.67876
1081 -1.03667
1082 -0.136783
1083 0.0375113
1084 0.0670656
1085 0.045468
1086 0.0242495
1087 0.0121246
1088 0.00568329
1089 0.00265207
1090 0.00189427
1091 0.000757566
1092 0
1093 0
1094 0.0011367
1095 -0.000378665
1096 0.000757566
1097 0
1098 -0.000378665
1099 0
1100 0.0011367
1101 -0.000378665
1102 0
1103 0
1104 0
1105 0.000378665
1106 0
1107 -0.000757566
1108 -0.000757566
1109 0
1110 0
1111 0.000378665
1112 0.000378665
1113 -0.000378665
1114 0.000378665
1115 -0.000378665
1116 -0.000378665
1117 0.000757566
1118 0.000378665
1119 0.000378665
1120 -0.000378665
1121 0.000378665
1122 0
1123 0.000757566
1124 0.000378665
1125 -0.000378665
1126 -0.000378665
1127 0
1128 0.000378665
1129 -0.000378665
1130 0
1131 -0.000757566
1132 0.000757566
1133 1.79031
1134 6.54401
1135 8.41503
1136 8.98224
1137 9.06143
1138 9.05499
1139 9.0459
1140 9.01293
1141 8.99626
1142 9.00952
1143 9.00725
1144 9.00157
1145 8.99096
1146 8.98338
1147 8.99702
1148 8.99816
1149 8.99285
1150 9.01066
1151 8.98224
1152 8.98868
1153 8.98982
1154 8.99437
1155 8.99209
1156 8.9974
1157 9.00687
1158 8.99058
1159 8.9974
1160 9.00308
1161 8.98906
1162 9.00839
1163 8.99702
1164 8.99853
1165 9.00839
1166 9.0171
1167 9.00611
1168 8.99209
1169 8.99778
1170 9.00952
1171 8.99626
1172 9.01862
1173 8.98906
1174 9.01217
1175 8.99702
1176 8.99891
1177 9.00952
1178 9.00725
1179 9.00194
1180 8.983
1181 9.00498
1182 9.00346
1183 8.99475
1184 9.00422
1185 9.01028
1186 9.00687
1187 8.99399
1188 8.9902
1189 9.0046
1190 8.99853
1191 9.00157
1192 9.00232
1193 8.99209
1194 9.00081
1195 8.99399
1196 9.01104
1197 8.99853
1198 9.00043
1199 9.00839
1200 9.01217
1201 8.99929
1202 9.00535
1203 9.00422
1204 9.00877
1205 9.00194
1206 9.00043
1207 9.00081
1208 9.00763
1209 8.9955
1210 9.01331
1211 9.00308
1212 8.99891
1213 8.99399
1214 9.00308
1215 9.00649
1216 8.99702
1217 8.99929
1218 8.99399
1219 8.99588
1220 8.99475
1221 8.99967
1222 9.00422
1223 9.00535
1224 8.99816
1225 9.00081
1226 8.99475
1227 9.00649
1228 8.98906
1229 9.01028
1230 9.00877
1231 8.99929
1232 9.01104
1233 8.98148
1234 8.99626
1235 8.99209
1236 9.00384
1237 9.00308
1238 9.0046
1239 8.99626
1240 5.13071
1241 1.57093
1242 0.29327
1243 -0.0219761
1244 -0.0704757
1245 -0.053046
1246 -0.0287963
1247 -0.0140191
1248 -0.00644109
1249 -0.00378878
1250 -0.00189427
1251 -0.000757566
1252 0.000378665
1253 -0.000378665
1254 0.000378665
1255 0
1256 0.000378665
1257 0.000378665
1258 -0.000378665
1259 0.000378665
1260 -0.000378665
1261 0.000378665
1262 0
1263 0
1264 -0.000378665
1265 0
1266 0
1267 0.000378665
1268 -0.000378665
1269 -0.000378665
1270 0
1271 0
1272 0.000378665
1273 0.000378665
1274 0
1275 -0.000378665
1276 0.000378665
1277 0
1278 -0.000378665
1279 0
1280 0.000378665
1281 0.000378665
1282 0.000378665
1283 0
1284 -0.000378665
1285 0
1286 -0.000378665
1287 0
1288 0.000378665
1289 0
1290 0.000378665
1291 0
1292 0.000378665
1293 -0.18263
1294 -6.01734
1295 -7.99331
1296 -8.91518
1297 -9.06939
1298 -9.05878
1299 -9.03832
1300 -9.00763
1301 -9.00308
1302 -8.99247
1303 -9.0118
1304 -9.00043
1305 -9.00877
1306 -9.01369
1307 -9.00384
1308 -9.00649
1309 -8.99816
1310 -9.0046
1311 -8.99058
1312 -9.00043
1313 -9.00384
1314 -8.9974
1315 -9.00081
1316 -8.99399
1317 -8.99588
1318 -8.99778
1319 -9.0046
1320 -9.00384
1321 -9.01331
1322 -8.99929
1323 -8.99891
1324 -9.0027
1325 -9.00308
1326 -8.99853
1327 -9.01142
1328 -8.99664
1329 -9.00346
1330 -8.98338
1331 -9.00308
1332 -9.00498
1333 -8.99285
1334 -8.98679
1335 -8.9974
1336 -8.99512
1337 -8.99437
1338 -9.01066
1339 -9.00687
1340 -9.00763
1341 -8.98982
1342 -8.99512
1343 -9.00649
1344 -9.00573
1345 -9.00346
1346 -8.99134
1347 -8.99816
1348 -8.98982
1349 -9.00573
1350 -8.98489
1351 -9.00308
1352 -9.019
1353 -8.9883
1354 -9.01066
1355 -9.00081
1356 -8.98793
1357 -8.9974
1358 -8.99285
1359 -9.00384
1360 -9.0099
1361 -9.00573
1362 -8.99929
1363 -9.01293
1364 -8.99626
1365 -8.99664
1366 -9.02241
1367 -8.9811
1368 -9.01104
1369 -9.01066
1370 -8.99399
1371 -9.00384
1372 -8.9883
1373 -8.99512
1374 -8.99323
1375 -9.00232
1376 -9.01028
1377 -8.99664
1378 -8.99437
1379 -9.00346
1380 -8.99588
1381 -9.0046
1382 -8.99778
1383 -9.00308
1384 -8.98755
1385 -8.98906
1386 -8.99475
1387 -8.98376
1388 -9.01028
1389 -8.99778
1390 -9.00535
1391 -8.99399
1392 -8.98944
1393 -9.00119
1394 -8.99664
1395 -9.01066
1396 -8.99626
1397 -9.00232
1398 -9.00119
1399 -9.0027
1400 -6.30303
1401 -2.36056
1402 -0.505834
1403 -0.0204607
1404 0.0689601
1405 0.0628977
1406 0.0367535
1407 0.0170506
1408 0.010609
1409 0.00492572
1410 0.00265207
1411 0.000378665
1412 0.000757566
1413 0.000378665
1414 0.000378665
1415 0.000378665
1416 -0.000378665
1417 0
1418 -0.000757566
1419 -0.000378665
1420 0
1421 -0.000378665
1422 0
1423 0.000757566
1424 0.000378665
1425 0.000378665
1426 -0.000757566
1427 -0.000757566
1428 0.000378665
1429 0
1430 0.000757566
1431 0.000378665
1432 0
1433 0
1434 -0.000378665
1435 0
1436 -0.000757566
1437 -0.000378665
1438 0.000378665
1439 0.000378665
1440 -0.000378665
1441 0.000378665
1442 -0.000757566
1443 0
1444 -0.000757566
1445 -0.000378665
1446 0.000378665
1447 -0.000378665
1448 0
1449 0
1450 0
1451 0.000378665
1452 0
1453 0.0284174
1454 4.99733
1455 7.66329
1456 8.80378
1457 9.06446
1458 9.08189
1459 9.04893
1460 9.02203
1461 9.01483
1462 9.00687
1463 9.00498
1464 9.0046
1465 9.00119
1466 8.99399
1467 9.00346
1468 8.99816
1469 9.00384
1470 8.99778
1471 8.99512
1472 9.00801
1473 8.99437
1474 9.00005
1475 8.98338
1476 9.00687
1477 8.99247
1478 8.99285
1479 9.00914
1480 8.99967
1481 9.00535
1482 8.99853
1483 8.9902
1484 9.00952
1485 8.99285
1486 9.00801
1487 8.98641
1488 9.00763
1489 9.01483
1490 9.00687
1491 8.99361
1492 8.98452
1493 9.00649
1494 8.9955
1495 9.0027
1496 8.99361
1497 8.99778
1498 9.00801
1499 8.99626
1500 8.99323
1501 8.99664
1502 9.00877
1503 8.99247
1504 9.00194
1505 9.00232
1506 9.00498
1507 8.99664
1508 8.99588
1509 8.99588
1510 9.01255
1511 8.99058
1512 8.99247
1513 9.00573
1514 8.99323
1515 9.00157
1516 8.99588
1517 9.01217
1518 9.00346
1519 8.99891
1520 9.00725
1521 8.99702
1522 9.01028
1523 8.99399
1524 9.00043
1525 9.00535
1526 8.98944
1527 9.0027
1528 9.00194
1529 8.99853
1530 9.00346
1531 8.99058
1532 9.00649
1533 9.00119
1534 9.0046
1535 8.98982
1536 9.0046
1537 9.01066
1538 8.99058
1539 9.01142
1540 8.98906
1541 8.99209
1542 8.97807
1543 8.99285
1544 8.99209
1545 8.98944
1546 9.00081
1547 9.00346
1548 8.98338
1549 9.00308
1550 8.99171
1551 9.0099
1552 8.99891
1553 9.00801
1554 9.00839
1555 9.01407
1556 8.98906
1557 8.98527
1558 8.99209
1559 8.99816
1560 8.3904
1561 3.13011
1562 0.908606
1563 0.0909362
1564 -0.0291752
1565 -0.0682023
1566 -0.0413003
1567 -0.022355
1568 -0.00947254
1569 -0.00492572
1570 -0.00151537
1571 -0.000757566
1572 -0.000378665
1573 0
1574 0
1575 0
1576 0
1577 0.000378665
1578 0.000378665
1579 0
1580 0
1581 0.000378665
1582 0.000378665
1583 0
1584 0.000378665
1585 0.000757566
1586 -0.000378665
1587 0
1588 0.000378665
1589 0.000757566
1590 0
1591 0
1592 0.000378665
1593 0.000378665
1594 -0.000378665
1595 0
1596 -0.000378665
1597 -0.000757566
1598 0.000378665
1599 0
1600 -0.000378665
1601 0
1602 0.000757566
1603 0
1604 0.000378665
1605 0.000757566
1606 0.000378665
1607 0.000378665
1608 0
1609 0.000378665
1610 0
1611 -0.000378665
1612 0.000378665
1613 0.000757566
1614 -3.68217
1615 -7.07144
1616 -8.6094
1617 -9.0368
1618 -9.08568
1619 -9.05348
1620 -9.0171
1621 -9.00498
1622 -8.99929
1623 -9.00308
1624 -8.99778
1625 -9.00157
1626 -9.00611
1627 -9.00346
1628 -8.99816
1629 -9.00801
1630 -9.00573
1631 -9.00119
1632 -8.99209
1633 -9.01104
1634 -9.00535
1635 -8.98565
1636 -9.00119
1637 -8.99626
1638 -8.99171
1639 -8.99664
1640 -8.99171
1641 -8.99891
1642 -8.99475
1643 -8.99323
1644 -8.9883
1645 -8.99512
1646 -9.00043
1647 -9.00573
1648 -8.99664
1649 -9.00649
1650 -9.01596
1651 -9.00005
1652 -9.00232
1653 -8.99702
1654 -9.00005
1655 -9.01066
1656 -9.00573
1657 -9.00384
1658 -9.00422
1659 -9.00157
1660 -8.99361
1661 -8.99399
1662 -8.99778
1663 -8.99475
1664 -9.00611
1665 -8.99285
1666 -8.99929
1667 -9.00498
1668 -8.99891
1669 -9.00422
1670 -8.98944
1671 -9.00952
1672 -8.99209
1673 -9.00763
1674 -9.00498
1675 -9.00157
1676 -9.0046
1677 -9.00498
1678 -9.00839
1679 -8.99588
1680 -8.99437
1681 -9.00308
1682 -8.99891
1683 -9.00535
1684 -9.00157
1685 -9.00611
1686 -9.00573
1687 -8.98186
1688 -8.98603
1689 -8.99361
1690 -9.00081
1691 -8.9955
1692 -9.01445
1693 -9.01104
1694 -9.01066
1695 -9.00611
1696 -8.99361
1697 -9.00914
1698 -9.00422
1699 -9.00611
1700 -9.00232
1701 -8.99702
1702 -9.00232
1703 -9.02392
1704 -8.99967
1705 -8.9902
1706 -8.99967
1707 -8.99361
1708 -9.00119
1709 -9.00081
1710 -9.00384
1711 -8.99853
1712 -8.99512
1713 -9.00232
1714 -9.01217
1715 -8.99588
1716 -8.99853
1717 -9.00119
1718 -9.00498
1719 -8.99778
1720 -8.99096
1721 -4.3801
1722 -1.16133
1723 -0.16899
1724 0.0318277
1725 0.0689601
1726 0.0522882
1727 0.0215972
1728 0.0128824
1729 0.00681999
1730 0.00340988
1731 0.00151537
1732 0.0011367
1733 0.000378665
1734 -0.0011367
1735 0.000757566
1736 0
1737 -0.000378665
1738 0
1739 0.000378665
1740 -0.000378665
1741 0
1742 0
1743 -0.000757566
1744 0.000378665
1745 0
1746 0
1747 0
1748 0
1749 -0.000378665
1750 0.000378665
1751 -0.000378665
1752 -0.000378665
1753 0.000757566
1754 0.000378665
1755 -0.000378665
1756 -0.000378665
1757 0.000757566
1758 -0.000378665
1759 -0.0011367
1760 0
1761 0
1762 0.000757566
1763 0
1764 0.000378665
1765 0.000378665
1766 0.000378665
1767 -0.000378665
1768 -0.000378665
1769 -0.000378665
1770 -0.000757566
1771 -0.000378665
1772 0
1773 0.000378665
1774 2.05403
1775 6.3538
1776 8.25816
1777 8.97239
1778 9.06674
1779 9.05689
1780 9.03529
1781 9.01104
1782 9.01748
1783 9.0027
1784 9.0027
1785 8.98944
1786 9.00725
1787 9.00043
1788 9.0027
1789 8.99058
1790 9.00308
1791 9.00005
1792 8.99285
1793 9.00232
1794 9.00194
1795 9.00535
1796 8.99816
1797 9.0027
1798 9.00005
1799 9.0046
1800 9.00194
1801 9.00119
1802 8.99285
1803 9.00157
1804 9.00232
1805 8.99967
1806 9.00763
1807 8.99853
1808 9.00877
1809 8.99626
1810 9.01028
1811 8.99778
1812 9.0118
1813 9.00232
1814 9.00005
1815 9.00649
1816 9.00422
1817 8.99247
1818 8.99967
1819 8.98717
1820 9.00611
1821 8.99171
1822 9.00232
1823 8.9955
1824 8.99929
1825 9.00725
1826 8.99361
1827 9.00157
1828 8.99437
1829 9.00005
1830 9.00535
1831 8.9974
1832 8.9974
1833 9.00043
1834 8.99285
1835 8.99247
1836 8.98527
1837 8.99816
1838 8.99285
1839 9.00914
1840 8.99058
1841 9.00308
1842 8.99512
1843 8.99778
1844 9.00119
1845 8.9974
1846 9.01142
1847 8.98527
1848 8.99361
1849 8.99285
1850 8.98868
1851 8.9955
1852 9.01142
1853 9.0046
1854 9.01142
1855 8.98793
1856 8.99702
1857 8.98906
1858 9.01293
1859 8.99853
1860 8.98793
1861 9.01142
1862 8.99702
1863 9.00308
1864 8.98944
1865 9.00384
1866 9.00763
1867 8.9955
1868 8.99285
1869 9.00005
1870 9.00157
1871 9.0027
1872 8.98073
1873 9.00914
1874 9.00119
1875 9.00384
1876 8.98679
1877 8.98944
1878 9.0046
1879 9.00308
1880 8.99929
1881 5.28757
1882 2.00325
1883 0.40012
1884 -0.0113668
1885 -0.0716124
1886 -0.0617607
1887 -0.0284174
1888 -0.0185662
1889 -0.00719889
1890 -0.00378878
1891 -0.00189427
1892 -0.000378665
1893 -0.0011367
1894 -0.000378665
1895 0
1896 0.000757566
1897 0.000378665
1898 -0.000757566
1899 0
1900 0.000378665
1901 0
1902 0.000757566
1903 0
1904 -0.000378665
1905 0.000378665
1906 0
1907 0
1908 0.000757566
1909 0.000757566
1910 0.000378665
1911 -0.000378665
1912 -0.000757566
1913 0
1914 -0.0011367
1915 0.000757566
1916 0
1917 0
1918 0.000378665
1919 0
1920 0
1921 0
1922 0.000378665
1923 0.000378665
1924 0.0011367
1925 0
1926 0
1927 -0.000757566
1928 -0.000378665
1929 0
1930 -0.000378665
1931 -0.000378665
1932 0
1933 -0.000757566
1934 -0.403909
1935 -5.29326
1936 -7.88418
1937 -8.86857
1938 -9.08341
1939 -9.06674
1940 -9.0368
1941 -9.01104
1942 -9.00649
1943 -9.00194
1944 -9.00119
1945 -9.00801
1946 -8.99626
1947 -8.99437
1948 -9.00611
1949 -9.0027
1950 -9.00498
1951 -8.99437
1952 -9.0027
1953 -8.98565
1954 -9.00422
1955 -9.0046
1956 -8.99096
1957 -8.99702
1958 -9.00119
1959 -8.99664
1960 -9.00535
1961 -8.98603
1962 -8.99853
1963 -8.98906
1964 -8.98982
1965 -8.99096
1966 -9.00952
1967 -9.01407
1968 -8.99437
1969 -9.00498
1970 -8.98868
1971 -9.00384
1972 -8.99891
1973 -9.01255
1974 -9.00687
1975 -8.99361
1976 -9.00081
1977 -8.99702
1978 -8.9902
1979 -9.00573
1980 -9.0027
1981 -9.00081
1982 -9.00308
1983 -9.00081
1984 -9.00801
1985 -9.00877
1986 -8.99437
1987 -8.9974
1988 -9.00914
1989 -8.99588
1990 -8.99437
1991 -8.99702
1992 -8.99853
1993 -8.99929
1994 -9.00498
1995 -8.99626
1996 -8.98944
1997 -9.01445
1998 -9.00763
1999 -9.00005
2000 -9.00232
2001 -9.00877
2002 -8.99929
2003 -9.00763
2004 -9.00573
2005 -9.00914
2006 -9.00043
2007 -9.01369
2008 -8.99475
2009 -9.00081
2010 -9.00384
2011 -8.9902
2012 -8.99664
2013 -9.00384
2014 -8.99702
2015 -9.00346
2016 -8.99209
2017 -8.99475
2018 -9.01217
2019 -9.00422
2020 -9.00877
2021 -8.99664
2022 -9.00232
2023 -9.0046
2024 -9.00384
2025 -8.99588
2026 -8.99247
2027 -8.99778
2028 -8.99247
2029 -8.99853
2030 -9.00801
2031 -8.9974
2032 -9.01634
2033 -8.9883
2034 -9.01824
2035 -8.99588
2036 -8.98755
2037 -8.983
2038 -8.99361
2039 -8.99853
2040 -8.99096
2041 -6.39245
2042 -2.62503
2043 -0.609653
2044 -0.0151558
2045 0.0621399
2046 0.0644133
2047 0.0409214
2048 0.0174295
2049 0.00947254
2050 0.00454682
2051 0.00265207
2052 0.0011367
2053 0.000378665
2054 0
2055 -0.000378665
2056 -0.000378665
2057 -0.000378665
2058 0
2059 -0.000378665
2060 0
2061 -0.000757566
2062 0
2063 0
2064 0.000378665
2065 0.000378665
2066 0
2067 -0.000757566
2068 -0.000757566
2069 0.000378665
2070 0.000378665
2071 -0.00151537
2072 0
2073 0.000378665
2074 0
2075 0
2076 0.000378665
2077 -0.000757566
2078 0.000378665
2079 0
2080 0
2081 0.000378665
2082 0
2083 0
2084 0
2085 0.000378665
2086 0
2087 -0.000378665
2088 0
2089 0
2090 0
2091 0.000378665
2092 0.000378665
2093 0.000378665
2094 -0.000378665
2095 3.67535
2096 6.94451
2097 8.62418
2098 9.01824
2099 9.08796
2100 9.06409
2101 9.03112
2102 9.02354
2103 9.01331
2104 9.00081
2105 8.9955
2106 8.98755
2107 8.99171
2108 9.00725
2109 9.00498
2110 8.9902
2111 9.00081
2112 8.99209
2113 8.99853
2114 8.9902
2115 8.99475
2116 9.01217
2117 8.9974
2118 8.99967
2119 9.00157
2120 8.99437
2121 9.0099
2122 8.99512
2123 9.00952
2124 8.9955
2125 8.99171
2126 8.99171
2127 9.01937
2128 9.0099
2129 9.00119
2130 9.01331
2131 9.00687
2132 8.98906
2133 9.00611
2134 8.99853
2135 8.99361
2136 9.00422
2137 8.99134
2138 9.01369
2139 8.98755
2140 8.99929
2141 9.00308
2142 9.00801
2143 8.99323
2144 8.9883
2145 8.99096
2146 8.99285
2147 9.01255
2148 9.00157
2149 8.9955
2150 9.01672
2151 8.99399
2152 9.00801
2153 9.00157
2154 8.99626
2155 8.99588
2156 8.99399
2157 9.00611
2158 8.99247
2159 9.00498
2160 8.99664
2161 9.00801
2162 8.99361
2163 8.98906
2164 9.00801
2165 8.9955
2166 9.00725
2167 8.99323
2168 9.00687
2169 9.0118
2170 9.00384
2171 8.99361
2172 8.99588
2173 9.01483
2174 9.00535
2175 8.98186
2176 9.00005
2177 8.9883
2178 9.00498
2179 8.99475
2180 8.98527
2181 8.99816
2182 8.98868
2183 9.0118
2184 9.01142
2185 9.0027
2186 9.01104
2187 8.98414
2188 8.99778
2189 8.99323
2190 9.00877
2191 9.00498
2192 8.99361
2193 9.00952
2194 9.00801
2195 9.00649
2196 9.0027
2197 9.0046
2198 8.99778
2199 8.99171
2200 8.99816
2201 8.95193
2202 4.40246
2203 1.16399
2204 0.178084
2205 -0.0314488
2206 -0.045468
2207 -0.0515304
2208 -0.0284174
2209 -0.014398
2210 -0.00568329
2211 -0.00303098
2212 -0.000757566
2213 0
2214 0
2215 0
2216 0
2217 0
2218 -0.000378665
2219 0
2220 0
2221 0.000757566
2222 -0.000378665
2223 -0.000757566
2224 0.000757566
2225 -0.000378665
2226 0
2227 0
2228 0
2229 0
2230 0.000378665
2231 0.000378665
2232 0
2233 0.000378665
2234 0.000378665
2235 0.000378665
2236 0
2237 -0.000757566
2238 -0.000378665
2239 -0.000757566
2240 0
2241 0.000757566
2242 0.000378665
2243 0.000757566
2244 0
2245 0
2246 0
2247 -0.000378665
2248 -0.000757566
2249 0.000378665
2250 0
2251 0.000378665
2252 0.000757566
2253 0.000757566
2254 0
2255 -2.6364
2256 -6.38411
2257 -8.21269
2258 -8.98868
2259 -9.06105
2260 -9.05575
2261 -9.02013
2262 -9.00839
2263 -9.02316
2264 -9.00725
2265 -8.9974
2266 -9.00687
2267 -9.0099
2268 -8.99778
2269 -9.00308
2270 -9.00952
2271 -9.00043
2272 -9.00346
2273 -9.00498
2274 -9.00801
2275 -8.99778
2276 -8.99702
2277 -9.00725
2278 -9.00119
2279 -8.99171
2280 -9.01104
2281 -8.9974
2282 -8.98982
2283 -8.99816
2284 -9.00839
2285 -8.99399
2286 -8.99702
2287 -8.9955
2288 -9.01255
2289 -9.00119
2290 -9.00157
2291 -8.99171
2292 -8.99437
2293 -8.99058
2294 -8.99437
2295 -8.9902
2296 -9.00422
2297 -8.98148
2298 -8.99891
2299 -9.01748
2300 -8.9974
2301 -9.02165
2302 -8.98376
2303 -9.00308
2304 -9.01217
2305 -8.99778
2306 -9.01255
2307 -9.00384
2308 -9.01445
2309 -8.98603
2310 -8.98527
2311 -9.00535
2312 -8.99171
2313 -9.01483
2314 -9.00119
2315 -9.0046
2316 -9.00043
2317 -9.00081
2318 -9.01634
2319 -8.9902
2320 -8.99475
2321 -9.00801
2322 -8.99171
2323 -8.99399
2324 -8.98982
2325 -8.99853
2326 -9.0027
2327 -8.99891
2328 -9.01104
2329 -8.99437
2330 -9.00839
2331 -8.99134
2332 -8.99967
2333 -9.00308
2334 -8.9955
2335 -8.99588
2336 -8.983
2337 -8.99967
2338 -8.99853
2339 -9.00687
2340 -8.99096
2341 -9.01521
2342 -8.99437
2343 -8.9883
2344 -9.00914
2345 -8.99096
2346 -8.99778
2347 -9.00043
2348 -8.99778
2349 -8.99475
2350 -8.98755
2351 -9.00346
2352 -9.00498
2353 -8.98452
2354 -8.99323
2355 -9.00611
2356 -9.00952
2357 -9.00573
2358 -8.99664
2359 -9.01104
2360 -8.97921
2361 -8.99285
2362 -4.87608
2363 -1.64633
2364 -0.308426
2365 0.0121246
2366 0.0742647
2367 0.0553194
2368 0.0280385
2369 0.015535
2370 0.00719889
2371 0.00340988
2372 0.00189427
2373 0.000757566
2374 0.000757566
2375 0
2376 0.000757566
2377 0.000378665
2378 0
2379 -0.000378665
2380 0.000378665
2381 -0.000378665
2382 -0.000378665
2383 0
2384 0
2385 0.000378665
2386 0
2387 0.000378665
2388 0.000757566
2389 0.000378665
2390 0.000378665
2391 -0.000378665
2392 -0.000378665
2393 0.000378665
2394 -0.000757566
2395 0.000378665
2396 -0.000378665
2397 0
2398 0
2399 0.000757566
2400 -0.000378665
2401 0
2402 0
2403 0.00151537
2404 0
2405 0
2406 0
2407 -0.000757566
2408 0
2409 0.000378665
2410 0.000757566
2411 0.000378665
2412 0.000378665
2413 0.000757566
2414 0
2415 0.476658
2416 5.64563
2417 8.20663
2418 8.87691
2419 9.06522
2420 9.06977
2421 9.03718
2422 9.0099
2423 9.02051
2424 8.9974
2425 9.00649
2426 8.99929
2427 8.983
2428 9.00914
2429 8.99853
2430 9.00725
2431 8.99096
2432 8.99664
2433 9.00346
2434 8.98641
2435 8.99967
2436 8.99853
2437 9.00801
2438 8.99399
2439 8.99323
2440 8.99512
2441 9.00877
2442 8.99929
2443 8.99702
2444 8.99588
2445 9.00839
2446 8.99816
2447 9.00611
2448 8.99853
2449 8.99702
2450 9.00081
2451 9.0027
2452 9.01407
2453 9.00043
2454 8.99323
2455 8.99929
2456 8.98944
2457 9.01596
2458 8.99323
2459 8.99588
2460 8.99702
2461 8.9955
2462 9.00801
2463 9.00081
2464 9.00157
2465 9.00384
2466 8.98755
2467 8.98755
2468 9.00157
2469 9.00498
2470 8.99285
2471 9.00005
2472 8.99399
2473 9.00119
2474 9.00839
2475 8.99437
2476 9.01369
2477 8.98868
2478 8.99891
2479 9.01028
2480 8.99285
2481 9.00194
2482 9.00157
2483 9.0046
2484 8.99247
2485 8.9883
2486 9.00498
2487 8.98944
2488 8.98755
2489 8.99247
2490 9.00573
2491 8.9974
2492 8.99247
2493 9.0027
2494 8.98755
2495 9.01672
2496 9.0046
2497 9.02278
2498 8.9974
2499 9.0027
2500 9.00801
2501 8.99588
2502 9.00535
2503 9.01862
2504 8.99058
2505 9.00119
2506 9.01445
2507 9.00573
2508 9.0046
2509 8.99475
2510 9.0099
2511 8.99437
2512 9.00877
2513 9.00801
2514 9.00763
2515 8.99967
2516 8.98452
2517 8.99778
2518 9.00157
2519 9.01596
2520 9.00081
2521 8.98868
2522 5.81084
2523 2.22908
2524 0.519853
2525 -0.00151537
2526 -0.0689601
2527 -0.06555
2528 -0.0352379
2529 -0.0178084
2530 -0.00871474
2531 -0.00340988
2532 -0.0011367
2533 -0.000378665
2534 0
2535 -0.000378665
2536 0.000378665
2537 -0.000378665
2538 0
2539 0
2540 -0.000378665
2541 0
2542 0
2543 -0.000378665
2544 0.000378665
2545 0.000378665
2546 0.000378665
2547 0.000378665
2548 0.000378665
2549 0
2550 0.000378665
2551 0.000378665
2552 -0.000378665
2553 0.000757566
2554 0.000757566
2555 -0.000378665
2556 0.000757566
2557 0.000757566
2558 0
2559 0
2560 0
2561 0
2562 0.000378665
2563 0
2564 -0.000378665
2565 -0.000378665
2566 0
2567 -0.000378665
2568 0.000378665
2569 0.000757566
2570 -0.000378665
2571 0
2572 -0.000378665
2573 0
2574 -0.000378665
2575 -0.00227341
2576 -4.89351
2577 -7.86903
2578 -8.83258
2579 -9.07962
2580 -9.06371
2581 -9.0459
2582 -9.019
2583 -9.00119
2584 -9.00081
2585 -8.99778
2586 -9.00346
2587 -9.00725
2588 -9.00308
2589 -8.99588
2590 -8.99361
2591 -8.99816
2592 -9.00649
2593 -9.01293
2594 -9.00498
2595 -8.99058
2596 -8.99891
2597 -8.99967
2598 -9.00232
2599 -9.00005
2600 -8.99323
2601 -9.00005
2602 -8.99588
2603 -8.98565
2604 -8.9974
2605 -9.00157
2606 -9.00611
2607 -9.0046
2608 -9.00573
2609 -8.99171
2610 -9.00346
2611 -8.99058
2612 -8.99058
2613 -9.00611
2614 -8.98868
2615 -9.00422
2616 -8.99323
2617 -9.00043
2618 -8.98186
2619 -9.00611
2620 -8.99929
2621 -8.98906
2622 -8.98489
2623 -9.0027
2624 -9.01521
2625 -9.00498
2626 -8.98641
2627 -9.00914
2628 -8.99361
2629 -9.0099
2630 -8.99134
2631 -9.00573
2632 -8.98489
2633 -8.98755
2634 -8.99778
2635 -9.00384
2636 -8.99664
2637 -9.00611
2638 -8.98527
2639 -9.00498
2640 -8.98868
2641 -9.00535
2642 -9.00649
2643 -8.99891
2644 -8.99891
2645 -8.99778
2646 -9.00194
2647 -9.00687
2648 -9.00801
2649 -8.99778
2650 -8.9955
2651 -9.0046
2652 -9.00649
2653 -9.00611
2654 -9.00384
2655 -9.00308
2656 -9.00763
2657 -8.99664
2658 -9.00346
2659 -9.00005
2660 -9.01255
2661 -9.01104
2662 -8.99475
2663 -8.99626
2664 -9.01255
2665 -8.99702
2666 -9.01369
2667 -9.00157
2668 -9.00194
2669 -9.00005
2670 -8.9974
2671 -9.01217
2672 -8.983
2673 -9.01672
2674 -8.99588
2675 -9.00877
2676 -8.99171
2677 -8.98982
2678 -8.99929
2679 -8.98603
2680 -9.00081
2681 -9.00194
2682 -7.1961
2683 -2.81221
2684 -0.674066
2685 -0.0583506
2686 0.0538038
2687 0.0682023
2688 0.0409214
2689 0.019324
2690 0.00909364
2691 0.00530439
2692 0.00227341
2693 0.000757566
2694 0.0011367
2695 0.000757566
2696 0.000757566
2697 0
2698 -0.000378665
2699 0
2700 0.000378665
2701 0
2702 -0.000378665
2703 0
2704 0.000378665
2705 -0.000378665
2706 0
2707 -0.000757566
2708 0
2709 -0.000757566
2710 0.000378665
2711 -0.000378665
2712 0.000757566
2713 0
2714 -0.000378665
2715 0.0011367
2716 0
2717 0.000378665
2718 0
2719 -0.000757566
2720 0
2721 0.000378665
2722 -0.000378665
2723 0.000378665
2724 0.000378665
2725 0.00189427
2726 0.000378665
2727 0
2728 0.000378665
2729 0.000378665
2730 0
2731 0.000378665
2732 0
2733 -0.000378665
2734 0
2735 0
2736 3.98983
2737 7.30901
2738 8.68632
2739 9.00914
2740 9.07659
2741 9.04173
2742 9.0387
2743 9.019
2744 9.00308
2745 9.00157
2746 9.00346
2747 8.99361
2748 9.00232
2749 8.99399
2750 8.99853
2751 8.98793
2752 8.99588
2753 8.99134
2754 8.99702
2755 8.9902
2756 9.01331
2757 9.00005
2758 8.99058
2759 8.99399
2760 8.99664
2761 9.00119
2762 8.99853
2763 9.00611
2764 8.9902
2765 8.98452
2766 8.99247
2767 9.00005
2768 9.00005
2769 9.02468
2770 8.99323
2771 8.99967
2772 8.99778
2773 8.98414
2774 9.00346
2775 8.99058
2776 9.01786
2777 8.98603
2778 8.99361
2779 9.00043
2780 8.99247
2781 9.00157
2782 8.99778
2783 8.99512
2784 8.99967
2785 9.00081
2786 9.00611
2787 8.99209
2788 8.99816
2789 8.99664
2790 8.9974
2791 8.9955
2792 9.00157
2793 8.9902
2794 8.99209
2795 9.00801
2796 8.99399
2797 9.00119
2798 9.00649
2799 8.9974
2800 9.00649
2801 9.00422
2802 8.99399
2803 8.99664
2804 8.99475
2805 8.99853
2806 8.98414
2807 9.00157
2808 8.99361
2809 9.00877
2810 9.00763
2811 9.0027
2812 9.01217
2813 9.00194
2814 9.01255
2815 8.99399
2816 9.0099
2817 9.01369
2818 8.99058
2819 9.00346
2820 9.00308
2821 8.9955
2822 9.00346
2823 9.00308
2824 9.01445
2825 8.99171
2826 8.99891
2827 9.00232
2828 9.00573
2829 9.01975
2830 8.99664
2831 8.99588
2832 9.00498
2833 8.99664
2834 9.00763
2835 9.00687
2836 9.00232
2837 8.99816
2838 9.00914
2839 9.00346
2840 8.98755
2841 8.9902
2842 8.97012
2843 3.70566
2844 1.13064
2845 0.150045
2846 -0.0401636
2847 -0.0757803
2848 -0.0450891
2849 -0.0242495
2850 -0.0117457
2851 -0.00644109
2852 -0.00227341
2853 -0.000757566
2854 0
2855 -0.0011367
2856 0.000378665
2857 0
2858 0.000757566
2859 0
2860 -0.000378665
2861 0.000757566
2862 0
2863 0
2864 0.000378665
2865 0
2866 -0.000378665
2867 0.000378665
2868 0
2869 0
2870 0.000378665
2871 0
2872 0.000378665
2873 0.0011367
2874 0.000378665
2875 0
2876 -0.000378665
2877 -0.000378665
2878 0.000378665
2879 0.000757566
2880 0.000757566
2881 0.000378665
2882 -0.000757566
2883 -0.000757566
2884 0.000378665
2885 0.000378665
2886 0.000378665
2887 -0.000757566
2888 -0.000378665
2889 0
2890 0
2891 0.000378665
2892 0
2893 -0.000378665
2894 0
2895 0.000757566
2896 -2.7262
2897 -6.85812
2898 -8.47489
2899 -9.00157
2900 -9.05954
2901 -9.05461
2902 -9.01596
2903 -9.0118
2904 -9.01217
2905 -9.00384
2906 -8.99967
2907 -8.98641
2908 -9.00649
2909 -8.98073
2910 -9.00157
2911 -8.99967
2912 -8.99778
2913 -9.00952
2914 -9.00573
2915 -9.00043
2916 -8.99853
2917 -9.00194
2918 -9.00308
2919 -8.99361
2920 -9.01445
2921 -9.00839
2922 -8.99891
2923 -8.99778
2924 -9.00081
2925 -9.01104
2926 -9.00232
2927 -8.99929
2928 -9.00914
2929 -8.9955
2930 -9.01142
2931 -8.9974
2932 -9.00535
2933 -8.98338
2934 -8.99285
2935 -8.99891
2936 -8.99702
2937 -9.00232
2938 -8.9955
2939 -9.00194
2940 -8.99778
2941 -8.9955
2942 -9.00839
2943 -8.9883
2944 -9.00232
2945 -9.01369
2946 -8.9883
2947 -9.01672
2948 -9.00801
2949 -8.99778
2950 -8.99437
2951 -8.99323
2952 -9.00914
2953 -8.99437
2954 -9.00839
2955 -9.01104
2956 -9.00498
2957 -8.99096
2958 -8.9955
2959 -8.99891
2960 -9.0046
2961 -9.00346
2962 -8.99967
2963 -8.98793
2964 -9.01028
2965 -8.99209
2966 -9.00346
2967 -8.98565
2968 -9.01634
2969 -8.99209
2970 -8.99247
2971 -9.01104
2972 -8.99588
2973 -9.01331
2974 -8.98376
2975 -8.99512
2976 -8.99323
2977 -8.98982
2978 -9.01521
2979 -8.98186
2980 -8.99891
2981 -9.00611
2982 -8.98906
2983 -9.0046
2984 -8.98906
2985 -8.99853
2986 -9.00081
2987 -8.99437
2988 -9.01104
2989 -9.00535
2990 -9.00535
2991 -8.99702
2992 -9.00422
2993 -9.00649
2994 -8.99588
2995 -8.99626
2996 -8.9955
2997 -9.00535
2998 -9.00725
2999 -8.99929
3000 -9.0046
3001 -8.99437
3002 -9.00232
3003 -4.49074
3004 -1.45574
3005 -0.185662
3006 0.0227339
3007 0.0716124
3008 0.0519093
3009 0.0276596
3010 0.0147769
3011 0.0075778
3012 0.00378878
3013 0.00151537
3014 0
3015 0
3016 -0.000378665
3017 -0.000378665
3018 -0.000378665
3019 -0.000378665
3020 -0.00151537
3021 -0.000378665
3022 0
3023 0
3024 0.000378665
3025 0.000378665
3026 0
3027 0
3028 0.000378665
3029 0.000378665
3030 0
3031 0
3032 -0.00151537
3033 0.000757566
3034 -0.000757566
3035 0.000378665
3036 -0.000378665
3037 0.000378665
3038 -0.000378665
3039 0.000378665
3040 0.000378665
3041 0.000378665
3042 -0.000757566
3043 -0.000378665
3044 -0.000757566
3045 0.000378665
3046 0
3047 0.00151537
3048 -0.000378665
3049 0.000757566
3050 0.000757566
3051 0.000378665
3052 -0.000378665
3053 -0.000378665
3054 -0.000378665
3055 -0.000378665
3056 1.44703
3057 6.12532
3058 8.2252
3059 8.92086
3060 9.06181
3061 9.06712
3062 9.02619
3063 9.01824
3064 9.00839
3065 8.99171
3066 9.00081
3067 9.01293
3068 8.99096
3069 9.00952
3070 8.98717
3071 9.00157
3072 8.99096
3073 9.01596
3074 8.99588
3075 8.99929
3076 8.99891
3077 8.99323
3078 8.99134
3079 9.00725
3080 8.99209
3081 9.00877
3082 8.9955
3083 8.9974
3084 8.99778
3085 8.98944
3086 8.98982
3087 8.99967
3088 8.99323
3089 9.00384
3090 9.00232
3091 9.00384
3092 9.00839
3093 8.99967
3094 9.00232
3095 9.0099
3096 8.98944
3097 8.99853
3098 9.00157
3099 8.98944
3100 9.00005
3101 9.00384
3102 8.99096
3103 8.983
3104 8.99209
3105 8.99512
3106 8.99209
3107 8.99778
3108 8.98868
3109 8.99778
3110 8.9902
3111 8.99475
3112 9.00081
3113 9.01331
3114 8.98717
3115 8.99664
3116 9.00005
3117 9.00801
3118 9.00043
3119 9.01066
3120 9.00801
3121 8.98338
3122 8.99512
3123 9.00573
3124 9.00801
3125 8.99323
3126 9.01293
3127 8.99247
3128 8.99323
3129 8.99058
3130 8.99171
3131 9.00346
3132 8.99399
3133 8.99664
3134 8.98793
3135 9.00157
3136 9.01331
3137 8.98489
3138 8.99512
3139 9.00839
3140 9.00232
3141 9.00043
3142 8.99891
3143 9.00081
3144 9.01066
3145 9.00194
3146 9.00877
3147 8.99929
3148 8.99816
3149 8.99247
3150 8.9955
3151 9.00384
3152 8.98755
3153 8.99285
3154 9.00725
3155 9.00232
3156 8.98755
3157 9.00005
3158 9.01558
3159 9.01331
3160 9.00119
3161 9.00157
3162 9.01293
3163 6.10789
3164 2.3257
3165 0.514548
3166 -0.00871474
3167 -0.0716124
3168 -0.0659289
3169 -0.0337222
3170 -0.0170506
3171 -0.00795693
3172 -0.00340988
3173 -0.00189427
3174 0.000378665
3175 -0.00189427
3176 -0.000378665
3177 0
3178 0.0197029
3179 -0.000757566
3180 -0.000378665
3181 -0.000378665
3182 0
3183 0
3184 0
3185 -0.000378665
3186 0.0011367
3187 0.000757566
3188 0
3189 0
3190 0.000378665
3191 -0.000378665
3192 -0.000378665
3193 0
3194 0
3195 0
3196 -0.000378665
3197 0
3198 0
3199 0.000378665
3200 0.0011367
3201 0
3202 0.000378665
3203 -0.000378665
3204 -0.000378665
3205 -0.000378665
3206 0.000378665
3207 -0.000757566
3208 -0.000378665
3209 0.000378665
3210 0.000378665
3211 0
3212 0
3213 0.000378665
3214 0.000378665
3215 0
3216 -0.000378665
3217 -5.20649
3218 -7.8156
3219 -8.83068
3220 -9.06522
3221 -9.05992
3222 -9.04628
3223 -9.01672
3224 -9.00346
3225 -9.00043
3226 -9.0027
3227 -9.00763
3228 -9.01293
3229 -9.00232
3230 -9.00346
3231 -8.9902
3232 -9.00232
3233 -9.00194
3234 -8.9955
3235 -8.99285
3236 -8.99664
3237 -9.01862
3238 -8.99664
3239 -9.00877
3240 -9.019
3241 -9.00422
3242 -9.00157
3243 -9.00308
3244 -8.98679
3245 -8.99778
3246 -8.98868
3247 -9.00952
3248 -8.9974
3249 -8.99475
3250 -8.99437
3251 -8.99399
3252 -9.00194
3253 -8.99475
3254 -9.01672
3255 -9.00384
3256 -9.01407
3257 -8.98982
3258 -8.98906
3259 -9.01445
3260 -9.01369
3261 -9.00384
3262 -8.99399
3263 -9.0118
3264 -8.9883
3265 -8.99778
3266 -9.00308
3267 -8.98073
3268 -8.98717
3269 -8.99171
3270 -9.01483
3271 -8.9902
3272 -9.00081
3273 -8.99664
3274 -8.99437
3275 -9.01142
3276 -9.00914
3277 -8.98679
3278 -9.00725
3279 -9.00346
3280 -8.99437
3281 -8.99967
3282 -9.00346
3283 -9.01142
3284 -8.9955
3285 -9.00119
3286 -8.99702
3287 -9.00232
3288 -9.00346
3289 -8.99626
3290 -8.99891
3291 -8.99626
3292 -9.00877
3293 -9.00308
3294 -8.99967
3295 -9.00119
3296 -8.97845
3297 -9.00422
3298 -8.99437
3299 -9.00384
3300 -8.99664
3301 -9.00081
3302 -8.99588
3303 -9.00346
3304 -9.00005
3305 -9.0099
3306 -9.00081
3307 -8.99512
3308 -9.00801
3309 -9.00801
3310 -9.00157
3311 -9.00346
3312 -8.98944
3313 -8.99929
3314 -8.99323
3315 -8.99096
3316 -8.99588
3317 -8.9955
3318 -8.99399
3319 -8.99399
3320 -8.98603
3321 -9.0027
3322 -8.99134
3323 -7.47573
3324 -3.03349
3325 -0.729764
3326 -0.0409214
3327 0.0632766
3328 0.06555
3329 0.0375113
3330 0.0197029
3331 0.00985144
3332 0.00454682
3333 0.00189427
3334 0.000757566
3335 0.000378665
3336 0.000378665
3337 0.000378665
3338 0
3339 -0.000378665
3340 0
3341 0
3342 0
3343 0
3344 -0.000757566
3345 0.000757566
3346 0.000378665
3347 0
3348 0
3349 0
3350 0
3351 0
3352 0
3353 -0.000378665
3354 -0.000378665
3355 0.000378665
3356 -0.000378665
3357 -0.000378665
3358 -0.000378665
3359 0
3360 0
3361 0
3362 0.000757566
3363 -0.000378665
3364 0.000378665
3365 0.000757566
3366 0.000378665
3367 -0.000378665
3368 0.000378665
3369 0
3370 0.000378665
3371 0.000378665
3372 0.000378665
3373 0
3374 0
3375 0
3376 0
3377 3.40026
3378 6.94602
3379 8.51506
3380 9.01483
3381 9.08682
3382 9.05158
3383 9.01369
3384 9.00763
3385 8.99929
3386 9.01142
3387 9.01672
3388 9.00157
3389 9.00005
3390 9.00535
3391 8.99361
3392 8.99134
3393 8.99285
3394 8.99134
3395 9.00194
3396 9.00611
3397 8.99171
3398 8.99247
3399 8.99209
3400 9.00308
3401 9.00763
3402 9.00535
3403 9.00839
3404 9.00535
3405 9.00194
3406 9.00573
3407 8.9955
3408 9.00232
3409 8.99209
3410 9.01672
3411 9.0027
3412 8.99778
3413 9.01066
3414 9.00763
3415 9.00346
3416 9.00043
3417 8.9955
3418 9.01066
3419 9.00232
3420 9.00573
3421 8.99399
3422 9.01672
3423 8.99285
3424 9.00232
3425 9.00232
3426 9.00005
3427 8.9955
3428 8.99891
3429 9.01558
3430 8.98755
3431 9.00535
3432 9.00649
3433 8.99134
3434 9.00157
3435 8.99626
3436 8.98679
3437 9.00801
3438 8.99512
3439 9.01066
3440 8.99171
3441 8.99361
3442 8.98906
3443 9.01293
3444 8.9955
3445 9.00081
3446 8.99209
3447 9.0046
3448 9.00763
3449 9.00914
3450 8.99171
3451 8.99475
3452 9.00232
3453 8.99626
3454 9.01786
3455 9.00611
3456 9.01407
3457 8.99853
3458 9.01217
3459 8.99399
3460 8.99967
3461 9.00384
3462 8.99361
3463 9.0118
3464 9.00005
3465 8.99512
3466 9.01293
3467 8.99588
3468 9.01217
3469 8.99512
3470 9.00763
3471 8.9902
3472 9.00914
3473 9.00839
3474 8.983
3475 9.00914
3476 8.99437
3477 8.99475
3478 9.00498
3479 9.00157
3480 9.01217
3481 8.98793
3482 9.0027
3483 8.95875
3484 4.00082
3485 1.19771
3486 0.159139
3487 -0.019324
3488 -0.0735069
3489 -0.0462258
3490 -0.0272807
3491 -0.014398
3492 -0.00568329
3493 -0.00265207
3494 -0.00151537
3495 -0.000378665
3496 0
3497 -0.000757566
3498 0.000757566
3499 -0.000378665
3500 0.000378665
3501 0
3502 0.000378665
3503 -0.000378665
3504 0.000378665
3505 0
3506 -0.000378665
3507 0
3508 0.000757566
3509 0
3510 0
3511 -0.000378665
3512 0.000378665
3513 0
3514 0
3515 0
3516 0
3517 -0.000378665
3518 -0.000378665
3519 0.000757566
3520 -0.000378665
3521 0.000757566
3522 -0.000757566
3523 0.000378665
3524 0.000378665
3525 0
3526 -0.000378665
3527 0
3528 -0.000757566
3529 -0.000378665
3530 0
3531 0
3532 0
3533 -0.000757566
3534 0.000378665
3535 0
3536 0
3537 -2.58297
3538 -6.42011
3539 -8.35289
3540 -8.9758
3541 -9.07469
3542 -9.05007
3543 -9.01748
3544 -9.01937
3545 -9.01445
3546 -8.99967
3547 -9.00573
3548 -9.00005
3549 -9.00194
3550 -9.00346
3551 -9.0118
3552 -9.00422
3553 -8.99209
3554 -9.0099
3555 -8.98944
3556 -8.99399
3557 -9.00119
3558 -9.00384
3559 -9.00346
3560 -8.9974
3561 -9.00687
3562 -8.99891
3563 -9.00611
3564 -8.99702
3565 -9.00005
3566 -8.99475
3567 -8.98982
3568 -8.99512
3569 -8.99664
3570 -9.00611
3571 -9.00649
3572 -9.00573
3573 -9.00573
3574 -9.00308
3575 -8.98906
3576 -9.00498
3577 -8.99361
3578 -8.9955
3579 -8.98868
3580 -9.00801
3581 -9.01217
3582 -9.0099
3583 -9.00649
3584 -8.99171
3585 -8.99778
3586 -8.98793
3587 -9.00346
3588 -8.9974
3589 -9.01255
3590 -8.99134
3591 -9.0027
3592 -8.98565
3593 -9.00384
3594 -8.9883
3595 -9.00422
3596 -9.00194
3597 -8.99891
3598 -9.00384
3599 -8.9955
3600 -8.9974
3601 -8.99853
3602 -9.00043
3603 -9.01558
3604 -8.99702
3605 -9.00535
3606 -8.99437
3607 -9.00005
3608 -8.9902
3609 -9.0118
3610 -9.00043
3611 -9.00498
3612 -9.01217
3613 -9.00687
3614 -8.9955
3615 -9.00157
3616 -9.0118
3617 -8.9883
3618 -8.98755
3619 -8.99475
3620 -8.99664
3621 -8.99247
3622 -8.99778
3623 -9.00346
3624 -9.00081
3625 -8.99891
3626 -9.0046
3627 -8.99475
3628 -8.99134
3629 -9.01558
3630 -8.99134
3631 -8.99512
3632 -8.99891
3633 -8.98414
3634 -8.99247
3635 -9.00498
3636 -8.99778
3637 -8.98679
3638 -9.01369
3639 -8.99399
3640 -8.99967
3641 -9.00346
3642 -8.99967
3643 -9.00043
3644 -5.46982
3645 -1.73802
3646 -0.367913
3647 0.014398
3648 0.0708546
3649 0.0553194
3650 0.029933
3651 0.015535
3652 0.0075778
3653 0.00340988
3654 0.00151537
3655 0.0011367
3656 0.000757566
3657 -0.000378665
3658 -0.000378665
3659 0.000378665
3660 0.000378665
3661 0.000378665
3662 0
3663 -0.000378665
3664 0
3665 0.000757566
3666 -0.000378665
3667 0
3668 0.000378665
3669 -0.000757566
3670 0.000378665
3671 0.000378665
3672 -0.000378665
3673 0.000378665
3674 -0.000378665
3675 0.000378665
3676 -0.000378665
3677 -0.0011367
3678 -0.000757566
3679 0.000378665
3680 0.000378665
3681 0
3682 0
3683 0
3684 -0.000378665
3685 -0.000378665
3686 -0.000757566
3687 0.000757566
3688 0
3689 0
3690 -0.000378665
3691 -0.0011367
3692 0.000378665
3693 -0.000378665
3694 0.000378665
3695 -0.000757566
3696 -0.000378665
3697 0.996132
3698 5.89154
3699 8.08235
3700 8.91139
3701 9.06067
3702 9.07053
3703 9.04779
3704 9.02165
3705 9.01028
3706 9.01255
3707 9.01028
3708 8.99891
3709 8.99247
3710 9.00535
3711 8.99058
3712 9.00043
3713 8.99853
3714 9.00877
3715 9.00081
3716 8.97959
3717 9.0027
3718 9.00611
3719 8.99967
3720 8.99475
3721 8.99285
3722 8.99134
3723 8.98452
3724 9.00725
3725 9.00877
3726 8.98982
3727 9.00498
3728 8.99096
3729 9.01407
3730 8.99475
3731 8.98755
3732 8.99853
3733 8.99816
3734 8.9974
3735 8.983
3736 9.0046
3737 8.99626
3738 8.99475
3739 9.00232
3740 9.01558
3741 8.99702
3742 9.00649
3743 9.00081
3744 8.99475
3745 8.99134
3746 8.99323
3747 8.99134
3748 8.99626
3749 8.99891
3750 9.00649
3751 8.98944
3752 8.98641
3753 8.99816
3754 9.00119
3755 9.00346
3756 9.0046
3757 8.99096
3758 9.00877
3759 8.98679
3760 9.00119
3761 8.99664
3762 9.00081
3763 9.01066
3764 8.9902
3765 9.00384
3766 9.00725
3767 8.9974
3768 9.00573
3769 8.98717
3770 9.01634
3771 8.98868
3772 9.00649
3773 9.0046
3774 9.00763
3775 8.9955
3776 8.99058
3777 8.99512
3778 8.99437
3779 9.00877
3780 8.98944
3781 8.98982
3782 9.00725
3783 8.98148
3784 9.00308
3785 9.0027
3786 8.99361
3787 9.01066
3788 8.99512
3789 9.0027
3790 8.99247
3791 8.99437
3792 9.00194
3793 8.9955
3794 8.99058
3795 8.9974
3796 9.0046
3797 9.00498
3798 8.9974
3799 9.01483
3800 8.99626
3801 9.00119
3802 8.99929
3803 8.99626
3804 6.28029
3805 2.29614
3806 0.513033
3807 0.0265229
3808 -0.0647922
3809 -0.0632766
3810 -0.0359957
3811 -0.0178084
3812 -0.00947254
3813 -0.00340988
3814 -0.00265207
3815 -0.000757566
3816 -0.000378665
3817 0
3818 0.000378665
3819 0
3820 0
3821 0
3822 -0.000378665
3823 -0.000757566
3824 0
3825 0.000378665
3826 0.000378665
3827 0.000378665
3828 0.000378665
3829 0
3830 0.0011367
3831 -0.000378665
3832 0
3833 -0.000757566
3834 -0.000378665
3835 -0.000378665
3836 -0.000378665
3837 -0.00151537
3838 -0.000378665
3839 -0.000757566
3840 0
3841 0.000378665
3842 0
3843 0.000757566
3844 0.000378665
3845 -0.000378665
3846 -0.000757566
3847 -0.000378665
3848 0
3849 0.000757566
3850 -0.000378665
3851 -0.000757566
3852 0
3853 0.000378665
3854 0
3855 0
3856 -0.000378665
3857 -0.00227341
3858 -4.59873
3859 -7.48103
3860 -8.79999
3861 -9.05082
3862 -9.06067
3863 -9.05461
3864 -9.01369
3865 -8.9974
3866 -9.00422
3867 -8.98186
3868 -8.99323
3869 -8.99512
3870 -9.00839
3871 -8.9955
3872 -9.00043
3873 -9.00384
3874 -8.98641
3875 -9.00043
3876 -8.99967
3877 -8.99361
3878 -9.01028
3879 -9.00498
3880 -9.00839
3881 -8.99399
3882 -8.99816
3883 -9.00649
3884 -8.97997
3885 -9.01331
3886 -9.00687
3887 -9.00005
3888 -9.00384
3889 -9.0099
3890 -9.00194
3891 -8.98641
3892 -9.01634
3893 -8.99399
3894 -8.99361
3895 -9.00157
3896 -8.99058
3897 -8.99475
3898 -9.00119
3899 -9.00763
3900 -9.00687
3901 -9.00232
3902 -9.01028
3903 -8.9902
3904 -8.98414
3905 -9.00535
3906 -8.99247
3907 -8.99664
3908 -8.98906
3909 -8.99626
3910 -8.99778
3911 -9.00194
3912 -9.00839
3913 -8.99209
3914 -8.99361
3915 -8.98376
3916 -9.01104
3917 -8.99437
3918 -9.00119
3919 -8.99588
3920 -8.99058
3921 -8.99588
3922 -8.99323
3923 -8.99209
3924 -9.00157
3925 -9.00384
3926 -8.99967
3927 -9.00725
3928 -9.01066
3929 -8.99967
3930 -8.99778
3931 -9.01748
3932 -8.98565
3933 -9.00346
3934 -9.00005
3935 -8.99778
3936 -8.99929
3937 -8.98944
3938 -8.99134
3939 -8.99171
3940 -9.00157
3941 -8.98452
3942 -8.99247
3943 -9.00687
3944 -8.9902
3945 -8.99285
3946 -8.9955
3947 -9.00043
3948 -9.01483
3949 -8.99891
3950 -9.01142
3951 -9.00308
3952 -9.00687
3953 -9.00649
3954 -8.99209
3955 -9.01672
3956 -8.99626
3957 -8.99437
3958 -8.99702
3959 -8.99853
3960 -9.00763
3961 -9.0046
3962 -9.01521
3963 -9.00839
3964 -8.06757
3965 -2.90996
3966 -0.819185
3967 -0.0640344
3968 0.0613818
3969 0.0651711
3970 0.0413003
3971 0.0204607
3972 0.00947254
3973 0.00454682
3974 0.00189427
3975 0.000757566
3976 0.00151537
3977 0.000378665
3978 0
3979 0.000378665
3980 -0.000378665
3981 0.000378665
3982 0.000378665
3983 0
3984 -0.000378665
3985 0.000757566
3986 -0.000378665
3987 0
3988 -0.000378665
3989 -0.000757566
3990 -0.000378665
3991 0
3992 0
3993 0.000378665
3994 -0.000757566
3995 -0.000378665
3996 -0.000378665
3997 -0.000757566
3998 0.000378665
3999 0
4000 0
4001 0.000378665
4002 0.000378665
4003 0
4004 0
4005 0
4006 -0.000378665
4007 0.000378665
4008 0.000378665
4009 -0.000378665
4010 0
4011 0
4012 -0.000378665
4013 0.000378665
4014 0
4015 0
4016 0
4017 0
4018 3.60373
4019 7.15556
4020 8.64805
4021 9.03036
4022 9.08568
4023 9.04059
4024 9.02316
4025 9.00535
4026 9.00346
4027 9.00763
4028 9.00422
4029 9.01028
4030 9.0046
4031 9.00005
4032 9.00573
4033 9.01558
4034 9.01483
4035 8.98489
4036 9.00839
4037 8.99209
4038 9.00232
4039 9.00119
4040 9.00914
4041 9.00801
4042 8.99399
4043 9.00346
4044 9.00384
4045 9.00649
4046 9.00005
4047 8.9883
4048 9.01028
4049 9.0027
4050 9.0118
4051 8.99929
4052 8.99475
4053 8.98755
4054 9.00801
4055 9.0099
4056 9.01975
4057 9.0046
4058 9.00308
4059 9.00801
4060 8.99399
4061 8.98565
4062 9.00043
4063 9.00763
4064 9.00573
4065 9.00839
4066 8.99361
4067 8.99171
4068 9.01028
4069 9.0046
4070 9.01104
4071 8.98982
4072 8.99512
4073 8.99134
4074 8.99702
4075 8.99399
4076 8.99285
4077 9.00384
4078 9.00157
4079 8.99588
4080 9.00573
4081 8.99475
4082 9.00839
4083 8.9974
4084 9.0118
4085 8.98944
4086 8.98186
4087 9.0171
4088 8.98414
4089 9.00763
4090 9.00119
4091 9.01104
4092 9.00194
4093 9.0099
4094 9.00687
4095 9.00232
4096 9.02203
4097 8.9974
4098 8.99891
4099 8.99209
4100 8.99475
4101 8.99816
4102 8.99967
4103 8.99058
4104 9.00573
4105 8.99588
4106 9.01293
4107 8.99058
4108 9.00535
4109 8.99361
4110 8.99171
4111 9.0046
4112 9.00157
4113 9.00119
4114 8.9974
4115 9.00535
4116 8.99285
4117 8.98793
4118 9.00119
4119 8.99437
4120 9.01445
4121 9.00611
4122 9.00232
4123 9.01596
4124 8.97012
4125 3.80493
4126 1.07608
4127 0.136405
4128 -0.0458469
4129 -0.0678234
4130 -0.0435735
4131 -0.0257651
4132 -0.0113668
4133 -0.00568329
4134 -0.00189427
4135 -0.0011367
4136 0
4137 0
4138 0
4139 -0.000378665
4140 0.000378665
4141 0.000757566
4142 -0.000378665
4143 0
4144 0
4145 0
4146 0.000378665
4147 0.000378665
4148 0
4149 0
4150 0.000378665
4151 0.000378665
4152 0.000378665
4153 -0.000757566
4154 0.000378665
4155 -0.000378665
4156 -0.000378665
4157 0
4158 0.000378665
4159 0.000378665
4160 0
4161 0
4162 0.000378665
4163 -0.0011367
4164 0
4165 -0.000757566
4166 0.000378665
4167 0.000757566
4168 0.000378665
4169 0
4170 0
4171 -0.000378665
4172 -0.000378665
4173 -0.000378665
4174 -0.000757566
4175 0.000757566
4176 0
4177 -0.000757566
4178 -3.06948
4179 -6.68155
4180 -8.48512
4181 -8.97201
4182 -9.06901
4183 -9.0603
4184 -9.02468
4185 -9.01142
4186 -9.01028
4187 -8.99512
4188 -8.99702
4189 -8.99967
4190 -9.01748
4191 -8.98452
4192 -9.00725
4193 -9.00611
4194 -8.99361
4195 -9.00346
4196 -8.9883
4197 -9.01558
4198 -9.00498
4199 -9.00043
4200 -9.01142
4201 -8.99816
4202 -9.00952
4203 -8.97845
4204 -8.99778
4205 -8.99247
4206 -9.01672
4207 -9.00725
4208 -8.99171
4209 -9.00346
4210 -9.00914
4211 -8.99853
4212 -8.99967
4213 -9.00232
4214 -9.01483
4215 -9.00914
4216 -8.99626
4217 -8.99778
4218 -8.99096
4219 -8.99285
4220 -8.983
4221 -9.00687
4222 -8.99361
4223 -9.00422
4224 -9.019
4225 -8.98755
4226 -9.00573
4227 -8.99058
4228 -9.00081
4229 -8.99664
4230 -9.00346
4231 -9.00952
4232 -8.98376
4233 -9.00157
4234 -9.00914
4235 -8.98641
4236 -9.00422
4237 -9.00573
4238 -9.00081
4239 -8.98035
4240 -8.99437
4241 -9.01407
4242 -8.99475
4243 -9.0046
4244 -8.98338
4245 -9.0099
4246 -8.98679
4247 -8.98717
4248 -8.99967
4249 -8.99778
4250 -9.00384
4251 -9.00649
4252 -8.9974
4253 -9.00194
4254 -8.9883
4255 -9.01028
4256 -8.98793
4257 -8.99437
4258 -9.00573
4259 -9.02165
4260 -9.00498
4261 -8.98717
4262 -9.00157
4263 -9.00005
4264 -8.99399
4265 -9.01634
4266 -9.00422
4267 -9.0046
4268 -8.99323
4269 -8.99664
4270 -8.9955
4271 -9.00687
4272 -9.01028
4273 -8.99058
4274 -9.00498
4275 -9.00005
4276 -8.99475
4277 -8.9974
4278 -9.00687
4279 -9.00157
4280 -9.00725
4281 -9.01407
4282 -9.00801
4283 -9.00801
4284 -8.9955
4285 -4.52977
4286 -1.54781
4287 -0.308426
4288 0.0151558
4289 0.0727491
4290 0.0564561
4291 0.0291752
4292 0.0125035
4293 0.00644109
4294 0.00340988
4295 0.00265207
4296 0.000378665
4297 0.000378665
4298 0.000378665
4299 0.000757566
4300 0
4301 0
4302 0
4303 -0.000378665
4304 0.000378665
4305 -0.000378665
4306 -0.000378665
4307 -0.000757566
4308 0
4309 -0.000378665
4310 0.000378665
4311 0.000757566
4312 0.000378665
4313 -0.000378665
4314 -0.000378665
4315 0.000378665
4316 0.000378665
4317 0
4318 -0.000378665
4319 -0.000378665
4320 -0.000378665
4321 -0.000378665
4322 -0.000378665
4323 0.000378665
4324 0
4325 0
4326 0
4327 0.000378665
4328 0
4329 -0.000378665
4330 0
4331 0.000378665
4332 0.000378665
4333 -0.000378665
4334 0.000757566
4335 -0.000378665
4336 -0.000378665
4337 0.000378665
4338 1.76038
4339 5.99384
4340 8.23429
4341 8.96405
4342 9.07318
4343 9.05954
4344 9.04325
4345 9.00763
4346 9.01596
4347 8.99702
4348 9.00384
4349 9.0046
4350 9.00877
4351 9.00081
4352 8.98982
4353 9.00308
4354 8.99512
4355 8.99209
4356 8.98793
4357 8.99512
4358 9.00535
4359 8.98035
4360 8.99361
4361 8.9883
4362 8.99399
4363 9.00346
4364 8.99171
4365 8.98565
4366 8.9902
4367 8.99323
4368 9.00877
4369 9.00952
4370 8.99702
4371 9.00422
4372 9.00081
4373 8.97959
4374 8.99058
4375 9.00422
4376 9.00535
4377 9.00005
4378 8.98679
4379 8.9974
4380 9.0046
4381 9.00005
4382 8.99778
4383 9.00157
4384 8.99664
4385 8.99171
4386 8.99891
4387 9.00801
4388 9.00043
4389 9.00498
4390 8.99512
4391 9.00346
4392 8.98186
4393 8.99361
4394 8.99778
4395 9.01142
4396 8.99209
4397 9.00573
4398 8.99134
4399 8.9955
4400 8.99816
4401 8.99171
4402 9.01217
4403 8.99247
4404 9.00763
4405 8.9883
4406 8.99626
4407 8.99816
4408 8.9811
4409 9.01028
4410 9.00194
4411 8.99664
4412 8.99512
4413 8.99058
4414 8.99588
4415 8.99778
4416 9.01028
4417 8.99058
4418 8.99323
4419 9.00043
4420 8.9883
4421 9.00422
4422 9.00043
4423 8.9955
4424 8.99399
4425 8.99929
4426 9.00119
4427 8.98148
4428 9.00157
4429 8.99929
4430 9.00081
4431 9.00952
4432 8.98906
4433 8.99891
4434 8.9883
4435 9.00081
4436 8.98906
4437 8.99512
4438 8.99816
4439 8.98262
4440 9.00308
4441 8.99134
4442 8.983
4443 9.01634
4444 8.94473
4445 3.69164
4446 0.931719
4447 0.156486
4448 -0.049257
4449 -0.069339
4450 -0.045468
4451 -0.0250073
4452 -0.0121246
4453 -0.00454682
4454 -0.00227341
4455 -0.0011367
4456 0
4457 -0.000378665
4458 0.000378665
4459 0
4460 0
4461 0.000378665
4462 0.000378665
4463 0.000378665
4464 -0.000378665
4465 0.000757566
4466 -0.000378665
4467 -0.000378665
4468 0.000378665
4469 0.000378665
4470 -0.000378665
4471 0
4472 0.000757566
4473 0.000757566
4474 0.000378665
4475 -0.000378665
4476 0
4477 0
4478 0.0011367
4479 -0.000378665
4480 0
4481 0.0011367
4482 0
4483 0
4484 0
4485 0.000757566
4486 0.000378665
4487 -0.000378665
4488 0
4489 0
4490 0
4491 0
4492 0
4493 0.000378665
4494 0
4495 0
4496 -0.000378665
4497 0
4498 -2.40754
4499 -6.42958
4500 -8.34948
4501 -9.06598
4502 -9.07659
4503 -9.0368
4504 -9.01975
4505 -9.01407
4506 -9.00005
4507 -8.99853
4508 -8.99285
4509 -8.99816
4510 -8.99096
4511 -8.98527
4512 -9.00914
4513 -9.01142
4514 -8.98452
4515 -9.01445
4516 -9.01066
4517 -8.99134
4518 -9.00081
4519 -8.99399
4520 -9.00763
4521 -8.99967
4522 -9.01066
4523 -9.00839
4524 -8.99437
4525 -9.00157
4526 -8.99399
4527 -9.01445
4528 -8.99475
4529 -8.99058
4530 -9.00877
4531 -8.98982
4532 -8.99285
4533 -8.9955
4534 -9.01066
4535 -9.00194
4536 -8.98527
4537 -9.00081
4538 -8.99285
4539 -8.99967
4540 -8.99664
4541 -9.00611
4542 -9.00005
4543 -9.01217
4544 -8.99171
4545 -8.99967
4546 -9.00081
4547 -9.00687
4548 -9.01293
4549 -8.99778
4550 -8.9974
4551 -9.00308
4552 -9.00573
4553 -8.98527
4554 -8.99664
4555 -8.98414
4556 -8.99853
4557 -9.0099
4558 -9.01066
4559 -8.98717
4560 -9.01255
4561 -8.99929
4562 -8.99664
4563 -8.99323
4564 -8.99588
4565 -8.99247
4566 -8.99816
4567 -8.99778
4568 -8.99626
4569 -9.00877
4570 -8.9974
4571 -9.00384
4572 -8.99247
4573 -9.0046
4574 -8.99664
4575 -8.99778
4576 -9.0046
4577 -9.00081
4578 -8.98944
4579 -8.98717
4580 -9.00308
4581 -8.99475
4582 -9.00839
4583 -9.0099
4584 -8.98793
4585 -8.99967
4586 -8.98641
4587 -8.99285
4588 -9.01255
4589 -9.00081
4590 -9.00232
4591 -9.00005
4592 -9.00043
4593 -9.00232
4594 -8.99588
4595 -8.99209
4596 -8.99816
4597 -9.01066
4598 -9.0046
4599 -8.99247
4600 -8.9902
4601 -8.99664
4602 -9.00801
4603 -9.00611
4604 -7.29727
4605 -3.31804
4606 -0.717639
4607 -0.0738858
4608 0.0625188
4609 0.0640344
4610 0.045468
4611 0.0200818
4612 0.0102303
4613 0.00492572
4614 0.00227341
4615 0.00189427
4616 0.000378665
4617 0
4618 0.000378665
4619 0
4620 0.000757566
4621 -0.000378665
4622 0.000378665
4623 0
4624 -0.000378665
4625 0
4626 0
4627 0.000378665
4628 0.000378665
4629 -0.000378665
4630 0
4631 0.000378665
4632 0
4633 0.000378665
4634 0.000757566
4635 0.000378665
4636 0.000378665
4637 0
4638 0
4639 0
4640 0.000757566
4641 0
4642 -0.000378665
4643 -0.000378665
4644 0
4645 0
4646 0.000378665
4647 -0.000378665
4648 0
4649 -0.000757566
4650 0
4651 0
4652 -0.000378665
4653 0.000378665
4654 0.000378665
4655 -0.00151537
4656 0
4657 0.000757566
4658 3.98908
4659 7.22149
4660 8.69769
4661 9.04552
4662 9.07432
4663 9.04438
4664 9.02657
4665 8.99512
4666 9.01596
4667 9.00687
4668 9.01066
4669 9.01104
4670 8.99929
4671 9.0027
4672 8.98527
4673 9.00119
4674 9.00119
4675 8.98073
4676 8.99778
4677 8.98489
4678 8.9955
4679 9.01407
4680 8.99626
4681 9.0099
4682 9.01407
4683 9.01369
4684 9.00043
4685 8.98793
4686 8.99816
4687 9.01445
4688 8.99967
4689 9.01217
4690 8.98906
4691 8.9955
4692 8.99853
4693 9.00952
4694 9.00839
4695 9.00005
4696 9.00119
4697 8.9955
4698 9.0099
4699 9.0118
4700 8.9955
4701 8.99664
4702 9.00157
4703 9.00232
4704 9.01937
4705 8.99891
4706 9.00043
4707 8.99664
4708 9.0027
4709 8.9902
4710 8.99702
4711 9.00839
4712 8.99096
4713 8.99399
4714 8.99096
4715 8.99853
4716 9.00952
4717 8.99816
4718 9.00687
4719 8.99816
4720 8.9883
4721 9.00877
4722 8.9974
4723 9.00422
4724 9.00005
4725 8.99512
4726 9.00801
4727 8.99399
4728 8.99134
4729 8.99588
4730 8.99853
4731 8.99626
4732 8.99853
4733 8.99967
4734 9.00573
4735 8.98376
4736 8.99399
4737 8.99891
4738 8.99134
4739 8.99891
4740 9.0027
4741 8.99778
4742 8.97807
4743 8.99891
4744 8.99891
4745 9.0046
4746 8.9974
4747 9.00308
4748 9.00535
4749 8.99664
4750 8.99285
4751 9.00422
4752 9.00081
4753 9.01142
4754 8.9974
4755 9.00573
4756 8.99361
4757 9.00573
4758 9.00535
4759 9.01369
4760 8.99285
4761 8.98641
4762 8.99171
4763 6.03173
4764 2.00287
4765 0.514548
4766 -0.0121246
4767 -0.0666867
4768 -0.060624
4769 -0.0341011
4770 -0.0162928
4771 -0.00909364
4772 -0.00378878
4773 -0.00189427
4774 -0.000378665
4775 0
4776 0.000378665
4777 0.000757566
4778 -0.000378665
4779 0.000378665
4780 0
4781 0
4782 -0.000378665
4783 0
4784 -0.000378665
4785 -0.000378665
4786 0.000378665
4787 0.000378665
4788 -0.000378665
4789 0
4790 0.000378665
4791 0.000378665
4792 -0.000757566
4793 0
4794 0
4795 0
4796 0
4797 0.000378665
4798 -0.000757566
4799 0.000378665
4800 0
4801 0.000378665
4802 0.0011367
4803 0.000378665
4804 0
4805 0
4806 0.0011367
4807 0.000378665
4808 -0.000757566
4809 -0.000378665
4810 0
4811 0.000378665
4812 0.000378665
4813 0
4814 -0.000378665
4815 0.000757566
4816 -0.0109879
4817 -4.64306
4818 -7.57386
4819 -8.75907
4820 -9.05158
4821 -9.08
4822 -9.05916
4823 -9.02051
4824 -8.99816
4825 -9.01293
4826 -8.98527
4827 -9.01028
4828 -8.99588
4829 -8.99626
4830 -9.01937
4831 -8.9883
4832 -9.00725
4833 -8.99778
4834 -9.00649
4835 -9.01104
4836 -9.00498
4837 -9.00649
4838 -9.01483
4839 -9.00801
4840 -9.0046
4841 -9.01331
4842 -9.01104
4843 -9.00157
4844 -9.00763
4845 -8.99361
4846 -9.00877
4847 -8.99588
4848 -8.99626
4849 -9.0046
4850 -9.00194
4851 -8.99588
4852 -9.00043
4853 -9.00346
4854 -8.98603
4855 -9.00384
4856 -9.01255
4857 -8.98717
4858 -9.01028
4859 -8.9902
4860 -8.99475
4861 -9.00081
4862 -9.00157
4863 -8.99209
4864 -8.99323
4865 -8.99512
4866 -8.98452
4867 -8.98793
4868 -9.00535
4869 -8.99209
4870 -9.00232
4871 -9.00384
4872 -8.99702
4873 -8.99664
4874 -8.98679
4875 -9.00346
4876 -8.98982
4877 -8.99399
4878 -9.00005
4879 -9.00043
4880 -9.01369
4881 -8.9883
4882 -9.00232
4883 -9.01558
4884 -8.99891
4885 -9.0099
4886 -8.99285
4887 -9.01596
4888 -9.00839
4889 -8.99437
4890 -9.00877
4891 -9.00573
4892 -9.00839
4893 -8.99361
4894 -9.00573
4895 -9.00308
4896 -8.98906
4897 -9.00194
4898 -8.99361
4899 -9.00157
4900 -9.00687
4901 -9.00725
4902 -9.00043
4903 -8.99512
4904 -8.99512
4905 -8.99399
4906 -9.00346
4907 -9.01293
4908 -8.99929
4909 -8.99361
4910 -9.00157
4911 -8.98641
4912 -8.99626
4913 -8.99285
4914 -9.00573
4915 -9.00687
4916 -9.00119
4917 -8.99475
4918 -9.00877
4919 -9.00535
4920 -9.00422
4921 -8.99929
4922 -9.00687
4923 -7.85463
4924 -3.06228
4925 -0.83813
4926 -0.0977564
4927 0.0583506
4928 0.0651711
4929 0.0458469
4930 0.0208394
4931 0.0117457
4932 0.00568329
4933 0.00265207
4934 0.000757566
4935 0.000757566
4936 0
4937 0.000757566
4938 0.000378665
4939 -0.000378665
4940 0
4941 -0.000378665
4942 -0.000378665
4943 -0.000757566
4944 -0.000378665
4945 -0.000378665
4946 0
4947 0.000757566
4948 0.000378665
4949 0.000378665
4950 0
4951 0
4952 0
4953 -0.000378665
4954 -0.000378665
4955 0.000757566
4956 0.000378665
4957 0
4958 0
4959 0.000378665
4960 0
4961 -0.000378665
4962 0.000378665
4963 0.000378665
4964 -0.000757566
4965 0.000378665
4966 0.000378665
4967 0
4968 0.000378665
4969 0
4970 0.000378665
4971 0
4972 0
4973 -0.000757566
4974 0.000757566
4975 -0.000378665
4976 0.000378665
4977 3.70869
4978 6.60615
4979 8.46163
4980 9.00005
4981 9.0781
4982 9.05575
4983 9.04287
4984 9.00535
4985 9.00308
4986 8.99853
4987 8.99096
4988 9.01369
4989 9.01748
4990 8.99209
4991 8.99891
4992 8.99853
4993 8.98679
4994 8.99664
4995 9.00384
4996 9.00535
4997 9.00384
4998 9.00308
4999 8.99512
5000 8.98679
5001 9.0027
5002 9.00346
5003 8.99247
5004 8.98338
5005 9.00914
5006 9.00535
5007 9.00119
5008 8.99399
5009 8.9974
5010 9.0046
5011 8.98717
5012 9.00157
5013 8.98868
5014 8.99816
5015 9.00346
5016 8.98565
5017 9.00725
5018 9.00498
5019 8.99437
5020 9.00384
5021 8.99209
5022 9.00119
5023 8.99853
5024 9.00232
5025 8.98944
5026 8.99778
5027 9.01255
5028 9.01407
5029 8.99399
5030 8.99816
5031 8.99361
5032 9.01445
5033 8.98489
5034 9.01521
5035 8.99209
5036 8.99778
5037 8.99512
5038 8.99702
5039 9.01066
5040 9.00308
5041 9.00005
5042 8.99361
5043 9.00877
5044 9.01786
5045 8.99247
5046 9.00611
5047 8.9902
5048 8.99475
5049 9.00649
5050 8.99209
5051 8.99399
5052 8.99285
5053 9.01217
5054 9.01558
5055 9.00081
5056 9.0027
5057 8.99512
5058 9.00498
5059 8.99929
5060 9.00043
5061 8.98982
5062 9.01028
5063 9.01293
5064 8.98603
5065 9.00081
5066 8.99967
5067 9.00877
5068 9.00877
5069 8.99853
5070 9.00422
5071 8.99967
5072 8.99209
5073 9.0027
5074 9.0027
5075 9.00157
5076 9.00157
5077 9.00081
5078 8.99588
5079 8.99816
5080 8.99058
5081 9.00308
5082 9.01445
5083 8.99475
5084 4.47559
5085 1.46332
5086 0.193618
5087 -0.0181873
5088 -0.0716124
5089 -0.049257
5090 -0.0269018
5091 -0.0136402
5092 -0.00568329
5093 -0.00227341
5094 -0.0011367
5095 -0.000757566
5096 -0.0011367
5097 -0.000378665
5098 0.000378665
5099 0
5100 -0.000378665
5101 0
5102 0
5103 -0.000378665
5104 0.000378665
5105 0.000757566
5106 0
5107 -0.000378665
5108 0.000378665
5109 0.000378665
5110 -0.000378665
5111 0
5112 0.000757566
5113 0
5114 -0.000378665
5115 0.000378665
5116 0.000378665
5117 0.000378665
5118 0.00151537
5119 0
5120 -0.000378665
5121 0.000757566
5122 0.000378665
5123 -0.000378665
5124 0
5125 0
5126 0.000378665
5127 0
5128 0
5129 -0.000378665
5130 -0.000378665
5131 0.000378665
5132 0
5133 0
5134 -0.000378665
5135 0.000378665
5136 -0.000378665
5137 -0.67255
5138 -5.80477
5139 -8.19413
5140 -8.89206
5141 -9.07432
5142 -9.07015
5143 -9.04135
5144 -9.00725
5145 -9.02771
5146 -8.98944
5147 -8.9974
5148 -8.98982
5149 -8.99664
5150 -8.99512
5151 -8.99096
5152 -9.00952
5153 -8.9902
5154 -8.99323
5155 -9.00043
5156 -9.00763
5157 -9.0046
5158 -8.98906
5159 -8.98452
5160 -9.00687
5161 -8.99588
5162 -9.00232
5163 -8.99778
5164 -9.00877
5165 -8.9902
5166 -8.99058
5167 -9.00043
5168 -8.99891
5169 -9.00801
5170 -8.9902
5171 -9.01786
5172 -9.01255
5173 -9.01369
5174 -9.00877
5175 -8.99664
5176 -8.99816
5177 -8.99285
5178 -8.98906
5179 -9.00725
5180 -8.99171
5181 -9.00763
5182 -9.00081
5183 -9.00952
5184 -8.98944
5185 -8.9902
5186 -9.00308
5187 -8.98717
5188 -9.00725
5189 -8.99437
5190 -8.99323
5191 -9.01634
5192 -8.99853
5193 -8.9955
5194 -8.98982
5195 -9.00308
5196 -9.00498
5197 -9.01142
5198 -9.0099
5199 -8.98186
5200 -9.00157
5201 -8.99891
5202 -8.99664
5203 -8.99778
5204 -9.00763
5205 -9.00649
5206 -8.99512
5207 -9.00308
5208 -9.01104
5209 -8.97807
5210 -9.00763
5211 -8.99171
5212 -9.00801
5213 -9.00687
5214 -9.01748
5215 -8.98868
5216 -8.99626
5217 -9.00498
5218 -8.99209
5219 -9.00346
5220 -8.99058
5221 -8.98717
5222 -9.00914
5223 -9.00498
5224 -9.00535
5225 -8.99891
5226 -9.00232
5227 -8.99096
5228 -8.99891
5229 -9.01066
5230 -8.9955
5231 -9.00194
5232 -8.99512
5233 -8.97883
5234 -9.0027
5235 -8.99816
5236 -9.00649
5237 -8.99399
5238 -8.99285
5239 -9.00081
5240 -9.00081
5241 -9.00839
5242 -8.99853
5243 -8.99058
5244 -5.36108
5245 -2.23514
5246 -0.531978
5247 0.0102303
5248 0.0700968
5249 0.0587295
5250 0.0329644
5251 0.0170506
5252 0.00833584
5253 0.00454682
5254 0.00227341
5255 0.00151537
5256 0.000757566
5257 0
5258 0
5259 0
5260 0
5261 0.000378665
5262 -0.000378665
5263 0
5264 0
5265 0
5266 -0.000757566
5267 -0.000378665
5268 0
5269 -0.000378665
5270 0.000378665
5271 -0.000757566
5272 -0.000378665
5273 -0.000378665
5274 -0.000378665
5275 -0.000378665
5276 -0.000378665
5277 0.000378665
5278 -0.000757566
5279 0.000378665
5280 -0.000378665
5281 0.000378665
5282 -0.000378665
5283 0
5284 0
5285 -0.000757566
5286 0
5287 0
5288 -0.000378665
5289 -0.000378665
5290 0
5291 -0.000378665
5292 -0.000378665
5293 -0.000378665
5294 0.000378665
5295 -0.000378665
5296 0.000378665
5297 0.201575
5298 5.04242
5299 7.82432
5300 8.8106
5301 9.06977
5302 9.06105
5303 9.03756
5304 9.02051
5305 9.00952
5306 9.00346
5307 9.0118
5308 8.99626
5309 9.01028
5310 9.00194
5311 8.9883
5312 8.99399
5313 9.00043
5314 9.00649
5315 9.02203
5316 8.98603
5317 8.99399
5318 9.019
5319 8.99475
5320 9.00535
5321 9.00649
5322 9.00043
5323 9.00535
5324 8.99475
5325 8.99209
5326 8.9974
5327 9.0118
5328 8.98755
5329 8.9955
5330 8.9974
5331 8.98755
5332 8.99816
5333 8.99171
5334 9.00119
5335 9.01975
5336 8.9902
5337 8.99929
5338 8.983
5339 8.99664
5340 8.99361
5341 8.99778
5342 9.00535
5343 8.9883
5344 9.00877
5345 8.99778
5346 8.99323
5347 9.00422
5348 8.99096
5349 9.00952
5350 8.98148
5351 9.0027
5352 9.01407
5353 9.00801
5354 9.00649
5355 9.00687
5356 8.99361
5357 8.99285
5358 8.99664
5359 9.00498
5360 8.99853
5361 8.99853
5362 8.983
5363 9.00194
5364 8.99853
5365 9.00194
5366 8.99626
5367 9.0027
5368 9.0099
5369 8.99929
5370 8.98641
5371 9.00005
5372 8.98641
5373 9.00952
5374 8.98073
5375 9.00194
5376 8.98868
5377 8.99967
5378 8.99891
5379 8.99323
5380 8.99134
5381 9.01104
5382 9.00043
5383 9.01293
5384 8.9811
5385 9.00611
5386 8.99588
5387 8.99437
5388 8.99588
5389 8.98603
5390 9.00839
5391 9.00346
5392 9.00611
5393 9.00232
5394 9.00687
5395 8.99247
5396 9.00232
5397 9.00346
5398 8.99058
5399 9.01937
5400 8.9955
5401 8.98868
5402 9.0099
5403 8.99058
5404 7.75119
5405 2.94975
5406 0.807439
5407 0.0882838
5408 -0.0617607
5409 -0.0700968
5410 -0.0371324
5411 -0.0204607
5412 -0.010609
5413 -0.00530439
5414 -0.00227341
5415 -0.0011367
5416 0
5417 0
5418 0.000378665
5419 -0.000378665
5420 0
5421 0.000757566
5422 0.000378665
5423 0
5424 0
5425 0.000378665
5426 0
5427 0.000378665
5428 0.000378665
5429 0.000757566
5430 0
5431 0.000378665
5432 0
5433 0.000378665
5434 0
5435 0
5436 -0.000378665
5437 0
5438 0.000757566
5439 0.000757566
5440 -0.000378665
5441 0.000757566
5442 -0.000757566
5443 0
5444 -0.000757566
5445 0
5446 0.000378665
5447 -0.000757566
5448 0.000378665
5449 0.000378665
5450 0.000757566
5451 0
5452 0
5453 -0.0011367
5454 0
5455 -0.000757566
5456 0
5457 0
5458 -3.98567
5459 -7.38972
5460 -8.64426
5461 -9.02278
5462 -9.08076
5463 -9.05764
5464 -9.01862
5465 -9.0171
5466 -9.00687
5467 -8.99437
5468 -8.99891
5469 -9.02165
5470 -8.99967
5471 -9.0046
5472 -8.99664
5473 -8.99588
5474 -9.0099
5475 -8.99475
5476 -9.00611
5477 -9.00611
5478 -9.00194
5479 -8.99134
5480 -8.99967
5481 -9.01142
5482 -8.99626
5483 -8.99702
5484 -9.00498
5485 -9.0046
5486 -9.01445
5487 -9.00801
5488 -9.00535
5489 -8.99664
5490 -9.00498
5491 -9.01142
5492 -8.99588
5493 -8.99778
5494 -8.99588
5495 -9.00005
5496 -8.99891
5497 -8.99702
5498 -8.99058
5499 -8.99096
5500 -8.99512
5501 -9.00232
5502 -8.99171
5503 -9.00157
5504 -8.99323
5505 -8.99778
5506 -8.99475
5507 -8.9955
5508 -9.00308
5509 -9.00043
5510 -9.01407
5511 -8.99475
5512 -9.00308
5513 -8.99816
5514 -8.99512
5515 -9.00535
5516 -8.98755
5517 -8.99361
5518 -8.98527
5519 -8.99702
5520 -9.00952
5521 -8.99626
5522 -9.00308
5523 -9.00346
5524 -8.99399
5525 -9.00157
5526 -8.99664
5527 -9.00346
5528 -9.00157
5529 -9.00005
5530 -8.98338
5531 -8.99475
5532 -8.99929
5533 -8.99171
5534 -8.99171
5535 -8.9902
5536 -9.01066
5537 -8.9955
5538 -8.99778
5539 -9.00308
5540 -8.983
5541 -8.98944
5542 -9.00308
5543 -8.99853
5544 -8.99247
5545 -8.99209
5546 -8.99702
5547 -8.98793
5548 -8.9974
5549 -8.99134
5550 -8.98262
5551 -8.99171
5552 -9.00346
5553 -9.00232
5554 -8.99058
5555 -9.00687
5556 -9.00119
5557 -9.00194
5558 -9.01217
5559 -8.99285
5560 -8.99096
5561 -8.9902
5562 -8.99891
5563 -9.00573
5564 -8.95837
5565 -3.74052
5566 -1.24962
5567 -0.161412
5568 0.0439523
5569 0.0689601
5570 0.0473625
5571 0.022355
5572 0.0121246
5573 0.00492572
5574 0.00303098
5575 0.00189427
5576 0.00151537
5577 0.000378665
5578 0.000378665
5579 -0.000378665
5580 0
5581 -0.000378665
5582 0
5583 0
5584 0
5585 0
5586 0
5587 0
5588 -0.0011367
5589 0
5590 0
5591 0
5592 0
5593 -0.000757566
5594 0.000378665
5595 0
5596 0
5597 -0.000378665
5598 0.000378665
5599 -0.000378665
5600 0
5601 0
5602 0
5603 -0.000378665
5604 0
5605 -0.000378665
5606 0.000378665
5607 0
5608 0
5609 0.000378665
5610 -0.000378665
5611 0.000378665
5612 0
5613 0
5614 0.000378665
5615 -0.000378665
5616 0
5617 -0.000378665
5618 1.45119
5619 6.29052
5620 8.41048
5621 8.98262
5622 9.06333
5623 9.0728
5624 9.01407
5625 9.00308
5626 9.01937
5627 9.00005
5628 9.01142
5629 9.00649
5630 9.00763
5631 9.0027
5632 9.00308
5633 8.98527
5634 9.00498
5635 8.99096
5636 8.99171
5637 9.00952
5638 9.0046
5639 9.00194
5640 8.99778
5641 8.99209
5642 8.99588
5643 9.00346
5644 9.0046
5645 9.00725
5646 8.98414
5647 9.00346
5648 8.99134
5649 8.98944
5650 8.99626
5651 9.00649
5652 8.99853
5653 8.99399
5654 8.99626
5655 8.9955
5656 9.00043
5657 9.00043
5658 8.98148
5659 9.01104
5660 8.98186
5661 8.99058
5662 9.00649
5663 9.0099
5664 9.01975
5665 8.99399
5666 9.01672
5667 8.98906
5668 9.00005
5669 9.0046
5670 9.00839
5671 9.00081
5672 8.98755
5673 9.0027
5674 8.99891
5675 8.9974
5676 9.00649
5677 8.98717
5678 8.99967
5679 8.99475
5680 8.99853
5681 8.99285
5682 8.99853
5683 9.00384
5684 8.98906
5685 8.99891
5686 9.00384
5687 9.00157
5688 9.00611
5689 8.9974
5690 8.99702
5691 9.00308
5692 8.99588
5693 9.00952
5694 8.98527
5695 9.0046
5696 9.00877
5697 9.0046
5698 9.00611
5699 8.98679
5700 8.99664
5701 8.99437
5702 9.00573
5703 8.99171
5704 9.0046
5705 8.99929
5706 8.99437
5707 9.01028
5708 8.99778
5709 9.01331
5710 8.99929
5711 9.00043
5712 9.00952
5713 8.99171
5714 8.99967
5715 8.99588
5716 8.99588
5717 9.00308
5718 8.99285
5719 9.01142
5720 9.00763
5721 8.99171
5722 9.00877
5723 8.99512
5724 8.99891
5725 4.73021
5726 1.99795
5727 0.340253
5728 -0.0159139
5729 -0.0738858
5730 -0.0617607
5731 -0.0295541
5732 -0.015535
5733 -0.00795693
5734 -0.00303098
5735 -0.0011367
5736 -0.000378665
5737 -0.000378665
5738 0.000757566
5739 0
5740 0
5741 0
5742 0
5743 -0.000378665
5744 0.000378665
5745 0.000378665
5746 0
5747 -0.000378665
5748 0.000378665
5749 0
5750 0.000378665
5751 0
5752 0.000378665
5753 -0.000378665
5754 0.000757566
5755 0.000378665
5756 0
5757 -0.000378665
5758 0.000378665
5759 0.000757566
5760 0.000378665
5761 0.000378665
5762 -0.000378665
5763 -0.000378665
5764 0
5765 -0.000378665
5766 0.000378665
5767 0.000757566
5768 0
5769 0.000757566
5770 0
5771 0.000757566
5772 -0.000378665
5773 0.000757566
5774 -0.000378665
5775 -0.000378665
5776 0
5777 0
5778 -0.181873
5779 -5.24551
5780 -7.82773
5781 -8.83674
5782 -9.07318
5783 -9.05537
5784 -9.03605
5785 -9.02013
5786 -9.00649
5787 -8.99437
5788 -8.98982
5789 -9.00687
5790 -9.00346
5791 -9.00877
5792 -8.98414
5793 -9.01445
5794 -8.99967
5795 -8.98489
5796 -9.00005
5797 -8.99323
5798 -8.99475
5799 -9.00005
5800 -9.0118
5801 -8.9974
5802 -8.98868
5803 -9.00611
5804 -9.00157
5805 -8.99626
5806 -9.00346
5807 -9.00308
5808 -9.01369
5809 -8.98755
5810 -9.0046
5811 -8.99475
5812 -8.99058
5813 -9.01445
5814 -8.98641
5815 -8.9974
5816 -8.99096
5817 -9.01558
5818 -8.99929
5819 -8.99399
5820 -8.98982
5821 -9.01028
5822 -8.99816
5823 -9.00346
5824 -8.99588
5825 -8.99399
5826 -8.99512
5827 -8.99437
5828 -9.00877
5829 -8.99626
5830 -9.00877
5831 -8.99134
5832 -9.01255
5833 -8.98565
5834 -8.99778
5835 -9.00308
5836 -9.00346
5837 -8.99702
5838 -8.98944
5839 -9.00384
5840 -8.99171
5841 -8.99816
5842 -9.00725
5843 -8.98793
5844 -9.00043
5845 -9.00498
5846 -9.00232
5847 -8.99475
5848 -9.00649
5849 -8.9974
5850 -8.99664
5851 -9.00725
5852 -9.00611
5853 -9.00611
5854 -9.00573
5855 -9.00005
5856 -9.01672
5857 -8.983
5858 -8.99285
5859 -9.01445
5860 -8.99134
5861 -9.00308
5862 -9.00801
5863 -8.99967
5864 -9.00119
5865 -9.00194
5866 -8.99323
5867 -8.98148
5868 -8.99702
5869 -8.9955
5870 -8.99929
5871 -8.99702
5872 -8.9883
5873 -8.9955
5874 -9.00535
5875 -9.00914
5876 -9.00081
5877 -8.99096
5878 -9.00005
5879 -8.99626
5880 -8.99512
5881 -8.99967
5882 -9.00043
5883 -8.99437
5884 -9.00119
5885 -6.76529
5886 -2.70725
5887 -0.753635
5888 -0.049257
5889 0.0628977
5890 0.0640344
5891 0.0390269
5892 0.0200818
5893 0.00909364
5894 0.00378878
5895 0.00265207
5896 0.00189427
5897 0.000757566
5898 0.000757566
5899 -0.000378665
5900 0.0011367
5901 0.000378665
5902 0.000378665
5903 -0.000378665
5904 0.000757566
5905 0.000757566
5906 0
5907 -0.000378665
5908 0
5909 -0.000378665
5910 0
5911 0.000378665
5912 0
5913 0.000378665
5914 -0.000757566
5915 0
5916 0.000378665
5917 -0.000757566
5918 -0.000378665
5919 0
5920 0.000378665
5921 0.000378665
5922 0
5923 -0.000378665
5924 -0.000378665
5925 0.000378665
5926 0
5927 0.0011367
5928 0
5929 -0.000378665
5930 0
5931 0.000378665
5932 0
5933 0.000757566
5934 0.000378665
5935 0.000757566
5936 0.000378665
5937 -0.000378665
5938 -0.000757566
5939 3.7659
5940 7.30977
5941 8.6094
5942 9.00952
5943 9.07659
5944 9.04703
5945 9.03529
