0 0
1 0
2 0
3 0
4 0
5 0
6 0
7 0
8 0
9 0
10 0
11 0
12 0
13 0
14 0
15 0
16 0
17 0
18 0
19 0
20 0
21 0
22 0
23 0
24 0
25 0
26 0
27 0
28 0
29 0
30 0
31 0
32 0
33 0
34 0
35 0
36 0
37 0
38 0
39 0
40 0
41 0
42 0
43 0
44 0
45 0
46 0
47 0
48 0
49 0
50 0
51 0
52 0
53 0
54 0
55 0
56 0
57 0
58 0
59 0
60 0
61 0
62 0
63 0
64 0
65 0
66 0
67 0
68 0
69 0
70 0
71 0
72 0
73 0
74 0
75 0
76 0
77 0
78 0
79 0
80 0
81 0
82 0
83 0
84 0
85 0
86 0
87 0
88 0
89 0
90 0
91 0
92 0
93 0
94 0
95 0
96 0
97 0
98 0
99 0
100 0
101 0
102 0
103 0
104 0
105 0
106 0
107 0
108 0
109 0
110 0.00121
111 0.00121
112 0.00121
113 0.00242
114 0.00121
115 0.00242
116 0.00242
117 0.00242
118 0.00242
119 0.00242
120 0.00242
121 0.00242
122 0.00363
123 0.00363
124 0.00363
125 0.00363
126 0.00363
127 0.00363
128 0.00363
129 0.00363
130 0.00363
131 0.00363
132 0.00363
133 0.00363
134 0.00363
135 0.00484
136 0.00484
137 0.00484
138 0.00484
139 0.00484
140 0.00484
141 0.00484
142 0.00484
143 0.00484
144 0.00484
145 0.00484
146 0.00484
147 0.00484
148 0.00484
149 0.00484
150 0.00484
151 0.00484
152 0.00484
153 0.00484
154 0.00484
155 0.00484
156 0.00484
157 0.00484
158 0.00484
159 0.00484
160 0.00484
161 0.00484
162 0.00484
163 0.00484
164 0.00484
165 0.00484
166 0.00484
167 0.00484
168 0.3751
169 0.25773
170 0.14762
171 0.10406
172 0.0847
173 0.06534
174 0.07139
175 0.06171
176 0.07139
177 0.07865
178 0.09075
179 0.07744
180 0.07865
181 0.07018
182 0.07623
183 0.08107
184 -0.25047
185 -0.14157
186 -0.04598
187 0.0121
188 -0.03388
189 -0.02541
190 -0.02057
191 -0.02541
192 -0.03025
193 -0.03388
194 -0.03509
195 -0.03267
196 -0.02541
197 -0.02178
198 -0.01936
199 -0.01815
200 -0.01573
201 -0.01331
202 -0.01089
203 -0.00968
204 -0.00968
205 -0.00847
206 -0.00605
207 -0.00605
208 -0.00484
209 -0.00484
210 -0.00484
211 -0.00363
212 -0.00363
213 -0.00363
214 -0.00363
215 -0.00363
216 -0.00242
217 -0.00242
218 -0.00242
219 -0.00242
220 -0.00242
221 -0.00242
222 -0.00242
223 -0.00242
224 -0.00242
225 -0.00242
226 -0.00121
227 -0.00242
228 -0.00242
229 -0.00242
230 -0.00242
231 -0.00242
232 -0.00242
233 -0.00242
234 -0.00242
235 -0.00242
236 -0.00242
237 -0.00242
238 -0.00242
239 -0.00242
240 -0.00242
241 -0.00242
242 -0.00242
243 -0.00242
244 -0.00242
245 -0.00242
246 -0.00242
247 -0.00242
248 -0.00242
249 -0.00242
250 -0.00242
251 -0.00242
252 -0.00242
253 -0.00242
254 -0.00242
255 -0.00242
256 -0.00242
257 -0.00242
258 -0.00242
259 -0.00242
260 -0.00242
261 -0.00242
262 -0.00242
263 -0.00242
264 -0.00242
265 -0.00242
266 -0.00242
267 -0.00242
268 -0.00242
269 -0.00242
270 -0.00242
271 -0.00242
272 -0.00242
273 -0.00242
274 -0.00242
275 -0.00242
276 -0.00242
277 -0.00242
278 -0.00242
279 -0.00242
280 -0.00242
281 -0.00242
282 -0.00242
283 -0.00242
284 -0.00242
285 -0.00242
286 -0.00242
287 -0.00242
288 -0.00242
289 -0.00242
290 -0.00242
291 -0.00242
292 -0.00242
293 -0.00242
294 -0.00242
295 -0.00242
296 -0.00242
297 -0.00242
298 -0.00242
299 -0.00242
300 -0.00242
301 -0.00242
302 -0.00242
303 -0.00242
304 -0.00242
305 -0.00242
306 -0.00242
307 -0.00242
308 -0.00242
309 -0.00242
310 -0.00242
311 -0.00242
312 -0.00242
313 -0.00242
314 -0.00242
315 -0.00242
316 -0.00242
317 -0.00242
318 -0.00242
319 -0.00242
320 -0.00242
321 -0.00242
322 -0.00242
323 -0.00242
324 -0.00242
325 -0.00242
326 -0.00242
327 -0.00242
328 -0.50336
329 -0.29161
330 -0.19481
331 -0.1089
332 -0.09075
333 -0.06897
334 -0.06776
335 -0.06776
336 -0.07986
337 -0.08107
338 -0.07986
339 -0.08228
340 -0.07502
341 -0.07865
342 -0.07744
343 -0.0726
344 0.27588
345 0.16819
346 0.0847
347 0
348 0.03388
349 0.01815
350 0.01815
351 0.01573
352 0.01936
353 0.03146
354 0.03509
355 0.0363
356 0.03267
357 0.02662
358 0.02299
359 0.02057
360 0.01936
361 0.01815
362 0.01573
363 0.01331
364 0.0121
365 0.0121
366 0.01089
367 0.00968
368 0.00847
369 0.00847
370 0.00847
371 0.00847
372 0.00726
373 0.00726
374 0.00726
375 0.00605
376 0.00726
377 0.00605
378 0.00605
379 0.00605
380 0.00605
381 0.00605
382 0.00484
383 0.00484
384 0.00484
385 0.00484
386 0.00484
387 0.00484
388 0.00484
389 0.00484
390 0.00484
391 0.00484
392 0.00484
393 0.00484
394 0.00484
395 0.00484
396 0.00484
397 0.00484
398 0.00484
399 0.00484
400 0.00484
401 0.00484
402 0.00484
403 0.00484
404 0.00484
405 0.00484
406 0.00484
407 0.00484
408 0.00484
409 0.00484
410 0.00484
411 0.00484
412 0.00484
413 0.00484
414 0.00484
415 0.00484
416 0.00484
417 0.00484
418 0.00484
419 0.00484
420 0.00484
421 0.00484
422 0.00484
423 0.00484
424 0.00484
425 0.00484
426 0.00484
427 0.00484
428 0.00484
429 0.00484
430 0.00484
431 0.00484
432 0.00484
433 0.00484
434 0.00484
435 0.00484
436 0.00484
437 0.00484
438 0.00484
439 0.00484
440 0.00484
441 0.00484
442 0.00484
443 0.00484
444 0.00484
445 0.00484
446 0.00605
447 0.00605
448 0.00484
449 0.00484
450 0.00484
451 0.00605
452 0.00484
453 0.00484
454 0.00484
455 0.00484
456 0.00484
457 0.00484
458 0.00484
459 0.00605
460 0.00484
461 0.00484
462 0.00484
463 0.00605
464 0.00484
465 0.00484
466 0.00484
467 0.00484
468 0.00484
469 0.00484
470 0.00484
471 0.00484
472 0.00484
473 0.00605
474 0.00484
475 0.00605
476 0.00484
477 0.00484
478 0.00484
479 0.00484
480 0.00484
481 0.00484
482 0.00484
483 0.00484
484 0.00605
485 0.00484
486 0.00484
487 0.00484
488 0.14762
489 0.30371
490 0.22143
491 0.12221
492 0.09317
493 0.07744
494 0.07744
495 0.0605
496 0.06897
497 0.07744
498 0.08591
499 0.08228
500 0.07986
501 0.07744
502 0.06776
503 0.07744
504 0.07139
505 -0.18392
506 -0.11132
507 -0.0242
508 -0.02057
509 -0.02783
510 -0.02178
511 -0.02178
512 -0.02662
513 -0.03267
514 -0.03509
515 -0.03509
516 -0.03025
517 -0.0242
518 -0.02057
519 -0.01936
520 -0.01694
521 -0.01452
522 -0.0121
523 -0.01089
524 -0.00968
525 -0.00847
526 -0.00726
527 -0.00605
528 -0.00605
529 -0.00605
530 -0.00484
531 -0.00484
532 -0.00363
533 -0.00363
534 -0.00363
535 -0.00363
536 -0.00363
537 -0.00242
538 -0.00242
539 -0.00242
540 -0.00242
541 -0.00242
542 -0.00242
543 -0.00242
544 -0.00242
545 -0.00242
546 -0.00242
547 -0.00242
548 -0.00242
549 -0.00242
550 -0.00242
551 -0.00242
552 -0.00242
553 -0.00242
554 -0.00242
555 -0.00242
556 -0.00242
557 -0.00242
558 -0.00242
559 -0.00242
560 -0.00242
561 -0.00242
562 -0.00242
563 -0.00242
564 -0.00242
565 -0.00242
566 -0.00242
567 -0.00242
568 -0.00242
569 -0.00242
570 -0.00242
571 -0.00242
572 -0.00242
573 -0.00242
574 -0.00242
575 -0.00242
576 -0.00242
577 -0.00242
578 -0.00242
579 -0.00242
580 -0.00242
581 -0.00242
582 -0.00242
583 -0.00242
584 -0.00242
585 -0.00242
586 -0.00242
587 -0.00242
588 -0.00242
589 -0.00242
590 -0.00242
591 -0.00242
592 -0.00242
593 -0.00242
594 -0.00242
595 -0.00242
596 -0.00242
597 -0.00242
598 -0.00242
599 -0.00242
600 -0.00242
601 -0.00242
602 -0.00242
603 -0.00242
604 -0.00242
605 -0.00242
606 -0.00242
607 -0.00242
608 -0.00242
609 -0.00242
610 -0.00242
611 -0.00242
612 -0.00242
613 -0.00242
614 -0.00242
615 -0.00242
616 -0.00242
617 -0.00242
618 -0.00242
619 -0.00242
620 -0.00242
621 -0.00242
622 -0.00242
623 -0.00242
624 -0.00242
625 -0.00242
626 -0.00242
627 -0.00242
628 -0.00242
629 -0.00242
630 -0.00242
631 -0.00242
632 -0.00242
633 -0.00242
634 -0.00242
635 -0.00242
636 -0.00242
637 -0.00242
638 -0.00242
639 -0.00242
640 -0.00242
641 -0.00242
642 -0.00242
643 -0.00242
644 -0.00242
645 -0.00242
646 -0.00242
647 -0.00242
648 -0.00242
649 -0.35695
650 -0.27709
651 -0.1452
652 -0.10164
653 -0.08228
654 -0.0726
655 -0.06655
656 -0.07139
657 -0.0726
658 -0.08107
659 -0.08349
660 -0.07381
661 -0.07139
662 -0.07018
663 -0.0726
664 -0.0726
665 0.38478
666 0.15004
667 0.04961
668 -0.00968
669 0.03751
670 0.01573
671 0.01573
672 0.01573
673 0.02178
674 0.03267
675 0.03509
676 0.0363
677 0.02904
678 0.02541
679 0.02299
680 0.02057
681 0.01936
682 0.01694
683 0.01573
684 0.01331
685 0.0121
686 0.0121
687 0.01089
688 0.00968
689 0.00847
690 0.00847
691 0.00847
692 0.00847
693 0.00726
694 0.00726
695 0.00605
696 0.00605
697 0.00726
698 0.00605
699 0.00605
700 0.00605
701 0.00605
702 0.00605
703 0.00605
704 0.00484
705 0.00484
706 0.00484
707 0.00605
708 0.00484
709 0.00484
710 0.00484
711 0.00484
712 0.00484
713 0.00484
714 0.00484
715 0.00484
716 0.00484
717 0.00484
718 0.00484
719 0.00484
720 0.00484
721 0.00484
722 0.00484
723 0.00484
724 0.00484
725 0.00484
726 0.00484
727 0.00484
728 0.00484
729 0.00484
730 0.00484
731 0.00484
732 0.00484
733 0.00484
734 0.00484
735 0.00484
736 0.00484
737 0.00484
738 0.00484
739 0.00484
740 0.00484
741 0.00605
742 0.00605
743 0.00484
744 0.00605
745 0.00484
746 0.00484
747 0.00484
748 0.00484
749 0.00484
750 0.00484
751 0.00484
752 0.00484
753 0.00484
754 0.00484
755 0.00484
756 0.00484
757 0.00484
758 0.00484
759 0.00484
760 0.00605
761 0.00605
762 0.00484
763 0.00484
764 0.00605
765 0.00484
766 0.00484
767 0.00484
768 0.00605
769 0.00605
770 0.00605
771 0.00484
772 0.00484
773 0.00484
774 0.00484
775 0.00605
776 0.00484
777 0.00605
778 0.00605
779 0.00484
780 0.00605
781 0.00484
782 0.00605
783 0.00484
784 0.00484
785 0.00605
786 0.00484
787 0.00605
788 0.00484
789 0.00605
790 0.00605
791 0.00605
792 0.00605
793 0.00605
794 0.00484
795 0.00484
796 0.00484
797 0.00605
798 0.00484
799 0.00605
800 0.00605
801 0.00605
802 0.00605
803 0.00605
804 0.00605
805 0.00605
806 0.00605
807 0.00605
808 0.00484
809 0.41261
810 0.28677
811 0.19239
812 0.10648
813 0.09317
814 0.06413
815 0.06655
816 0.06776
817 0.06776
818 0.0847
819 0.08591
820 0.08228
821 0.07502
822 0.07139
823 0.06897
824 0.07018
825 -0.12584
826 -0.16335
827 -0.07865
828 -0.01089
829 -0.03509
830 -0.02783
831 -0.02057
832 -0.02299
833 -0.02783
834 -0.03388
835 -0.03509
836 -0.03509
837 -0.02904
838 -0.02299
839 -0.02057
840 -0.01936
841 -0.01694
842 -0.01452
843 -0.0121
844 -0.01089
845 -0.00968
846 -0.00847
847 -0.00726
848 -0.00605
849 -0.00605
850 -0.00605
851 -0.00484
852 -0.00484
853 -0.00363
854 -0.00363
855 -0.00363
856 -0.00363
857 -0.00363
858 -0.00242
859 -0.00363
860 -0.00363
861 -0.00242
862 -0.00242
863 -0.00242
864 -0.00242
865 -0.00242
866 -0.00242
867 -0.00242
868 -0.00242
869 -0.00242
870 -0.00242
871 -0.00242
872 -0.00242
873 -0.00242
874 -0.00242
875 -0.00242
876 -0.00242
877 -0.00242
878 -0.00242
879 -0.00242
880 -0.00242
881 -0.00242
882 -0.00242
883 -0.00242
884 -0.00242
885 -0.00242
886 -0.00242
887 -0.00242
888 -0.00242
889 -0.00242
890 -0.00242
891 -0.00242
892 -0.00242
893 -0.00242
894 -0.00242
895 -0.00242
896 -0.00242
897 -0.00242
898 -0.00242
899 -0.00242
900 -0.00242
901 -0.00242
902 -0.00242
903 -0.00242
904 -0.00242
905 -0.00242
906 -0.00242
907 -0.00242
908 -0.00242
909 -0.00242
910 -0.00242
911 -0.00242
912 -0.00242
913 -0.00242
914 -0.00242
915 -0.00242
916 -0.00242
917 -0.00242
918 -0.00242
919 -0.00242
920 -0.00242
921 -0.00242
922 -0.00242
923 -0.00242
924 -0.00242
925 -0.00242
926 -0.00242
927 -0.00242
928 -0.00242
929 -0.00242
930 -0.00242
931 -0.00242
932 -0.00242
933 -0.00242
934 -0.00242
935 -0.00242
936 -0.00242
937 -0.00242
938 -0.00242
939 -0.00242
940 -0.00242
941 -0.00242
942 -0.00242
943 -0.00242
944 -0.00242
945 -0.00242
946 -0.00242
947 -0.00242
948 -0.00242
949 -0.00242
950 -0.00242
951 -0.00242
952 -0.00242
953 -0.00242
954 -0.00242
955 -0.00242
956 -0.00242
957 -0.00242
958 -0.00242
959 -0.00242
960 -0.00242
961 -0.00242
962 -0.00242
963 -0.00242
964 -0.00242
965 -0.00242
966 -0.00242
967 -0.00242
968 -0.00242
969 -0.03993
970 -0.3025
971 -0.21417
972 -0.12463
973 -0.09196
974 -0.07502
975 -0.07502
976 -0.06655
977 -0.08107
978 -0.07744
979 -0.08712
980 -0.08349
981 -0.08349
982 -0.0726
983 -0.07865
984 -0.08107
985 -0.07623
986 0.17787
987 0.11253
988 0.00605
989 0.02057
990 0.03146
991 0.01694
992 0.01573
993 0.01694
994 0.03025
995 0.03509
996 0.0363
997 0.03509
998 0.02783
999 0.0242
1000 0.02178
1001 0.02057
1002 0.01815
1003 0.01694
1004 0.01452
1005 0.01331
1006 0.0121
1007 0.0121
1008 0.01089
1009 0.00968
1010 0.00847
1011 0.00847
1012 0.00847
1013 0.00847
1014 0.00726
1015 0.00726
1016 0.00605
1017 0.00726
1018 0.00726
1019 0.00605
1020 0.00605
1021 0.00605
1022 0.00605
1023 0.00605
1024 0.00605
1025 0.00484
1026 0.00484
1027 0.00605
1028 0.00605
1029 0.00484
1030 0.00484
1031 0.00484
1032 0.00605
1033 0.00605
1034 0.00484
1035 0.00484
1036 0.00484
1037 0.00605
1038 0.00484
1039 0.00484
1040 0.00484
1041 0.00484
1042 0.00605
1043 0.00605
1044 0.00484
1045 0.00605
1046 0.00605
1047 0.00484
1048 0.00605
1049 0.00484
1050 0.00484
1051 0.00605
1052 0.00605
1053 0.00605
1054 0.00605
1055 0.00605
1056 0.00484
1057 0.00605
1058 0.00605
1059 0.00605
1060 0.00605
1061 0.00605
1062 0.00605
1063 0.00605
1064 0.00605
1065 0.00605
1066 0.00605
1067 0.00605
1068 0.00605
1069 0.00605
1070 0.00605
1071 0.00484
1072 0.00605
1073 0.00605
1074 0.00605
1075 0.00605
1076 0.00605
1077 0.00605
1078 0.00605
1079 0.00605
1080 0.00605
1081 0.00605
1082 0.00605
1083 0.00605
1084 0.00605
1085 0.00605
1086 0.00605
1087 0.00605
1088 0.00605
1089 0.00605
1090 0.00605
1091 0.00605
1092 0.00605
1093 0.00605
1094 0.00605
1095 0.00605
1096 0.00605
1097 0.00605
1098 0.00605
1099 0.00605
1100 0.00605
1101 0.00605
1102 0.00605
1103 0.00605
1104 0.00605
1105 0.00605
1106 0.00605
1107 0.00605
1108 0.00605
1109 0.00605
1110 0.00605
1111 0.00605
1112 0.00605
1113 0.00605
1114 0.00605
1115 0.00605
1116 0.00605
1117 0.00605
1118 0.00605
1119 0.00605
1120 0.00605
1121 0.00605
1122 0.00605
1123 0.00605
1124 0.00605
1125 0.00605
1126 0.00605
1127 0.00605
1128 0.00605
1129 0.00605
1130 0.34485
1131 0.25047
1132 0.13915
1133 0.10285
1134 0.08954
1135 0.07018
1136 0.07139
1137 0.06534
1138 0.08107
1139 0.08228
1140 0.07986
1141 0.08954
1142 0.07502
1143 0.07744
1144 0.07139
1145 0.06897
1146 -0.23958
1147 -0.13431
1148 -0.03872
1149 0.01331
1150 -0.03509
1151 -0.02541
1152 -0.02178
1153 -0.02662
1154 -0.03267
1155 -0.03509
1156 -0.03509
1157 -0.03388
1158 -0.02541
1159 -0.02299
1160 -0.02057
1161 -0.01815
1162 -0.01573
1163 -0.01331
1164 -0.01089
1165 -0.01089
1166 -0.00968
1167 -0.00847
1168 -0.00726
1169 -0.00605
1170 -0.00605
1171 -0.00605
1172 -0.00484
1173 -0.00363
1174 -0.00363
1175 -0.00363
1176 -0.00363
1177 -0.00363
1178 -0.00242
1179 -0.00363
1180 -0.00363
1181 -0.00363
1182 -0.00242
1183 -0.00242
1184 -0.00242
1185 -0.00242
1186 -0.00242
1187 -0.00242
1188 -0.00242
1189 -0.00242
1190 -0.00242
1191 -0.00242
1192 -0.00242
1193 -0.00242
1194 -0.00242
1195 -0.00242
1196 -0.00242
1197 -0.00242
1198 -0.00242
1199 -0.00242
1200 -0.00242
1201 -0.00242
1202 -0.00242
1203 -0.00242
1204 -0.00242
1205 -0.00242
1206 -0.00242
1207 -0.00242
1208 -0.00242
1209 -0.00242
1210 -0.00242
1211 -0.00242
1212 -0.00242
1213 -0.00242
1214 -0.00242
1215 -0.00242
1216 -0.00242
1217 -0.00242
1218 -0.00242
1219 -0.00242
1220 -0.00242
1221 -0.00242
1222 -0.00242
1223 -0.00242
1224 -0.00242
1225 -0.00242
1226 -0.00242
1227 -0.00242
1228 -0.00242
1229 -0.00242
1230 -0.00242
1231 -0.00242
1232 -0.00242
1233 -0.00242
1234 -0.00242
1235 -0.00242
1236 -0.00242
1237 -0.00242
1238 -0.00242
1239 -0.00242
1240 -0.00242
1241 -0.00242
1242 -0.00242
1243 -0.00242
1244 -0.00242
1245 -0.00242
1246 -0.00242
1247 -0.00242
1248 -0.00242
1249 -0.00242
1250 -0.00242
1251 -0.00242
1252 -0.00242
1253 -0.00242
1254 -0.00242
1255 -0.00242
1256 -0.00242
1257 -0.00242
1258 -0.00242
1259 -0.00242
1260 -0.00242
1261 -0.00242
1262 -0.00242
1263 -0.00242
1264 -0.00242
1265 -0.00242
1266 -0.00242
1267 -0.00242
1268 -0.00242
1269 -0.00242
1270 -0.00242
1271 -0.00363
1272 -0.00242
1273 -0.00242
1274 -0.00242
1275 -0.00242
1276 -0.00363
1277 -0.00242
1278 -0.00242
1279 -0.00242
1280 -0.00242
1281 -0.00242
1282 -0.00242
1283 -0.00242
1284 -0.00242
1285 -0.00242
1286 -0.00242
1287 -0.00242
1288 -0.00242
1289 -0.00242
1290 -0.49489
1291 -0.27588
1292 -0.18513
1293 -0.10648
1294 -0.08712
1295 -0.0726
1296 -0.07139
1297 -0.06776
1298 -0.07381
1299 -0.08591
1300 -0.07986
1301 -0.08107
1302 -0.07502
1303 -0.07623
1304 -0.07623
1305 -0.0726
1306 0.28435
1307 0.15851
1308 0.06897
1309 -0.00242
1310 0.03509
1311 0.01694
1312 0.01815
1313 0.01573
1314 0.02178
1315 0.03267
1316 0.0363
1317 0.0363
1318 0.03146
1319 0.02662
1320 0.0242
1321 0.02178
1322 0.02057
1323 0.01815
1324 0.01694
1325 0.01452
1326 0.01331
1327 0.0121
1328 0.0121
1329 0.01089
1330 0.00968
1331 0.00847
1332 0.00847
1333 0.00847
1334 0.00847
1335 0.00726
1336 0.00726
1337 0.00726
1338 0.00726
1339 0.00726
1340 0.00605
1341 0.00605
1342 0.00605
1343 0.00605
1344 0.00605
1345 0.00605
1346 0.00484
1347 0.00605
1348 0.00605
1349 0.00605
1350 0.00605
1351 0.00484
1352 0.00605
1353 0.00605
1354 0.00605
1355 0.00605
1356 0.00484
1357 0.00605
1358 0.00605
1359 0.00605
1360 0.00605
1361 0.00605
1362 0.00605
1363 0.00605
1364 0.00605
1365 0.00605
1366 0.00605
1367 0.00605
1368 0.00605
1369 0.00605
1370 0.00605
1371 0.00605
1372 0.00605
1373 0.00605
1374 0.00605
1375 0.00605
1376 0.00605
1377 0.00605
1378 0.00605
1379 0.00605
1380 0.00605
1381 0.00605
1382 0.00605
1383 0.00605
1384 0.00605
1385 0.00605
1386 0.00605
1387 0.00605
1388 0.00605
1389 0.00605
1390 0.00605
1391 0.00605
1392 0.00605
1393 0.00605
1394 0.00605
1395 0.00605
1396 0.00605
1397 0.00605
1398 0.00605
1399 0.00605
1400 0.00605
1401 0.00605
1402 0.00605
1403 0.00605
1404 0.00605
1405 0.00605
1406 0.00605
1407 0.00605
1408 0.00605
1409 0.00605
1410 0.00605
1411 0.00605
1412 0.00605
1413 0.00605
1414 0.00605
1415 0.00605
1416 0.00605
1417 0.00605
1418 0.00605
1419 0.00605
1420 0.00605
1421 0.00605
1422 0.00605
1423 0.00605
1424 0.00605
1425 0.00605
1426 0.00605
1427 0.00605
1428 0.00605
1429 0.00605
1430 0.00605
1431 0.00605
1432 0.00605
1433 0.00605
1434 0.00605
1435 0.00605
1436 0.00605
1437 0.00605
1438 0.00605
1439 0.00605
1440 0.00605
1441 0.00605
1442 0.00605
1443 0.00605
1444 0.00605
1445 0.00605
1446 0.00605
1447 0.00605
1448 0.00605
1449 0.00605
1450 0.33033
1451 0.30129
1452 0.20933
1453 0.11979
1454 0.10043
1455 0.07381
1456 0.07623
1457 0.06534
1458 0.07744
1459 0.08228
1460 0.08107
1461 0.09317
1462 0.07623
1463 0.07623
1464 0.07018
1465 0.0726
1466 0.07623
1467 -0.1815
1468 -0.10527
1469 -0.01573
1470 -0.03267
1471 -0.02904
1472 -0.02178
1473 -0.0242
1474 -0.02904
1475 -0.03509
1476 -0.0363
1477 -0.0363
1478 -0.03146
1479 -0.0242
1480 -0.02178
1481 -0.02057
1482 -0.01815
1483 -0.01573
1484 -0.01331
1485 -0.0121
1486 -0.01089
1487 -0.00968
1488 -0.00847
1489 -0.00726
1490 -0.00605
1491 -0.00726
1492 -0.00605
1493 -0.00484
1494 -0.00484
1495 -0.00484
1496 -0.00484
1497 -0.00363
1498 -0.00363
1499 -0.00363
1500 -0.00363
1501 -0.00363
1502 -0.00363
1503 -0.00363
1504 -0.00242
1505 -0.00363
1506 -0.00363
1507 -0.00242
1508 -0.00242
1509 -0.00242
1510 -0.00242
1511 -0.00242
1512 -0.00242
1513 -0.00242
1514 -0.00242
1515 -0.00242
1516 -0.00242
1517 -0.00242
1518 -0.00242
1519 -0.00242
1520 -0.00242
1521 -0.00363
1522 -0.00242
1523 -0.00242
1524 -0.00242
1525 -0.00242
1526 -0.00242
1527 -0.00242
1528 -0.00363
1529 -0.00363
1530 -0.00363
1531 -0.00242
1532 -0.00242
1533 -0.00363
1534 -0.00363
1535 -0.00242
1536 -0.00363
1537 -0.00242
1538 -0.00363
1539 -0.00363
1540 -0.00363
1541 -0.00363
1542 -0.00363
1543 -0.00363
1544 -0.00363
1545 -0.00242
1546 -0.00363
1547 -0.00363
1548 -0.00363
1549 -0.00363
1550 -0.00363
1551 -0.00363
1552 -0.00363
1553 -0.00363
1554 -0.00363
1555 -0.00363
1556 -0.00363
1557 -0.00363
1558 -0.00363
1559 -0.00363
1560 -0.00363
1561 -0.00242
1562 -0.00363
1563 -0.00363
1564 -0.00363
1565 -0.00363
1566 -0.00363
1567 -0.00363
1568 -0.00363
1569 -0.00363
1570 -0.00363
1571 -0.00363
1572 -0.00363
1573 -0.00363
1574 -0.00242
1575 -0.00363
1576 -0.00363
1577 -0.00363
1578 -0.00363
1579 -0.00363
1580 -0.00363
1581 -0.00363
1582 -0.00363
1583 -0.00363
1584 -0.00363
1585 -0.00363
1586 -0.00363
1587 -0.00363
1588 -0.00363
1589 -0.00363
1590 -0.00363
1591 -0.00363
1592 -0.00363
1593 -0.00363
1594 -0.00363
1595 -0.00363
1596 -0.00363
1597 -0.00363
1598 -0.00363
1599 -0.00363
1600 -0.00363
1601 -0.00363
1602 -0.00242
1603 -0.00363
1604 -0.00242
1605 -0.00363
1606 -0.5082
1607 -0.2783
1608 -0.18513
1609 -0.10285
1610 -0.09317
1611 -0.06897
1612 -0.07018
1613 -0.07018
1614 -0.07623
1615 -0.08349
1616 -0.07986
1617 -0.0847
1618 -0.07623
1619 -0.08107
1620 -0.07139
1621 -0.07623
1622 0.26741
1623 0.16577
1624 0.07744
1625 0
1626 0.03509
1627 0.01815
1628 0.01815
1629 0.01573
1630 0.02057
1631 0.03267
1632 0.0363
1633 0.03751
1634 0.03267
1635 0.02783
1636 0.0242
1637 0.02178
1638 0.02057
1639 0.01936
1640 0.01694
1641 0.01452
1642 0.01331
1643 0.0121
1644 0.0121
1645 0.01089
1646 0.00968
1647 0.00968
1648 0.00847
1649 0.00847
1650 0.00847
1651 0.00726
1652 0.00726
1653 0.00726
1654 0.00726
1655 0.00726
1656 0.00605
1657 0.00605
1658 0.00605
1659 0.00605
1660 0.00605
1661 0.00605
1662 0.00605
1663 0.00605
1664 0.00605
1665 0.00605
1666 0.00605
