0 176.581
1 0
2 88.2905
3 -88.2905
4 0
5 176.581
6 88.2905
7 -88.2905
8 0
9 -88.2905
10 88.2905
11 -88.2905
12 0
13 88.2905
14 88.2905
15 88.2905
16 88.2905
17 88.2905
18 88.2905
19 0
20 88.2905
21 88.2905
22 0
23 88.2905
24 0
25 -88.2905
26 88.2905
27 -88.2905
28 88.2905
29 0
30 0
31 0
32 0
33 0
34 176.581
35 176.581
36 -88.2905
37 -88.2905
38 0
39 -88.2905
40 0
41 -88.2905
42 0
43 88.2905
44 -88.2905
45 0
46 0
47 176.581
48 0
49 88.2905
50 0
51 0
52 -88.2905
53 88.2905
54 0
55 -88.2905
56 0
57 176.581
58 88.2905
59 0
60 -176.581
61 88.2905
62 -176.581
63 0
64 88.2905
65 88.2905
66 0
67 -88.2905
68 0
69 88.2905
70 176.581
71 0
72 176.581
73 0
74 -88.2905
75 0
76 88.2905
77 0
78 88.2905
79 0
80 176.581
81 0
82 88.2905
83 0
84 88.2905
85 88.2905
86 176.581
87 0
88 176.581
89 0
90 -88.2905
91 0
92 88.2905
93 -88.2905
94 -88.2905
95 -88.2905
96 -88.2905
97 88.2905
98 0
99 88.2905
100 0
101 -176.581
102 176.581
103 0
104 88.2905
105 -88.2905
106 88.2905
107 0
108 88.2905
109 0
110 0
111 -176.581
112 -88.2905
113 0
114 0
115 -176.581
116 0
117 176.581
118 88.2905
119 88.2905
120 88.2905
121 -88.2905
122 88.2905
123 0
124 0
125 176.581
126 176.581
127 0
128 -88.2905
129 0
130 0
131 88.2905
132 0
133 0
134 -88.2905
135 88.2905
136 0
137 0
138 88.2905
139 -88.2905
140 88.2905
141 0
142 88.2905
143 0
144 88.2905
145 0
146 0
147 0
148 88.2905
149 88.2905
150 88.2905
151 88.2905
152 0
153 176.581
154 88.2905
155 0
156 0
157 0
158 0
159 88.2905
160 -88.2905
161 -88.2905
162 176.581
163 176.581
164 0
165 88.2905
166 0
167 88.2905
168 0
169 -176.581
170 0
171 -88.2905
172 0
173 88.2905
174 -88.2905
175 88.2905
176 -88.2905
177 88.2905
178 88.2905
179 0
180 -88.2905
181 0
182 88.2905
183 0
184 88.2905
185 -88.2905
186 0
187 -88.2905
188 0
189 0
190 88.2905
191 0
192 0
193 -88.2905
194 88.2905
195 88.2905
196 0
197 -88.2905
198 88.2905
199 -88.2905
200 0
201 -88.2905
202 0
203 88.2905
204 -88.2905
205 88.2905
206 176.581
207 88.2905
208 88.2905
209 0
210 0
211 0
212 -88.2905
213 -88.2905
214 88.2905
215 0
216 -176.581
217 0
218 88.2905
219 88.2905
220 88.2905
221 88.2905
222 0
223 88.2905
224 176.581
225 88.2905
226 0
227 0
228 -88.2905
229 0
230 88.2905
231 88.2905
232 -88.2905
233 -176.581
234 88.2905
235 0
236 0
237 88.2905
238 88.2905
239 0
240 88.2905
241 0
242 0
243 0
244 88.2905
245 0
246 0
247 88.2905
248 -88.2905
249 0
250 0
251 -176.581
252 0
253 0
254 88.2905
255 88.2905
256 88.2905
257 88.2905
258 88.2905
259 88.2905
260 -88.2905
261 0
262 0
263 -88.2905
264 0
265 88.2905
266 0
267 88.2905
268 88.2905
269 0
270 88.2905
271 0
272 -176.581
273 88.2905
274 0
275 0
276 0
277 -88.2905
278 0
279 0
280 176.581
281 0
282 0
283 -88.2905
284 88.2905
285 -176.581
286 -88.2905
287 0
288 -88.2905
289 0
290 176.581
291 -88.2905
292 -176.581
293 88.2905
294 88.2905
295 -88.2905
296 -88.2905
297 88.2905
298 0
299 176.581
300 88.2905
301 0
302 88.2905
303 176.581
304 0
305 -176.581
306 0
307 88.2905
308 -88.2905
309 88.2905
310 0
311 0
312 0
313 88.2905
314 -88.2905
315 88.2905
316 0
317 0
318 88.2905
319 0
320 -176.581
321 0
322 -176.581
323 -176.581
324 88.2905
325 0
326 0
327 88.2905
328 -88.2905
329 0
330 88.2905
331 -88.2905
332 88.2905
333 0
334 -88.2905
335 88.2905
336 -88.2905
337 0
338 88.2905
339 -88.2905
340 -88.2905
341 -88.2905
342 88.2905
343 0
344 88.2905
345 88.2905
346 0
347 88.2905
348 88.2905
349 176.581
350 0
351 0
352 88.2905
353 0
354 0
355 88.2905
356 -88.2905
357 88.2905
358 88.2905
359 88.2905
360 0
361 0
362 0
363 0
364 0
365 0
366 88.2905
367 0
368 0
369 88.2905
370 0
371 0
372 -88.2905
373 -88.2905
374 88.2905
375 0
376 0
377 0
378 0
379 176.581
380 88.2905
381 0
382 0
383 -88.2905
384 0
385 -88.2905
386 88.2905
387 0
388 264.871
389 -88.2905
390 -88.2905
391 0
392 0
393 0
394 88.2905
395 88.2905
396 88.2905
397 0
398 0
399 88.2905
400 -88.2905
401 0
402 0
