0 -0.000157481
1 -0.000157481
2 -0.000157481
3 -0.000157481
4 -0.000157481
5 -0.000157481
6 -0.000157481
7 -0.000157481
8 -0.000157481
9 -0.000157481
10 -0.000157481
11 -0.000157481
12 -0.000157481
13 -0.000157481
14 -0.000157481
15 -0.000157481
16 -0.000157481
17 -0.000157481
18 -0.000157481
19 -0.000157481
20 -0.000157481
21 -0.000157481
22 -0.000157481
23 -0.000157481
24 -0.000157481
25 -0.000157481
26 -0.000157481
27 -0.000157481
28 -0.000157481
29 -0.000157481
30 -0.000157481
31 -0.000157481
32 -0.000157481
33 -0.000157481
34 -0.000157481
35 -0.000157481
36 -0.000157481
37 -0.000157481
38 -0.000157481
39 -0.000157481
40 -0.000157481
41 -0.000157481
42 -0.000157481
43 -0.000157481
44 -0.000157481
45 -0.000157481
46 -0.000157481
47 -0.000157481
48 -0.000157481
49 -0.000157481
50 -0.000157481
51 -0.000157481
52 -0.000157481
53 -0.000157481
54 -0.000157481
55 -0.000157481
56 -0.000157481
57 -0.000157481
58 -0.000157481
59 -0.000157481
60 -0.000157481
61 -0.000157481
62 -0.000157481
63 -0.000157481
64 -0.000157481
65 -0.000157481
66 -0.000157481
67 -0.000157481
68 -0.000157481
69 -0.000157481
70 -0.000157481
71 -0.000157481
72 -0.000157481
73 -0.000157481
74 -0.000157481
75 -0.000157481
76 -0.000157481
77 -0.000157481
78 -0.000157481
79 -0.000157481
80 -0.000157481
81 -0.000157481
82 -0.000157481
83 -0.000157481
84 -0.000157481
85 -0.000157481
86 -0.000157481
87 -0.000157481
88 -0.000157481
89 -0.000157481
90 -0.000157481
91 -0.000157481
92 -0.000157481
93 -0.000157481
94 -0.000157481
95 -0.000157481
96 -0.000157481
97 -0.000157481
98 -0.000157481
99 -0.000157481
100 -0.000157481
101 -0.000157481
102 -0.000153218
103 -0.000156297
104 -0.000156297
105 -0.00015606
106 -0.00015606
107 -0.00015606
108 -0.00015606
109 -0.00015535
110 -0.000155113
111 -0.000154876
112 -0.000154876
113 -0.000154876
114 -0.000154639
115 -0.000154639
116 -0.000154402
117 -0.000154639
118 -0.000154402
119 -0.000154402
120 -0.000154166
121 -0.000154166
122 -0.000154166
123 -0.000154166
124 -0.000153692
125 -0.000153929
126 -0.000153692
127 -0.000153692
128 -0.000153455
129 -0.000153692
130 -0.000153692
131 -0.000153455
132 -0.000153455
133 -0.000153218
134 -0.000153455
135 -0.000153455
136 -0.000153218
137 -0.000153218
138 -0.000153218
139 -0.000153218
140 -0.000152982
141 -0.000152982
142 -0.000153218
143 -0.000152982
144 -0.000153218
145 -0.000152982
146 -0.000152982
147 -0.000152982
148 -0.000152982
149 -0.000152982
150 -0.000153218
151 -0.000152982
152 -0.000152982
153 -0.000153218
154 -0.000152982
155 -0.000152982
156 -0.000153218
157 -0.000152982
158 -0.000152982
159 -0.000152982
160 -0.000152745
161 -0.000153218
162 -0.000152982
163 -0.000153218
164 -0.000152982
165 -0.000152982
166 -0.000152982
167 -0.000152982
168 -0.000152982
169 -0.000152982
170 -0.000152982
171 -0.000153218
172 -0.000152982
173 -0.000152745
174 -0.000153218
175 -0.000152982
176 -0.000152982
177 -0.000152982
178 -0.000152982
179 -0.000152982
180 -0.000152982
181 -0.000152745
182 -0.000152982
183 -0.000152982
184 -0.000153218
185 -0.000152982
186 -0.000152982
187 -0.000152982
188 -0.000152745
189 -0.000152982
190 -0.000152982
191 -0.000153218
192 -0.000153218
193 -0.000152982
194 -0.000152982
195 -0.000152982
196 -0.000152745
197 0.0176945
198 0.189228
199 0.468504
200 0.783659
201 1.04853
202 1.36006
203 1.6907
204 2.01427
205 2.33618
206 2.62064
207 2.9497
208 3.25891
209 3.56679
210 3.8561
211 4.18384
212 4.50167
213 4.79964
214 5.12118
215 5.42911
216 5.71214
217 6.02006
218 6.32918
219 6.65572
220 6.94622
221 7.28392
222 7.60176
223 7.92827
224 8.22751
225 8.5242
226 8.85322
227 9.18097
228 9.41812
229 9.7682
230 10.091
231 10.3691
232 10.6869
233 11.0023
234 11.3462
235 11.6181
236 11.9334
237 12.2326
238 12.5492
239 12.8397
240 13.1762
241 13.4742
242 13.8081
243 14.0862
244 14.4028
245 14.7442
246 15.0546
247 15.3315
248 15.6779
249 15.951
250 16.2713
251 16.5978
252 16.9069
253 17.195
254 17.5327
255 17.853
256 18.1572
257 18.4676
258 18.7792
259 19.0796
260 19.385
261 19.7066
262 20.0207
263 20.3261
264 20.6303
265 20.9543
266 21.261
267 21.549
268 21.8917
269 22.1598
270 22.4876
271 22.7992
272 23.1183
273 23.4361
274 23.7626
275 24.0556
276 24.3437
277 24.664
278 24.9905
279 25.2661
280 25.5939
281 25.9055
282 26.232
283 26.5201
284 26.7845
285 27.1719
286 27.44
287 27.7703
288 28.0894
289 28.386
290 28.7051
291 28.9969
292 29.2949
293 29.6438
294 29.8868
295 29.9714
296 30.0043
297 30.0069
298 30.0049
299 30.0025
300 30.0014
301 30.0006
302 30.0002
303 30.0001
304 30
305 30
306 30
307 30
308 30
309 30
310 30
311 30
312 30
313 30
314 30
315 30
316 30
317 30
318 30
319 30
320 30
321 30
322 30
323 30
324 30
325 30
326 30
327 30
328 30
329 30
330 30
331 30
332 30
333 30
334 30
335 30
336 30
337 30
338 30
339 30
340 30
341 30
342 30
343 30
344 30
345 30
346 30
347 30
348 30
349 30
350 30
351 30
352 30
353 30
354 30
355 30
356 30
357 29.9977
358 29.8601
359 29.6576
360 29.3384
361 29.0401
362 28.7085
363 28.379
364 28.0764
365 27.7681
366 27.4786
367 27.1706
368 26.8552
369 26.5373
370 26.2084
371 25.9228
372 25.5963
373 25.2772
374 25.0103
375 24.6825
376 24.3846
377 24.0618
378 23.734
379 23.405
380 23.1517
381 22.7904
382 22.5322
383 22.2119
384 21.8966
385 21.5986
386 21.2547
387 20.9307
388 20.6228
389 20.3049
390 20.0517
391 19.6941
392 19.3949
393 19.0895
394 18.7667
395 18.4576
396 18.1497
397 17.8244
398 17.5078
399 17.2471
400 16.892
401 16.604
402 16.2849
403 15.9634
404 15.6567
405 15.3587
406 15.0372
407 14.7442
408 14.4425
409 14.1234
410 13.8043
411 13.4766
412 13.1873
413 12.8956
414 12.574
415 12.2351
416 11.9284
417 11.618
418 11.33
419 11.0097
420 10.713
421 10.41
422 10.091
423 9.7595
424 9.46152
425 9.15612
426 8.83826
427 8.52667
428 8.22372
429 7.9208
430 7.5918
431 7.2603
432 6.95739
433 6.69417
434 6.36023
435 6.02501
436 5.74692
437 5.45143
438 5.13113
439 4.81331
440 4.50539
441 4.20373
442 3.86973
443 3.55192
444 3.23534
445 2.9237
446 2.61086
447 2.33025
448 2.03603
449 1.69459
450 1.37927
451 1.11232
452 0.758502
453 0.450613
454 0.166256
455 0.0457424
456 0.000790483
457 -0.00696634
458 -0.00557838
459 -0.00334736
460 -0.00170482
461 -0.000835241
462 -0.00037085
463 -0.000172163
464 -8.0043e-05
465 -3.33907e-05
466 -7.34122e-06
467 4.73627e-06
468 1.16039e-05
469 1.44456e-05
470 1.56297e-05
471 1.53929e-05
472 1.49193e-05
473 1.42088e-05
474 1.37352e-05
475 1.27879e-05
476 1.18407e-05
477 1.08934e-05
478 9.94617e-06
479 9.23573e-06
480 7.81485e-06
481 7.10441e-06
482 6.39396e-06
483 5.68352e-06
484 4.73627e-06
485 4.26264e-06
486 3.78902e-06
487 2.84176e-06
488 2.36814e-06
489 1.65769e-06
490 1.65769e-06
491 7.10441e-07
492 4.73627e-07
493 0
494 0
495 -7.10441e-07
496 -7.10441e-07
497 -1.42088e-06
498 -1.65769e-06
499 -1.65769e-06
500 -1.65769e-06
501 -2.13132e-06
502 -2.13132e-06
503 -2.13132e-06
504 -2.36814e-06
505 -2.84176e-06
506 -2.60495e-06
507 -2.84176e-06
508 -2.84176e-06
509 -3.07858e-06
510 -2.84176e-06
511 -3.31539e-06
512 -3.31539e-06
513 -3.31539e-06
514 -3.31539e-06
515 -3.31539e-06
516 -3.31539e-06
517 0.00100835
518 0.0676311
519 0.294143
520 0.567681
521 0.887324
522 1.21765
523 1.52874
524 1.83525
525 2.15113
526 2.48291
527 2.75238
528 3.0703
529 3.37198
530 3.68984
531 4.01139
532 4.2895
533 4.6185
534 4.94004
535 5.25417
536 5.5732
537 5.87368
538 6.19273
539 6.50932
540 6.78743
541 7.08912
542 7.42436
543 7.75084
544 8.05503
545 8.37035
546 8.65096
547 8.98988
548 9.27915
549 9.58705
550 9.90733
551 10.2376
552 10.507
553 10.8286
554 11.1725
555 11.4568
556 11.7423
557 12.049
558 12.3668
559 12.702
560 13.0323
561 13.3352
562 13.6034
563 13.9323
564 14.2328
565 14.5568
566 14.8597
567 15.195
568 15.4942
569 15.781
570 16.1273
571 16.4092
572 16.7245
573 17.0423
574 17.3726
575 17.6929
576 17.9574
577 18.2888
578 18.6054
579 18.9083
580 19.22
581 19.5217
582 19.8358
583 20.1735
584 20.4714
585 20.7707
586 21.0872
587 21.4187
588 21.6918
589 22.0034
590 22.3387
591 22.6416
592 22.9532
593 23.2524
594 23.5814
595 23.8943
596 24.1947
597 24.4716
598 24.8055
599 25.1383
600 25.4387
601 25.7106
602 26.0371
603 26.3574
604 26.6728
605 26.9869
606 27.3047
607 27.6263
608 27.8758
609 28.1887
610 28.5214
611 28.8641
612 29.162
613 29.4575
614 29.762
615 29.943
616 29.9944
617 30.0067
618 30.0063
619 30.0036
620 30.0021
621 30.001
622 30.0004
623 30.0002
624 30
625 30
626 30
627 30
628 30
629 30
630 30
631 30
632 30
633 30
634 30
635 30
636 30
637 30
638 30
639 30
640 30
641 30
642 30
643 30
644 30
645 30
646 30
647 30
648 30
649 30
650 30
651 30
652 30
653 30
654 30
655 30
656 30
657 30
658 30
659 30
660 30
661 30
662 30
663 30
664 30
665 30
666 30
667 30
668 30
669 30
670 30
671 30
672 30
673 30
674 30
675 30
676 30
677 30
678 29.9698
679 29.8151
680 29.5149
681 29.2061
682 28.9413
683 28.6185
684 28.3079
685 27.9657
686 27.6289
687 27.342
688 27.0564
689 26.7199
690 26.4045
691 26.1314
692 25.816
693 25.5218
694 25.1679
695 24.9072
696 24.5795
697 24.2617
698 23.9215
699 23.6545
700 23.3404
701 23.0152
702 22.6874
703 22.3646
704 22.0989
705 21.7724
706 21.4422
707 21.1293
708 20.8239
709 20.5061
710 20.2453
711 19.9201
712 19.5898
713 19.2931
714 18.9591
715 18.6736
716 18.3756
717 18.0379
718 17.7189
719 17.4557
720 17.1453
721 16.7964
722 16.4711
723 16.2017
724 15.8827
725 15.5747
726 15.2383
727 14.9205
728 14.6511
729 14.3506
730 14.0241
731 13.6901
732 13.3711
733 13.0756
734 12.7416
735 12.4759
736 12.1693
737 11.8564
738 11.5287
739 11.1897
740 10.8843
741 10.5727
742 10.3107
743 9.96807
744 9.66511
745 9.36344
746 9.0307
747 8.75509
748 8.44966
749 8.11448
750 7.82271
751 7.48626
752 7.18708
753 6.86674
754 6.52286
755 6.25964
756 5.95426
757 5.60912
758 5.32481
759 4.98589
760 4.70901
761 4.39244
762 4.05969
763 3.74187
764 3.4377
765 3.15091
766 2.83308
767 2.54504
768 2.23715
769 1.92178
770 1.58412
771 1.30227
772 0.988189
773 0.686481
774 0.361222
775 0.110862
776 0.0188499
777 -0.00506734
778 -0.00688227
779 -0.0049063
780 -0.00264237
781 -0.00136002
782 -0.000619267
783 -0.000276598
784 -0.00012859
785 -5.37567e-05
786 -1.70506e-05
787 3.5522e-06
788 1.08934e-05
789 1.61033e-05
790 1.72874e-05
791 1.72874e-05
792 1.68138e-05
793 1.61033e-05
794 1.51561e-05
795 1.42088e-05
796 1.32616e-05
797 1.23143e-05
798 1.11302e-05
799 1.0183e-05
800 9.23573e-06
801 8.28847e-06
802 7.34122e-06
803 6.63078e-06
804 5.92034e-06
805 4.97308e-06
806 4.02583e-06
807 3.31539e-06
808 2.84176e-06
809 2.13132e-06
810 1.89451e-06
811 1.18407e-06
812 7.10441e-07
813 2.36814e-07
814 0
815 -4.73627e-07
816 -7.10441e-07
817 -1.18407e-06
818 -1.18407e-06
819 -1.89451e-06
820 -1.65769e-06
821 -2.13132e-06
822 -2.36814e-06
823 -2.60495e-06
824 -2.60495e-06
825 -3.07858e-06
826 -2.84176e-06
827 -2.60495e-06
828 -2.84176e-06
829 -2.84176e-06
830 -3.07858e-06
831 -3.07858e-06
832 -3.5522e-06
833 -3.5522e-06
834 -3.31539e-06
835 -3.31539e-06
836 -3.5522e-06
837 -3.31539e-06
838 0.00674776
839 0.127955
840 0.367877
841 0.656618
842 0.978573
843 1.30396
844 1.63972
845 1.95344
846 2.21826
847 2.55617
848 2.87288
849 3.19692
850 3.46513
851 3.78417
852 4.10326
853 4.40123
854 4.72773
855 5.04559
856 5.36213
857 5.67254
858 5.98041
859 6.28213
860 6.59126
861 6.90909
862 7.23316
863 7.50255
864 7.85019
865 8.15432
866 8.46969
867 8.73907
868 9.07927
869 9.39587
870 9.71491
871 9.99055
872 10.2885
873 10.5952
874 10.9428
875 11.2259
876 11.5486
877 11.8578
878 12.193
879 12.4661
880 12.7753
881 13.0956
882 13.4233
883 13.7648
884 14.0143
885 14.3184
886 14.6549
887 14.9666
888 15.2881
889 15.596
890 15.9076
891 16.2366
892 16.5445
893 16.8524
894 17.1355
895 17.4632
896 17.7773
897 18.074
898 18.3919
899 18.7172
900 18.9878
901 19.3106
902 19.6384
903 19.9624
904 20.2628
905 20.5732
906 20.8538
907 21.1878
908 21.4932
909 21.7974
910 22.1289
911 22.4082
912 22.7422
913 23.0587
914 23.3282
915 23.6882
916 23.9601
917 24.2891
918 24.6156
919 24.8887
920 25.1979
921 25.4946
922 25.8223
923 26.1687
924 26.4804
925 26.7498
926 27.0924
927 27.378
928 27.6933
929 28.0298
930 28.2967
931 28.6269
932 28.946
933 29.2253
934 29.563
935 29.8369
936 29.9593
937 30.0011
938 30.0069
939 30.0056
940 30.0032
941 30.0015
942 30.0008
943 30.0003
944 30.0001
945 30
946 30
947 30
948 30
949 30
950 30
951 30
952 30
953 30
954 30
955 30
956 30
957 30
958 30
959 30
960 30
961 30
962 30
963 30
964 30
965 30
966 30
967 30
968 30
969 30
970 30
971 30
972 30
973 30
974 30
975 30
976 30
977 30
978 30
979 30
980 30
981 30
982 30
983 30
984 30
985 30
986 30
987 30
988 30
989 30
990 30
991 30
992 30
993 30
994 30
995 30
996 30
997 30
998 30
999 29.8959
1000 29.689
1001 29.4095
1002 29.0951
1003 28.7711
1004 28.455
1005 28.1598
1006 27.8165
1007 27.4997
1008 27.1917
1009 26.8999
1010 26.6131
1011 26.2952
1012 25.9874
1013 25.6683
1014 25.3256
1015 25.0637
1016 24.7309
1017 24.4218
1018 24.0953
1019 23.8035
1020 23.4956
1021 23.1964
1022 22.8575
1023 22.5471
1024 22.2293
1025 21.9288
1026 21.6358
1027 21.3155
1028 21.0027
1029 20.6935
1030 20.3757
1031 20.0877
1032 19.7649
1033 19.457
1034 19.1292
1035 18.8312
1036 18.5457
1037 18.1981
1038 17.8778
1039 17.5574
1040 17.3092
1041 17
1042 16.6598
1043 16.342
1044 16.0416
1045 15.7312
1046 15.4531
1047 15.1353
1048 14.7839
1049 14.4798
1050 14.2016
1051 13.8727
1052 13.5647
1053 13.2556
