0 -90.0003
1 -90.0003
2 -90.0003
3 -90.0003
4 -90.0003
5 -90.0003
6 -90.0003
7 -90.0003
8 -90.0003
9 -90.0003
10 -90.0003
11 -90.0003
12 -90.0003
13 -90.0003
14 -90.0003
15 -90.0003
16 -90.0003
17 -90.0003
18 -90.0003
19 -90.0003
20 -90.0003
21 -90.0003
22 -90.0003
23 -90.0003
24 -90.0003
25 -90.0003
26 -90.0003
27 -90.0003
28 -90.0003
29 -90.0003
30 -90.0003
31 -90.0003
32 -90.0003
33 -90.0003
34 -90.0003
35 -90.0003
36 -90.0003
37 -90.0003
38 -90.0003
39 -90.0003
40 -90.0003
41 -90.0003
42 -90.0003
43 -90.0003
44 -90.0003
45 -90.0003
46 -90.0003
47 -90.0003
48 -90.0003
49 -90.0003
50 -90.0003
51 -90.0003
52 -90.0003
53 -90.0003
54 -90.0003
55 -90.0003
56 -90.0003
57 -90.0003
58 -90.0003
59 -90.0003
60 -90.0003
61 -90.0003
62 -90.0003
63 -90.0003
64 -90.0003
65 -90.0003
66 -90.0003
67 -90.0003
68 -90.0003
69 -90.0003
70 -90.0003
71 -90.0003
72 -90.0003
73 -90.0003
74 -90.0003
75 -90.0003
76 -90.0003
77 -90.0003
78 -90.0003
79 -90.0003
80 -90.0003
81 -90.0003
82 -90.0003
83 -90.0003
84 -90.0003
85 -90.0003
86 -90.0003
87 -90.0003
88 -90.0003
89 -90.0003
90 -90.0003
91 -90.0003
92 -90.0003
93 -90.0003
94 -90.0003
95 -90.0003
96 -90.0003
97 -90.0003
98 -90.0003
99 -90.0003
100 -90.0003
101 -90.0003
102 -90.0003
103 -90.0003
104 -90.0003
105 -90.0003
106 -90.0003
107 -90.0003
108 -90.0003
109 -90.0003
110 -90.0003
111 -90.0003
112 -90.0003
113 -90.0003
114 -90.0003
115 -90.0003
116 -90.0003
117 -90.0003
118 -90.0003
119 -90.0003
120 -90.0003
121 -90.0003
122 -90.0003
123 -90.0003
124 -90.0003
125 -90.0003
126 -90.0003
127 -90.0003
128 -90.0003
129 -90.0003
130 -90.0003
131 -90.0003
132 -90.0003
133 -90.0003
134 -90.0003
135 -90.0003
136 -90.0003
137 -90.0003
138 -90.0003
139 -90.0003
140 -90.0003
141 -90.0003
142 -90.0003
143 -90.0003
144 -90.0003
145 -90.0003
146 -90.0003
147 -90.0003
148 -90.0003
149 -90.0003
150 -90.0003
151 -90.0003
152 -90.0003
153 -90.0003
154 -90.0003
155 -90.0003
156 -90.0003
157 -90.0003
158 -90.0003
159 -90.0003
160 -90.0003
161 -90.0003
162 -90.0003
163 -90.0003
164 -90.0003
165 -90.0003
166 -90.0003
167 -90.0003
168 -90.0003
169 -90.0003
170 -90.0003
171 -90.0003
172 -90.0003
173 -90.0003
174 -90.0003
175 -90.0003
176 -90.0003
177 -90.0003
178 -90.0003
179 -90.0003
180 -90.0003
181 -90.0003
182 -90.0003
183 -90.0003
184 -90.0003
185 -90.0003
186 -90.0003
187 -90.0003
188 -90.0003
189 -90.0003
190 -90.0003
191 -90.0003
192 -90.0003
193 -90.0003
194 -90.0003
195 -90.0003
196 -90.0003
197 -90.0003
198 -90.0003
199 -90.0003
200 -90.0003
201 -90.0003
202 -90.0003
203 -90.0003
204 -90.0003
205 -90.0003
206 -90.0003
207 -90.0003
208 -90.0003
209 -90.0003
210 -90.0003
211 -90.0003
212 -90.0003
213 -90.0003
214 -90.0003
215 -90.0003
216 -90.0003
217 -90.0003
218 -90.0003
219 -90.0003
220 -90.0003
221 -90.0003
222 -90.0003
223 -90.0003
224 -90.0003
225 -90.0003
226 -90.0003
227 -90.0003
228 -90.0003
229 -90.0003
230 -90.0003
231 -90.0003
232 -90.0003
233 -90.0003
234 -90.0003
235 -90.0003
236 -90.0003
237 -90.0003
238 -90.0003
239 -90.0003
240 -90.0003
241 -90.0003
242 -90.0003
243 -90.0003
244 -90.0003
245 -90.0003
246 -90.0003
247 -90.0003
248 -90.0003
249 -90.0003
250 -90.0003
251 -90.0003
252 -90.0003
253 -90.0003
254 -90.0003
255 -90.0003
256 -90.0003
257 -90.0003
258 -90.0003
259 -90.0003
260 -90.0003
261 -90.0003
262 -90.0003
263 -90.0003
264 -90.0003
265 -90.0003
266 -90.0003
267 -90.0003
268 -90.0003
269 -90.0003
270 -90.0003
271 -90.0003
272 -90.0003
273 -90.0003
274 -90.0003
275 -90.0003
276 -90.0003
277 -90.0003
278 -90.0003
279 -90.0003
280 -90.0003
281 -90.0003
282 -90.0003
283 -90.0003
284 -90.0003
285 -90.0003
286 -90.0003
287 -90.0003
288 -90.0003
289 -90.0003
290 -90.0003
291 -90.0003
292 -90.0003
293 -90.0003
294 -90.0003
295 -90.0003
296 -90.0003
297 -90.0003
298 -90.0003
299 -90.0003
300 -90.0003
301 -90.0003
302 -90.0003
303 -90.0003
304 -90.0003
305 -90.0003
306 -90.0003
307 -90.0003
308 -90.0003
309 -90.0003
310 -90.0003
311 -90.0003
312 -90.0003
313 -90.0003
314 -90.0003
315 -90.0003
316 -90.0003
317 -90.0003
318 -90.0003
319 -90.0003
320 -90.0003
321 -90.0003
322 -90.0003
323 -90.0003
324 -90.0003
325 -90.0003
326 -90.0003
327 -90.0003
328 -90.0003
329 -90.0003
330 -90.0003
331 -90.0003
332 -90.0003
333 -90.0003
334 -90.0003
335 -90.0003
336 -90.0003
337 -90.0003
338 -90.0003
339 -90.0003
340 -90.0003
341 -90.0003
342 -90.0003
343 -90.0003
344 -90.0003
345 -90.0003
346 -90.0003
347 -90.0003
348 -90.0003
349 -90.0003
350 -90.0003
351 -90.0003
352 -90.0003
353 -90.0003
354 -90.0003
355 -90.0003
356 -90.0003
357 -90.0003
358 -90.0003
359 -90.0003
360 -90.0003
361 -90.0003
362 -90.0003
363 -90.0003
364 -90.0003
365 -90.0003
366 -90.0003
367 -90.0003
368 -90.0003
369 -90.0003
370 -90.0003
371 -90.0003
372 -90.0003
373 -90.0003
374 -90.0003
375 -90.0003
376 -90.0003
377 -90.0003
378 -90.0003
379 -90.0003
380 -90.0003
381 -90.0003
382 -90.0003
383 -90.0003
384 -90.0003
385 -90.0003
386 -90.0003
387 -90.0003
388 -90.0003
389 -90.0003
390 -90.0003
391 -90.0003
392 -90.0003
393 -90.0003
394 -90.0003
395 -90.0003
396 -90.0003
397 -90.0003
398 -90.0003
399 -90.0003
400 -90.0003
401 -90.0003
402 -90.0003
403 -90.0003
404 -90.0003
405 -90.0003
406 -90.0003
407 -90.0003
408 -90.0003
409 -90.0003
410 -90.0003
411 -90.0003
412 -90.0003
413 -90.0003
414 -90.0003
415 -90.0003
416 -90.0003
417 -90.0003
418 -90.0003
419 -90.0003
420 -90.0003
421 -90.0003
422 -90.0003
423 -90.0003
424 -90.0003
425 -90.0003
426 -90.0003
427 -90.0003
428 -90.0003
429 -90.0003
430 -90.0003
431 -90.0003
432 -90.0003
433 -90.0003
434 -90.0003
435 -90.0003
436 -90.0003
437 -90.0003
438 -90.0003
439 -90.0003
440 -90.0003
441 -90.0003
442 -90.0003
443 -90.0003
444 -90.0003
445 -90.0003
446 -90.0003
447 -90.0003
448 -90.0003
449 -90.0003
450 -90.0003
451 -90.0003
452 -90.0003
453 -90.0003
454 -90.0003
455 -90.0003
456 -90.0003
457 -90.0003
458 -90.0003
459 -90.0003
460 -90.0003
461 -90.0003
462 -90.0003
463 -90.0003
464 -90.0003
465 -90.0003
466 -90.0003
467 -90.0003
468 -90.0003
469 -90.0003
470 -90.0003
471 -90.0003
472 -90.0003
473 -90.0003
474 -90.0003
475 -90.0003
476 -90.0003
477 -90.0003
478 -90.0003
479 -90.0003
480 -90.0003
481 -90.0003
482 -90.0003
483 -90.0003
484 -90.0003
485 -90.0003
486 -90.0003
487 -90.0003
488 -90.0003
489 -90.0003
490 -90.0003
491 -90.0003
492 -90.0003
493 -90.0003
494 -90.0003
495 -90.0003
496 -90.0003
497 -90.0003
498 -90.0003
499 -90.0003
500 -90.0003
501 -90.0003
502 -90.0003
503 -90.0003
504 -90.0003
505 -90.0003
506 -90.0003
507 -90.0003
508 -90.0003
509 -90.0003
510 -90.0003
511 -90.0003
512 -90.0003
513 -90.0003
514 -90.0003
515 -90.0003
516 -90.0003
517 -90.0003
518 -90.0003
519 -90.0003
520 -90.0003
521 -90.0003
522 -90.0003
523 -90.0003
524 -90.0003
525 -90.0003
526 -90.0003
527 -90.0003
528 -90.0003
529 -90.0003
530 -90.0003
531 -90.0003
532 -90.0003
533 -90.0003
534 -90.0003
535 -90.0003
536 -90.0003
537 -90.0003
538 -90.0003
539 -90.0003
540 -90.0003
541 -90.0003
542 -90.0003
543 -90.0003
544 -90.0003
545 -90.0003
546 -90.0003
547 -90.0003
548 -90.0003
549 -90.0003
550 -90.0003
551 -90.0003
552 -90.0003
553 -90.0003
554 -90.0003
555 -90.0003
556 -90.0003
557 -90.0003
558 -90.0003
559 -90.0003
560 -90.0003
561 -90.0003
562 -90.0003
563 -90.0003
564 -90.0003
565 -90.0003
566 -90.0003
567 -90.0003
568 -90.0003
569 -90.0003
570 -90.0003
571 -90.0003
572 -90.0003
573 -90.0002
574 -89.9985
575 -89.9978
576 -89.9978
577 -89.9978
578 -89.9978
579 -89.9978
580 -89.9978
581 -89.9978
582 -89.9978
583 -89.9978
584 -89.9978
585 -89.9978
586 -89.9978
587 -89.9978
588 -89.9978
589 -89.9978
590 -89.9978
591 -89.9978
592 -89.9978
593 -89.9978
594 -89.9978
595 -89.9978
596 -89.9978
597 -89.9978
598 -89.9978
599 -89.9978
600 -89.9978
601 -89.9978
602 -89.9978
603 -89.9978
604 -89.9978
605 -89.9978
606 -89.9978
607 -89.9978
608 -89.9978
609 -89.9978
610 -89.9978
611 -89.9978
612 -89.9978
613 -89.9978
614 -89.9978
615 -89.9978
616 -89.9978
617 -89.9978
618 -89.9978
619 -89.9978
620 -89.9978
621 -89.9978
622 -89.9978
623 -89.9978
624 -89.9978
625 -89.9978
626 -89.9978
627 -89.9978
628 -89.9978
629 -89.9978
630 -89.9978
631 -89.9978
632 -89.9978
633 -89.9978
634 -89.9978
635 -89.9978
636 -89.9978
637 -89.9978
638 -89.9978
639 -89.9978
640 -89.9978
641 -89.9978
642 -89.9978
643 -89.9978
644 -89.9989
645 -89.9992
646 -89.9992
647 -89.9992
648 -89.9992
649 -89.9992
650 -89.9992
651 -89.9992
652 -89.9992
653 -89.9992
654 -89.9992
655 -89.9992
656 -89.9992
657 -89.9992
658 -89.9992
659 -89.9992
660 -89.9992
661 -89.9992
662 -89.9992
663 -89.9992
664 -89.9992
665 -89.9992
666 -89.9992
667 -89.9992
668 -89.9992
669 -89.9992
670 -89.9992
671 -89.9992
672 -89.9992
673 -89.9992
674 -89.9992
675 -89.9992
676 -89.9992
677 -89.9992
678 -89.9992
679 -89.9992
680 -89.9992
681 -89.9992
682 -89.9992
683 -89.9992
684 -89.9992
685 -89.9992
686 -89.9992
687 -89.9992
688 -89.9992
689 -89.9992
690 -89.9992
691 -89.9992
692 -89.9992
693 -89.9992
