0 0
1 0
2 0
3 0
4 0
5 0
6 0
7 0
8 0
9 0
10 0
11 0
12 0
13 0
14 0
15 0
16 0
17 0
18 0
19 0
20 0
21 0
22 0
23 0
24 0
25 0
26 0
27 0
28 0
29 0
30 0
31 0
32 0
33 0
34 0
35 0
36 0
37 0
38 0
39 0
40 0
41 0
42 0
43 0
44 0
45 0
46 0
47 0
48 0
49 0
50 0
51 0
52 0
53 0
54 0
55 0
56 0
57 0
58 0
59 0
60 0
61 0
62 0
63 0
64 0
65 0
66 0
67 0
68 0
69 0
70 0
71 0
72 0
73 0
74 0
75 0
76 0
77 0
78 0
79 0
80 0
81 0
82 0
83 0
84 0
85 0
86 0
87 0
88 0
89 0
90 0
91 0
92 0
93 0
94 0
95 0
96 0
97 0
98 0
99 0
100 0
101 0
102 0
103 0
104 0
105 0
106 0
107 0
108 0
109 0
110 0
111 0
112 0
113 0
114 0
115 0
116 0
117 0
118 0
119 0
120 0
121 0
122 0
123 0
124 0
125 0
126 0
127 0
128 0
129 0
130 0
131 0
132 0
133 0
134 0
135 0
136 0
137 0
138 0
139 0
140 0
141 0
142 0
143 0
144 0
145 0
146 0
147 0
148 0
149 0
150 0
151 0
152 0
153 0
154 0
155 0
156 0
157 0
158 0
159 0
160 0
161 0
162 0
163 0
164 0
165 0
166 0
167 0
168 0
169 0
170 0
171 0
172 0
173 0
174 0
175 0
176 0
177 0
178 0
179 0
180 0
181 0
182 0
183 0
184 0
185 0
186 0
187 0
188 0
189 0
190 0
191 0
192 0
193 0
194 0
195 0
196 0
197 0
198 0.00121
199 0
200 0
201 0
202 0.00121
203 0
204 0
205 0
206 0
207 0
208 0
209 0
210 0
211 0
212 0
213 0
214 0
215 0
216 0
217 0
218 0
219 0
220 0
221 0
222 0
223 0
224 0
225 0
226 0
227 0
228 0
229 0
230 0
231 0.00121
232 0
233 0
234 0
235 0
236 0
237 0
238 0
239 0
240 0
241 0
242 0
243 0
244 0
245 0
246 0
247 0
248 0.00121
249 0
250 0
251 0
252 0
253 0
254 0
255 0
256 0
257 0
258 0
259 0
260 0
261 0
262 0
263 0
264 0
265 0
266 0
267 0
268 0
269 0
270 0.00121
271 0
272 0
273 0
274 0
275 0
276 0
277 0
278 0
279 0
280 0
281 0
282 0
283 0
284 0
285 0
286 0
287 0
288 0
289 0
290 0
291 0
292 0
293 0
294 0
295 0
296 0
297 0
298 0
299 0
300 0
301 0
302 0.00121
303 0
304 0
305 0
306 0.00121
307 0
308 0
309 0
310 0
311 0
312 0
313 0
314 0
315 0
316 0
317 0
318 0
319 0
320 0
321 0
322 0.00121
323 0
324 0.12947
325 0.10527
326 0.07139
327 0.05687
328 0.05324
329 0.0484
330 0.05808
331 0.05566
332 0.05324
333 0.05566
334 0.04961
335 0.05324
336 0.05808
337 0.05324
338 0.05203
339 0.05445
340 0.05203
341 0.05445
342 0.05687
343 0.05445
344 0.05566
345 0.05203
346 0.05566
347 0.05929
348 0.05445
349 0.05445
350 0.05808
351 0.05566
352 0.05445
353 0.05808
354 0.05687
355 0.05203
356 0.05566
357 0.05324
358 0.05808
359 0.05445
360 0.05566
361 0.05566
362 0.05203
363 0.05324
364 0.05082
365 -0.0484
366 -0.01694
367 0.00605
368 0.01936
369 -0.01573
370 -0.02299
371 -0.02783
372 -0.02904
373 -0.02662
374 -0.02299
375 -0.02178
376 -0.02178
377 -0.02057
378 -0.02057
379 -0.01936
380 -0.01815
381 -0.01815
382 -0.01694
383 -0.01694
384 -0.01573
385 -0.01573
386 -0.01452
387 -0.01452
388 -0.01452
389 -0.01331
390 -0.01331
391 -0.01331
392 -0.0121
393 -0.0121
394 -0.0121
395 -0.0121
396 -0.0121
397 -0.0121
398 -0.0121
399 -0.0121
400 -0.0121
401 -0.0121
402 -0.0121
403 -0.0121
404 -0.01089
405 -0.01089
406 -0.01089
407 -0.01089
408 -0.01089
409 -0.01089
410 -0.01089
411 -0.01089
412 -0.01089
413 -0.01089
414 -0.01089
415 -0.01089
416 -0.01089
417 -0.01089
418 -0.01089
419 -0.01089
420 -0.01089
421 -0.01089
422 -0.01089
423 -0.01089
424 -0.01089
425 -0.01089
426 -0.01089
427 -0.01089
428 -0.01089
429 -0.01089
430 -0.01089
431 -0.01089
432 -0.01089
433 -0.01089
434 -0.01089
435 -0.01089
436 -0.01089
437 -0.01089
438 -0.01089
439 -0.01089
440 -0.01089
441 -0.01089
442 -0.01089
443 -0.01089
444 -0.01089
445 -0.01089
446 -0.01089
447 -0.01089
448 -0.01089
449 -0.01089
450 -0.01089
451 -0.01089
452 -0.01089
453 -0.01089
454 -0.01089
455 -0.01089
456 -0.01089
457 -0.01089
458 -0.01089
459 -0.01089
460 -0.01089
461 -0.01089
462 -0.01089
463 -0.01089
464 -0.01089
465 -0.01089
466 -0.01089
467 -0.01089
468 -0.01089
469 -0.01089
470 -0.01089
471 -0.01089
472 -0.01089
473 -0.01089
474 -0.01089
475 -0.01089
476 -0.01089
477 -0.01089
478 -0.01089
479 -0.01089
480 -0.01089
481 -0.01089
482 -0.01089
483 -0.01089
484 -0.2057
485 -0.11495
486 -0.08107
487 -0.06655
488 -0.04961
489 -0.04719
490 -0.04961
491 -0.05929
492 -0.05808
493 -0.05203
494 -0.0484
495 -0.05687
496 -0.05445
497 -0.05203
498 -0.05324
499 -0.05445
500 -0.05445
501 -0.05203
502 -0.05687
503 -0.05324
504 -0.05566
505 -0.05082
506 -0.05566
507 -0.05566
508 -0.05566
509 -0.05082
510 -0.05687
511 -0.04961
512 -0.05566
513 -0.05566
514 -0.05082
515 -0.04961
516 -0.05445
517 -0.05203
518 -0.05445
519 -0.05566
520 -0.05445
521 -0.05324
522 -0.05082
523 -0.05687
524 -0.05445
525 -0.05203
526 -0.04961
527 -0.05566
528 -0.05566
529 -0.0484
530 -0.05566
531 -0.04961
532 -0.05203
533 -0.04961
534 -0.05324
535 -0.04961
536 -0.05082
537 -0.05324
538 0.03751
539 0.01331
540 -0.01573
541 -0.00484
542 0.01452
543 0.01936
544 0.02541
545 0.02783
546 0.02662
547 0.0242
548 0.02299
549 0.02299
550 0.02299
551 0.02178
552 0.02057
553 0.02057
554 0.02057
555 0.01936
556 0.01936
557 0.01815
558 0.01815
559 0.01815
560 0.01694
561 0.01694
562 0.01694
563 0.01694
564 0.01573
565 0.01573
566 0.01573
567 0.01573
568 0.01573
569 0.01452
570 0.01452
571 0.01452
572 0.01452
573 0.01452
574 0.01452
575 0.01452
576 0.01452
577 0.01452
578 0.01452
579 0.01331
580 0.01331
581 0.01331
582 0.01331
583 0.01331
584 0.01331
585 0.01331
586 0.01331
587 0.01331
588 0.01331
589 0.01331
590 0.01331
591 0.01331
592 0.01331
593 0.01331
594 0.01331
595 0.01331
596 0.01331
597 0.01331
598 0.01331
599 0.01331
600 0.01331
601 0.01331
602 0.01331
603 0.01331
604 0.01331
605 0.01331
606 0.01331
607 0.01331
608 0.01331
609 0.01331
610 0.01331
611 0.01331
612 0.01331
613 0.01331
614 0.01331
615 0.01331
616 0.01331
617 0.01331
618 0.01331
619 0.01331
620 0.01331
621 0.01331
622 0.01331
623 0.01331
624 0.01331
625 0.01331
626 0.01331
627 0.01331
628 0.01331
629 0.01331
630 0.01331
631 0.01331
632 0.01331
633 0.01331
634 0.01331
635 0.01331
636 0.01331
637 0.01331
638 0.01331
639 0.01331
640 0.01331
641 0.01331
642 0.01331
643 0.01331
644 0.1452
645 0.11495
646 0.09438
647 0.07018
648 0.05445
649 0.05203
650 0.04961
651 0.05445
652 0.05203
653 0.05445
654 0.05324
655 0.05203
656 0.05687
657 0.05929
658 0.05324
659 0.05566
660 0.05808
661 0.05324
662 0.05324
663 0.05566
664 0.05445
665 0.05929
666 0.05808
667 0.05203
668 0.05566
669 0.05445
670 0.05687
671 0.05203
672 0.05324
673 0.05324
674 0.05929
675 0.05203
676 0.05203
677 0.05566
678 0.0605
679 0.05445
680 0.05082
681 0.05445
682 0.05203
683 0.05082
684 0.05324
685 0.05566
686 0.05082
687 0.05445
688 0.05687
689 0.05445
690 0.05082
691 0.05324
692 0.05324
693 0.05808
694 0.04961
695 0.05687
696 0.05687
697 0.05203
698 -0.04114
699 -0.01573
700 0.00363
701 0.01573
702 -0.01573
703 -0.02299
704 -0.02783
705 -0.03025
706 -0.02783
707 -0.0242
708 -0.02178
709 -0.02057
710 -0.02057
711 -0.01936
712 -0.01815
713 -0.01694
714 -0.01573
715 -0.01573
716 -0.01452
717 -0.01331
718 -0.01331
719 -0.0121
720 -0.0121
721 -0.0121
722 -0.01089
723 -0.01089
724 -0.01089
725 -0.01089
726 -0.00968
727 -0.00968
728 -0.00968
729 -0.00968
730 -0.00968
731 -0.00968
732 -0.00968
733 -0.00968
734 -0.00847
735 -0.00968
736 -0.00968
737 -0.00968
738 -0.00847
739 -0.00847
740 -0.00847
741 -0.00847
742 -0.00847
743 -0.00847
744 -0.00847
745 -0.00847
746 -0.00847
747 -0.00847
748 -0.00847
749 -0.00847
750 -0.00847
751 -0.00847
752 -0.00847
753 -0.00847
754 -0.00847
755 -0.00847
756 -0.00847
757 -0.00847
758 -0.00847
759 -0.00847
760 -0.00847
761 -0.00847
762 -0.00847
763 -0.00847
764 -0.00847
765 -0.00847
766 -0.00847
767 -0.00847
768 -0.00847
769 -0.00847
770 -0.00847
771 -0.00847
772 -0.00847
773 -0.00847
774 -0.00847
775 -0.00847
776 -0.00847
777 -0.00847
778 -0.00847
779 -0.00847
780 -0.00847
781 -0.00847
782 -0.00847
783 -0.00847
784 -0.00847
785 -0.00847
786 -0.00847
787 -0.00847
788 -0.00847
789 -0.00847
790 -0.00847
791 -0.00847
792 -0.00847
793 -0.00847
794 -0.00847
795 -0.00847
796 -0.00847
797 -0.00847
798 -0.00847
799 -0.00847
800 -0.00847
801 -0.00847
802 -0.00847
803 -0.00847
804 -0.00847
805 -0.12947
806 -0.09438
807 -0.06897
808 -0.05324
809 -0.05324
810 -0.04961
811 -0.05082
812 -0.05203
813 -0.05687
814 -0.04961
815 -0.0484
816 -0.05082
817 -0.05445
818 -0.05082
819 -0.05445
820 -0.05687
821 -0.04961
822 -0.05445
823 -0.05687
824 -0.05566
825 -0.05445
826 -0.05324
827 -0.05324
828 -0.05082
829 -0.05324
830 -0.05445
831 -0.05082
832 -0.05445
833 -0.05566
834 -0.05566
835 -0.05082
836 -0.05082
837 -0.04961
838 -0.05566
839 -0.05445
840 -0.05445
841 -0.0484
842 -0.05082
843 -0.05445
844 -0.05445
845 -0.05082
846 -0.04961
847 -0.05445
848 -0.05566
849 -0.04961
850 -0.05203
851 -0.05324
852 -0.05445
853 -0.05082
854 -0.05687
855 -0.05324
856 -0.04961
857 -0.05566
858 0.13189
859 0.0242
860 0.00242
861 -0.02178
862 0.00968
863 0.01573
864 0.02057
865 0.02662
866 0.02783
867 0.02541
868 0.02299
869 0.02299
870 0.02299
871 0.02299
872 0.02178
873 0.02057
874 0.02057
875 0.02057
876 0.01936
877 0.01936
878 0.01815
879 0.01815
880 0.01815
881 0.01694
882 0.01694
883 0.01694
884 0.01573
885 0.01573
886 0.01573
887 0.01573
888 0.01573
889 0.01452
890 0.01452
891 0.01452
892 0.01452
893 0.01452
894 0.01452
895 0.01452
896 0.01452
897 0.01452
898 0.01452
899 0.01331
900 0.01331
901 0.01331
902 0.01331
903 0.01331
904 0.01331
905 0.01331
906 0.01331
907 0.01331
908 0.01331
909 0.01331
910 0.01331
911 0.01331
912 0.01331
913 0.01331
914 0.01331
915 0.01331
916 0.01331
917 0.01331
918 0.01331
919 0.01331
920 0.01331
921 0.01331
922 0.01331
923 0.01331
924 0.01331
925 0.01331
926 0.01331
927 0.01331
928 0.01331
929 0.01331
930 0.01331
931 0.01331
932 0.01331
933 0.01331
934 0.01331
935 0.01331
936 0.01331
937 0.01331
938 0.01331
939 0.01331
940 0.01331
941 0.01331
942 0.01331
943 0.01331
944 0.01331
945 0.01331
946 0.01331
947 0.01331
948 0.01331
949 0.01331
950 0.01331
951 0.01331
952 0.01331
953 0.01331
954 0.01331
955 0.01331
956 0.01331
957 0.01331
958 0.01331
959 0.01331
960 0.01331
961 0.01331
962 0.01331
963 0.01331
964 0.01331
965 0.13673
966 0.10769
967 0.07865
968 0.06171
969 0.04961
970 0.05324
971 0.05566
972 0.05929
973 0.05445
974 0.05566
975 0.04961
976 0.05445
977 0.05687
978 0.05808
979 0.04961
980 0.05082
981 0.05687
982 0.05203
983 0.05324
984 0.05566
985 0.05324
986 0.05203
987 0.05687
988 0.05566
989 0.05203
990 0.05808
991 0.05566
992 0.05566
993 0.05203
994 0.05324
995 0.05566
996 0.05445
997 0.05203
998 0.05324
999 0.05445
1000 0.05082
1001 0.05566
1002 0.05445
1003 0.05808
1004 0.05687
1005 0.05445
1006 0.05566
1007 0.04961
1008 0.05324
1009 0.05566
1010 0.05687
1011 0.05445
1012 0.05687
1013 0.05203
1014 0.05445
1015 0.05203
1016 0.05203
1017 0.05445
1018 0.05203
1019 -0.03146
1020 -0.00968
1021 0.01331
1022 0
1023 -0.01815
1024 -0.0242
1025 -0.02783
1026 -0.02904
1027 -0.02662
1028 -0.02178
1029 -0.02057
1030 -0.02057
1031 -0.01936
1032 -0.01815
1033 -0.01694
1034 -0.01694
1035 -0.01573
1036 -0.01573
1037 -0.01452
1038 -0.01331
1039 -0.01331
1040 -0.0121
1041 -0.0121
1042 -0.0121
1043 -0.01089
1044 -0.01089
1045 -0.01089
1046 -0.01089
1047 -0.01089
1048 -0.01089
1049 -0.00968
1050 -0.00968
1051 -0.00968
1052 -0.00968
1053 -0.00968
1054 -0.00968
1055 -0.00968
1056 -0.00968
1057 -0.00968
1058 -0.00847
1059 -0.00968
1060 -0.00847
1061 -0.00847
1062 -0.00847
1063 -0.00847
1064 -0.00847
1065 -0.00847
1066 -0.00847
1067 -0.00847
1068 -0.00847
1069 -0.00847
1070 -0.00847
1071 -0.00847
1072 -0.00847
1073 -0.00847
1074 -0.00847
1075 -0.00847
1076 -0.00847
1077 -0.00847
1078 -0.00847
1079 -0.00847
1080 -0.00847
1081 -0.00847
1082 -0.00847
1083 -0.00847
1084 -0.00847
1085 -0.00847
1086 -0.00847
1087 -0.00847
1088 -0.00847
1089 -0.00847
1090 -0.00847
1091 -0.00847
1092 -0.00847
1093 -0.00847
1094 -0.00847
1095 -0.00847
1096 -0.00847
1097 -0.00847
1098 -0.00847
1099 -0.00847
1100 -0.00847
1101 -0.00847
1102 -0.00847
1103 -0.00847
1104 -0.00847
1105 -0.00847
1106 -0.00847
1107 -0.00847
1108 -0.00847
1109 -0.00847
1110 -0.00847
1111 -0.00847
1112 -0.00847
1113 -0.00847
1114 -0.00847
1115 -0.00847
1116 -0.00847
1117 -0.00847
1118 -0.00847
1119 -0.00847
1120 -0.00847
1121 -0.00847
1122 -0.00847
1123 -0.00847
1124 -0.00847
1125 -0.22264
1126 -0.11253
1127 -0.08833
1128 -0.06534
1129 -0.0484
1130 -0.05203
1131 -0.05324
1132 -0.05687
1133 -0.05808
1134 -0.05566
1135 -0.0484
1136 -0.04961
1137 -0.05324
1138 -0.05566
1139 -0.04719
1140 -0.04961
1141 -0.05445
1142 -0.05445
1143 -0.05445
1144 -0.05082
1145 -0.05082
1146 -0.05082
1147 -0.04961
1148 -0.04961
1149 -0.05566
1150 -0.0484
1151 -0.05445
1152 -0.04961
1153 -0.05203
1154 -0.05566
1155 -0.05082
1156 -0.05445
1157 -0.05082
1158 -0.05324
1159 -0.05445
1160 -0.05203
1161 -0.0484
1162 -0.05203
1163 -0.05566
1164 -0.05324
1165 -0.05203
1166 -0.05082
1167 -0.05445
1168 -0.05566
1169 -0.05082
1170 -0.05445
1171 -0.05082
1172 -0.05324
1173 -0.05324
1174 -0.05445
1175 -0.0484
1176 -0.0484
1177 -0.05566
1178 -0.05445
1179 0.04114
1180 0.01573
1181 -0.01089
1182 -0.01089
1183 0.0121
1184 0.01936
1185 0.0242
1186 0.02662
1187 0.02662
1188 0.02299
1189 0.02299
1190 0.02299
1191 0.02178
1192 0.02178
1193 0.02057
1194 0.02057
1195 0.01936
1196 0.01936
1197 0.01936
1198 0.01815
1199 0.01815
1200 0.01815
1201 0.01694
1202 0.01694
1203 0.01694
1204 0.01573
1205 0.01573
1206 0.01573
1207 0.01573
1208 0.01573
1209 0.01452
1210 0.01452
1211 0.01452
1212 0.01452
1213 0.01452
1214 0.01452
1215 0.01452
1216 0.01452
1217 0.01452
1218 0.01331
1219 0.01331
1220 0.01331
1221 0.01331
1222 0.01331
1223 0.01331
1224 0.01331
1225 0.01331
1226 0.01331
1227 0.01331
1228 0.01331
1229 0.01331
1230 0.01331
1231 0.01331
1232 0.01331
1233 0.01331
1234 0.01331
1235 0.01331
1236 0.01331
1237 0.01331
1238 0.01331
1239 0.01331
1240 0.01331
1241 0.01331
1242 0.01331
1243 0.01331
1244 0.01331
1245 0.01331
1246 0.01331
1247 0.01331
1248 0.01331
1249 0.01331
1250 0.01331
1251 0.01331
1252 0.01331
1253 0.01331
1254 0.01331
1255 0.01331
1256 0.01331
1257 0.01331
1258 0.01331
1259 0.01331
1260 0.01331
1261 0.01331
1262 0.01331
1263 0.01331
1264 0.01331
1265 0.01331
1266 0.01331
1267 0.01331
1268 0.01331
1269 0.01331
1270 0.01331
1271 0.01331
1272 0.01331
1273 0.01331
1274 0.01331
1275 0.01331
1276 0.01331
1277 0.01331
1278 0.01331
1279 0.01331
1280 0.01331
1281 0.01331
1282 0.01331
1283 0.01331
1284 0.01331
1285 0.02178
1286 0.11495
1287 0.09075
1288 0.06655
1289 0.05445
1290 0.05082
1291 0.04961
1292 0.05687
1293 0.05566
1294 0.05203
1295 0.05082
1296 0.05203
1297 0.05082
1298 0.05324
1299 0.05082
1300 0.05445
1301 0.05203
1302 0.05687
1303 0.05808
1304 0.05687
1305 0.05082
1306 0.05566
1307 0.05203
1308 0.04961
1309 0.05566
1310 0.05566
1311 0.05687
1312 0.05324
1313 0.05445
1314 0.05324
1315 0.05445
1316 0.05082
1317 0.05203
1318 0.05687
1319 0.05082
1320 0.05445
1321 0.05566
1322 0.04961
1323 0.05203
1324 0.05203
1325 0.05445
1326 0.05082
1327 0.05445
1328 0.05324
1329 0.05203
1330 0.05324
1331 0.04961
1332 0.05687
1333 0.05566
1334 0.05687
1335 0.05566
1336 0.05203
1337 0.05082
1338 0.05808
1339 -0.05566
1340 -0.02057
1341 0.00484
1342 0.02057
1343 -0.01452
1344 -0.02178
1345 -0.02541
1346 -0.02904
1347 -0.02783
1348 -0.0242
1349 -0.02057
1350 -0.02057
1351 -0.01936
1352 -0.01936
1353 -0.01815
1354 -0.01694
1355 -0.01573
1356 -0.01573
1357 -0.01452
1358 -0.01331
1359 -0.01331
1360 -0.0121
1361 -0.0121
1362 -0.0121
1363 -0.01089
1364 -0.01089
1365 -0.01089
1366 -0.01089
1367 -0.00968
1368 -0.00968
1369 -0.00968
1370 -0.00968
1371 -0.00968
1372 -0.00968
1373 -0.00968
1374 -0.00968
1375 -0.00847
1376 -0.00847
1377 -0.00847
1378 -0.00847
1379 -0.00847
1380 -0.00847
1381 -0.00847
1382 -0.00847
1383 -0.00847
1384 -0.00847
1385 -0.00847
1386 -0.00847
1387 -0.00847
1388 -0.00847
1389 -0.00847
1390 -0.00847
1391 -0.00847
1392 -0.00847
1393 -0.00847
1394 -0.00847
1395 -0.00847
1396 -0.00847
1397 -0.00847
1398 -0.00847
1399 -0.00847
1400 -0.00847
1401 -0.00847
1402 -0.00847
1403 -0.00847
1404 -0.00847
1405 -0.00847
1406 -0.00847
1407 -0.00847
1408 -0.00847
1409 -0.00847
1410 -0.00847
1411 -0.00847
1412 -0.00847
1413 -0.00847
1414 -0.00847
1415 -0.00847
1416 -0.00847
1417 -0.00847
1418 -0.00847
1419 -0.00847
1420 -0.00847
1421 -0.00847
1422 -0.00847
1423 -0.00847
1424 -0.00847
1425 -0.00847
1426 -0.00847
1427 -0.00847
1428 -0.00847
1429 -0.00847
1430 -0.00847
1431 -0.00847
1432 -0.00847
1433 -0.00847
1434 -0.00847
1435 -0.00847
1436 -0.00847
1437 -0.00847
1438 -0.00847
1439 -0.00847
1440 -0.00847
1441 -0.00847
1442 -0.00847
1443 -0.00847
1444 -0.00847
1445 -0.00847
1446 -0.13068
1447 -0.1089
1448 -0.07623
1449 -0.05687
1450 -0.0484
1451 -0.05203
1452 -0.05324
1453 -0.05566
1454 -0.05566
1455 -0.05324
1456 -0.05203
1457 -0.0484
1458 -0.05082
1459 -0.05566
1460 -0.05324
1461 -0.05445
1462 -0.05324
1463 -0.05687
1464 -0.05566
1465 -0.04961
1466 -0.05445
1467 -0.05324
1468 -0.05445
1469 -0.05324
1470 -0.05445
1471 -0.05324
1472 -0.05445
1473 -0.05566
1474 -0.05445
1475 -0.05203
1476 -0.05324
1477 -0.04961
1478 -0.05082
1479 -0.04961
1480 -0.0484
1481 -0.05082
1482 -0.04719
1483 -0.05324
1484 -0.05445
1485 -0.05324
1486 -0.04961
1487 -0.0484
1488 -0.05445
1489 -0.05203
1490 -0.04961
1491 -0.05324
1492 -0.05445
1493 -0.04961
1494 -0.05082
1495 -0.05445
1496 -0.05082
1497 -0.04961
1498 -0.05203
1499 0.10769
1500 0.03751
1501 0.00847
1502 -0.02057
1503 0.00726
1504 0.01573
1505 0.02057
1506 0.02541
1507 0.02662
1508 0.02541
1509 0.02299
1510 0.02178
1511 0.02178
1512 0.02178
1513 0.02057
1514 0.02057
1515 0.02057
1516 0.01936
1517 0.01936
1518 0.01815
1519 0.01815
1520 0.01815
1521 0.01815
1522 0.01694
1523 0.01694
1524 0.01694
1525 0.01573
1526 0.01573
1527 0.01573
1528 0.01573
1529 0.01573
1530 0.01452
1531 0.01452
1532 0.01452
1533 0.01452
1534 0.01452
1535 0.01452
1536 0.01331
1537 0.01452
1538 0.01452
1539 0.01331
1540 0.01331
1541 0.01331
1542 0.01331
1543 0.01331
1544 0.01331
1545 0.01331
1546 0.01331
1547 0.01331
1548 0.01331
1549 0.01331
1550 0.01331
1551 0.01331
1552 0.01331
1553 0.01331
1554 0.01331
1555 0.01331
1556 0.01331
1557 0.01331
1558 0.01331
1559 0.01331
1560 0.01331
1561 0.01331
1562 0.01331
1563 0.01331
1564 0.01331
1565 0.01331
1566 0.01331
1567 0.01331
1568 0.01331
1569 0.01331
1570 0.01331
1571 0.01331
1572 0.01331
1573 0.01331
1574 0.01331
1575 0.01331
1576 0.01331
1577 0.01331
1578 0.01331
1579 0.01331
1580 0.01331
1581 0.01331
1582 0.01331
1583 0.01331
1584 0.01331
1585 0.01331
1586 0.01331
1587 0.01331
1588 0.01331
1589 0.01331
1590 0.01331
1591 0.01331
1592 0.01331
1593 0.01331
1594 0.01331
1595 0.01331
1596 0.01331
1597 0.01331
1598 0.01331
1599 0.01331
1600 0.01331
1601 0.01331
1602 0.01331
1603 0.01331
1604 0.01331
1605 0.01331
1606 0.13431
1607 0.11132
1608 0.08107
1609 0.05687
1610 0.05203
1611 0.04961
1612 0.05324
1613 0.05445
1614 0.05687
1615 0.05082
1616 0.05082
1617 0.05203
1618 0.05203
1619 0.05566
1620 0.04719
1621 0.05687
1622 0.05566
1623 0.05687
1624 0.05324
1625 0.05445
1626 0.05445
1627 0.05445
1628 0.05082
1629 0.05808
1630 0.05324
1631 0.04961
1632 0.05203
1633 0.05566
1634 0.0484
1635 0.05324
1636 0.05203
1637 0.05324
1638 0.05203
1639 0.04961
1640 0.05566
1641 0.05082
1642 0.05566
1643 0.05203
1644 0.05203
1645 0.05445
1646 0.05082
1647 0.05687
1648 0.05445
1649 0.05687
1650 0.05566
1651 0.0484
1652 0.05324
1653 0.05082
1654 0.05566
1655 0.05324
1656 0.05203
1657 0.05324
1658 0.05566
1659 0.00121
1660 -0.02662
1661 -0.00847
1662 0.01573
1663 0.00121
1664 -0.01936
1665 -0.02299
1666 -0.02783
1667 -0.02783
1668 -0.02541
1669 -0.02178
1670 -0.02057
1671 -0.02057
1672 -0.01936
1673 -0.01815
1674 -0.01694
1675 -0.01573
1676 -0.01573
1677 -0.01452
1678 -0.01331
1679 -0.01331
1680 -0.0121
1681 -0.0121
1682 -0.0121
1683 -0.01089
1684 -0.01089
1685 -0.01089
1686 -0.01089
1687 -0.00968
1688 -0.00968
1689 -0.00968
1690 -0.00968
1691 -0.00968
1692 -0.00968
1693 -0.00968
1694 -0.00968
1695 -0.00847
1696 -0.00847
1697 -0.00847
1698 -0.00847
1699 -0.00847
1700 -0.00847
1701 -0.00847
1702 -0.00847
1703 -0.00847
1704 -0.00847
1705 -0.00847
1706 -0.00847
1707 -0.00847
1708 -0.00847
1709 -0.00847
1710 -0.00847
1711 -0.00847
1712 -0.00847
1713 -0.00847
1714 -0.00847
1715 -0.00847
1716 -0.00847
1717 -0.00847
1718 -0.00847
1719 -0.00847
1720 -0.00847
1721 -0.00847
1722 -0.00847
1723 -0.00847
1724 -0.00847
1725 -0.00847
1726 -0.00847
1727 -0.00847
1728 -0.00847
1729 -0.00847
1730 -0.00847
1731 -0.00847
1732 -0.00847
1733 -0.00847
1734 -0.00847
1735 -0.00847
1736 -0.00847
1737 -0.00847
1738 -0.00847
1739 -0.00847
1740 -0.00847
1741 -0.00847
1742 -0.00847
1743 -0.00847
1744 -0.00847
1745 -0.00847
1746 -0.00847
1747 -0.00847
1748 -0.00847
1749 -0.00847
1750 -0.00847
1751 -0.00847
1752 -0.00847
1753 -0.00847
1754 -0.00847
1755 -0.00847
1756 -0.00847
1757 -0.00847
1758 -0.00847
1759 -0.00847
1760 -0.00847
1761 -0.00847
1762 -0.00847
1763 -0.00847
1764 -0.00847
1765 -0.00847
1766 -0.01089
1767 -0.11132
1768 -0.07865
1769 -0.06655
1770 -0.05203
1771 -0.04961
1772 -0.05324
1773 -0.05808
1774 -0.05687
1775 -0.05082
1776 -0.0484
1777 -0.05445
1778 -0.05324
1779 -0.05445
1780 -0.0484
1781 -0.05203
1782 -0.05445
1783 -0.05082
1784 -0.05203
1785 -0.05203
1786 -0.05324
1787 -0.05324
1788 -0.05445
1789 -0.05566
1790 -0.05082
1791 -0.05566
1792 -0.04961
1793 -0.05445
1794 -0.0484
1795 -0.05324
1796 -0.05445
1797 -0.04961
1798 -0.05324
1799 -0.0484
1800 -0.05203
1801 -0.0484
1802 -0.05203
1803 -0.04961
1804 -0.05324
1805 -0.0484
1806 -0.05203
1807 -0.04719
1808 -0.04961
1809 -0.05082
1810 -0.05324
1811 -0.05324
1812 -0.05324
1813 -0.05082
1814 -0.05445
1815 -0.05324
1816 -0.04961
1817 -0.05082
1818 -0.04961
1819 -0.05203
1820 0.04114
1821 0.01452
1822 -0.01331
1823 -0.01331
1824 0.0121
1825 0.01815
1826 0.02299
1827 0.02662
1828 0.02541
1829 0.02299
1830 0.02178
1831 0.02299
1832 0.02178
1833 0.02178
1834 0.02057
1835 0.02057
1836 0.01936
1837 0.01936
1838 0.01815
1839 0.01815
1840 0.01815
1841 0.01694
1842 0.01694
1843 0.01694
1844 0.01694
1845 0.01573
1846 0.01573
1847 0.01573
1848 0.01573
1849 0.01452
1850 0.01452
1851 0.01452
1852 0.01452
1853 0.01452
1854 0.01452
1855 0.01452
1856 0.01452
1857 0.01331
1858 0.01331
1859 0.01331
1860 0.01331
1861 0.01331
1862 0.01331
1863 0.01331
1864 0.01331
1865 0.01331
1866 0.01331
1867 0.01331
1868 0.01331
1869 0.01331
1870 0.01331
1871 0.01331
1872 0.01331
1873 0.01331
1874 0.01331
1875 0.01331
1876 0.01331
1877 0.01331
1878 0.01331
1879 0.01331
1880 0.01331
1881 0.01331
1882 0.01331
1883 0.01331
1884 0.01331
1885 0.01331
1886 0.01331
1887 0.01331
1888 0.01331
1889 0.01331
1890 0.01331
1891 0.01331
1892 0.01331
1893 0.01331
1894 0.01331
1895 0.01331
1896 0.01331
1897 0.01331
1898 0.01331
1899 0.01331
1900 0.01331
1901 0.01331
1902 0.01331
1903 0.01331
1904 0.01331
1905 0.01331
1906 0.0121
1907 0.01331
1908 0.01331
1909 0.01331
1910 0.0121
1911 0.01331
1912 0.01331
1913 0.01331
1914 0.01331
1915 0.01331
1916 0.01331
1917 0.01331
1918 0.01331
1919 0.01331
1920 0.01331
1921 0.01331
1922 0.01331
1923 0.01331
1924 0.01331
1925 0.01331
1926 0.01452
1927 0.11374
1928 0.09075
1929 0.0726
1930 0.05203
1931 0.05082
1932 0.0484
1933 0.05566
1934 0.05445
1935 0.05687
1936 0.05324
1937 0.05082
1938 0.05203
1939 0.05203
1940 0.04961
1941 0.05082
1942 0.05082
1943 0.04961
1944 0.05203
1945 0.05203
1946 0.05324
1947 0.05687
1948 0.05324
1949 0.04961
1950 0.05566
1951 0.05445
1952 0.05445
1953 0.05324
1954 0.05566
1955 0.05082
1956 0.05324
1957 0.05445
1958 0.05445
1959 0.05203
1960 0.05203
1961 0.05687
1962 0.05082
1963 0.0484
1964 0.05445
1965 0.05687
1966 0.05203
1967 0.05324
1968 0.05324
1969 0.05324
1970 0.05082
1971 0.05566
1972 0.05445
1973 0.05566
1974 0.05082
1975 0.05687
1976 0.05203
1977 0.04961
1978 0.05324
1979 0.05082
1980 -0.05687
1981 -0.02299
1982 0.00363
1983 0.02057
1984 -0.01452
1985 -0.02178
1986 -0.02541
1987 -0.02904
1988 -0.02662
1989 -0.02299
1990 -0.02057
1991 -0.02057
1992 -0.01936
1993 -0.01815
1994 -0.01694
1995 -0.01694
1996 -0.01573
1997 -0.01573
1998 -0.01452
1999 -0.01331
2000 -0.01331
2001 -0.0121
2002 -0.0121
2003 -0.0121
2004 -0.01089
2005 -0.01089
2006 -0.01089
2007 -0.01089
2008 -0.01089
2009 -0.00968
2010 -0.00968
2011 -0.00968
2012 -0.00968
2013 -0.00968
2014 -0.00968
2015 -0.00968
2016 -0.00968
2017 -0.00968
2018 -0.00968
2019 -0.00847
2020 -0.00847
2021 -0.00847
2022 -0.00847
2023 -0.00847
2024 -0.00847
2025 -0.00847
2026 -0.00847
2027 -0.00847
2028 -0.00847
2029 -0.00847
2030 -0.00847
2031 -0.00847
2032 -0.00847
2033 -0.00847
2034 -0.00847
2035 -0.00847
2036 -0.00847
2037 -0.00847
2038 -0.00847
2039 -0.00847
2040 -0.00847
2041 -0.00847
2042 -0.00847
2043 -0.00847
2044 -0.00847
2045 -0.00847
2046 -0.00847
2047 -0.00847
2048 -0.00847
2049 -0.00847
2050 -0.00847
2051 -0.00847
2052 -0.00847
2053 -0.00847
2054 -0.00847
2055 -0.00847
2056 -0.00847
2057 -0.00847
2058 -0.00847
2059 -0.00847
2060 -0.00847
2061 -0.00847
2062 -0.00847
2063 -0.00847
2064 -0.00847
2065 -0.00847
2066 -0.00847
2067 -0.00847
2068 -0.00847
2069 -0.00847
2070 -0.00847
2071 -0.00847
2072 -0.00847
2073 -0.00847
2074 -0.00847
2075 -0.00847
2076 -0.00847
2077 -0.00847
2078 -0.00847
2079 -0.00847
2080 -0.00847
2081 -0.00847
2082 -0.00847
2083 -0.00847
2084 -0.00847
2085 -0.00847
2086 -0.00847
2087 -0.1331
2088 -0.10164
2089 -0.07381
2090 -0.0605
2091 -0.05082
2092 -0.05082
2093 -0.0484
2094 -0.05687
2095 -0.05445
2096 -0.0484
2097 -0.05324
2098 -0.05445
2099 -0.04961
2100 -0.05082
2101 -0.05566
2102 -0.05082
2103 -0.0484
2104 -0.05324
2105 -0.05324
2106 -0.04961
2107 -0.0484
2108 -0.05445
2109 -0.05324
2110 -0.0484
2111 -0.04961
2112 -0.05324
2113 -0.04961
2114 -0.04719
2115 -0.05687
2116 -0.05566
2117 -0.05203
2118 -0.04719
2119 -0.05324
2120 -0.05445
2121 -0.05324
2122 -0.05082
2123 -0.04961
2124 -0.05324
2125 -0.05324
2126 -0.05324
2127 -0.04719
2128 -0.05203
2129 -0.05203
2130 -0.04961
2131 -0.04961
2132 -0.04961
2133 -0.05082
2134 -0.05445
2135 -0.0484
2136 -0.0484
2137 -0.05203
2138 -0.0484
2139 -0.05082
2140 -0.01089
2141 0.03388
2142 0.0121
2143 -0.01936
2144 0.00121
2145 0.01452
2146 0.01936
2147 0.0242
2148 0.02662
2149 0.02541
2150 0.02178
2151 0.02178
2152 0.02178
2153 0.02178
2154 0.02057
2155 0.02057
2156 0.01936
2157 0.01936
2158 0.01936
2159 0.01815
2160 0.01815
2161 0.01694
2162 0.01694
2163 0.01694
2164 0.01694
2165 0.01694
2166 0.01573
2167 0.01573
2168 0.01573
2169 0.01573
2170 0.01452
2171 0.01452
2172 0.01452
2173 0.01452
2174 0.01452
2175 0.01452
2176 0.01452
2177 0.01331
2178 0.01331
2179 0.01452
2180 0.01331
2181 0.01331
2182 0.01331
2183 0.01331
2184 0.01331
2185 0.01331
2186 0.01331
2187 0.01331
2188 0.01331
2189 0.01331
2190 0.01331
2191 0.01331
2192 0.01331
2193 0.01331
2194 0.01331
2195 0.01331
2196 0.01331
2197 0.01331
2198 0.01331
2199 0.01331
2200 0.01331
2201 0.01331
2202 0.01331
2203 0.01331
2204 0.01331
2205 0.01331
2206 0.01331
2207 0.01331
2208 0.01331
2209 0.01331
2210 0.01331
2211 0.01331
2212 0.01331
2213 0.01331
2214 0.01331
2215 0.01331
2216 0.01331
2217 0.01331
2218 0.01331
2219 0.01331
2220 0.01331
2221 0.01331
2222 0.01331
2223 0.01331
2224 0.01331
2225 0.01331
2226 0.01331
2227 0.01331
2228 0.01331
2229 0.01331
2230 0.01331
2231 0.01331
2232 0.01331
2233 0.01331
2234 0.01331
2235 0.01331
2236 0.01331
2237 0.01331
2238 0.01331
2239 0.01331
2240 0.01331
2241 0.01331
2242 0.01331
2243 0.01331
2244 0.01331
2245 0.01331
2246 0.01331
2247 0.22022
2248 0.10648
2249 0.07865
2250 0.06534
2251 0.04598
2252 0.04598
2253 0.05324
2254 0.04961
2255 0.05687
2256 0.05445
2257 0.05324
2258 0.05445
2259 0.05566
2260 0.05203
2261 0.0484
2262 0.04961
2263 0.05082
2264 0.05324
2265 0.05082
2266 0.05324
2267 0.05082
2268 0.05324
2269 0.05566
2270 0.05566
2271 0.04961
2272 0.04961
2273 0.05445
2274 0.05082
2275 0.05082
2276 0.04961
2277 0.05566
2278 0.05324
2279 0.05082
2280 0.04961
2281 0.05203
2282 0.05203
2283 0.04961
2284 0.05082
2285 0.05566
2286 0.05203
2287 0.04961
2288 0.05445
2289 0.05566
2290 0.05203
2291 0.05324
2292 0.05445
2293 0.05203
2294 0.05082
2295 0.0484
2296 0.05082
2297 0.04961
2298 0.05082
2299 0.05324
2300 0.05203
2301 -0.03993
2302 -0.00605
2303 0.00968
2304 0.00484
2305 -0.01815
2306 -0.02178
2307 -0.02662
2308 -0.02783
2309 -0.02662
2310 -0.02178
2311 -0.02057
2312 -0.02057
2313 -0.01936
2314 -0.01815
2315 -0.01694
2316 -0.01573
2317 -0.01573
2318 -0.01452
2319 -0.01331
2320 -0.01331
2321 -0.0121
2322 -0.0121
2323 -0.0121
2324 -0.01089
2325 -0.01089
2326 -0.01089
2327 -0.01089
2328 -0.00968
2329 -0.00968
2330 -0.00968
2331 -0.00968
2332 -0.00968
2333 -0.00968
2334 -0.00968
2335 -0.00968
2336 -0.00968
2337 -0.00847
2338 -0.00847
2339 -0.00847
2340 -0.00847
2341 -0.00847
2342 -0.00847
2343 -0.00847
2344 -0.00847
2345 -0.00847
2346 -0.00847
2347 -0.00847
2348 -0.00847
2349 -0.00847
2350 -0.00847
2351 -0.00847
2352 -0.00847
2353 -0.00847
2354 -0.00847
2355 -0.00847
2356 -0.00847
2357 -0.00847
2358 -0.00847
2359 -0.00847
2360 -0.00847
2361 -0.00847
2362 -0.00847
2363 -0.00847
2364 -0.00847
2365 -0.00847
2366 -0.00847
2367 -0.00847
2368 -0.00847
2369 -0.00847
2370 -0.00847
2371 -0.00847
2372 -0.00847
2373 -0.00847
2374 -0.00847
2375 -0.00847
2376 -0.00847
2377 -0.00847
2378 -0.00847
2379 -0.00847
2380 -0.00847
2381 -0.00847
2382 -0.00847
2383 -0.00847
2384 -0.00847
2385 -0.00847
2386 -0.00847
2387 -0.00847
2388 -0.00847
2389 -0.00847
2390 -0.00847
2391 -0.00847
2392 -0.00847
2393 -0.00847
2394 -0.00847
2395 -0.00847
2396 -0.00847
2397 -0.00847
2398 -0.00847
2399 -0.00847
2400 -0.00847
2401 -0.00847
2402 -0.00847
2403 -0.00847
2404 -0.00847
2405 -0.00847
2406 -0.00847
2407 -0.00847
2408 -0.11858
2409 -0.09559
2410 -0.06655
2411 -0.04961
2412 -0.05082
2413 -0.05324
2414 -0.05082
2415 -0.05687
2416 -0.05687
2417 -0.0484
2418 -0.04961
2419 -0.05082
2420 -0.05082
2421 -0.05082
2422 -0.05445
2423 -0.05566
2424 -0.05324
2425 -0.04961
2426 -0.05324
2427 -0.0484
2428 -0.0484
2429 -0.05324
2430 -0.05687
2431 -0.05082
2432 -0.05203
2433 -0.05082
2434 -0.04719
2435 -0.05082
2436 -0.05566
2437 -0.05324
2438 -0.05324
2439 -0.04719
2440 -0.0484
2441 -0.04961
2442 -0.05445
2443 -0.05324
2444 -0.05445
2445 -0.05445
2446 -0.04961
2447 -0.05445
2448 -0.05203
2449 -0.04961
2450 -0.05445
2451 -0.05445
2452 -0.05203
2453 -0.04719
2454 -0.05324
2455 -0.05082
2456 -0.0484
2457 -0.0484
2458 -0.05082
2459 -0.04719
2460 -0.04961
2461 0.04719
2462 0.01815
2463 -0.00121
2464 -0.02178
2465 0.00968
2466 0.01694
2467 0.02178
2468 0.02662
2469 0.02662
2470 0.0242
2471 0.02178
2472 0.02178
2473 0.02178
2474 0.02178
2475 0.02057
2476 0.02057
2477 0.01936
2478 0.01936
2479 0.01815
2480 0.01815
2481 0.01694
2482 0.01694
2483 0.01694
2484 0.01694
2485 0.01694
2486 0.01573
2487 0.01573
2488 0.01573
2489 0.01573
2490 0.01452
2491 0.01452
2492 0.01452
2493 0.01452
2494 0.01452
2495 0.01452
2496 0.01452
2497 0.01452
2498 0.01452
2499 0.01331
2500 0.01331
2501 0.01331
2502 0.01331
2503 0.01331
2504 0.01331
2505 0.01331
2506 0.01331
2507 0.01331
2508 0.01331
2509 0.01331
2510 0.01331
2511 0.01331
2512 0.01331
2513 0.01331
2514 0.01331
2515 0.01331
2516 0.01331
2517 0.01331
2518 0.01331
2519 0.01331
2520 0.01331
2521 0.01331
2522 0.01331
2523 0.01331
2524 0.01331
2525 0.01331
2526 0.01331
2527 0.01331
2528 0.01331
2529 0.01331
2530 0.01331
2531 0.01331
2532 0.01331
2533 0.01331
2534 0.01331
2535 0.01331
2536 0.01331
2537 0.01331
2538 0.01331
2539 0.01331
2540 0.01331
2541 0.01331
2542 0.01331
2543 0.01331
2544 0.01331
2545 0.01331
2546 0.01331
2547 0.01331
2548 0.01331
2549 0.0121
2550 0.01331
2551 0.01331
2552 0.01331
2553 0.01331
2554 0.01331
2555 0.01331
2556 0.01331
2557 0.01331
2558 0.01331
2559 0.01331
2560 0.01331
2561 0.01331
2562 0.01331
2563 0.01331
2564 0.01331
2565 0.01331
2566 0.01331
2567 0.01331
2568 0.121
2569 0.10164
2570 0.07502
2571 0.05566
2572 0.04719
2573 0.04961
2574 0.05082
2575 0.05566
2576 0.05566
2577 0.05324
2578 0.05203
2579 0.05324
2580 0.05808
2581 0.05324
2582 0.05082
2583 0.05445
2584 0.05445
2585 0.05203
2586 0.05203
2587 0.05445
2588 0.05445
2589 0.05082
2590 0.05445
2591 0.05566
2592 0.05445
2593 0.05203
2594 0.04961
2595 0.05082
2596 0.04961
2597 0.05082
2598 0.05566
2599 0.05566
2600 0.05566
2601 0.05445
2602 0.05203
2603 0.05324
2604 0.05566
2605 0.05445
2606 0.05203
2607 0.05203
2608 0.05203
2609 0.05324
2610 0.05566
2611 0.05082
2612 0.05082
2613 0.04961
2614 0.05203
2615 0.05324
2616 0.05324
2617 0.05324
2618 0.05203
2619 0.05082
2620 0.05445
2621 -0.06776
2622 -0.0363
2623 -0.00363
2624 0.01936
2625 -0.00968
2626 -0.01936
2627 -0.0242
2628 -0.02783
2629 -0.02783
2630 -0.0242
2631 -0.02057
2632 -0.02057
2633 -0.01936
2634 -0.01815
2635 -0.01694
2636 -0.01573
2637 -0.01573
2638 -0.01452
2639 -0.01331
2640 -0.01331
2641 -0.0121
2642 -0.0121
2643 -0.01089
2644 -0.01089
2645 -0.01089
2646 -0.00968
2647 -0.00968
2648 -0.00968
2649 -0.00968
2650 -0.00968
2651 -0.00968
2652 -0.00847
2653 -0.00847
2654 -0.00847
2655 -0.00847
2656 -0.00847
2657 -0.00847
2658 -0.00847
2659 -0.00847
2660 -0.00847
2661 -0.00847
2662 -0.00847
2663 -0.00847
2664 -0.00847
2665 -0.00847
2666 -0.00847
2667 -0.00847
2668 -0.00847
2669 -0.00847
2670 -0.00847
2671 -0.00847
2672 -0.00847
2673 -0.00726
2674 -0.00847
2675 -0.00847
2676 -0.00847
2677 -0.00847
2678 -0.00847
2679 -0.00847
2680 -0.00847
2681 -0.00726
2682 -0.00726
2683 -0.00847
2684 -0.00847
2685 -0.00847
2686 -0.00726
2687 -0.00726
2688 -0.00726
2689 -0.00847
2690 -0.00726
2691 -0.00726
2692 -0.00726
2693 -0.00847
2694 -0.00847
2695 -0.00726
2696 -0.00847
2697 -0.00726
2698 -0.00847
2699 -0.00847
2700 -0.00726
2701 -0.00726
2702 -0.00847
2703 -0.00726
2704 -0.00847
2705 -0.00726
2706 -0.00726
2707 -0.00726
2708 -0.00726
2709 -0.00726
2710 -0.00847
2711 -0.00847
2712 -0.00726
2713 -0.00847
2714 -0.00847
2715 -0.00726
2716 -0.00726
2717 -0.00726
2718 -0.00726
2719 -0.00726
2720 -0.00726
2721 -0.00726
2722 -0.00726
2723 -0.00726
2724 -0.00726
2725 -0.00726
2726 -0.00847
2727 -0.00726
2728 -0.2178
2729 -0.10164
2730 -0.08107
2731 -0.0605
2732 -0.05203
2733 -0.04961
2734 -0.04961
2735 -0.04961
2736 -0.04961
2737 -0.05566
2738 -0.0484
2739 -0.04961
2740 -0.05445
2741 -0.05082
2742 -0.04961
2743 -0.04719
2744 -0.05203
2745 -0.05324
2746 -0.04719
2747 -0.05324
2748 -0.05445
2749 -0.04961
2750 -0.05324
2751 -0.05445
2752 -0.05203
2753 -0.04961
2754 -0.05324
2755 -0.0484
2756 -0.04961
2757 -0.05687
2758 -0.05324
2759 -0.04961
2760 -0.04961
2761 -0.05445
2762 -0.05566
2763 -0.0484
2764 -0.04961
2765 -0.05566
2766 -0.04961
2767 -0.05082
2768 -0.04719
2769 -0.05324
2770 -0.05445
2771 -0.0484
2772 -0.05203
2773 -0.05082
2774 -0.05082
2775 -0.05082
2776 -0.05566
2777 -0.0484
2778 -0.05324
2779 -0.04961
2780 -0.05445
2781 -0.0484
2782 0.03267
2783 0.01573
2784 -0.01815
2785 0
2786 0.01331
2787 0.01936
2788 0.0242
2789 0.02662
2790 0.02541
2791 0.02299
2792 0.02178
2793 0.02178
2794 0.02178
2795 0.02057
2796 0.02057
2797 0.01936
2798 0.01936
2799 0.01936
2800 0.01815
2801 0.01815
2802 0.01815
2803 0.01694
2804 0.01694
2805 0.01694
2806 0.01573
2807 0.01573
2808 0.01573
2809 0.01573
2810 0.01573
2811 0.01452
2812 0.01452
2813 0.01452
2814 0.01452
2815 0.01452
2816 0.01452
2817 0.01452
2818 0.01331
2819 0.01331
2820 0.01331
2821 0.01331
2822 0.01331
2823 0.01331
2824 0.01331
2825 0.01331
2826 0.01331
2827 0.01331
2828 0.01331
2829 0.01331
2830 0.01331
2831 0.01331
2832 0.01331
2833 0.01331
2834 0.01331
2835 0.01331
2836 0.01331
2837 0.01331
2838 0.01331
2839 0.01331
2840 0.01331
2841 0.01331
2842 0.01331
2843 0.01331
2844 0.01331
2845 0.01331
2846 0.01331
2847 0.01331
2848 0.01331
2849 0.01331
2850 0.01331
2851 0.01331
2852 0.01331
2853 0.01331
2854 0.01331
2855 0.01331
2856 0.01331
2857 0.01331
2858 0.01331
2859 0.01331
2860 0.01331
2861 0.01331
2862 0.01331
2863 0.01331
2864 0.01331
2865 0.0121
2866 0.01331
2867 0.01331
2868 0.01331
2869 0.01331
2870 0.01331
2871 0.01331
2872 0.01331
2873 0.01331
2874 0.0121
2875 0.01331
2876 0.01331
2877 0.01331
2878 0.01331
2879 0.01331
2880 0.01331
2881 0.01331
2882 0.01331
2883 0.01331
2884 0.01331
2885 0.01331
2886 0.01331
2887 0.01331
2888 0.15851
2889 0.1089
2890 0.08712
2891 0.0605
2892 0.04719
2893 0.05324
2894 0.04719
2895 0.05808
2896 0.05566
2897 0.05445
2898 0.0484
2899 0.05324
2900 0.05324
2901 0.05566
2902 0.05203
2903 0.05445
2904 0.05082
2905 0.05687
2906 0.05687
2907 0.05082
2908 0.05082
2909 0.05687
2910 0.05324
2911 0.05566
2912 0.05566
2913 0.04961
2914 0.05324
2915 0.05324
2916 0.05324
2917 0.05082
2918 0.04961
2919 0.04961
2920 0.05203
2921 0.05566
2922 0.05324
2923 0.05203
2924 0.05445
2925 0.05324
2926 0.05566
2927 0.05566
2928 0.05203
2929 0.0484
2930 0.05203
2931 0.05445
2932 0.05445
2933 0.04961
2934 0.05324
2935 0.05324
2936 0.05566
2937 0.05082
2938 0.04961
2939 0.05324
2940 0.05566
2941 0.05687
2942 -0.04235
2943 -0.00484
2944 0.00605
2945 0.0121
2946 -0.01573
2947 -0.02299
2948 -0.02783
2949 -0.02783
2950 -0.02662
2951 -0.02178
2952 -0.02057
2953 -0.01936
2954 -0.01936
2955 -0.01815
2956 -0.01694
2957 -0.01573
2958 -0.01452
2959 -0.01452
2960 -0.01331
2961 -0.0121
2962 -0.0121
2963 -0.0121
2964 -0.01089
2965 -0.01089
2966 -0.01089
2967 -0.01089
2968 -0.00968
2969 -0.00968
2970 -0.00968
2971 -0.00968
2972 -0.00968
2973 -0.00968
2974 -0.00847
2975 -0.00847
2976 -0.00847
2977 -0.00847
2978 -0.00847
2979 -0.00847
2980 -0.00847
2981 -0.00847
2982 -0.00847
2983 -0.00847
2984 -0.00847
2985 -0.00847
2986 -0.00847
2987 -0.00847
2988 -0.00847
2989 -0.00847
2990 -0.00847
2991 -0.00847
2992 -0.00847
2993 -0.00847
2994 -0.00847
2995 -0.00847
2996 -0.00847
2997 -0.00847
2998 -0.00847
2999 -0.00847
3000 -0.00847
3001 -0.00847
3002 -0.00847
3003 -0.00847
3004 -0.00847
3005 -0.00847
3006 -0.00847
3007 -0.00847
3008 -0.00847
3009 -0.00847
3010 -0.00847
3011 -0.00847
3012 -0.00847
3013 -0.00847
3014 -0.00847
3015 -0.00847
3016 -0.00847
3017 -0.00847
3018 -0.00847
3019 -0.00847
3020 -0.00847
3021 -0.00847
3022 -0.00847
3023 -0.00847
3024 -0.00847
3025 -0.00847
3026 -0.00726
3027 -0.00847
3028 -0.00847
3029 -0.00847
3030 -0.00847
3031 -0.00726
3032 -0.00847
3033 -0.00847
3034 -0.00847
3035 -0.00726
3036 -0.00847
3037 -0.00847
3038 -0.00847
3039 -0.00847
3040 -0.00847
3041 -0.00726
3042 -0.00847
3043 -0.00847
3044 -0.00726
3045 -0.00847
3046 -0.00726
3047 -0.00847
3048 -0.00968
3049 -0.12221
3050 -0.09317
3051 -0.06534
3052 -0.04961
3053 -0.05203
3054 -0.05324
3055 -0.04961
3056 -0.05445
3057 -0.05566
3058 -0.04719
3059 -0.05203
3060 -0.05687
3061 -0.05445
3062 -0.05445
3063 -0.05445
3064 -0.05324
3065 -0.05445
3066 -0.05324
3067 -0.05324
3068 -0.05566
3069 -0.05082
3070 -0.05082
3071 -0.05445
3072 -0.05445
3073 -0.05203
3074 -0.05445
3075 -0.05082
3076 -0.05566
3077 -0.04961
3078 -0.05445
3079 -0.0484
3080 -0.0484
3081 -0.05445
3082 -0.04961
3083 -0.05445
3084 -0.05203
3085 -0.05445
3086 -0.05203
3087 -0.04961
3088 -0.04961
3089 -0.05203
3090 -0.05203
3091 -0.05445
3092 -0.05082
3093 -0.05445
3094 -0.04719
3095 -0.0484
3096 -0.05082
3097 -0.05445
3098 -0.04961
3099 -0.05203
3100 -0.04961
3101 -0.05324
3102 0.04235
3103 0.01694
3104 -0.00484
3105 -0.02178
3106 0.00968
3107 0.01694
3108 0.02299
3109 0.02662
3110 0.02662
3111 0.02299
3112 0.02178
3113 0.02178
3114 0.02178
3115 0.02178
3116 0.02057
3117 0.02057
3118 0.01936
3119 0.01936
3120 0.01815
3121 0.01815
3122 0.01815
3123 0.01694
3124 0.01694
3125 0.01694
3126 0.01694
3127 0.01573
3128 0.01573
3129 0.01573
3130 0.01573
3131 0.01452
3132 0.01452
3133 0.01452
3134 0.01452
3135 0.01452
3136 0.01452
3137 0.01452
3138 0.01331
3139 0.01331
3140 0.01331
3141 0.01331
3142 0.01331
3143 0.01331
3144 0.01331
3145 0.01331
3146 0.01331
3147 0.01331
3148 0.01331
3149 0.01331
3150 0.01331
3151 0.01331
3152 0.01331
3153 0.01331
3154 0.01331
3155 0.01331
3156 0.01331
3157 0.01331
3158 0.01331
3159 0.01331
3160 0.01331
3161 0.01331
3162 0.01331
3163 0.01331
3164 0.01331
3165 0.01331
3166 0.01331
3167 0.01331
3168 0.0121
3169 0.01331
3170 0.01331
3171 0.01331
3172 0.01331
3173 0.01331
3174 0.0121
3175 0.01331
3176 0.0121
3177 0.01331
3178 0.01331
3179 0.0121
3180 0.0121
3181 0.01331
3182 0.01331
3183 0.01331
3184 0.01331
3185 0.01331
3186 0.01331
3187 0.01331
3188 0.0121
3189 0.0121
3190 0.01331
3191 0.0121
3192 0.0121
3193 0.01331
3194 0.0121
3195 0.01331
3196 0.01331
3197 0.0121
3198 0.0121
3199 0.01331
3200 0.0121
3201 0.0121
3202 0.0121
3203 0.0121
3204 0.0121
3205 0.0121
3206 0.0121
3207 0.0121
3208 0.0121
3209 0.11374
3210 0.0968
3211 0.0726
3212 0.05445
3213 0.0484
3214 0.0484
3215 0.05445
3216 0.05566
3217 0.05445
3218 0.05082
3219 0.05324
3220 0.05445
3221 0.05082
3222 0.05445
3223 0.05445
3224 0.05203
3225 0.05324
3226 0.05203
3227 0.05324
3228 0.05445
3229 0.05566
3230 0.05324
3231 0.05324
3232 0.05203
3233 0.05324
3234 0.05203
3235 0.05566
3236 0.05324
3237 0.05566
3238 0.04961
3239 0.05324
3240 0.05445
3241 0.05687
3242 0.04961
3243 0.05324
3244 0.05203
3245 0.05324
3246 0.04961
3247 0.05445
3248 0.05203
3249 0.05324
3250 0.05324
3251 0.05566
3252 0.05324
3253 0.05203
3254 0.05324
3255 0.05445
3256 0.05324
3257 0.05203
3258 0.05566
3259 0.04961
3260 0.04961
3261 0.05203
3262 -0.06413
3263 -0.02662
3264 -0.00484
3265 0.02057
3266 -0.01089
3267 -0.02057
3268 -0.0242
3269 -0.02783
3270 -0.02783
3271 -0.0242
3272 -0.02057
3273 -0.01936
3274 -0.01936
3275 -0.01815
3276 -0.01694
3277 -0.01573
3278 -0.01573
3279 -0.01452
3280 -0.01331
3281 -0.01331
3282 -0.0121
3283 -0.0121
3284 -0.0121
3285 -0.01089
3286 -0.01089
3287 -0.01089
3288 -0.00968
3289 -0.00968
3290 -0.00968
3291 -0.00968
3292 -0.00968
3293 -0.00847
3294 -0.00847
3295 -0.00847
3296 -0.00847
3297 -0.00847
3298 -0.00847
3299 -0.00847
3300 -0.00847
3301 -0.00847
3302 -0.00847
3303 -0.00847
3304 -0.00847
3305 -0.00847
3306 -0.00847
3307 -0.00847
3308 -0.00847
3309 -0.00847
3310 -0.00847
3311 -0.00847
3312 -0.00847
3313 -0.00847
3314 -0.00847
3315 -0.00847
3316 -0.00847
3317 -0.00847
3318 -0.00847
3319 -0.00847
3320 -0.00847
3321 -0.00847
3322 -0.00847
3323 -0.00847
3324 -0.00847
3325 -0.00847
3326 -0.00847
3327 -0.00847
3328 -0.00847
3329 -0.00847
3330 -0.00847
3331 -0.00847
3332 -0.00847
3333 -0.00847
3334 -0.00847
3335 -0.00847
3336 -0.00847
3337 -0.00847
3338 -0.00847
3339 -0.00847
3340 -0.00847
3341 -0.00847
3342 -0.00847
3343 -0.00847
3344 -0.00847
3345 -0.00847
3346 -0.00847
3347 -0.00847
3348 -0.00847
3349 -0.00847
3350 -0.00847
3351 -0.00847
3352 -0.00847
3353 -0.00847
3354 -0.00847
3355 -0.00847
3356 -0.00847
3357 -0.00847
3358 -0.00847
3359 -0.00847
3360 -0.00847
3361 -0.00847
3362 -0.00847
3363 -0.00847
3364 -0.00847
3365 -0.00847
3366 -0.00726
3367 -0.00847
3368 -0.00847
3369 -0.12947
3370 -0.10648
3371 -0.07502
3372 -0.05929
3373 -0.05082
3374 -0.04719
3375 -0.04719
3376 -0.05687
3377 -0.05445
3378 -0.04961
3379 -0.0484
3380 -0.05203
3381 -0.05324
3382 -0.05324
3383 -0.05324
3384 -0.05445
3385 -0.05203
3386 -0.05445
3387 -0.05324
3388 -0.05324
3389 -0.05082
3390 -0.05445
3391 -0.05445
3392 -0.05445
3393 -0.05082
3394 -0.05324
3395 -0.0484
3396 -0.0484
3397 -0.04961
3398 -0.05566
3399 -0.0484
3400 -0.04598
3401 -0.05082
3402 -0.05324
3403 -0.05203
3404 -0.05203
3405 -0.04598
3406 -0.05082
3407 -0.05082
3408 -0.05445
3409 -0.05203
3410 -0.04961
3411 -0.04719
3412 -0.04961
3413 -0.0484
3414 -0.05324
3415 -0.04719
3416 -0.05324
3417 -0.0484
3418 -0.05082
3419 -0.05324
3420 -0.05445
3421 -0.04961
3422 0.01936
3423 0.03267
3424 0.0121
3425 -0.01936
3426 0
3427 0.01452
3428 0.01936
3429 0.0242
3430 0.02662
3431 0.02541
3432 0.02178
3433 0.02178
3434 0.02178
3435 0.02178
3436 0.02057
3437 0.02057
3438 0.01936
3439 0.01936
3440 0.01936
3441 0.01815
3442 0.01815
3443 0.01815
3444 0.01694
3445 0.01694
3446 0.01573
3447 0.01573
3448 0.01573
3449 0.01573
3450 0.01573
3451 0.01452
3452 0.01452
3453 0.01452
3454 0.01452
3455 0.01452
3456 0.01452
3457 0.01452
3458 0.01452
3459 0.01331
3460 0.01331
3461 0.01331
3462 0.01331
3463 0.01331
3464 0.01331
3465 0.01331
3466 0.01331
3467 0.01331
3468 0.01331
3469 0.01331
3470 0.01331
3471 0.01331
3472 0.01331
3473 0.01331
3474 0.01331
3475 0.01331
3476 0.01331
3477 0.01331
3478 0.01331
3479 0.01331
3480 0.01331
3481 0.01331
3482 0.01331
3483 0.01331
3484 0.01331
3485 0.01331
3486 0.01331
3487 0.01331
3488 0.01331
3489 0.01331
3490 0.01331
3491 0.01331
3492 0.01331
3493 0.01331
3494 0.01331
3495 0.01331
3496 0.0121
3497 0.01331
3498 0.01331
3499 0.01331
3500 0.01331
3501 0.01331
3502 0.01331
3503 0.01331
3504 0.0121
3505 0.0121
3506 0.01331
3507 0.0121
3508 0.01331
3509 0.01331
3510 0.01331
3511 0.01331
3512 0.01331
3513 0.0121
3514 0.01331
3515 0.01331
3516 0.01331
3517 0.0121
3518 0.01331
3519 0.01331
3520 0.01331
3521 0.01331
3522 0.01331
3523 0.01331
3524 0.0121
3525 0.0121
3526 0.0121
3527 0.01331
3528 0.0121
3529 0.17545
3530 0.11132
3531 0.07865
3532 0.05808
3533 0.0484
3534 0.05324
3535 0.04598
3536 0.05203
3537 0.05687
3538 0.04961
3539 0.05324
3540 0.05445
3541 0.05082
3542 0.05203
3543 0.05324
3544 0.05445
3545 0.05445
3546 0.05445
3547 0.05445
3548 0.05445
3549 0.05445
3550 0.05445
3551 0.05566
3552 0.05203
3553 0.05082
3554 0.05566
3555 0.0484
3556 0.05082
3557 0.05324
3558 0.05566
3559 0.05203
3560 0.05082
3561 0.05324
3562 0.05203
3563 0.05687
3564 0.05566
3565 0.05082
3566 0.05082
3567 0.05566
3568 0.05566
3569 0.05445
3570 0.05082
3571 0.05445
3572 0.05566
3573 0.04961
3574 0.05082
3575 0.05445
3576 0.05687
3577 0.05203
3578 0.05324
3579 0.05324
3580 0.05566
3581 0.05082
3582 0.05687
3583 -0.0363
3584 -0.00968
3585 0.00847
3586 0.00847
3587 -0.01815
3588 -0.02299
3589 -0.02662
3590 -0.02783
3591 -0.02541
3592 -0.02178
3593 -0.02057
3594 -0.01936
3595 -0.01815
3596 -0.01815
3597 -0.01694
3598 -0.01573
3599 -0.01452
3600 -0.01452
3601 -0.01331
3602 -0.01331
3603 -0.0121
3604 -0.0121
3605 -0.01089
3606 -0.01089
3607 -0.01089
3608 -0.00968
3609 -0.00968
3610 -0.00968
3611 -0.00968
3612 -0.00968
3613 -0.00968
3614 -0.00968
3615 -0.00847
3616 -0.00847
3617 -0.00847
3618 -0.00847
3619 -0.00847
3620 -0.00847
3621 -0.00847
3622 -0.00847
3623 -0.00847
3624 -0.00847
3625 -0.00847
3626 -0.00847
3627 -0.00847
3628 -0.00847
3629 -0.00847
3630 -0.00847
3631 -0.00847
3632 -0.00847
3633 -0.00847
3634 -0.00847
3635 -0.00847
3636 -0.00847
3637 -0.00847
3638 -0.00847
3639 -0.00847
3640 -0.00847
3641 -0.00847
3642 -0.00847
3643 -0.00847
3644 -0.00847
3645 -0.00847
3646 -0.00847
3647 -0.00847
3648 -0.00847
3649 -0.00847
3650 -0.00847
3651 -0.00726
3652 -0.00847
3653 -0.00847
3654 -0.00847
3655 -0.00847
3656 -0.00847
3657 -0.00847
3658 -0.00847
3659 -0.00847
3660 -0.00847
3661 -0.00847
3662 -0.00847
3663 -0.00847
3664 -0.00847
3665 -0.00847
3666 -0.00847
3667 -0.00726
3668 -0.00847
3669 -0.00847
3670 -0.00847
3671 -0.00847
3672 -0.00847
3673 -0.00726
3674 -0.00847
3675 -0.00847
3676 -0.00847
3677 -0.00847
3678 -0.00847
3679 -0.00847
3680 -0.00847
3681 -0.00726
3682 -0.00847
3683 -0.00847
3684 -0.00847
3685 -0.00847
3686 -0.00847
3687 -0.00847
3688 -0.00847
3689 -0.03993
3690 -0.10769
3691 -0.08712
3692 -0.06897
3693 -0.05324
3694 -0.0484
3695 -0.04477
3696 -0.05687
3697 -0.05687
3698 -0.05082
3699 -0.04719
3700 -0.05445
3701 -0.05324
3702 -0.05082
3703 -0.05203
3704 -0.05324
3705 -0.04961
3706 -0.05566
3707 -0.05445
3708 -0.05324
3709 -0.05082
3710 -0.0484
3711 -0.05566
3712 -0.05566
3713 -0.05445
3714 -0.05566
3715 -0.05324
3716 -0.05324
3717 -0.05203
3718 -0.05203
3719 -0.04961
3720 -0.04961
3721 -0.05203
3722 -0.05203
3723 -0.0484
3724 -0.04961
3725 -0.05324
3726 -0.04598
3727 -0.05203
3728 -0.04961
3729 -0.05324
3730 -0.04961
3731 -0.05445
3732 -0.05203
3733 -0.05082
3734 -0.04961
3735 -0.05203
3736 -0.05324
3737 -0.04961
3738 -0.05445
3739 -0.05082
3740 -0.04598
3741 -0.0484
3742 -0.05445
3743 0.04477
3744 0.01331
3745 -0.01089
3746 -0.01452
3747 0.01089
3748 0.01815
3749 0.02299
3750 0.02662
3751 0.02541
3752 0.02299
3753 0.02178
3754 0.02178
3755 0.02178
3756 0.02178
3757 0.02057
3758 0.01936
3759 0.01936
3760 0.01936
3761 0.01815
3762 0.01815
3763 0.01694
3764 0.01694
3765 0.01694
3766 0.01694
3767 0.01694
3768 0.01573
3769 0.01573
3770 0.01573
3771 0.01573
3772 0.01452
3773 0.01452
3774 0.01452
3775 0.01452
3776 0.01452
3777 0.01452
3778 0.01331
3779 0.01331
3780 0.01331
3781 0.01331
3782 0.01331
3783 0.01331
3784 0.01331
3785 0.01331
3786 0.01331
3787 0.01331
3788 0.01331
3789 0.01331
3790 0.01331
3791 0.01331
3792 0.01331
3793 0.01331
3794 0.01331
3795 0.01331
3796 0.01331
3797 0.01331
3798 0.01331
3799 0.01331
3800 0.01331
3801 0.01331
3802 0.01331
3803 0.01331
3804 0.01331
3805 0.01331
3806 0.01331
3807 0.0121
3808 0.01331
3809 0.01331
3810 0.0121
3811 0.01331
3812 0.01331
3813 0.01331
3814 0.01331
3815 0.01331
3816 0.01331
3817 0.01331
3818 0.01331
3819 0.01331
3820 0.01331
3821 0.0121
3822 0.0121
3823 0.0121
3824 0.01331
3825 0.01331
3826 0.01331
3827 0.0121
3828 0.0121
3829 0.0121
3830 0.0121
3831 0.0121
3832 0.01331
3833 0.0121
3834 0.0121
3835 0.01331
3836 0.0121
3837 0.0121
3838 0.0121
3839 0.01331
3840 0.01331
3841 0.01331
3842 0.0121
3843 0.0121
3844 0.01331
3845 0.0121
3846 0.0121
3847 0.0121
3848 0.0121
3849 0.0121
3850 0.11374
3851 0.09922
3852 0.06897
3853 0.05324
3854 0.05082
3855 0.05082
3856 0.04961
3857 0.05324
3858 0.05566
3859 0.04719
3860 0.05082
3861 0.05324
3862 0.05687
3863 0.05203
3864 0.05203
3865 0.05203
3866 0.04961
3867 0.05082
3868 0.05203
3869 0.05082
3870 0.05445
3871 0.05445
3872 0.05082
3873 0.05445
3874 0.05203
3875 0.05687
3876 0.05445
3877 0.05082
3878 0.05687
3879 0.05687
3880 0.05687
3881 0.04961
3882 0.05324
3883 0.05808
3884 0.05566
3885 0.05082
3886 0.05445
3887 0.05203
3888 0.05324
3889 0.05203
3890 0.05203
3891 0.04961
3892 0.05203
3893 0.05445
3894 0.05324
3895 0.04961
3896 0.05203
3897 0.05687
3898 0.05082
3899 0.05687
3900 0.05324
3901 0.05687
3902 0.05324
3903 -0.0484
3904 -0.0242
3905 0.00363
3906 0.02057
3907 -0.01331
3908 -0.02057
3909 -0.0242
3910 -0.02783
3911 -0.02662
3912 -0.02299
3913 -0.02057
3914 -0.01936
3915 -0.01936
3916 -0.01815
3917 -0.01694
3918 -0.01573
3919 -0.01573
3920 -0.01452
3921 -0.01331
3922 -0.01331
3923 -0.0121
3924 -0.0121
3925 -0.0121
3926 -0.01089
3927 -0.01089
3928 -0.00968
3929 -0.00968
3930 -0.00968
3931 -0.00968
3932 -0.00968
3933 -0.00968
3934 -0.00847
3935 -0.00847
3936 -0.00847
3937 -0.00847
3938 -0.00847
3939 -0.00847
3940 -0.00847
3941 -0.00847
3942 -0.00847
3943 -0.00847
3944 -0.00847
3945 -0.00847
3946 -0.00847
3947 -0.00847
3948 -0.00847
3949 -0.00847
3950 -0.00847
3951 -0.00847
3952 -0.00847
3953 -0.00847
3954 -0.00847
3955 -0.00847
3956 -0.00847
3957 -0.00847
3958 -0.00847
3959 -0.00847
3960 -0.00847
3961 -0.00847
3962 -0.00847
3963 -0.00847
3964 -0.00847
3965 -0.00847
3966 -0.00847
3967 -0.00847
3968 -0.00847
3969 -0.00847
3970 -0.00847
3971 -0.00847
3972 -0.00847
3973 -0.00847
3974 -0.00847
3975 -0.00847
3976 -0.00847
3977 -0.00847
3978 -0.00847
3979 -0.00847
3980 -0.00847
3981 -0.00847
3982 -0.00847
3983 -0.00847
3984 -0.00847
3985 -0.00847
3986 -0.00847
3987 -0.00847
3988 -0.00847
3989 -0.00847
3990 -0.00847
3991 -0.00847
3992 -0.00847
3993 -0.00847
3994 -0.00847
3995 -0.00847
3996 -0.00847
3997 -0.00847
3998 -0.00847
3999 -0.00847
4000 -0.00847
4001 -0.00847
4002 -0.00847
4003 -0.00847
4004 -0.00726
4005 -0.00726
4006 -0.00726
4007 -0.00726
4008 -0.00847
4009 -0.00847
4010 -0.12705
4011 -0.10648
4012 -0.07865
4013 -0.05929
4014 -0.05082
4015 -0.05082
4016 -0.0484
4017 -0.05687
4018 -0.05445
4019 -0.0484
4020 -0.04719
4021 -0.04961
4022 -0.05324
4023 -0.05445
4024 -0.05203
4025 -0.0484
4026 -0.04961
4027 -0.05445
4028 -0.05324
4029 -0.05082
4030 -0.05082
4031 -0.05203
4032 -0.05445
4033 -0.04961
4034 -0.05445
4035 -0.05445
4036 -0.05445
4037 -0.05203
4038 -0.05687
4039 -0.0484
4040 -0.04961
4041 -0.04961
4042 -0.05445
4043 -0.05082
4044 -0.0484
4045 -0.05324
4046 -0.05082
4047 -0.0484
4048 -0.04961
4049 -0.04961
4050 -0.05082
4051 -0.0484
4052 -0.0484
4053 -0.05203
4054 -0.05203
4055 -0.04719
4056 -0.05082
4057 -0.05445
4058 -0.04961
4059 -0.05203
4060 -0.05445
4061 -0.05203
4062 -0.05082
4063 -0.00968
4064 0.03388
4065 0.01331
4066 -0.01815
4067 0
4068 0.01331
4069 0.01936
4070 0.0242
4071 0.02662
4072 0.0242
4073 0.02299
4074 0.02178
4075 0.02178
4076 0.02178
4077 0.02057
4078 0.02057
4079 0.01936
4080 0.01936
4081 0.01815
4082 0.01815
4083 0.01815
4084 0.01694
4085 0.01694
4086 0.01694
4087 0.01573
4088 0.01573
4089 0.01573
4090 0.01573
4091 0.01573
4092 0.01452
4093 0.01452
4094 0.01452
4095 0.01452
4096 0.01452
4097 0.01452
4098 0.01331
4099 0.01331
4100 0.01331
4101 0.01331
4102 0.01331
4103 0.01331
4104 0.01331
4105 0.01331
4106 0.01331
4107 0.01331
4108 0.01331
4109 0.01331
4110 0.01331
4111 0.01331
4112 0.01331
4113 0.01331
4114 0.01331
4115 0.01331
4116 0.01331
4117 0.01331
4118 0.01331
4119 0.01331
4120 0.01331
4121 0.01331
4122 0.0121
4123 0.01331
4124 0.01331
4125 0.01331
4126 0.01331
4127 0.01331
4128 0.01331
4129 0.0121
4130 0.01331
4131 0.0121
4132 0.0121
4133 0.01331
4134 0.01331
4135 0.0121
4136 0.0121
4137 0.0121
4138 0.0121
4139 0.01331
4140 0.01331
4141 0.0121
4142 0.01331
4143 0.0121
4144 0.0121
4145 0.0121
4146 0.0121
4147 0.01331
4148 0.0121
4149 0.01331
4150 0.01331
4151 0.0121
4152 0.01331
4153 0.0121
4154 0.01331
4155 0.0121
4156 0.01331
4157 0.0121
4158 0.0121
4159 0.0121
4160 0.0121
4161 0.0121
4162 0.0121
4163 0.01331
4164 0.0121
4165 0.01331
4166 0.0121
4167 0.0121
4168 0.0121
4169 0.0121
4170 0.10285
4171 0.11132
4172 0.08591
4173 0.06413
4174 0.0484
4175 0.05324
4176 0.05324
4177 0.05082
4178 0.05687
4179 0.05566
4180 0.05324
4181 0.05445
4182 0.05324
4183 0.05445
4184 0.05566
4185 0.05082
4186 0.05324
4187 0.05082
4188 0.05203
4189 0.05324
4190 0.05445
4191 0.04961
4192 0.05082
4193 0.05566
4194 0.05082
4195 0.05566
4196 0.05324
4197 0.0484
4198 0.05203
4199 0.05324
4200 0.05566
4201 0.05203
4202 0.05566
4203 0.05687
4204 0.05445
4205 0.04961
4206 0.05203
4207 0.05203
4208 0.04961
4209 0.05445
4210 0.05687
4211 0.05687
4212 0.05324
4213 0.05082
4214 0.05324
4215 0.05566
4216 0.05203
4217 0.05566
4218 0.05566
4219 0.05082
4220 0.05082
4221 0.05687
4222 0.05445
4223 0.05324
4224 -0.04235
4225 -0.00726
4226 0.00605
4227 0.00726
4228 -0.01694
4229 -0.02299
4230 -0.02662
4231 -0.02783
4232 -0.02662
4233 -0.02178
4234 -0.02057
4235 -0.01936
4236 -0.01815
4237 -0.01694
4238 -0.01694
4239 -0.01573
4240 -0.01452
4241 -0.01452
4242 -0.01331
4243 -0.0121
4244 -0.0121
4245 -0.01089
4246 -0.01089
4247 -0.01089
4248 -0.01089
4249 -0.00968
4250 -0.00968
4251 -0.00968
4252 -0.00968
4253 -0.00847
4254 -0.00847
4255 -0.00847
4256 -0.00847
4257 -0.00847
4258 -0.00847
4259 -0.00847
4260 -0.00847
4261 -0.00847
4262 -0.00847
4263 -0.00726
4264 -0.00847
4265 -0.00726
4266 -0.00847
4267 -0.00847
4268 -0.00726
4269 -0.00726
4270 -0.00726
4271 -0.00726
4272 -0.00726
4273 -0.00726
4274 -0.00726
4275 -0.00726
4276 -0.00726
4277 -0.00726
4278 -0.00726
4279 -0.00847
4280 -0.00726
4281 -0.00847
4282 -0.00726
4283 -0.00726
4284 -0.00726
4285 -0.00847
4286 -0.00726
4287 -0.00847
4288 -0.00726
4289 -0.00726
4290 -0.00726
4291 -0.00726
4292 -0.00726
4293 -0.00726
4294 -0.00726
4295 -0.00726
4296 -0.00726
4297 -0.00726
4298 -0.00726
4299 -0.00847
4300 -0.00726
4301 -0.00726
4302 -0.00726
4303 -0.00726
4304 -0.00726
4305 -0.00726
4306 -0.00726
4307 -0.00726
4308 -0.00726
4309 -0.00726
4310 -0.00847
4311 -0.00726
4312 -0.00726
4313 -0.00726
4314 -0.00726
4315 -0.00726
4316 -0.00726
4317 -0.00726
4318 -0.00726
4319 -0.00726
4320 -0.00726
4321 -0.00726
4322 -0.00726
4323 -0.00726
4324 -0.00726
4325 -0.00726
4326 -0.00726
4327 -0.00726
4328 -0.00726
4329 -0.00726
4330 -0.00968
4331 -0.12342
4332 -0.09438
4333 -0.06534
4334 -0.05687
4335 -0.04961
4336 -0.05203
4337 -0.05324
4338 -0.05203
4339 -0.05687
4340 -0.05203
4341 -0.04961
4342 -0.05687
4343 -0.05445
4344 -0.05445
4345 -0.05445
4346 -0.04719
4347 -0.05324
4348 -0.05203
4349 -0.0484
4350 -0.05324
4351 -0.0484
4352 -0.04961
4353 -0.05566
4354 -0.04961
4355 -0.05324
4356 -0.04961
4357 -0.05445
4358 -0.04961
4359 -0.05203
4360 -0.05445
4361 -0.05445
4362 -0.0484
4363 -0.05445
4364 -0.05324
4365 -0.05324
4366 -0.0484
4367 -0.05324
4368 -0.0484
4369 -0.04961
4370 -0.04961
4371 -0.05324
4372 -0.05324
4373 -0.05324
4374 -0.05203
4375 -0.0484
4376 -0.04719
4377 -0.05324
4378 -0.05566
4379 -0.04961
4380 -0.0484
4381 -0.05324
4382 -0.05203
4383 -0.05082
4384 0.04235
4385 0.01331
4386 -0.00484
4387 -0.01936
4388 0.00968
4389 0.01694
4390 0.02299
4391 0.02662
4392 0.02662
4393 0.0242
4394 0.02178
4395 0.02178
4396 0.02178
4397 0.02178
4398 0.02057
4399 0.01936
4400 0.01936
4401 0.01936
4402 0.01815
4403 0.01815
4404 0.01694
4405 0.01694
4406 0.01694
4407 0.01694
4408 0.01573
4409 0.01573
4410 0.01573
4411 0.01573
4412 0.01452
4413 0.01452
4414 0.01452
4415 0.01452
4416 0.01452
4417 0.01452
4418 0.01452
4419 0.01331
4420 0.01331
4421 0.01331
4422 0.01331
4423 0.01331
4424 0.01331
4425 0.01331
4426 0.01331
4427 0.01331
4428 0.01331
4429 0.01331
4430 0.01331
4431 0.01331
4432 0.01331
4433 0.01331
4434 0.01331
4435 0.01331
4436 0.01331
4437 0.01331
4438 0.01331
4439 0.01331
4440 0.01331
4441 0.0121
4442 0.01331
4443 0.0121
4444 0.01331
4445 0.01331
4446 0.01331
4447 0.01331
4448 0.0121
4449 0.0121
4450 0.01331
4451 0.0121
4452 0.0121
4453 0.01331
4454 0.0121
4455 0.0121
4456 0.01331
4457 0.01331
4458 0.01331
4459 0.01331
4460 0.0121
4461 0.0121
4462 0.01331
4463 0.0121
4464 0.0121
4465 0.01331
4466 0.0121
4467 0.01331
4468 0.0121
4469 0.0121
4470 0.01331
4471 0.0121
4472 0.01331
4473 0.0121
4474 0.0121
4475 0.0121
4476 0.0121
4477 0.0121
4478 0.0121
4479 0.0121
4480 0.0121
4481 0.0121
4482 0.0121
4483 0.0121
4484 0.0121
4485 0.0121
4486 0.0121
4487 0.0121
4488 0.0121
4489 0.0121
4490 0.0121
4491 0.11737
4492 0.09559
4493 0.07139
4494 0.05687
4495 0.04719
4496 0.05203
4497 0.05324
4498 0.05687
4499 0.05324
4500 0.04719
4501 0.05324
4502 0.05082
4503 0.05082
4504 0.05203
4505 0.05203
4506 0.05445
4507 0.05203
4508 0.05445
4509 0.04961
4510 0.05082
4511 0.05324
4512 0.05203
4513 0.05082
4514 0.05082
4515 0.05324
4516 0.05566
4517 0.05082
4518 0.05566
4519 0.05324
4520 0.05445
4521 0.05566
4522 0.05687
4523 0.05203
4524 0.05445
4525 0.05566
4526 0.05324
4527 0.05566
4528 0.05203
4529 0.05566
4530 0.05566
4531 0.05082
4532 0.0484
4533 0.05566
4534 0.05082
4535 0.05445
4536 0.05566
4537 0.04719
4538 0.05082
4539 0.05203
4540 0.05566
4541 0.05082
4542 0.0484
4543 0.05445
4544 -0.05082
4545 -0.03146
4546 0
4547 0.01936
4548 -0.01331
4549 -0.02057
4550 -0.0242
4551 -0.02783
4552 -0.02662
4553 -0.0242
4554 -0.02057
4555 -0.01936
4556 -0.01936
4557 -0.01815
4558 -0.01694
4559 -0.01573
4560 -0.01452
4561 -0.01452
4562 -0.01331
4563 -0.0121
4564 -0.0121
4565 -0.0121
4566 -0.01089
4567 -0.01089
4568 -0.00968
4569 -0.00968
4570 -0.00968
4571 -0.00968
4572 -0.00968
4573 -0.00968
4574 -0.00847
4575 -0.00847
4576 -0.00847
4577 -0.00847
4578 -0.00847
4579 -0.00847
4580 -0.00847
4581 -0.00847
4582 -0.00847
4583 -0.00847
4584 -0.00726
4585 -0.00726
4586 -0.00847
4587 -0.00726
4588 -0.00726
4589 -0.00726
4590 -0.00726
4591 -0.00726
4592 -0.00726
4593 -0.00726
4594 -0.00726
4595 -0.00726
4596 -0.00726
4597 -0.00847
4598 -0.00726
4599 -0.00726
4600 -0.00726
4601 -0.00726
4602 -0.00726
4603 -0.00726
4604 -0.00726
4605 -0.00726
4606 -0.00726
4607 -0.00726
4608 -0.00726
4609 -0.00726
4610 -0.00726
4611 -0.00726
4612 -0.00726
4613 -0.00726
4614 -0.00726
4615 -0.00726
4616 -0.00726
4617 -0.00726
4618 -0.00726
4619 -0.00726
4620 -0.00726
4621 -0.00726
4622 -0.00726
4623 -0.00726
4624 -0.00726
4625 -0.00726
4626 -0.00726
4627 -0.00726
4628 -0.00726
4629 -0.00726
4630 -0.00726
4631 -0.00726
4632 -0.00726
4633 -0.00726
4634 -0.00726
4635 -0.00726
4636 -0.00726
4637 -0.00726
4638 -0.00726
4639 -0.00726
4640 -0.00726
4641 -0.00726
4642 -0.00726
4643 -0.00726
4644 -0.00726
4645 -0.00726
4646 -0.00726
4647 -0.00726
4648 -0.00726
4649 -0.00726
4650 -0.00726
4651 -0.12463
4652 -0.10285
4653 -0.07744
4654 -0.05687
4655 -0.05082
4656 -0.05082
4657 -0.0484
4658 -0.05324
4659 -0.05324
4660 -0.05203
4661 -0.0484
4662 -0.05566
4663 -0.05082
4664 -0.05445
4665 -0.0484
4666 -0.05082
4667 -0.05082
4668 -0.0484
4669 -0.05445
4670 -0.05203
4671 -0.04961
4672 -0.05445
4673 -0.04961
4674 -0.04961
4675 -0.05445
4676 -0.05445
4677 -0.05203
4678 -0.05082
4679 -0.05566
4680 -0.05445
4681 -0.05445
4682 -0.04719
4683 -0.05324
4684 -0.04961
4685 -0.05324
4686 -0.04961
4687 -0.05324
4688 -0.05082
4689 -0.05203
4690 -0.05203
4691 -0.05082
4692 -0.04961
4693 -0.05203
4694 -0.05082
4695 -0.04719
4696 -0.04598
4697 -0.0484
4698 -0.05566
4699 -0.0484
4700 -0.0484
4701 -0.05445
4702 -0.05203
4703 -0.04961
4704 0.11374
4705 0.03751
4706 0.0121
4707 -0.01936
4708 0.00121
4709 0.01452
4710 0.01936
4711 0.0242
4712 0.02662
4713 0.02541
4714 0.02178
4715 0.02178
4716 0.02178
4717 0.02178
4718 0.02057
4719 0.02057
4720 0.01936
4721 0.01936
4722 0.01936
4723 0.01815
4724 0.01694
4725 0.01694
4726 0.01694
4727 0.01694
4728 0.01573
4729 0.01573
4730 0.01573
4731 0.01573
4732 0.01452
4733 0.01452
4734 0.01452
4735 0.01452
4736 0.01452
4737 0.01452
4738 0.01452
4739 0.01331
4740 0.01331
4741 0.01331
4742 0.01331
4743 0.01331
4744 0.01331
4745 0.01331
4746 0.01331
4747 0.01331
4748 0.01331
4749 0.01331
4750 0.01331
4751 0.01331
4752 0.01331
4753 0.01331
4754 0.01331
4755 0.01331
4756 0.01331
4757 0.01331
4758 0.01331
4759 0.01331
4760 0.01331
4761 0.01331
4762 0.01331
4763 0.0121
4764 0.0121
4765 0.0121
4766 0.01331
4767 0.01331
4768 0.0121
4769 0.01331
4770 0.01331
4771 0.0121
4772 0.01331
4773 0.0121
4774 0.0121
4775 0.0121
4776 0.0121
4777 0.0121
4778 0.0121
4779 0.0121
4780 0.01331
4781 0.0121
4782 0.0121
4783 0.0121
4784 0.0121
4785 0.0121
4786 0.0121
4787 0.01331
4788 0.0121
4789 0.0121
4790 0.0121
4791 0.0121
4792 0.0121
4793 0.0121
4794 0.0121
4795 0.0121
4796 0.01331
4797 0.0121
4798 0.0121
4799 0.0121
4800 0.0121
4801 0.0121
4802 0.0121
4803 0.0121
4804 0.0121
4805 0.0121
4806 0.0121
4807 0.0121
4808 0.0121
4809 0.0121
4810 0.0121
4811 0.19239
4812 0.10648
4813 0.08712
4814 0.0605
4815 0.04719
4816 0.04961
4817 0.04719
4818 0.05324
4819 0.05445
4820 0.05566
4821 0.04598
4822 0.05445
4823 0.05566
4824 0.05445
4825 0.05203
4826 0.05566
4827 0.05082
4828 0.05082
4829 0.05324
4830 0.05566
4831 0.05687
4832 0.05203
4833 0.05324
4834 0.05687
4835 0.04961
4836 0.04961
4837 0.05566
4838 0.05566
4839 0.05203
4840 0.05203
4841 0.05687
4842 0.05203
4843 0.05324
4844 0.05687
4845 0.05687
4846 0.04961
4847 0.05566
4848 0.05566
4849 0.05082
4850 0.05687
4851 0.05445
4852 0.05082
4853 0.04961
4854 0.04961
4855 0.05445
4856 0.04961
4857 0.0484
4858 0.05324
4859 0.05566
4860 0.05566
4861 0.05082
4862 0.05687
4863 0.05324
4864 0.05566
4865 -0.04356
4866 -0.00605
4867 0.00968
4868 0.00484
4869 -0.01694
4870 -0.02299
4871 -0.02662
4872 -0.02783
4873 -0.02662
4874 -0.02178
4875 -0.02057
4876 -0.01936
4877 -0.01936
4878 -0.01815
4879 -0.01573
4880 -0.01573
4881 -0.01452
4882 -0.01452
4883 -0.01331
4884 -0.0121
4885 -0.0121
4886 -0.01089
4887 -0.01089
4888 -0.01089
4889 -0.01089
4890 -0.00968
4891 -0.00968
4892 -0.00968
4893 -0.00968
4894 -0.00968
4895 -0.00847
4896 -0.00847
4897 -0.00847
4898 -0.00847
4899 -0.00847
4900 -0.00847
4901 -0.00847
4902 -0.00847
4903 -0.00847
4904 -0.00847
4905 -0.00726
4906 -0.00847
4907 -0.00847
4908 -0.00847
4909 -0.00726
4910 -0.00726
4911 -0.00726
4912 -0.00847
4913 -0.00847
4914 -0.00726
4915 -0.00847
4916 -0.00847
4917 -0.00726
4918 -0.00726
4919 -0.00726
4920 -0.00726
4921 -0.00726
4922 -0.00847
4923 -0.00726
4924 -0.00726
4925 -0.00726
4926 -0.00726
4927 -0.00726
4928 -0.00726
4929 -0.00847
4930 -0.00726
4931 -0.00726
4932 -0.00726
4933 -0.00726
4934 -0.00726
4935 -0.00726
4936 -0.00726
4937 -0.00726
4938 -0.00726
4939 -0.00726
4940 -0.00726
4941 -0.00726
4942 -0.00726
4943 -0.00726
4944 -0.00847
4945 -0.00726
4946 -0.00726
4947 -0.00726
4948 -0.00726
4949 -0.00726
4950 -0.00726
4951 -0.00726
4952 -0.00726
4953 -0.00726
4954 -0.00726
4955 -0.00726
4956 -0.00726
4957 -0.00726
4958 -0.00726
4959 -0.00726
4960 -0.00726
4961 -0.00726
4962 -0.00726
4963 -0.00726
4964 -0.00726
4965 -0.00726
4966 -0.00726
4967 -0.00726
4968 -0.00726
4969 -0.00726
4970 -0.00726
4971 -0.00726
4972 -0.12342
4973 -0.09196
4974 -0.06655
4975 -0.05324
4976 -0.05203
4977 -0.04961
4978 -0.05082
4979 -0.05687
4980 -0.05566
4981 -0.04961
4982 -0.05203
4983 -0.05082
4984 -0.05445
4985 -0.05566
4986 -0.0484
4987 -0.05324
4988 -0.05566
4989 -0.05203
4990 -0.05203
4991 -0.05445
4992 -0.0484
4993 -0.0484
4994 -0.0484
4995 -0.05203
4996 -0.05203
4997 -0.0484
4998 -0.05324
4999 -0.05082
5000 -0.0484
5001 -0.0484
5002 -0.05445
5003 -0.04719
5004 -0.05324
5005 -0.05203
5006 -0.05324
5007 -0.04719
5008 -0.05324
5009 -0.05324
5010 -0.04961
5011 -0.0484
5012 -0.05203
5013 -0.05203
5014 -0.0484
5015 -0.05203
5016 -0.05324
5017 -0.04719
5018 -0.0484
5019 -0.05445
5020 -0.05324
5021 -0.05324
5022 -0.04719
5023 -0.05324
5024 -0.0484
5025 0.04356
5026 0.01331
5027 -0.00726
5028 -0.01694
5029 0.00968
5030 0.01694
5031 0.02178
5032 0.02541
5033 0.02662
5034 0.0242
5035 0.02178
5036 0.02178
5037 0.02178
5038 0.02178
5039 0.02057
5040 0.01936
5041 0.01936
5042 0.01936
5043 0.01815
5044 0.01815
5045 0.01694
5046 0.01694
5047 0.01694
5048 0.01694
5049 0.01573
5050 0.01573
5051 0.01573
5052 0.01573
5053 0.01452
5054 0.01452
5055 0.01452
5056 0.01452
5057 0.01452
5058 0.01452
5059 0.01452
5060 0.01331
5061 0.01331
5062 0.01331
5063 0.01331
5064 0.01331
5065 0.01331
5066 0.01331
5067 0.01331
5068 0.01331
5069 0.01331
5070 0.01331
5071 0.01331
5072 0.01331
5073 0.01331
5074 0.01331
5075 0.01331
5076 0.01331
5077 0.01331
5078 0.01331
5079 0.01331
5080 0.01331
5081 0.01331
5082 0.01331
5083 0.01331
5084 0.01331
5085 0.0121
5086 0.01331
5087 0.01331
5088 0.01331
5089 0.01331
5090 0.0121
5091 0.01331
5092 0.0121
5093 0.01331
5094 0.01331
5095 0.01331
5096 0.0121
5097 0.01331
5098 0.0121
5099 0.0121
5100 0.01331
5101 0.01331
5102 0.01331
5103 0.01331
5104 0.0121
5105 0.01331
5106 0.01331
5107 0.01331
5108 0.0121
5109 0.0121
5110 0.0121
5111 0.0121
5112 0.0121
5113 0.0121
5114 0.0121
5115 0.0121
5116 0.01331
5117 0.01331
5118 0.0121
5119 0.0121
5120 0.0121
5121 0.0121
5122 0.0121
5123 0.0121
5124 0.0121
5125 0.01331
5126 0.01331
5127 0.0121
5128 0.0121
5129 0.0121
5130 0.0121
5131 0.0121
5132 0.11374
5133 0.10043
5134 0.07623
5135 0.05687
5136 0.04961
5137 0.0484
5138 0.05566
5139 0.05445
5140 0.05566
5141 0.05445
5142 0.05445
5143 0.05324
5144 0.05082
5145 0.05324
5146 0.05445
5147 0.0484
5148 0.05445
5149 0.05566
5150 0.05203
5151 0.05082
5152 0.05203
5153 0.05203
5154 0.05082
5155 0.05203
5156 0.05445
5157 0.05687
5158 0.04961
5159 0.05082
5160 0.04961
5161 0.05203
5162 0.05324
5163 0.05082
5164 0.04961
5165 0.04961
5166 0.05445
5167 0.05324
5168 0.05445
5169 0.05324
5170 0.05445
5171 0.05082
5172 0.05082
5173 0.04961
5174 0.05687
5175 0.05082
5176 0.05203
5177 0.05082
5178 0.05445
5179 0.05203
5180 0.04961
5181 0.05445
5182 0.0484
5183 0.05203
5184 0.05445
5185 -0.11011
5186 -0.03509
5187 -0.00121
5188 0.01936
5189 -0.0121
5190 -0.02057
5191 -0.0242
5192 -0.02783
5193 -0.02783
5194 -0.0242
5195 -0.02057
5196 -0.01936
5197 -0.01936
5198 -0.01815
5199 -0.01694
5200 -0.01573
5201 -0.01452
5202 -0.01452
5203 -0.01331
5204 -0.01331
5205 -0.0121
5206 -0.0121
5207 -0.01089
5208 -0.01089
5209 -0.01089
5210 -0.00968
5211 -0.00968
5212 -0.00968
5213 -0.00968
5214 -0.00968
5215 -0.00968
5216 -0.00847
5217 -0.00847
5218 -0.00847
5219 -0.00847
5220 -0.00847
5221 -0.00847
5222 -0.00847
5223 -0.00847
5224 -0.00847
5225 -0.00847
5226 -0.00847
5227 -0.00847
5228 -0.00847
5229 -0.00847
5230 -0.00726
5231 -0.00726
5232 -0.00726
5233 -0.00847
5234 -0.00726
5235 -0.00847
5236 -0.00726
5237 -0.00726
5238 -0.00847
5239 -0.00847
5240 -0.00726
5241 -0.00726
5242 -0.00726
5243 -0.00847
5244 -0.00726
5245 -0.00726
5246 -0.00726
5247 -0.00726
5248 -0.00726
5249 -0.00726
5250 -0.00726
5251 -0.00726
5252 -0.00726
5253 -0.00726
5254 -0.00726
5255 -0.00726
5256 -0.00726
5257 -0.00726
5258 -0.00847
5259 -0.00726
5260 -0.00726
5261 -0.00726
5262 -0.00726
5263 -0.00726
5264 -0.00726
5265 -0.00726
5266 -0.00726
5267 -0.00847
5268 -0.00847
5269 -0.00726
5270 -0.00726
5271 -0.00847
5272 -0.00726
5273 -0.00726
5274 -0.00726
5275 -0.00726
5276 -0.00726
5277 -0.00726
5278 -0.00726
5279 -0.00726
5280 -0.00726
5281 -0.00726
5282 -0.00726
5283 -0.00726
5284 -0.00726
5285 -0.00726
5286 -0.00726
5287 -0.00726
5288 -0.00726
5289 -0.00726
5290 -0.00726
5291 -0.00726
5292 -0.22022
5293 -0.11253
5294 -0.07744
5295 -0.05808
5296 -0.04598
5297 -0.04961
5298 -0.05203
5299 -0.05445
5300 -0.05566
5301 -0.05324
5302 -0.04598
5303 -0.05445
5304 -0.05687
5305 -0.05324
5306 -0.05203
5307 -0.05445
5308 -0.05203
5309 -0.05203
5310 -0.0484
5311 -0.04961
5312 -0.05203
5313 -0.0484
5314 -0.05203
5315 -0.05082
5316 -0.05082
5317 -0.04961
5318 -0.05445
5319 -0.05203
5320 -0.04961
5321 -0.04961
5322 -0.05445
5323 -0.0484
5324 -0.05082
5325 -0.04719
5326 -0.05445
5327 -0.04719
5328 -0.04719
5329 -0.05324
5330 -0.05324
5331 -0.05203
5332 -0.04719
5333 -0.05203
5334 -0.05324
5335 -0.04719
5336 -0.05082
5337 -0.04719
5338 -0.04719
5339 -0.05566
5340 -0.05203
5341 -0.05203
5342 -0.04961
5343 -0.05082
5344 -0.0484
5345 -0.0484
5346 0.03267
5347 0.01452
5348 -0.01452
5349 -0.00121
5350 0.01331
5351 0.01936
5352 0.0242
5353 0.02662
5354 0.02541
5355 0.02299
5356 0.02178
5357 0.02178
5358 0.02178
5359 0.02057
5360 0.02057
5361 0.01936
5362 0.01936
5363 0.01815
5364 0.01815
5365 0.01815
5366 0.01694
5367 0.01694
5368 0.01694
5369 0.01573
5370 0.01573
5371 0.01573
5372 0.01573
5373 0.01573
5374 0.01573
5375 0.01452
5376 0.01452
5377 0.01452
5378 0.01452
5379 0.01452
5380 0.01452
5381 0.01331
5382 0.01331
5383 0.01331
5384 0.01331
5385 0.01331
5386 0.01331
5387 0.01331
5388 0.01331
5389 0.01331
5390 0.01331
5391 0.01331
5392 0.01331
5393 0.01331
5394 0.01331
5395 0.01331
5396 0.01331
5397 0.01331
5398 0.01331
5399 0.01331
5400 0.01331
5401 0.01331
5402 0.01331
5403 0.01331
5404 0.01331
5405 0.0121
5406 0.01331
5407 0.01331
5408 0.01331
5409 0.01331
5410 0.01331
5411 0.01331
5412 0.0121
5413 0.01331
5414 0.01331
5415 0.01331
5416 0.01331
5417 0.01331
5418 0.01331
5419 0.01331
5420 0.01331
5421 0.01331
5422 0.01331
5423 0.01331
5424 0.01331
5425 0.01331
5426 0.01331
5427 0.0121
5428 0.01331
5429 0.01331
5430 0.01331
5431 0.01331
5432 0.0121
5433 0.0121
5434 0.0121
5435 0.01331
5436 0.0121
5437 0.0121
5438 0.0121
5439 0.0121
5440 0.0121
5441 0.0121
5442 0.01331
5443 0.0121
5444 0.0121
5445 0.0121
5446 0.0121
5447 0.01331
5448 0.0121
5449 0.01331
5450 0.0121
5451 0.01331
5452 0.20086
5453 0.11616
5454 0.08107
5455 0.06413
5456 0.04961
5457 0.04719
5458 0.05324
5459 0.05566
5460 0.05566
5461 0.05445
5462 0.05324
5463 0.05203
5464 0.05445
5465 0.05203
5466 0.0484
5467 0.05566
5468 0.05324
5469 0.05082
5470 0.05324
5471 0.04961
5472 0.05203
5473 0.05082
5474 0.05324
5475 0.05082
5476 0.05203
5477 0.05203
5478 0.05324
5479 0.05082
5480 0.05324
5481 0.05445
5482 0.05324
5483 0.05082
5484 0.05082
5485 0.0484
5486 0.05566
5487 0.05566
5488 0.05324
5489 0.05203
5490 0.05082
5491 0.05687
5492 0.05566
5493 0.05082
5494 0.05445
5495 0.05324
5496 0.05445
5497 0.05082
5498 0.05082
5499 0.05566
5500 0.05203
5501 0.05566
5502 0.05203
5503 0.05566
5504 0.05445
5505 0.05324
5506 -0.04235
5507 -0.00726
5508 0.00605
5509 0.01089
5510 -0.01573
5511 -0.02178
5512 -0.02662
5513 -0.02783
5514 -0.02662
5515 -0.02178
5516 -0.02057
5517 -0.01936
5518 -0.01936
5519 -0.01815
5520 -0.01694
5521 -0.01573
5522 -0.01452
5523 -0.01452
5524 -0.01331
5525 -0.0121
5526 -0.0121
5527 -0.01089
5528 -0.01089
5529 -0.01089
5530 -0.01089
5531 -0.00968
5532 -0.00968
5533 -0.00968
5534 -0.00968
5535 -0.00847
5536 -0.00847
5537 -0.00847
5538 -0.00847
5539 -0.00847
5540 -0.00847
5541 -0.00847
5542 -0.00847
5543 -0.00847
5544 -0.00847
5545 -0.00847
5546 -0.00847
5547 -0.00726
5548 -0.00847
5549 -0.00847
5550 -0.00726
5551 -0.00726
5552 -0.00847
5553 -0.00726
5554 -0.00726
5555 -0.00726
5556 -0.00726
5557 -0.00726
5558 -0.00847
5559 -0.00847
5560 -0.00726
5561 -0.00847
5562 -0.00726
5563 -0.00847
5564 -0.00726
5565 -0.00726
5566 -0.00726
5567 -0.00726
5568 -0.00726
5569 -0.00847
5570 -0.00726
5571 -0.00726
5572 -0.00726
5573 -0.00726
5574 -0.00847
5575 -0.00726
5576 -0.00726
5577 -0.00726
5578 -0.00726
5579 -0.00726
5580 -0.00726
5581 -0.00726
5582 -0.00847
5583 -0.00726
5584 -0.00726
5585 -0.00726
5586 -0.00726
5587 -0.00726
5588 -0.00726
5589 -0.00726
5590 -0.00726
5591 -0.00726
5592 -0.00847
5593 -0.00726
5594 -0.00847
5595 -0.00726
5596 -0.00847
5597 -0.00726
5598 -0.00847
5599 -0.00726
5600 -0.00726
5601 -0.00726
5602 -0.00847
5603 -0.00726
5604 -0.00726
5605 -0.00726
5606 -0.00726
5607 -0.00726
5608 -0.00726
5609 -0.00726
5610 -0.00726
5611 -0.00726
5612 -0.00726
5613 -0.12221
5614 -0.09317
5615 -0.0726
5616 -0.05445
5617 -0.05203
5618 -0.0484
5619 -0.05082
5620 -0.05566
5621 -0.05203
5622 -0.05445
5623 -0.04719
5624 -0.05082
5625 -0.05445
5626 -0.05324
5627 -0.04961
5628 -0.05203
5629 -0.04961
5630 -0.05566
5631 -0.0484
5632 -0.0484
5633 -0.05203
5634 -0.05324
5635 -0.04961
5636 -0.04961
5637 -0.05203
5638 -0.05324
5639 -0.04961
5640 -0.05082
5641 -0.05445
5642 -0.05324
5643 -0.05082
5644 -0.05082
5645 -0.04719
5646 -0.05324
5647 -0.05324
5648 -0.04719
5649 -0.05324
5650 -0.05445
5651 -0.04961
5652 -0.04719
5653 -0.05324
5654 -0.05324
5655 -0.04961
5656 -0.05445
5657 -0.05445
5658 -0.05203
5659 -0.04961
5660 -0.05445
5661 -0.05203
5662 -0.0484
5663 -0.0484
5664 -0.05203
5665 -0.05082
5666 0.05566
5667 0.02057
5668 -0.00121
5669 -0.02178
5670 0.00968
5671 0.01573
5672 0.02057
5673 0.02541
5674 0.02662
5675 0.0242
5676 0.02178
5677 0.02178
5678 0.02178
5679 0.02178
5680 0.02057
5681 0.01936
5682 0.01936
5683 0.01936
5684 0.01815
5685 0.01815
5686 0.01815
5687 0.01694
5688 0.01694
5689 0.01694
5690 0.01573
5691 0.01573
5692 0.01573
5693 0.01573
5694 0.01452
5695 0.01452
5696 0.01452
5697 0.01452
5698 0.01452
5699 0.01452
5700 0.01331
5701 0.01331
5702 0.01331
5703 0.01331
5704 0.01331
5705 0.01331
5706 0.01331
5707 0.01331
5708 0.01331
5709 0.01331
5710 0.01331
5711 0.01331
5712 0.01331
5713 0.01331
5714 0.01331
5715 0.01331
5716 0.01331
5717 0.0121
5718 0.01331
5719 0.01331
5720 0.0121
5721 0.0121
5722 0.0121
5723 0.0121
5724 0.0121
5725 0.01331
5726 0.01331
5727 0.0121
5728 0.0121
5729 0.0121
5730 0.0121
5731 0.0121
5732 0.0121
5733 0.0121
5734 0.0121
5735 0.0121
5736 0.0121
5737 0.0121
5738 0.0121
5739 0.0121
5740 0.0121
5741 0.0121
5742 0.01331
5743 0.0121
5744 0.0121
5745 0.01331
5746 0.0121
5747 0.0121
5748 0.0121
5749 0.0121
5750 0.0121
5751 0.0121
5752 0.0121
5753 0.0121
5754 0.0121
5755 0.0121
5756 0.0121
5757 0.0121
5758 0.0121
5759 0.0121
5760 0.0121
5761 0.0121
5762 0.0121
5763 0.0121
5764 0.0121
5765 0.0121
5766 0.0121
5767 0.0121
5768 0.0121
5769 0.0121
5770 0.0121
5771 0.0121
5772 0.0121
5773 0.13431
5774 0.11132
5775 0.07381
5776 0.05687
5777 0.04719
5778 0.05324
5779 0.05324
5780 0.05566
5781 0.05082
5782 0.05566
5783 0.05082
5784 0.05082
5785 0.05082
5786 0.05566
5787 0.05445
5788 0.05324
5789 0.05082
5790 0.05082
5791 0.05082
5792 0.04961
5793 0.05324
5794 0.05687
5795 0.04961
5796 0.05445
5797 0.05324
5798 0.0484
5799 0.05203
5800 0.04961
5801 0.05566
5802 0.05445
5803 0.05324
5804 0.05445
5805 0.05203
5806 0.05566
5807 0.05203
5808 0.05082
5809 0.05082
5810 0.05445
5811 0.05808
5812 0.05082
5813 0.05445
5814 0.05445
5815 0.04961
5816 0.05203
5817 0.05082
5818 0.05566
5819 0.05566
5820 0.05445
5821 0.05324
5822 0.05203
5823 0.05324
5824 0.05566
5825 0.05445
5826 0.04235
5827 -0.03025
5828 -0.00968
5829 0.01573
5830 -0.00363
5831 -0.01936
5832 -0.02299
5833 -0.02662
5834 -0.02783
5835 -0.02541
5836 -0.02057
5837 -0.02057
5838 -0.01936
5839 -0.01815
5840 -0.01694
5841 -0.01573
5842 -0.01573
5843 -0.01452
5844 -0.01331
5845 -0.01331
5846 -0.0121
5847 -0.0121
5848 -0.01089
5849 -0.01089
5850 -0.01089
5851 -0.00968
5852 -0.00968
5853 -0.00968
5854 -0.00968
5855 -0.00968
5856 -0.00847
5857 -0.00847
5858 -0.00847
5859 -0.00847
5860 -0.00847
5861 -0.00847
5862 -0.00847
5863 -0.00847
5864 -0.00847
5865 -0.00847
5866 -0.00847
5867 -0.00847
5868 -0.00847
5869 -0.00847
5870 -0.00847
5871 -0.00847
5872 -0.00847
5873 -0.00726
5874 -0.00847
5875 -0.00726
5876 -0.00726
5877 -0.00726
5878 -0.00726
5879 -0.00847
5880 -0.00847
5881 -0.00726
5882 -0.00726
5883 -0.00847
5884 -0.00847
5885 -0.00726
5886 -0.00726
5887 -0.00847
5888 -0.00726
5889 -0.00726
5890 -0.00726
5891 -0.00847
5892 -0.00726
5893 -0.00726
5894 -0.00726
5895 -0.00726
5896 -0.00847
5897 -0.00847
5898 -0.00726
5899 -0.00847
5900 -0.00726
5901 -0.00726
5902 -0.00726
5903 -0.00847
5904 -0.00847
5905 -0.00726
5906 -0.00726
5907 -0.00726
5908 -0.00726
5909 -0.00726
5910 -0.00726
5911 -0.00726
5912 -0.00726
5913 -0.00726
5914 -0.00726
5915 -0.00726
5916 -0.00726
5917 -0.00726
5918 -0.00726
5919 -0.00726
5920 -0.00726
5921 -0.00726
5922 -0.00847
5923 -0.00726
5924 -0.00726
5925 -0.00726
5926 -0.00726
5927 -0.00726
5928 -0.00726
5929 -0.00726
5930 -0.00726
5931 -0.00726
5932 -0.00726
5933 -0.03993
5934 -0.11011
5935 -0.08833
5936 -0.06413
5937 -0.05324
5938 -0.0484
5939 -0.0484
5940 -0.05445
5941 -0.05687
5942 -0.05445
5943 -0.05082
5944 -0.05203
