0 15.6911
1 15.6911
2 15.6911
3 15.6911
4 15.6911
5 15.6911
6 15.6911
7 15.6911
8 15.6911
9 15.6911
10 15.6911
11 15.6911
12 15.6911
13 15.6911
14 15.6911
15 15.6911
16 15.6911
17 15.6911
18 15.6911
19 15.6911
20 15.6911
21 15.6911
22 15.6911
23 15.6911
24 15.6911
25 15.6911
26 15.6911
27 15.6911
28 15.6911
29 15.6911
30 15.6911
31 15.6911
32 15.6911
33 15.6911
34 15.6911
35 15.6911
36 15.6911
37 15.6911
38 15.6911
39 15.6911
40 15.6911
41 15.6911
42 15.6911
43 15.6911
44 15.6911
45 15.6911
46 15.6911
47 15.6911
48 15.6911
49 15.6911
50 15.6911
51 15.6911
52 15.6911
53 15.6911
54 15.6911
55 15.6911
56 15.6911
57 15.6911
58 15.6911
59 15.6911
60 15.6911
61 15.6911
62 15.6911
63 15.6911
64 15.6911
65 15.6911
66 15.6911
67 15.6911
68 15.6911
69 15.6911
70 15.6911
71 15.6911
72 15.6911
73 15.6911
74 15.6911
75 15.6911
76 15.6911
77 15.6911
78 15.6911
79 15.6911
80 15.6911
81 15.6911
82 15.6911
83 15.6911
84 15.6911
85 15.6911
86 15.6911
87 15.6911
88 15.6911
89 15.6911
90 15.6911
91 15.6911
92 15.6911
93 15.6911
94 15.6911
95 15.6911
96 15.6911
97 15.6911
98 15.6911
99 15.6911
100 15.6911
101 15.6911
102 15.6911
103 15.6911
104 15.6911
105 15.6911
106 15.6911
107 15.6911
108 15.6911
109 15.6911
110 15.6911
111 15.6911
112 15.6911
113 15.6911
114 15.6911
115 15.6911
116 15.6911
117 15.6911
118 15.6911
119 15.6911
120 15.6911
121 15.6911
122 15.6911
123 15.6911
124 15.6911
125 15.6911
126 15.6911
127 15.6911
128 15.6911
129 15.6911
130 15.6911
131 15.6911
132 15.6911
133 15.6911
134 15.6911
135 15.6911
136 15.6911
137 15.6911
138 15.6911
139 15.6911
140 15.6911
141 15.6911
142 15.6911
143 15.6911
144 15.6911
145 15.6911
146 15.6911
147 15.6911
148 15.6911
149 15.6911
150 15.6911
151 15.6911
152 15.6911
153 15.6911
154 15.6911
155 15.6911
156 15.6911
157 15.6911
158 15.6911
159 15.6911
160 15.6911
161 15.6911
162 15.6911
163 15.6911
164 15.6911
165 15.6911
166 15.6911
167 15.6911
168 15.6911
169 15.6911
170 15.6911
171 15.6911
172 15.6911
173 15.6911
174 15.6911
175 15.6911
176 15.6911
177 15.6911
178 15.6911
179 15.6911
180 15.6911
181 15.6911
182 15.6911
183 15.6911
184 15.6911
185 15.6911
186 15.6911
187 15.6911
188 15.6911
189 15.6911
190 15.6911
191 15.6911
192 15.6911
193 15.6911
194 15.6911
195 15.6911
196 15.6911
197 15.6911
198 15.6911
199 15.6911
200 15.6911
201 15.6911
202 15.6911
203 15.6911
204 15.6911
205 15.6911
206 15.6911
207 15.6911
208 15.6911
209 15.6911
210 15.6911
211 15.6911
212 15.6911
213 15.6911
214 15.6911
215 15.6911
216 15.6911
217 15.6911
218 15.6911
219 15.6911
220 15.6911
221 15.6911
222 15.6911
223 15.6911
224 15.6911
225 15.6911
226 15.6911
227 15.6911
228 15.6911
229 15.6911
230 15.6911
231 15.6911
232 15.6911
233 15.6911
234 15.6911
235 15.6911
236 15.6911
237 15.6911
238 15.6911
239 15.6911
240 15.6911
241 15.6911
242 15.6911
243 15.6911
244 15.6911
245 15.6911
246 15.6911
247 15.6911
248 15.6911
249 15.6911
250 15.6911
251 15.6911
252 15.6911
253 15.6911
254 15.6911
255 15.6911
256 15.6911
257 15.6911
258 15.6911
259 15.6911
260 15.6911
261 15.6911
262 15.6911
263 15.6911
264 15.6911
265 15.6911
266 15.6911
267 15.6911
268 15.6911
269 15.6911
270 15.6911
271 15.6911
272 15.6911
273 15.6911
274 15.6911
275 15.6911
276 15.6911
277 15.6911
278 15.6944
279 15.7161
280 15.742
281 15.7729
282 15.8068
283 15.836
284 15.8673
285 15.9004
286 15.9325
287 15.9626
288 15.9914
289 16.0245
290 16.0564
291 16.0877
292 16.1175
293 16.1507
294 16.1779
295 16.2132
296 16.2442
297 16.2754
298 16.3062
299 16.3352
300 16.3673
301 16.3978
302 16.4338
303 16.4618
304 16.4942
305 16.5262
306 16.5528
307 16.5863
308 16.6186
309 16.6504
310 16.6806
311 16.7134
312 16.7445
313 16.7777
314 16.8048
315 16.8367
316 16.8657
317 16.8974
318 16.9318
319 16.9633
320 16.9945
321 17.0276
322 17.053
323 17.0883
324 17.1187
325 17.1507
326 17.1803
327 17.2123
328 17.2432
329 17.2756
330 17.3037
331 17.3397
332 17.3707
333 17.3987
334 17.4317
335 17.4627
336 17.4934
337 17.5256
338 17.5564
339 17.5874
340 17.6174
341 17.6514
342 17.6836
343 17.7138
344 17.7448
345 17.7741
346 17.8073
347 17.8384
348 17.8673
349 17.9008
350 17.9328
351 17.9609
352 17.9918
353 18.0249
354 18.0569
355 18.087
356 18.1203
357 18.1473
358 18.1794
359 18.2106
360 18.2443
361 18.2767
362 18.3053
363 18.3383
364 18.3683
365 18.4022
366 18.4333
367 18.4613
368 18.4928
369 18.5228
370 18.5578
371 18.5881
372 18.6192
373 18.6522
374 18.6844
375 18.7123
376 18.7413
377 18.7743
378 18.8078
379 18.8378
380 18.8678
381 18.9007
382 18.9327
383 18.9637
384 18.9942
385 19.0272
386 19.0552
387 19.0853
388 19.1207
389 19.1476
390 19.1797
391 19.2136
392 19.2446
393 19.2716
394 19.3062
395 19.3372
396 19.3682
397 19.4012
398 19.4281
399 19.4621
400 19.4937
401 19.5247
402 19.5535
403 19.5849
404 19.6203
405 19.6478
406 19.6789
407 19.7099
408 19.7428
409 19.7758
410 19.8073
411 19.8373
412 19.8703
413 19.9017
414 19.9308
415 19.9618
416 19.9935
417 20.0256
418 20.0599
419 20.0898
420 20.1189
421 20.1529
422 20.181
423 20.2114
424 20.2434
425 20.2764
426 20.3084
427 20.3393
428 20.3663
429 20.3994
430 20.4294
431 20.4603
432 20.4914
433 20.5233
434 20.5552
435 20.5873
436 20.6175
437 20.6488
438 20.6808
439 20.7107
440 20.7428
441 20.7758
442 20.8071
443 20.8372
444 20.8663
445 20.9001
446 20.928
447 20.962
448 20.9932
449 21.0265
450 21.0536
451 21.0868
452 21.1173
453 21.1503
454 21.1824
455 21.2102
456 21.2441
457 21.2722
458 21.307
459 21.339
460 21.3672
461 21.3963
462 21.4312
463 21.4641
464 21.4943
465 21.522
466 21.5561
467 21.5872
468 21.6184
469 21.6524
470 21.6794
471 21.7094
472 21.7404
473 21.7744
474 21.807
475 21.8341
476 21.8702
477 21.8989
478 21.9326
479 21.9629
480 21.9962
481 22.0245
482 22.0555
483 22.0847
484 22.1174
485 22.1494
486 22.1814
487 22.2119
488 22.2429
489 22.2759
490 22.307
491 22.3379
492 22.3689
493 22.4014
494 22.4284
495 22.4645
496 22.4935
497 22.5269
498 22.554
499 22.5883
500 22.6199
501 22.6469
502 22.682
503 22.7131
504 22.7452
505 22.7731
506 22.8057
507 22.8375
508 22.8684
509 22.9005
510 22.934
511 22.963
512 22.9953
513 23.0269
514 23.0539
515 23.085
516 23.1164
517 23.1504
518 23.1814
519 23.2123
520 23.2433
521 23.2763
522 23.3058
523 23.3369
524 23.3688
525 23.3999
526 23.4316
527 23.4637
528 23.4919
529 23.5252
530 23.5572
531 23.5861
532 23.618
533 23.65
534 23.682
535 23.7088
536 23.7458
537 23.7718
538 23.8056
539 23.8347
540 23.8696
541 23.9008
542 23.9295
543 23.9605
544 23.9948
545 24.0234
546 24.0554
547 24.0864
548 24.1192
549 24.1512
550 24.1782
551 24.2099
552 24.2409
553 24.273
554 24.3051
555 24.3344
556 24.3684
557 24.3996
558 24.4323
559 24.4623
560 24.4914
561 24.5228
562 24.5568
563 24.5868
564 24.6178
565 24.6518
566 24.6798
567 24.7147
568 24.7415
569 24.7737
570 24.8073
571 24.837
572 24.8703
573 24.8964
574 24.9313
575 24.9623
576 24.9935
577 25.0257
578 25.0515
579 25.0867
580 25.1168
581 25.1518
582 25.1808
583 25.2103
584 25.2433
585 25.2763
586 25.3078
587 25.3338
588 25.3658
589 25.399
590 25.4313
591 25.4613
592 25.4913
593 25.5262
594 25.5581
595 25.5852
596 25.6196
597 25.6526
598 25.6796
599 25.7115
600 25.7425
601 25.7736
602 25.8067
603 25.836
604 25.8679
605 25.8992
606 25.932
607 25.9629
608 25.9929
609 26.0258
610 26.0568
611 26.0868
612 26.1177
613 26.1496
614 26.1828
615 26.21
616 26.2453
617 26.2773
618 26.3035
619 26.3358
620 26.3678
621 26.4019
622 26.431
623 26.459
624 26.494
625 26.5224
626 26.5574
627 26.589
628 26.6195
629 26.6505
630 26.6845
631 26.7097
632 26.7416
633 26.7735
634 26.8069
635 26.8372
636 26.8681
637 26.9004
638 26.9323
639 26.9631
640 26.9931
641 27.0266
642 27.0546
643 27.0886
644 27.1205
645 27.1465
646 27.1795
647 27.2106
648 27.2421
649 27.2752
650 27.3091
651 27.3349
652 27.3679
653 27.399
654 27.4329
655 27.4639
656 27.4949
657 27.5268
658 27.5538
659 27.5878
660 27.6182
661 27.6513
662 27.6832
663 27.7094
664 27.7451
665 27.7741
666 27.8073
667 27.839
668 27.8689
669 27.9001
670 27.9329
671 27.9639
672 27.9949
673 28.0274
674 28.0564
675 28.0854
676 28.1201
677 28.1502
678 28.1791
679 28.2093
680 28.241
681 28.274
682 28.3053
683 28.3364
684 28.3655
685 28.3985
686 28.4315
687 28.4629
688 28.4935
689 28.5264
690 28.5544
691 28.5854
692 28.6203
693 28.6474
694 28.6814
695 28.7135
696 28.7428
697 28.7757
698 28.809
699 28.8389
700 28.8688
701 28.8998
702 28.9342
703 28.9613
704 28.9932
705 29.0251
706 29.0521
707 29.0871
708 29.1173
709 29.1516
710 29.1796
711 29.2097
712 29.2415
713 29.2755
714 29.3086
715 29.3379
716 29.37
717 29.4
718 29.432
719 29.46
720 29.49
721 29.5209
722 29.5539
723 29.5859
724 29.6198
725 29.6487
726 29.6808
727 29.7101
728 29.7409
729 29.7754
730 29.8082
731 29.8394
732 29.8674
733 29.9005
734 29.9325
735 29.9635
736 29.9819
737 29.9714
738 29.9503
739 29.9168
740 29.8839
741 29.8515
742 29.8224
743 29.7916
744 29.7581
745 29.725
746 29.6962
747 29.6642
748 29.633
749 29.6001
750 29.5715
751 29.5405
752 29.5105
753 29.476
754 29.4461
755 29.4141
756 29.3837
757 29.35
758 29.3218
759 29.2879
760 29.2578
761 29.225
762 29.197
763 29.1645
764 29.1325
765 29.1005
766 29.0685
767 29.0413
768 29.0074
769 28.974
770 28.9458
771 28.9149
772 28.8838
773 28.851
774 28.819
775 28.789
776 28.7576
777 28.7256
778 28.6946
779 28.6627
780 28.6319
781 28.5999
782 28.568
783 28.54
784 28.51
785 28.4751
786 28.443
787 28.417
788 28.3858
789 28.3521
790 28.3201
791 28.29
792 28.2583
793 28.2264
794 28.1944
795 28.1659
796 28.1328
797 28.1009
798 28.0698
799 28.038
800 28.008
801 27.9789
802 27.9475
803 27.9155
804 27.8824
805 27.8486
806 27.8226
807 27.7885
808 27.7571
809 27.7241
810 27.6931
811 27.6656
812 27.6346
813 27.6016
814 27.5677
815 27.5367
816 27.5097
817 27.4766
818 27.4441
819 27.414
820 27.381
821 27.3541
822 27.3191
823 27.2869
824 27.257
825 27.2249
826 27.1948
827 27.1635
828 27.1326
829 27.1036
830 27.0694
831 27.0373
832 27.0074
833 26.9752
834 26.9419
835 26.9158
836 26.8817
837 26.8494
838 26.8204
839 26.7884
840 26.7565
841 26.7245
842 26.6965
843 26.6658
844 26.6339
845 26.5998
846 26.5689
847 26.5388
848 26.5099
849 26.4766
850 26.4427
851 26.4167
852 26.3836
853 26.3527
854 26.3187
855 26.2889
856 26.2579
857 26.2238
858 26.1959
859 26.1643
860 26.1344
861 26.1004
862 26.0685
863 26.0376
864 26.0075
865 25.9764
866 25.9443
867 25.9125
868 25.8833
869 25.8496
870 25.8206
871 25.7915
872 25.7599
873 25.7267
874 25.6939
875 25.6626
876 25.6318
877 25.6037
878 25.5706
879 25.539
880 25.5092
881 25.4759
882 25.443
883 25.417
884 25.3809
885 25.3535
886 25.3215
887 25.2875
888 25.2586
889 25.2246
890 25.1966
891 25.1664
892 25.1349
893 25.1028
894 25.0686
