0 0
1 0
2 0
3 0
4 0
5 0
6 0
7 0
8 0
9 0
10 0
11 0
12 0
13 0
14 0
15 0
16 0
17 0
18 0
19 0
20 0
21 0
22 0
23 0
24 0
25 0
26 0
27 0
28 0
29 0
30 0
31 0
32 0
33 0
34 0
35 0
36 0
37 0
38 0
39 0
40 0
41 0
42 0
43 0
44 0
45 0
46 0
47 0
48 0
49 0
50 0
51 0
52 0
53 0
54 0
55 0
56 0
57 0
58 0
59 0
60 0
61 0
62 0
63 0
64 0
65 0
66 0
67 0
68 0
69 0
70 0
71 0
72 0
73 0
74 0
75 0
76 0
77 0
78 0
79 0
80 0
81 0
82 0
83 0
84 0
85 0
86 0
87 0
88 0
89 0
90 0
91 0
92 0
93 0
94 0
95 0
96 0
97 0
98 0
99 0
100 0
101 0
102 0
103 0
104 0
105 0
106 0
107 0
108 0
109 0
110 -0.00121
111 -0.00121
112 -0.00121
113 -0.00121
114 -0.00121
115 -0.00121
116 -0.00121
117 -0.00121
118 -0.00121
119 -0.00121
120 -0.00121
121 -0.00121
122 -0.00121
123 -0.00242
124 -0.00242
125 -0.00242
126 -0.00242
127 -0.00242
128 -0.00242
129 -0.00242
130 -0.00242
131 -0.00242
132 -0.00242
133 -0.00242
134 -0.00242
135 -0.00242
136 -0.00242
137 -0.00242
138 -0.00242
139 -0.00242
140 -0.00242
141 -0.00242
142 -0.00242
143 -0.00242
144 -0.00242
145 -0.00242
146 -0.00242
147 -0.00242
148 -0.00242
149 -0.00242
150 -0.00242
151 -0.00242
152 -0.00242
153 -0.00242
154 -0.00242
155 -0.00242
156 -0.00242
157 -0.00242
158 -0.00242
159 -0.00242
160 -0.00242
161 -0.00242
162 -0.00242
163 -0.00242
164 -0.00242
165 -0.00242
166 -0.00242
167 -0.00242
168 -0.00242
169 -0.00242
170 -0.00242
171 -0.00242
172 -0.00242
173 -0.00242
174 -0.00242
175 -0.00242
176 -0.00242
177 -0.00242
178 -0.00242
179 -0.00242
180 -0.00242
181 -0.00242
182 -0.00363
183 -0.00242
184 -0.00242
185 -0.00363
186 -0.00242
187 -0.00242
188 -0.00242
189 -0.00242
190 -0.00242
191 -0.00242
192 -0.00363
193 -0.00242
194 -0.00242
195 -0.00242
196 -0.00242
197 -0.00242
198 -0.00242
199 -0.00242
200 -0.00242
201 -0.00242
202 -0.00242
203 -0.00242
204 -0.00242
205 -0.00242
206 -0.00242
207 -0.00242
208 -0.00242
209 -0.00242
210 -0.00242
211 -0.00242
212 -0.00242
213 -0.00242
214 -0.00242
215 -0.00242
216 -0.00242
217 -0.00242
218 -0.00242
219 -0.00242
220 -0.00242
221 -0.00242
222 -0.00242
223 -0.00363
224 -0.00242
225 -0.00242
226 -0.00242
227 -0.00242
228 -0.00242
229 -0.00242
230 -0.00242
231 -0.00242
232 -0.00242
233 -0.00242
234 -0.00242
235 -0.00242
236 -0.00242
237 -0.00242
238 -0.00242
239 -0.00242
240 -0.00242
241 -0.00242
242 -0.00242
243 -0.00242
244 -0.00242
245 -0.00242
246 -0.00242
247 -0.00242
248 -0.00242
249 -0.00242
250 -0.00242
251 -0.00242
252 -0.00242
253 -0.00242
254 -0.00242
255 -0.00242
256 -0.00242
257 -0.00242
258 -0.00242
259 -0.00242
260 -0.00242
261 -0.00242
262 -0.00242
263 -0.00242
264 -0.00242
265 -0.00242
266 -0.00242
267 -0.00242
268 -0.00242
269 -0.00242
270 -0.00242
271 -0.00242
272 -0.00242
273 -0.00242
274 -0.00242
275 -0.00242
276 -0.00242
277 -0.00242
278 -0.00242
279 -0.00242
280 -0.00242
281 -0.00242
282 -0.00242
283 -0.00242
284 -0.00242
285 -0.00242
286 -0.00242
287 -0.00242
288 -0.00242
289 -0.00242
290 -0.00242
291 -0.00242
292 -0.00242
293 -0.00242
294 -0.00242
295 -0.00242
296 -0.00242
297 -0.00242
298 -0.00242
299 -0.00242
300 -0.00242
301 -0.00242
302 -0.00242
303 -0.00242
304 -0.00242
305 -0.00242
306 -0.00242
307 -0.00242
308 -0.00242
309 -0.00242
310 -0.00242
311 -0.00242
312 -0.00242
313 -0.00242
314 -0.00242
315 -0.00242
316 -0.00242
317 -0.00242
318 -0.00242
319 -0.00242
320 -0.00242
321 -0.00242
322 -0.00242
323 -0.00242
324 -0.00242
325 -0.00242
326 -0.00242
327 -0.00242
328 -0.00242
329 -0.00242
330 -0.00242
331 -0.00242
332 -0.00242
333 -0.00242
334 -0.00242
335 -0.00242
336 -0.00242
337 -0.00242
338 -0.00242
339 -0.00242
340 -0.00242
341 -0.00242
342 -0.00242
343 -0.00242
344 -0.00242
345 -0.00242
346 -0.00242
347 -0.00242
348 -0.00242
349 -0.00242
350 -0.00242
351 -0.00242
352 -0.00242
353 -0.00242
354 -0.00242
355 -0.00242
356 -0.00242
357 -0.00242
358 -0.00242
359 -0.00242
360 -0.00242
361 -0.00242
362 -0.00242
363 -0.00242
364 -0.00242
365 -0.00242
366 -0.00242
367 -0.00242
368 -0.00242
369 -0.00242
370 -0.00242
371 -0.00242
372 -0.00242
373 -0.00242
374 -0.00242
375 -0.00242
376 -0.00242
377 -0.00242
378 -0.00242
379 -0.00242
380 -0.00242
381 -0.00242
382 -0.00242
383 -0.00242
384 -0.00242
385 -0.00242
386 -0.00242
387 0.07744
388 0.26862
389 0.17424
390 0.10769
391 0.08591
392 0.08591
393 0.09075
394 0.0847
395 0.08712
396 0.09196
397 0.08712
398 0.08833
399 0.08591
400 0.08954
401 0.0847
402 0.09075
403 0.08954
404 0.08712
405 0.08712
406 0.09196
407 0.08712
408 0.08349
409 0.08954
410 0.08591
411 0.08591
412 0.08833
413 0.08954
414 0.08349
415 0.0847
416 0.08954
417 0.08591
418 0.08833
419 0.08591
420 0.08591
421 0.08833
422 0.08833
423 0.08954
424 0.07865
425 0.08954
426 0.08954
427 0.08833
428 0.08228
429 0.09196
430 0.08591
431 0.08349
432 0.08954
433 0.0847
434 0.0847
435 0.09075
436 0.08833
437 0.08228
438 0.08349
439 0.08833
440 0.08712
441 0.08712
442 0.08712
443 0.08833
444 0.0847
445 0.08833
446 0.08833
447 0.08349
448 0.0847
449 0.08954
450 0.08107
451 0.0847
452 0.08954
453 0.08954
454 0.08712
455 0.09075
456 0.09317
457 0.08712
458 0.08712
459 0.09196
460 0.08591
461 0.08954
462 0.08954
463 0.08349
464 0.08228
465 0.09438
466 0.08954
467 0.08591
468 0.08349
469 0.09075
470 0.0847
471 0.08712
472 0.09438
473 0.08833
474 0.0847
475 0.09075
476 0.09438
477 0.08591
478 0.08833
479 0.08954
480 0.08712
481 0.08833
482 0.09559
483 0.0847
484 0.08107
485 0.08954
486 0.08591
487 0.08107
488 0.08954
489 0.08712
490 0.08591
491 0.08833
492 0.09075
493 0.08712
494 0.0847
495 0.08712
496 0.08712
497 0.08591
498 0.09075
499 0.08833
500 0.08591
501 0.0847
502 0.09075
503 0.08107
504 0.08228
505 0.09196
506 0.08833
507 0.0847
508 0.08228
509 0.08712
510 0.07744
511 0.08349
512 0.08954
513 0.08712
514 0.07744
515 0.09075
516 0.08107
517 0.08107
518 0.08591
519 0.08712
520 0.0847
521 0.08349
522 0.08591
523 0.08712
524 0.08228
525 0.08833
526 0.08712
527 0.08228
528 0.09075
529 0.08954
530 0.08833
531 0.08833
532 0.0847
533 0.08228
534 0.08107
535 0.08712
536 0.08349
537 0.08349
538 0.08712
539 0.0847
540 0.08833
541 0.08228
542 0.0847
543 0.08228
544 0.07986
545 0.08954
546 0.07986
547 0.09196
548 0.08954
549 0.08591
550 0.07744
551 0.08349
552 0.08349
553 0.08107
554 0.07986
555 0.08833
556 0.0847
557 0.07865
558 0.0847
559 0.08228
560 0.07986
561 0.08954
562 0.07986
563 0.07139
564 0.07986
565 0.0847
566 0.08107
567 0.08107
568 0.08349
569 0.08228
570 0.08349
571 0.08712
572 0.08591
573 0.08107
574 0.08228
575 0.0847
576 0.07744
577 0.08107
578 0.08349
579 0.07744
580 0.07381
581 0.08107
582 0.07865
583 0.07502
584 0.07623
585 0.08107
586 0.07744
587 0.07502
588 0.0847
589 0.07623
590 0.07502
591 0.08349
592 0.07744
593 0.07623
594 0.0726
595 0.08349
596 0.07744
597 0.0726
598 0.0847
599 0.07744
600 0.07502
601 0.07986
602 0.08107
603 0.07502
604 0.07623
605 0.07381
606 0.07381
607 0.08228
608 0.07986
609 0.07623
610 0.07623
611 0.0847
612 0.07381
613 0.07744
614 0.08107
615 0.08107
616 0.07865
617 0.07623
618 0.08107
619 0.07623
620 0.07502
621 0.08228
622 0.08107
623 0.07623
624 0.07986
625 0.07744
626 0.07139
627 0.0847
628 0.08228
629 0.07502
630 0.0847
631 0.08228
632 0.08349
633 0.07865
634 0.07986
635 0.07986
636 0.0847
637 0.07623
638 0.08107
639 0.07623
640 0.07139
641 0.07986
642 0.0726
643 0.07986
644 0.08107
645 0.07623
646 0.07623
647 0.07502
648 0.08107
649 0.07623
650 0.07865
651 0.08349
652 0.07381
653 0.07623
654 0.07865
655 0.07623
656 0.07502
657 0.07986
658 0.07744
659 0.07865
660 0.07139
661 0.08107
662 0.07502
663 0.07502
664 0.07502
665 0.07139
666 0.07381
667 0.07623
668 0.07381
669 0.07865
670 0.07986
671 0.07744
672 0.0726
673 0.07865
674 0.07865
675 0.07502
676 0.07381
677 0.07986
678 0.07744
679 0.07381
680 0.07623
681 0.07865
682 0.07018
683 0.07381
684 0.07865
685 0.07502
686 0.07139
687 0.08349
688 0.07744
689 0.07381
690 0.07865
691 0.08107
692 0.07502
693 0.07139
694 0.0726
695 0.0726
696 0.07139
697 0.07865
698 0.07502
699 0.07381
700 0.07744
701 0.07502
702 0.07018
703 0.07381
704 0.07744
705 0.07018
706 0.07744
707 0.07986
708 0.07865
709 0.07381
710 0.07986
711 0.07623
712 0.0726
713 0.07623
714 0.07744
715 0.07502
716 0.0726
717 0.07986
718 0.07381
719 0.07018
720 0.07502
721 0.07381
722 0.07139
723 0.08107
724 0.07986
725 0.07381
726 0.07502
727 0.07865
728 0.0726
729 0.07139
730 0.07986
731 0.07381
732 0.07139
733 0.07502
734 0.07381
735 0.07865
736 0.07502
737 0.07744
738 0.06776
739 0.06413
740 0.07381
741 0.07502
742 0.07744
743 0.07502
744 0.07381
745 0.07623
746 0.07381
747 0.08349
748 0.07623
749 0.07139
750 0.08349
751 0.07744
752 0.0726
753 0.07744
754 0.08107
755 0.0726
756 0.07744
757 0.07986
758 0.07502
759 0.07139
760 0.07744
761 0.0726
762 0.07381
763 0.07865
764 0.08107
765 0.06897
766 0.07623
767 0.07623
768 0.06776
769 0.07381
770 0.07986
771 0.07381
772 0.07381
773 0.07986
774 0.07986
775 0.0726
776 0.07986
777 0.07744
778 0.07381
779 0.07381
780 0.08107
781 0.08349
782 0.06655
783 0.07986
784 0.06897
785 0.07623
786 0.08228
787 0.07744
788 0.07502
789 0.07381
790 0.07744
791 0.07018
792 0.07018
793 0.08107
794 0.07744
795 0.07502
796 0.07502
797 0.07986
798 0.07623
799 0.07865
800 0.07744
801 0.07381
802 0.07381
803 0.08107
804 0.07381
805 0.07865
806 0.07865
807 -0.26862
808 -0.4356
809 -0.24442
810 -0.12342
811 -0.08954
812 -0.08107
813 -0.07139
814 -0.08107
815 -0.07744
816 -0.07381
817 -0.07381
818 -0.07623
819 -0.07381
820 -0.07744
821 -0.07139
822 -0.07139
823 -0.07502
824 -0.07623
825 -0.0726
826 -0.0726
827 -0.07744
828 -0.07139
829 -0.07018
830 -0.07381
831 -0.07502
832 -0.0726
833 -0.07381
834 -0.08107
835 -0.07623
836 -0.07865
837 -0.0726
838 -0.07502
839 -0.07502
840 -0.07381
841 -0.07744
842 -0.07623
843 -0.07502
844 -0.07139
845 -0.06776
846 -0.07623
847 -0.07865
848 -0.07139
849 -0.07139
850 -0.07381
851 -0.06897
852 -0.0726
853 -0.07139
854 -0.07502
855 -0.07139
856 -0.07381
857 -0.07865
858 -0.07139
859 -0.07139
860 -0.07139
861 -0.07744
862 -0.06534
863 -0.07018
864 -0.07502
865 -0.07018
866 -0.07018
867 -0.07018
868 -0.06897
869 -0.07018
870 -0.07502
871 -0.07381
872 -0.07139
873 -0.0726
874 -0.07381
875 -0.06897
876 -0.0726
877 -0.07986
878 -0.07139
879 -0.0726
880 -0.07381
881 -0.07744
882 -0.06776
883 -0.07502
884 -0.07139
885 -0.07623
886 -0.07018
887 -0.07986
888 -0.06776
889 -0.07381
890 -0.0726
891 -0.07744
892 -0.07381
893 -0.0726
894 -0.0726
895 -0.0726
896 -0.0726
897 -0.07623
898 -0.06897
899 -0.07381
900 -0.07986
901 -0.0726
902 -0.07381
903 -0.07502
904 -0.07986
905 -0.07744
906 -0.07139
907 -0.07744
908 -0.07381
909 -0.0726
910 -0.07139
911 -0.06776
912 -0.07381
913 -0.07744
914 -0.06897
915 -0.07381
916 -0.07502
917 -0.07623
918 -0.07865
919 -0.07623
920 -0.07744
921 -0.06776
922 -0.06776
923 -0.03872
924 0.14762
925 0.05203
926 -0.00605
927 0.01573
928 0.02541
929 0.0242
930 0.02662
931 0.02783
932 0.02904
933 0.02904
934 0.02904
935 0.02904
936 0.02904
937 0.02783
938 0.02783
939 0.02662
940 0.02541
941 0.02541
942 0.0242
943 0.0242
944 0.02299
945 0.02299
946 0.02178
947 0.02178
948 0.02178
949 0.02057
950 0.02057
951 0.02057
952 0.01936
953 0.01936
954 0.01936
955 0.01936
956 0.01936
957 0.01815
958 0.01815
959 0.01815
960 0.01815
961 0.01815
962 0.01815
963 0.01815
964 0.01694
965 0.01694
966 0.01694
967 0.01694
968 0.01694
969 0.01694
970 0.01694
971 0.01694
972 0.01694
973 0.01694
974 0.01452
975 0.01694
976 0.01694
977 0.01694
978 0.01694
979 0.01694
980 0.01694
981 0.01694
982 0.01694
983 0.01694
984 0.01694
985 0.01694
986 0.01694
987 0.01694
988 0.01694
989 0.01694
990 0.01694
991 0.01694
992 0.01694
993 0.01694
994 0.01694
995 0.01694
996 0.01694
997 0.01694
998 0.01694
999 0.01694
1000 0.01694
1001 0.01694
1002 0.01694
1003 0.01694
1004 0.01694
1005 0.01694
1006 0.01694
1007 0.01694
1008 0.01694
1009 0.01694
1010 0.01694
1011 0.01694
1012 0.01694
1013 0.01694
1014 0.01694
1015 0.01694
1016 0.01694
1017 0.01694
1018 0.01694
1019 0.01694
1020 0.01694
1021 0.01694
1022 0.01694
1023 0.01694
1024 0.01694
1025 0.01694
1026 0.01694
1027 0.01694
1028 0.37268
1029 0.24805
1030 0.16093
1031 0.11011
1032 0.07744
1033 0.07623
1034 0.07986
1035 0.07865
1036 0.07502
1037 0.07623
1038 0.08712
1039 0.07865
1040 0.07865
1041 0.08107
1042 0.07502
1043 0.07986
1044 0.0847
1045 0.0726
1046 0.07502
1047 0.07986
1048 0.07865
1049 0.07502
1050 0.07623
1051 0.08228
1052 0.07381
1053 0.07623
1054 0.08228
1055 0.07865
1056 0.07502
1057 0.08107
1058 0.07623
1059 0.0726
1060 0.07381
1061 0.08107
1062 0.07139
1063 0.06776
1064 0.0847
1065 0.07744
1066 0.07381
1067 0.0847
1068 0.07865
1069 0.07502
1070 0.07139
1071 0.07865
1072 0.07744
1073 0.06534
1074 0.0726
1075 0.07381
1076 0.07381
1077 0.08107
1078 0.07744
1079 0.07139
1080 0.07865
1081 0.07865
1082 0.0726
1083 0.08591
1084 0.08228
1085 0.07139
1086 0.07018
1087 0.08228
1088 0.07986
1089 0.07381
1090 0.07018
1091 0.07381
1092 0.0726
1093 0.07502
1094 0.08228
1095 0.07502
1096 0.07502
1097 0.08228
1098 0.07381
1099 0.0726
1100 0.07502
1101 0.07986
1102 0.0726
1103 0.08107
1104 0.08228
1105 0.07139
1106 0.0726
1107 0.08349
1108 0.07744
1109 0.07139
1110 0.08107
1111 0.07986
1112 0.07623
1113 0.07744
1114 0.08228
1115 0.07381
1116 0.07865
1117 0.08349
1118 0.07623
1119 0.07502
1120 0.08107
1121 0.0726
1122 0.0726
1123 0.07139
1124 0.08712
1125 0.08107
1126 0.07744
1127 0.07986
1128 0.07381
1129 0.07139
1130 0.08349
1131 0.06655
1132 0.07381
1133 0.07381
1134 0.07986
1135 0.07139
1136 0.07744
1137 0.07986
1138 0.0726
1139 0.07139
1140 0.07865
1141 0.0726
1142 0.07139
1143 0.07744
1144 -0.20933
1145 -0.12584
1146 -0.04961
1147 -0.00121
1148 -0.0242
1149 -0.02662
1150 -0.02299
1151 -0.0242
1152 -0.02178
1153 -0.02178
1154 -0.02178
1155 -0.02057
1156 -0.01936
1157 -0.01936
1158 -0.01815
1159 -0.01694
1160 -0.01694
1161 -0.01573
1162 -0.01452
1163 -0.01452
1164 -0.01331
1165 -0.01331
1166 -0.0121
1167 -0.0121
1168 -0.0121
1169 -0.01089
1170 -0.01089
1171 -0.00968
1172 -0.00968
1173 -0.00968
1174 -0.00968
1175 -0.00847
1176 -0.00847
1177 -0.00847
1178 -0.00847
1179 -0.00847
1180 -0.00726
1181 -0.00726
1182 -0.00726
1183 -0.00726
1184 -0.00726
1185 -0.00726
1186 -0.00605
1187 -0.00726
1188 -0.00726
1189 -0.28677
1190 -0.18513
1191 -0.10285
1192 -0.08591
1193 -0.07865
1194 -0.07986
1195 -0.07502
1196 -0.07744
1197 -0.07744
1198 -0.0726
1199 -0.07623
1200 -0.07381
1201 -0.07744
1202 -0.07865
1203 -0.08349
1204 -0.07744
1205 -0.07865
1206 -0.08107
1207 -0.08228
1208 -0.07502
1209 -0.08107
1210 -0.07744
1211 -0.07623
1212 -0.07744
1213 -0.07865
1214 -0.07986
1215 -0.08228
1216 -0.07744
1217 -0.07502
1218 -0.07986
1219 -0.07623
1220 -0.07623
1221 -0.07623
1222 -0.08107
1223 -0.08349
1224 -0.06776
1225 -0.08349
1226 -0.07744
1227 -0.07502
1228 -0.07623
1229 -0.08228
1230 -0.07623
1231 -0.07381
1232 -0.07502
1233 -0.07986
1234 -0.0726
1235 -0.07381
1236 -0.07744
1237 -0.07744
1238 -0.07623
1239 -0.0726
1240 -0.07502
1241 -0.06776
1242 -0.07744
1243 -0.07865
1244 -0.07502
1245 -0.07623
1246 -0.07623
1247 -0.07502
1248 -0.07381
1249 -0.07744
1250 -0.07986
1251 -0.07986
1252 -0.07744
1253 -0.07986
1254 -0.07018
1255 -0.0726
1256 -0.07865
1257 -0.07381
1258 -0.0726
1259 -0.07744
1260 -0.07381
1261 -0.0726
1262 -0.07623
1263 -0.07502
1264 -0.07744
1265 -0.07502
1266 -0.07744
1267 -0.07623
1268 -0.07623
1269 -0.07865
1270 -0.07623
1271 -0.07381
1272 -0.07744
1273 -0.07986
1274 -0.07744
1275 -0.07623
1276 -0.07623
1277 -0.07744
1278 -0.07744
1279 -0.07865
1280 -0.07744
1281 -0.06897
1282 -0.07381
1283 -0.07381
1284 -0.07744
1285 -0.08349
1286 -0.08107
1287 -0.07381
1288 -0.07623
1289 -0.07623
1290 -0.07623
1291 -0.07623
1292 -0.06897
1293 -0.07018
1294 -0.07744
1295 -0.07502
1296 -0.07986
1297 -0.07018
1298 -0.07744
1299 -0.07139
1300 -0.07502
1301 -0.07865
1302 -0.07986
1303 -0.07623
1304 -0.07381
1305 0.15004
1306 0.07502
1307 0.00121
1308 0.00242
1309 0.02541
1310 0.0242
1311 0.02662
1312 0.02904
1313 0.02904
1314 0.03025
1315 0.03025
1316 0.02904
1317 0.02904
1318 0.02783
1319 0.02783
1320 0.02662
1321 0.02541
1322 0.02541
1323 0.0242
1324 0.0242
1325 0.02299
1326 0.02299
1327 0.02178
1328 0.02178
1329 0.02178
1330 0.02057
1331 0.02057
1332 0.02057
1333 0.01936
1334 0.01936
1335 0.01936
1336 0.01936
1337 0.01815
1338 0.01815
1339 0.01815
1340 0.01815
1341 0.01815
1342 0.01815
1343 0.01815
1344 0.01694
1345 0.01694
1346 0.01694
1347 0.01694
1348 0.01694
1349 0.30129
1350 0.19723
1351 0.11011
1352 0.0847
1353 0.08712
1354 0.07623
1355 0.07623
1356 0.08228
1357 0.07986
1358 0.07502
1359 0.07986
1360 0.08712
1361 0.07623
1362 0.0726
1363 0.08591
1364 0.07744
1365 0.07623
1366 0.08228
1367 0.08228
1368 0.07502
1369 0.08712
1370 0.08349
1371 0.07381
1372 0.07623
1373 0.0847
1374 0.07381
1375 0.07502
1376 0.08591
1377 0.08349
1378 0.07502
1379 0.08228
1380 0.0847
1381 0.07381
1382 0.07018
1383 0.08833
1384 0.07986
1385 0.06655
1386 0.0847
1387 0.08228
1388 0.07381
1389 0.08107
1390 0.0847
1391 0.06655
1392 0.07381
1393 0.08228
1394 0.07018
1395 0.07381
1396 0.07502
1397 0.07502
1398 0.07381
1399 0.08228
1400 0.07986
1401 0.07744
1402 0.06897
1403 0.08228
1404 0.07139
1405 0.0726
1406 0.07623
1407 0.07139
1408 0.07623
1409 0.08349
1410 0.07502
1411 0.0726
1412 0.07623
1413 0.08107
1414 0.06897
1415 0.08107
1416 0.07986
1417 0.0726
1418 0.07139
1419 0.08228
1420 0.07744
1421 0.07139
1422 0.07865
1423 0.07623
1424 0.06776
1425 0.07744
1426 0.07623
1427 0.0726
1428 0.0726
1429 0.08591
1430 0.07744
1431 0.06897
1432 0.08107
1433 0.07623
1434 0.07139
1435 0.07865
1436 0.08228
1437 0.07623
1438 0.07502
1439 0.07381
1440 0.0847
1441 0.06534
1442 0.07986
1443 0.07139
1444 0.0726
1445 0.07986
1446 0.07623
1447 0.07502
1448 0.07018
1449 0.0847
1450 0.07381
1451 0.07744
1452 0.07623
1453 0.07986
1454 0.07502
1455 0.07623
1456 0.07986
1457 0.07744
1458 0.07139
1459 0.07986
1460 0.07381
1461 0.06897
1462 0.08107
1463 0.08107
1464 0.07744
1465 -0.17061
1466 -0.08833
1467 -0.00363
1468 0.00242
1469 -0.03146
1470 -0.02178
1471 -0.0242
1472 -0.0242
1473 -0.02299
1474 -0.02178
1475 -0.02057
1476 -0.01936
1477 -0.01936
1478 -0.01815
1479 -0.01694
1480 -0.01694
1481 -0.01573
1482 -0.01452
1483 -0.01452
1484 -0.01331
1485 -0.01331
1486 -0.0121
1487 -0.0121
1488 -0.01089
1489 -0.01089
1490 -0.00968
1491 -0.00968
1492 -0.00968
1493 -0.00847
1494 -0.00847
1495 -0.00847
1496 -0.00847
1497 -0.00726
1498 -0.00726
1499 -0.00726
1500 -0.00726
1501 -0.00726
1502 -0.00605
1503 -0.00605
1504 -0.00605
1505 -0.00605
1506 -0.00605
1507 -0.00605
1508 -0.00605
1509 -0.42955
1510 -0.22869
1511 -0.14278
1512 -0.09075
1513 -0.07865
1514 -0.07986
1515 -0.07623
1516 -0.07744
1517 -0.08228
1518 -0.07986
1519 -0.07865
1520 -0.07744
1521 -0.08107
1522 -0.0726
1523 -0.07744
1524 -0.07986
1525 -0.07502
1526 -0.0726
1527 -0.0847
1528 -0.07986
1529 -0.07502
1530 -0.08712
1531 -0.08107
1532 -0.07502
1533 -0.07381
1534 -0.07502
1535 -0.07139
1536 -0.07139
1537 -0.07623
1538 -0.07381
1539 -0.07502
1540 -0.07744
1541 -0.07502
1542 -0.07381
1543 -0.07502
1544 -0.08228
1545 -0.07502
1546 -0.07623
1547 -0.07986
1548 -0.07744
1549 -0.0726
1550 -0.07744
1551 -0.07986
1552 -0.0726
1553 -0.07139
1554 -0.0726
1555 -0.07381
1556 -0.07986
1557 -0.07744
1558 -0.07623
1559 -0.07381
1560 -0.07865
1561 -0.07865
1562 -0.07986
1563 -0.07623
1564 -0.07744
1565 -0.07139
1566 -0.07502
1567 -0.07623
1568 -0.07139
1569 -0.07623
1570 -0.07744
1571 -0.07502
1572 -0.07018
1573 -0.07623
1574 -0.08228
1575 -0.07744
1576 -0.07744
1577 -0.07865
1578 -0.07381
1579 -0.07623
1580 -0.07502
1581 -0.07744
1582 -0.07018
1583 -0.07744
1584 -0.07986
1585 -0.07381
1586 -0.07381
1587 -0.07986
1588 -0.07502
1589 -0.07381
1590 -0.07865
1591 -0.07381
1592 -0.0726
1593 -0.0726
1594 -0.07623
1595 -0.07381
1596 -0.07744
1597 -0.07986
1598 -0.07502
1599 -0.07865
1600 -0.07986
1601 -0.08228
1602 -0.07744
1603 -0.07381
1604 -0.07139
1605 -0.07381
1606 -0.07744
1607 -0.07865
1608 -0.07623
1609 -0.07381
1610 -0.08107
1611 -0.07623
1612 -0.07381
1613 -0.07865
1614 -0.0726
1615 -0.07623
1616 -0.07744
1617 -0.08591
1618 -0.07381
1619 -0.07623
1620 -0.08712
1621 -0.07139
1622 -0.07623
1623 -0.07865
1624 -0.07502
1625 0.28435
1626 0.10769
1627 0.02299
1628 -0.02057
1629 0.02299
1630 0.02541
1631 0.0242
1632 0.02904
1633 0.02904
1634 0.03025
1635 0.03025
1636 0.02904
1637 0.02904
1638 0.02783
1639 0.02662
1640 0.02662
1641 0.02541
1642 0.02541
1643 0.0242
1644 0.0242
1645 0.02299
1646 0.02299
1647 0.02178
1648 0.02178
1649 0.02178
1650 0.02057
1651 0.02057
1652 0.02057
1653 0.01936
1654 0.01936
1655 0.01936
1656 0.01936
1657 0.01815
1658 0.01815
1659 0.01815
1660 0.01815
1661 0.01815
1662 0.01815
1663 0.01694
1664 0.01694
1665 0.01694
1666 0.01694
1667 0.01694
1668 0.01694
1669 0.43076
1670 0.242
1671 0.13552
1672 0.10043
1673 0.07986
1674 0.07623
1675 0.07865
1676 0.07986
1677 0.07381
1678 0.08591
1679 0.0847
1680 0.07865
1681 0.08107
1682 0.07986
1683 0.07623
1684 0.07865
1685 0.08107
1686 0.07865
1687 0.07744
1688 0.07865
1689 0.07986
1690 0.07381
1691 0.07865
1692 0.08228
1693 0.07865
1694 0.07623
1695 0.07986
1696 0.07623
1697 0.07623
1698 0.07986
1699 0.07502
1700 0.07381
1701 0.0847
1702 0.07865
1703 0.07744
1704 0.07623
1705 0.08349
1706 0.07381
1707 0.07623
1708 0.0847
1709 0.07744
1710 0.07865
1711 0.07381
1712 0.07986
1713 0.07623
1714 0.07502
1715 0.08349
1716 0.07502
1717 0.07623
1718 0.07986
1719 0.07623
1720 0.0726
1721 0.08954
1722 0.07865
1723 0.08228
1724 0.06897
1725 0.08591
1726 0.0726
1727 0.08107
1728 0.08228
1729 0.08107
1730 0.07381
1731 0.08591
1732 0.07744
1733 0.07381
1734 0.07865
1735 0.07744
1736 0.07502
1737 0.08107
1738 0.08349
1739 0.07623
1740 0.0726
1741 0.08349
1742 0.07865
1743 0.07502
1744 0.07865
1745 0.07744
1746 0.0726
1747 0.0847
1748 0.08228
1749 0.07623
1750 0.07744
1751 0.07986
1752 0.07744
1753 0.07744
1754 0.08228
1755 0.07623
1756 0.07502
1757 0.07381
1758 0.07744
1759 0.08107
1760 0.06776
1761 0.08107
1762 0.07381
1763 0.07502
1764 0.06897
1765 0.07381
1766 0.07381
1767 0.07986
1768 0.08107
1769 0.07139
1770 0.07623
1771 0.07744
1772 0.07502
1773 0.07139
1774 0.07865
1775 0.07381
1776 0.07381
1777 0.07744
1778 0.07018
1779 0.07139
1780 0.07139
1781 0.08107
1782 0.07502
1783 0.07139
1784 0.07865
1785 -0.2904
1786 -0.12463
1787 -0.04719
1788 0.00363
1789 -0.02299
1790 -0.02178
1791 -0.02299
1792 -0.02299
1793 -0.02299
1794 -0.02299
1795 -0.02178
1796 -0.02057
1797 -0.02057
1798 -0.01936
1799 -0.01815
1800 -0.01694
1801 -0.01694
1802 -0.01573
1803 -0.01452
1804 -0.01452
1805 -0.01331
1806 -0.01331
1807 -0.0121
1808 -0.01089
1809 -0.01089
1810 -0.01089
1811 -0.00968
1812 -0.00968
1813 -0.00968
1814 -0.00968
1815 -0.00847
1816 -0.00847
1817 -0.00847
1818 -0.00726
1819 -0.00726
1820 -0.00726
1821 -0.00726
1822 -0.00726
1823 -0.00726
1824 -0.00726
1825 -0.00726
1826 -0.00605
1827 -0.00605
1828 -0.00605
1829 -0.00847
1830 -0.26862
1831 -0.17303
1832 -0.0968
1833 -0.09317
1834 -0.07744
1835 -0.07381
1836 -0.08228
1837 -0.07865
1838 -0.07744
1839 -0.07623
1840 -0.07986
1841 -0.07865
1842 -0.07623
1843 -0.07744
1844 -0.07018
1845 -0.07744
1846 -0.08349
1847 -0.08107
1848 -0.08107
1849 -0.08349
1850 -0.07623
1851 -0.07623
1852 -0.07744
1853 -0.07744
1854 -0.07502
1855 -0.08107
1856 -0.07986
1857 -0.0726
1858 -0.08107
1859 -0.08591
1860 -0.07986
1861 -0.07623
1862 -0.08228
1863 -0.07865
1864 -0.08107
1865 -0.07865
1866 -0.08833
1867 -0.07502
1868 -0.0726
1869 -0.08107
1870 -0.08228
1871 -0.07623
1872 -0.07865
1873 -0.07865
1874 -0.07623
1875 -0.07865
1876 -0.07139
1877 -0.08107
1878 -0.0726
1879 -0.0847
1880 -0.07381
1881 -0.07744
1882 -0.07865
1883 -0.07623
1884 -0.07381
1885 -0.07986
1886 -0.08228
1887 -0.07986
1888 -0.07139
1889 -0.08349
1890 -0.07744
1891 -0.08107
1892 -0.0726
1893 -0.07381
1894 -0.07381
1895 -0.08228
1896 -0.07502
1897 -0.07018
1898 -0.07623
1899 -0.08349
1900 -0.07381
1901 -0.08349
1902 -0.07623
1903 -0.07986
1904 -0.0726
1905 -0.08107
1906 -0.08107
1907 -0.07381
1908 -0.07744
1909 -0.08228
1910 -0.07502
1911 -0.07744
1912 -0.07865
1913 -0.07018
1914 -0.06897
1915 -0.07865
1916 -0.07502
1917 -0.07381
1918 -0.0726
1919 -0.07381
1920 -0.07139
1921 -0.07623
1922 -0.08349
1923 -0.07744
1924 -0.07744
1925 -0.07744
1926 -0.0726
1927 -0.07623
1928 -0.08228
1929 -0.07865
1930 -0.07623
1931 -0.07623
1932 -0.07502
1933 -0.0726
1934 -0.07744
1935 -0.08228
1936 -0.07381
1937 -0.07018
1938 -0.07018
1939 -0.07139
1940 -0.07744
1941 -0.07381
1942 -0.08228
1943 -0.0726
1944 -0.0726
1945 -0.07744
1946 0.13552
1947 0.0484
1948 -0.00121
1949 0.0242
1950 0.02662
1951 0.02541
1952 0.02783
1953 0.02904
1954 0.03025
1955 0.03025
1956 0.03025
1957 0.02904
1958 0.02904
1959 0.02783
1960 0.02662
1961 0.02662
1962 0.02541
1963 0.02541
1964 0.0242
1965 0.0242
1966 0.02299
1967 0.02178
1968 0.02178
1969 0.02178
1970 0.02057
1971 0.02057
1972 0.02057
1973 0.01936
1974 0.01936
1975 0.01936
1976 0.01936
1977 0.01815
1978 0.01815
1979 0.01815
1980 0.01815
1981 0.01815
1982 0.01694
1983 0.01694
1984 0.01694
1985 0.01694
1986 0.01694
1987 0.01694
1988 0.01694
1989 0.01694
1990 0.28314
1991 0.19965
1992 0.11616
1993 0.08107
1994 0.07865
1995 0.07502
1996 0.07502
1997 0.07986
1998 0.07623
1999 0.07381
2000 0.08591
2001 0.08349
2002 0.07381
2003 0.08349
2004 0.08107
2005 0.07744
2006 0.07865
2007 0.08228
2008 0.07502
2009 0.07381
2010 0.0847
2011 0.07381
2012 0.07381
2013 0.07744
2014 0.0847
2015 0.07865
2016 0.08228
2017 0.08228
2018 0.07986
2019 0.07744
2020 0.08349
2021 0.07865
2022 0.0726
2023 0.07986
2024 0.0726
2025 0.07018
2026 0.08591
2027 0.08228
2028 0.07139
2029 0.07381
2030 0.08228
2031 0.07623
2032 0.06534
2033 0.08107
2034 0.07865
2035 0.07139
2036 0.07623
2037 0.07986
2038 0.07502
2039 0.07018
2040 0.08228
2041 0.07502
2042 0.07502
2043 0.07744
2044 0.07986
2045 0.0726
2046 0.07623
2047 0.07865
2048 0.07018
2049 0.07744
2050 0.08712
2051 0.0726
2052 0.07018
2053 0.07623
2054 0.07865
2055 0.0726
2056 0.07865
2057 0.07744
2058 0.07623
2059 0.07865
2060 0.08107
2061 0.0726
2062 0.07139
2063 0.07744
2064 0.08107
2065 0.0726
2066 0.07986
2067 0.07865
2068 0.07502
2069 0.07865
2070 0.07744
2071 0.07502
2072 0.07381
2073 0.08107
2074 0.07623
2075 0.07502
2076 0.07986
2077 0.07865
2078 0.06897
2079 0.07502
2080 0.08954
2081 0.07018
2082 0.07986
2083 0.08107
2084 0.07502
2085 0.0726
2086 0.07623
2087 0.07865
2088 0.07139
2089 0.07986
2090 0.07744
2091 0.07381
2092 0.07623
2093 0.08228
2094 0.07744
2095 0.07018
2096 0.07623
2097 0.07865
2098 0.07381
2099 0.07865
2100 0.07623
2101 0.0726
2102 0.07502
2103 0.07865
2104 0.07865
2105 0.07139
2106 -0.16335
2107 -0.09196
2108 0.01573
2109 0.00363
2110 -0.02904
2111 -0.02178
2112 -0.02541
2113 -0.0242
2114 -0.02299
2115 -0.02178
2116 -0.02057
2117 -0.02057
2118 -0.01936
2119 -0.01815
2120 -0.01694
2121 -0.01694
2122 -0.01573
2123 -0.01452
2124 -0.01452
2125 -0.01331
2126 -0.01331
2127 -0.0121
2128 -0.01089
2129 -0.01089
2130 -0.01089
2131 -0.00968
2132 -0.00968
2133 -0.00968
2134 -0.00847
2135 -0.00847
2136 -0.00847
2137 -0.00847
2138 -0.00726
2139 -0.00726
2140 -0.00726
2141 -0.00726
2142 -0.00726
2143 -0.00726
2144 -0.00605
2145 -0.00605
2146 -0.00605
2147 -0.00605
2148 -0.00605
2149 -0.00605
2150 -0.35453
2151 -0.21417
2152 -0.13673
2153 -0.08954
2154 -0.07865
2155 -0.07986
2156 -0.07502
2157 -0.07623
2158 -0.08107
2159 -0.07623
2160 -0.07381
2161 -0.07744
2162 -0.07865
2163 -0.07139
2164 -0.07865
2165 -0.07986
2166 -0.07502
2167 -0.07623
2168 -0.07865
2169 -0.07865
2170 -0.0726
2171 -0.08591
2172 -0.07623
2173 -0.07623
2174 -0.07865
2175 -0.07502
2176 -0.07623
2177 -0.0726
2178 -0.07986
2179 -0.07139
2180 -0.07744
2181 -0.08107
2182 -0.07744
2183 -0.07381
2184 -0.07744
2185 -0.07744
2186 -0.07502
2187 -0.0726
2188 -0.07865
2189 -0.07139
2190 -0.07865
2191 -0.07744
2192 -0.07744
2193 -0.07502
2194 -0.07744
2195 -0.07744
2196 -0.0726
2197 -0.07744
2198 -0.07865
2199 -0.07139
2200 -0.07018
2201 -0.07865
2202 -0.0726
2203 -0.08228
2204 -0.07744
2205 -0.07623
2206 -0.0726
2207 -0.08228
2208 -0.07744
2209 -0.0726
2210 -0.07018
2211 -0.07986
2212 -0.06655
2213 -0.06897
2214 -0.07623
2215 -0.07381
2216 -0.07502
2217 -0.07502
2218 -0.07744
2219 -0.07018
2220 -0.07623
2221 -0.07986
2222 -0.07018
2223 -0.07623
2224 -0.07502
2225 -0.07139
2226 -0.07139
2227 -0.07381
2228 -0.07502
2229 -0.0726
2230 -0.07623
2231 -0.08107
2232 -0.07139
2233 -0.07865
2234 -0.0726
2235 -0.07139
2236 -0.07381
2237 -0.07744
2238 -0.07623
2239 -0.07502
2240 -0.07623
2241 -0.07623
2242 -0.0726
2243 -0.07623
2244 -0.07744
2245 -0.07623
2246 -0.07381
2247 -0.0726
2248 -0.07139
2249 -0.07381
2250 -0.07623
2251 -0.07502
2252 -0.06534
2253 -0.07744
2254 -0.07623
2255 -0.07018
2256 -0.07018
2257 -0.07623
2258 -0.07502
2259 -0.07018
2260 -0.07865
2261 -0.07139
2262 -0.07139
2263 -0.07502
2264 -0.07623
2265 -0.0726
2266 0.20328
2267 0.10769
2268 0.01089
2269 -0.01694
2270 0.02541
2271 0.0242
2272 0.0242
2273 0.02904
2274 0.03025
2275 0.03025
2276 0.03025
2277 0.02904
2278 0.02904
2279 0.02783
2280 0.02662
2281 0.02662
2282 0.02541
2283 0.02541
2284 0.0242
2285 0.0242
2286 0.02299
2287 0.02178
2288 0.02178
2289 0.02178
2290 0.02057
2291 0.02057
2292 0.01936
2293 0.01936
2294 0.01936
2295 0.01936
2296 0.01936
2297 0.01815
2298 0.01815
2299 0.01815
2300 0.01815
2301 0.01815
2302 0.01694
2303 0.01694
2304 0.01694
2305 0.01694
2306 0.01694
2307 0.01694
2308 0.01694
2309 0.01694
2310 0.15246
2311 0.24079
2312 0.13552
2313 0.09801
2314 0.07623
2315 0.0726
2316 0.08228
2317 0.07865
2318 0.07502
2319 0.08107
2320 0.08349
2321 0.07381
2322 0.07623
2323 0.08349
2324 0.07381
2325 0.07381
2326 0.08349
2327 0.07623
2328 0.08107
2329 0.07744
2330 0.07744
2331 0.07139
2332 0.07986
2333 0.07986
2334 0.07502
2335 0.07744
2336 0.07865
2337 0.0726
2338 0.07623
2339 0.07986
2340 0.07744
2341 0.0726
2342 0.07502
2343 0.07381
2344 0.07018
2345 0.07018
2346 0.0847
2347 0.07139
2348 0.07381
2349 0.08349
2350 0.07865
2351 0.0726
2352 0.07623
2353 0.07986
2354 0.07018
2355 0.08591
2356 0.08591
2357 0.07502
2358 0.07381
2359 0.07865
2360 0.07502
2361 0.07623
2362 0.07744
2363 0.07744
2364 0.07502
2365 0.07865
2366 0.07865
2367 0.07623
2368 0.07139
2369 0.07744
2370 0.07381
2371 0.07381
2372 0.08228
2373 0.07623
2374 0.07139
2375 0.07623
2376 0.08107
2377 0.0726
2378 0.07623
2379 0.07986
2380 0.07381
2381 0.07139
2382 0.07744
2383 0.07502
2384 0.07139
2385 0.06776
2386 0.07623
2387 0.07139
2388 0.07623
2389 0.07865
2390 0.07381
2391 0.0726
2392 0.07865
2393 0.07502
2394 0.07139
2395 0.06897
2396 0.07623
2397 0.0726
2398 0.0726
2399 0.0847
2400 0.07623
2401 0.07018
2402 0.07502
2403 0.07018
2404 0.06655
2405 0.06897
2406 0.08228
2407 0.07744
2408 0.07623
2409 0.07865
2410 0.06897
2411 0.07018
2412 0.08228
2413 0.06655
2414 0.06776
2415 0.08107
2416 0.07744
2417 0.06897
2418 0.07623
2419 0.07381
2420 0.0726
2421 0.07018
2422 0.07865
2423 0.07139
2424 0.06897
2425 0.07865
2426 -0.20328
2427 -0.12705
2428 -0.04961
2429 0.01089
2430 -0.02541
2431 -0.0242
2432 -0.0242
2433 -0.02299
2434 -0.02299
2435 -0.02178
2436 -0.02178
2437 -0.02057
2438 -0.01936
2439 -0.01936
2440 -0.01815
2441 -0.01694
2442 -0.01573
2443 -0.01452
2444 -0.01452
2445 -0.01331
2446 -0.01331
2447 -0.0121
2448 -0.0121
2449 -0.01089
2450 -0.01089
2451 -0.00968
2452 -0.00968
2453 -0.00968
2454 -0.00847
2455 -0.00847
2456 -0.00847
2457 -0.00847
2458 -0.00726
2459 -0.00726
2460 -0.00726
2461 -0.00726
2462 -0.00726
2463 -0.00726
2464 -0.00726
2465 -0.00726
2466 -0.00605
2467 -0.00605
2468 -0.00605
2469 -0.00605
2470 -0.00605
2471 -0.27346
2472 -0.18876
2473 -0.09922
2474 -0.08833
2475 -0.07986
2476 -0.07865
2477 -0.07623
2478 -0.07502
2479 -0.07744
2480 -0.07623
2481 -0.07502
2482 -0.07381
2483 -0.07865
2484 -0.07623
2485 -0.07744
2486 -0.07623
2487 -0.07744
2488 -0.07502
2489 -0.07623
2490 -0.07623
2491 -0.07502
2492 -0.07502
2493 -0.07623
2494 -0.07986
2495 -0.0726
2496 -0.07865
2497 -0.0847
2498 -0.07623
2499 -0.07986
2500 -0.07502
2501 -0.07502
2502 -0.07139
2503 -0.07744
2504 -0.08349
2505 -0.07744
2506 -0.07502
2507 -0.07865
2508 -0.07381
2509 -0.0726
2510 -0.07744
2511 -0.07986
2512 -0.07744
2513 -0.07623
2514 -0.08107
2515 -0.07139
2516 -0.07381
2517 -0.07865
2518 -0.07381
2519 -0.07623
2520 -0.07744
2521 -0.08107
2522 -0.07381
2523 -0.08107
2524 -0.08107
2525 -0.07623
2526 -0.07865
2527 -0.07502
2528 -0.07381
2529 -0.0726
2530 -0.0726
2531 -0.07502
2532 -0.07502
2533 -0.07623
2534 -0.07744
2535 -0.07502
2536 -0.07502
2537 -0.07623
2538 -0.0726
2539 -0.07139
2540 -0.07502
2541 -0.07502
2542 -0.0726
2543 -0.07865
2544 -0.06776
2545 -0.0726
2546 -0.07381
2547 -0.07623
2548 -0.07139
2549 -0.07623
2550 -0.07865
2551 -0.07865
2552 -0.07381
2553 -0.07623
2554 -0.07986
2555 -0.07623
2556 -0.0726
2557 -0.07744
2558 -0.07623
2559 -0.07623
2560 -0.07986
2561 -0.07623
2562 -0.07502
2563 -0.0726
2564 -0.07381
2565 -0.07381
2566 -0.07381
2567 -0.0726
2568 -0.07381
2569 -0.07381
2570 -0.07623
2571 -0.0726
2572 -0.07381
2573 -0.07502
2574 -0.06413
2575 -0.0726
2576 -0.08107
2577 -0.08349
2578 -0.06776
2579 -0.07139
2580 -0.08107
2581 -0.07018
2582 -0.07139
2583 -0.08107
2584 -0.07502
2585 -0.07381
2586 -0.07744
2587 0.1452
2588 0.05929
2589 -0.00363
2590 0.01331
2591 0.02662
2592 0.02541
2593 0.02662
2594 0.03025
2595 0.03025
2596 0.03025
2597 0.02904
2598 0.02904
2599 0.02783
2600 0.02783
2601 0.02662
2602 0.02541
2603 0.02541
2604 0.0242
2605 0.0242
2606 0.02299
2607 0.02299
2608 0.02178
2609 0.02178
2610 0.02178
2611 0.02057
2612 0.02057
2613 0.01936
2614 0.01936
2615 0.01936
2616 0.01936
2617 0.01815
2618 0.01815
2619 0.01815
2620 0.01815
2621 0.01815
2622 0.01694
2623 0.01694
2624 0.01694
2625 0.01694
2626 0.01694
2627 0.01694
2628 0.01694
2629 0.01694
2630 0.01694
2631 0.30129
2632 0.20086
2633 0.11737
2634 0.07986
2635 0.0847
2636 0.07865
2637 0.0726
2638 0.08349
2639 0.0847
2640 0.0726
2641 0.07623
2642 0.08228
2643 0.07502
2644 0.06897
2645 0.08107
2646 0.07381
2647 0.07381
2648 0.07744
2649 0.07139
2650 0.07018
2651 0.08107
2652 0.07744
2653 0.07381
2654 0.07139
2655 0.07986
2656 0.07139
2657 0.06897
2658 0.08349
2659 0.07623
2660 0.07139
2661 0.07744
2662 0.07744
2663 0.07381
2664 0.07502
2665 0.08349
2666 0.07865
2667 0.06897
2668 0.07986
2669 0.07865
2670 0.07139
2671 0.07986
2672 0.07744
2673 0.06897
2674 0.07623
2675 0.07865
2676 0.06655
2677 0.07381
2678 0.07502
2679 0.07139
2680 0.07018
2681 0.07986
2682 0.07623
2683 0.07502
2684 0.06413
2685 0.07865
2686 0.0726
2687 0.0726
2688 0.07986
2689 0.07381
2690 0.07139
2691 0.08228
2692 0.07502
2693 0.07139
2694 0.07744
2695 0.07744
2696 0.06776
2697 0.08228
2698 0.08107
2699 0.07139
2700 0.07018
2701 0.07865
2702 0.07381
2703 0.07139
2704 0.07986
2705 0.07986
2706 0.07139
2707 0.07865
2708 0.08349
2709 0.07381
2710 0.07018
2711 0.07865
2712 0.07502
2713 0.06897
2714 0.07623
2715 0.0726
2716 0.0726
2717 0.07018
2718 0.07865
2719 0.07744
2720 0.07018
2721 0.08349
2722 0.08228
2723 0.06897
2724 0.07744
2725 0.07744
2726 0.07139
2727 0.07865
2728 0.07865
2729 0.07139
2730 0.07018
2731 0.08228
2732 0.0726
2733 0.07139
2734 0.07502
2735 0.07623
2736 0.06776
2737 0.07139
2738 0.07744
2739 0.06776
2740 0.06897
2741 0.07744
2742 0.0726
2743 0.06897
2744 0.07623
2745 0.07502
2746 0.06897
2747 -0.1936
2748 -0.09317
2749 0.00968
2750 0.01331
2751 -0.02904
2752 -0.02178
2753 -0.0242
2754 -0.0242
2755 -0.02299
2756 -0.02178
2757 -0.02178
2758 -0.02057
2759 -0.01936
2760 -0.01815
2761 -0.01694
2762 -0.01694
2763 -0.01573
2764 -0.01452
2765 -0.01331
2766 -0.01331
2767 -0.0121
2768 -0.0121
2769 -0.01089
2770 -0.01089
2771 -0.01089
2772 -0.00968
2773 -0.00968
2774 -0.00847
2775 -0.00847
2776 -0.00847
2777 -0.00847
2778 -0.00726
2779 -0.00726
2780 -0.00726
2781 -0.00726
2782 -0.00726
2783 -0.00605
2784 -0.00605
2785 -0.00605
2786 -0.00605
2787 -0.00605
2788 -0.00605
2789 -0.00605
2790 -0.00605
2791 -0.34606
2792 -0.23958
2793 -0.14036
2794 -0.11011
2795 -0.07623
2796 -0.07623
2797 -0.0726
2798 -0.07502
2799 -0.07986
2800 -0.07502
2801 -0.07865
2802 -0.07502
2803 -0.07865
2804 -0.07381
2805 -0.07502
2806 -0.07744
2807 -0.07018
2808 -0.07139
2809 -0.08349
2810 -0.07744
2811 -0.07623
2812 -0.07381
2813 -0.07744
2814 -0.06897
2815 -0.0726
2816 -0.0726
2817 -0.07986
2818 -0.0726
2819 -0.07623
2820 -0.07018
2821 -0.07381
2822 -0.07623
2823 -0.07381
2824 -0.07381
2825 -0.0726
2826 -0.08107
2827 -0.07381
2828 -0.06897
2829 -0.07744
2830 -0.0726
2831 -0.07381
2832 -0.07381
2833 -0.07744
2834 -0.07018
2835 -0.06776
2836 -0.07623
2837 -0.0726
2838 -0.07502
2839 -0.07381
2840 -0.07381
2841 -0.07018
2842 -0.07139
2843 -0.07381
2844 -0.06897
2845 -0.0726
2846 -0.07865
2847 -0.07139
2848 -0.06897
2849 -0.07381
2850 -0.06776
2851 -0.07381
2852 -0.07502
2853 -0.06897
2854 -0.07381
2855 -0.0726
2856 -0.07623
2857 -0.0726
2858 -0.07139
2859 -0.07623
2860 -0.07139
2861 -0.07139
2862 -0.07623
2863 -0.06776
2864 -0.06776
2865 -0.07381
2866 -0.07744
2867 -0.06776
2868 -0.07139
2869 -0.07744
2870 -0.0726
2871 -0.07139
2872 -0.0726
2873 -0.0726
2874 -0.06776
2875 -0.07623
2876 -0.0726
2877 -0.06776
2878 -0.0726
2879 -0.07502
2880 -0.06897
2881 -0.07623
2882 -0.07744
2883 -0.06897
2884 -0.06534
2885 -0.07139
2886 -0.07139
2887 -0.06897
2888 -0.06897
2889 -0.07744
2890 -0.07381
2891 -0.07623
2892 -0.07139
2893 -0.07139
2894 -0.07018
2895 -0.07623
2896 -0.07381
2897 -0.07139
2898 -0.07744
2899 -0.0726
2900 -0.07139
2901 -0.06655
2902 -0.07865
2903 -0.06897
2904 -0.06897
2905 -0.07139
2906 -0.07623
2907 0.22869
2908 0.1089
2909 0.02541
2910 -0.01331
2911 0.02178
