0 5.33257e+11
1 0
2 2.66628e+11
3 0
4 0
5 2.66628e+11
6 0
7 0
8 0
9 2.66628e+11
10 0
11 0
12 2.66628e+11
13 2.66628e+11
14 0
15 -2.66628e+11
16 0
17 2.66628e+11
18 0
19 5.33257e+11
20 0
21 2.66628e+11
22 0
23 0
24 0
25 2.66628e+11
26 -2.66628e+11
27 0
28 -2.66628e+11
29 0
30 2.66628e+11
31 -2.66628e+11
32 0
33 0
34 0
35 0
36 2.66628e+11
37 -2.66628e+11
38 -2.66628e+11
39 -2.66628e+11
40 2.66628e+11
41 -2.66628e+11
42 0
43 0
44 -2.66628e+11
45 0
46 -2.66628e+11
47 -5.33257e+11
48 2.66628e+11
49 0
50 0
51 0
52 2.66628e+11
53 0
54 5.33257e+11
55 0
56 2.66628e+11
57 -5.33257e+11
58 0
59 -2.66628e+11
60 0
61 0
62 2.66628e+11
63 2.66628e+11
64 0
65 0
66 -2.66628e+11
67 -2.66628e+11
68 0
69 0
70 -2.66628e+11
71 -2.66628e+11
72 -2.66628e+11
73 -2.66628e+11
74 0
75 2.66628e+11
76 -2.66628e+11
77 -2.66628e+11
78 -2.66628e+11
79 0
80 0
81 0
82 -2.66628e+11
83 -2.66628e+11
84 0
85 -2.66628e+11
86 2.66628e+11
87 0
88 0
89 0
90 2.66628e+11
91 0
92 2.66628e+11
93 0
94 0
