0 0.00378902
1 0
2 -0.00378902
3 0
4 0.00757803
5 0
6 -0.00378902
7 -0.00378902
8 0.00378902
9 0.00757803
10 -0.00378902
11 -0.00378902
12 0.00378902
13 0
14 0
15 -0.00378902
16 0
17 0
18 0.00378902
19 -0.00378902
20 0
21 -0.00378902
22 0.00378902
23 -0.00378902
24 0.00378902
25 0.00378902
26 0.00378902
27 -0.00378902
28 0
29 -0.00757803
30 0
31 0.00378902
32 -0.00378902
33 0
34 0
35 0
36 0.00378902
37 0
38 0.00378902
39 0
40 0.00378902
41 0
42 0
43 -0.00378902
44 0
45 0.00757803
46 0
47 0
48 0
49 0.00378902
50 0
51 -0.00378902
52 0
53 0.00378902
54 -0.00378902
55 0
56 0
57 -0.00378902
58 0.00378902
59 0
60 -0.00378902
61 -0.00378902
62 -0.00378902
63 -0.00378902
64 -0.00378902
65 -0.00378902
66 0.00757803
67 0
68 0
69 0
70 -0.00378902
71 0
72 -0.00378902
73 0
74 0
75 -0.00757803
76 0
77 0.00378902
78 0
79 0
80 0.00378902
81 0
82 0.0151561
83 -0.00378902
84 -0.00378902
85 -0.00378902
86 -0.00378902
87 0
88 0.00378902
89 0
90 -0.00378902
91 0
92 0
93 0.00378902
94 -0.00378902
95 0.00378902
96 -0.00378902
97 0
98 0
99 -0.00378902
100 -0.00378902
101 -0.00378902
102 0.00378902
103 0.00378902
104 -0.00378902
105 -0.00378902
106 0
107 0
108 0
109 0
110 0.0151561
111 -0.00378902
112 0
113 0
114 0.00378902
115 -0.00378902
116 0.00378902
117 -0.00378902
118 -0.00378902
119 0
120 0
121 0
122 -0.00378902
123 -0.00378902
124 0
125 0
126 -0.00378902
127 0
128 0.00378902
129 0.00378902
130 0.00378902
131 -0.00378902
132 0
133 0.00378902
134 0
135 -0.00378902
136 0
137 -0.00757803
138 -0.00378902
139 0
