0 0.000378665
1 0
2 0.000378665
3 0.000378665
4 0
5 0
6 0.00151537
7 -0.000378665
8 -0.000757566
9 -0.000378665
10 0
11 0.0011367
12 0.000757566
13 -0.000378665
14 -0.000378665
15 0
16 0.000378665
17 -0.000378665
18 0
19 0.000378665
20 0
21 -0.000378665
22 0
23 0.000757566
24 0
25 -0.000378665
26 -0.000757566
27 0.000757566
28 -0.000757566
29 -0.000378665
30 -0.0011367
31 0.000378665
32 -0.000378665
33 -0.000378665
34 0
35 -0.000757566
36 -0.0011367
37 -0.00151537
38 0.000378665
39 0
40 0
41 0.000378665
42 0
43 0
44 0
45 -0.000378665
46 0
47 0.000757566
48 -0.000378665
49 -0.00151537
50 0.000378665
51 -0.000378665
52 -0.000378665
53 0.000757566
54 -0.000378665
55 0
56 -0.000378665
57 0
58 0
59 0.000378665
60 0
61 0
62 -0.000378665
63 0
64 0.000378665
65 -0.000378665
66 -0.000757566
67 0.0011367
68 -0.000757566
69 -0.000378665
70 -0.000378665
71 0
72 0
73 0
74 0.000378665
75 0
76 0
77 0.0011367
78 0
79 0
80 -0.000757566
81 0
82 0.000757566
83 0.000757566
84 0
85 -0.0011367
86 0.000757566
87 0.000378665
88 -0.000378665
89 -0.000378665
90 0.0011367
91 -0.000757566
92 -0.000378665
93 0.000378665
94 0
95 0.000378665
96 0
97 -0.000378665
98 -0.000378665
99 0.000378665
100 0.000757566
101 -0.000378665
102 -0.000757566
103 0
104 0.000757566
105 0.000378665
106 0
107 -0.000378665
108 0
109 -0.000378665
110 0.00189427
111 -0.000378665
112 -0.000378665
113 0
114 0.000378665
115 0.000378665
116 0.000757566
117 0.000757566
118 0.000378665
119 0.000378665
120 -0.000378665
121 0.000378665
122 0.0011367
123 0.000757566
124 0.000378665
125 0.000378665
126 0.0011367
127 -0.000378665
128 0.0011367
129 0
130 0.000378665
131 0
132 0.000757566
133 -0.000757566
134 0
135 -0.000757566
136 0
137 0
138 -0.000757566
139 -0.000378665
140 0.000378665
141 0.000378665
142 0.000378665
143 -0.000378665
144 -0.000378665
145 0
146 0
147 0.000378665
148 0
149 -0.000378665
150 -0.0011367
151 0
152 0
153 -0.000378665
154 0
155 -0.000378665
156 0
157 -0.000378665
158 0
159 0.000378665
160 0
161 0
162 0
163 0
164 -0.000378665
165 0.000378665
166 0
167 0.000378665
168 0
169 0.000378665
170 0
171 0.000378665
172 -0.000378665
173 -0.0011367
174 0.000378665
175 -0.000378665
176 -0.000378665
177 -0.000378665
178 -0.000757566
179 0
180 0
181 -0.000378665
182 -0.0011367
183 0
184 -0.000757566
185 0.000378665
186 0.000378665
187 0.000757566
188 0
189 0.000378665
190 -0.000378665
191 0.000378665
192 -0.000378665
193 0.000378665
194 0
195 0.000757566
196 0
197 0
198 0.0011367
199 0.000757566
200 0
201 0.000378665
202 -0.0011367
203 -0.000757566
204 0.000378665
205 0
206 0
207 -0.000757566
208 -0.000378665
209 0.000378665
210 0.000378665
211 0.000757566
212 0
213 0.000378665
214 0.000378665
215 0.000378665
216 0.000378665
217 0.0011367
218 0.000378665
219 0
220 0.000378665
221 0.000757566
222 0
223 0.000378665
224 0
225 0.000378665
226 0.000378665
227 0
228 0.000757566
229 0
230 -0.000378665
231 -0.000757566
232 0.000757566
233 0.000378665
234 -0.000378665
235 0
236 0
237 0.000378665
238 0.000378665
239 0
240 0.000378665
241 -0.000757566
242 -0.000757566
243 0.000757566
244 -0.000378665
245 -0.000378665
246 0.000757566
247 0
248 0.000378665
249 -0.000378665
250 0
251 0
252 0.000378665
253 0.000378665
254 -0.000757566
255 0
256 -0.000378665
257 0
258 0.0011367
259 -0.000757566
260 0.000378665
261 0
262 0.000757566
263 0
264 0.000378665
265 0
266 0.000757566
267 0
268 0
269 0.000378665
270 0
271 0
272 0
273 -0.000757566
274 -0.000378665
275 0
276 0.000378665
277 -0.000378665
278 -0.000757566
279 0.000757566
280 0.000378665
281 0.000378665
282 0
283 0
284 0.000378665
285 -0.000378665
286 -0.000378665
287 -0.000378665
288 0
289 0.000378665
290 0.000378665
291 -0.000378665
292 -0.000757566
293 0
294 -0.000378665
295 -0.000378665
296 0
297 -0.000757566
298 -0.000757566
299 0.000757566
300 -0.000757566
301 0
302 0
303 0.000757566
304 0
305 0.000378665
306 -0.000378665
307 0.000757566
308 0.000757566
309 0.000378665
310 0
311 0.0011367
312 0
313 -0.000378665
314 -0.000378665
315 -0.000378665
316 0.000378665
317 -0.000378665
318 -0.000757566
319 0.000757566
320 -0.000378665
321 0
322 0
323 0
324 1.03175
325 2.26621
326 2.81334
327 3.01189
328 3.03083
329 3.01378
330 3.00999
331 2.99673
332 2.99522
333 3.00052
334 2.99067
335 3.00166
336 3.00014
337 2.99294
338 3.0009
339 3.00204
340 2.99711
341 2.99976
342 3.01303
343 2.99901
344 2.99938
345 2.99976
346 3.01113
347 3.00204
348 2.99484
349 3.00772
350 3.00242
351 2.99711
352 3.01416
353 3.00242
354 2.99408
355 2.99863
356 2.99787
357 3.00431
358 3.00545
359 2.99749
360 3.01075
361 2.99446
362 2.9956
363 2.99597
364 2.99938
365 1.80206
366 0.661941
367 0.149287
368 -0.00416792
369 -0.019324
370 -0.0200818
371 -0.0136402
372 -0.00795693
373 -0.00530439
374 -0.00227341
375 0
376 -0.000757566
377 0.000378665
378 -0.000378665
379 0
380 0
381 0.000378665
382 -0.000378665
383 0
384 -0.000378665
385 0
386 0.000757566
387 -0.000378665
388 0
389 0.000378665
390 0
391 0
392 0
393 0
394 0.000378665
395 0.000378665
396 0.000378665
397 0
398 0.000378665
399 0
400 0.000378665
401 -0.000378665
402 0
403 -0.000378665
404 -0.000378665
405 0.000378665
406 0
407 0.0011367
408 0
409 0
410 0
411 0
412 0
413 0
414 0
415 -0.000378665
416 -0.000378665
417 -0.000378665
418 -0.000757566
419 -0.000378665
420 -0.000757566
421 0.000757566
422 0.000378665
423 0
424 -0.000757566
425 0
426 -0.000378665
427 0.000378665
428 -0.000757566
429 0.000757566
430 0.000757566
431 0.000757566
432 -0.000757566
433 -0.000378665
434 0
435 0.000378665
436 0.000378665
437 0
438 0
439 0.000378665
440 0.00151537
441 -0.000757566
442 -0.000378665
443 0.000378665
444 0
445 0.000757566
446 0
447 0
448 0
449 0.000757566
450 0
451 -0.000378665
452 0.000378665
453 0.000378665
454 -0.000378665
455 0.000378665
456 0
457 0.000378665
458 -0.000378665
459 0
460 0
461 0.00151537
462 0.000378665
463 -0.000378665
464 -0.000378665
465 -0.000378665
466 -0.000378665
467 0
468 -0.000757566
469 0.000378665
470 0.000378665
471 0.0011367
472 0.000757566
473 -0.000378665
474 0
475 0
476 0.000757566
477 -0.000378665
478 0
479 -0.000378665
480 0.000378665
481 0.000378665
482 0.000757566
483 -0.000378665
484 -0.607
485 -2.11995
486 -2.72733
487 -2.99446
488 -3.03083
489 -3.01909
490 -3.01189
491 -3.01151
492 -3.00166
493 -3.00204
494 -3.00204
495 -3.00886
496 -2.9956
497 -2.99901
498 -3.00999
499 -2.99711
500 -2.99863
501 -3.0009
502 -3.00317
503 -2.99635
504 -3.00393
505 -2.99787
506 -3.00014
507 -2.99711
508 -2.99673
509 -3.00545
510 -2.99863
511 -3.0028
512 -3.00507
513 -2.99901
514 -2.99976
515 -2.99446
516 -3.00355
517 -2.99446
518 -3.00355
519 -3.00431
520 -3.00317
521 -2.99029
522 -2.99863
523 -2.99901
524 -3.0009
525 -2.99446
526 -3.00469
527 -3.00166
528 -3.00658
529 -3.00658
530 -2.99787
531 -2.9937
532 -2.9937
533 -3.00621
534 -3.0081
535 -3.00393
536 -2.99787
537 -3.01113
538 -1.46559
539 -0.392921
540 -0.0682023
541 0.0102303
542 0.0219761
543 0.0166717
544 0.00947254
545 0.00644109
546 0.00492572
547 0.00303098
548 0.000757566
549 0
550 0.000378665
551 0.000378665
552 0
553 0.0011367
554 0.000378665
555 -0.000757566
556 0
557 0
558 0.000378665
559 -0.000757566
560 0
561 -0.000378665
562 0
563 -0.000378665
564 0
565 0.000378665
566 -0.000378665
567 0.000378665
568 0.000757566
569 0.000378665
570 0.0011367
571 0
572 0
573 -0.000757566
574 -0.000378665
575 -0.000757566
576 0.000378665
577 0.000757566
578 0.000378665
579 -0.000378665
580 0
581 0.000378665
582 0
583 0.000378665
584 0.000378665
585 0.000378665
586 0
587 -0.000378665
588 -0.000378665
589 0
590 0.000378665
591 0
592 -0.000378665
593 0.000378665
594 0.000757566
595 0.000378665
596 0.000378665
597 0
598 0.000378665
599 -0.000378665
600 0.000378665
601 0.000757566
602 -0.00189427
603 -0.000378665
604 0
605 0
606 0
607 0
608 0.000378665
609 0
610 0.000757566
611 0
612 0.000757566
613 0
614 0.000378665
615 0
616 -0.000757566
617 0
618 0
619 0
620 0
621 -0.000378665
622 0.000378665
623 0
624 0
625 -0.000378665
626 0
627 0
628 -0.000378665
629 0.000378665
630 0.000378665
631 0
632 -0.000378665
633 0
634 -0.000378665
635 0
636 -0.000378665
637 -0.000378665
638 0
639 -0.000378665
640 0.000378665
641 0.000378665
642 -0.000378665
643 0.000757566
644 0.162549
645 1.58495
646 2.55152
647 2.94028
648 3.03349
649 3.02326
650 3.00734
651 3.0028
652 2.9956
653 2.9956
654 3.01037
655 3.00469
656 2.99711
657 2.99787
658 2.99105
659 3.00242
660 3.00583
661 3.00242
662 2.99938
663 3.00128
664 2.99143
665 3.00886
666 2.99938
667 2.98953
668 3.0009
669 3.00204
670 2.99673
671 2.99105
672 2.99181
673 3.00658
674 2.99635
675 3.00317
676 2.99787
677 3.00393
678 2.99787
679 2.99408
680 3.00052
681 2.99976
682 2.98991
683 2.99294
684 2.99597
685 3.0028
686 2.99597
687 2.99901
688 3.00772
689 2.99294
690 3.00242
691 3.00317
692 3.00052
693 2.99673
694 2.9956
695 2.99976
696 2.99976
697 2.9956
698 1.74787
699 0.635039
700 0.132616
701 -0.00454682
702 -0.0197029
703 -0.0197029
704 -0.0121246
705 -0.00795693
706 -0.00530439
707 -0.00340988
708 -0.000378665
709 0.000378665
710 -0.000378665
711 0.000757566
712 -0.000378665
713 0.000378665
714 -0.000757566
715 -0.000378665
716 0
717 0.000378665
718 0
719 0
720 0.000378665
721 0
722 -0.000378665
723 0.000378665
724 -0.000378665
725 -0.000378665
726 0.000378665
727 0.000757566
728 0
729 -0.000378665
730 0.000378665
731 -0.000378665
732 0.000378665
733 -0.000378665
734 0.000378665
735 0.000378665
736 -0.000378665
737 -0.000378665
738 0
739 -0.000378665
740 0
741 -0.000378665
742 0
743 -0.000378665
744 0
745 0.000757566
746 -0.000757566
747 0
748 -0.000757566
749 0.000378665
750 0.000378665
751 0
752 0
753 0.000757566
754 0.000757566
755 0.000378665
756 0.0011367
757 -0.000378665
758 0
759 0.000378665
760 0.000378665
761 0
762 0
763 -0.000378665
764 0.000378665
765 0
766 0.000378665
767 0
768 0
769 0.000378665
770 -0.000378665
771 0.0011367
772 0.000378665
773 -0.000378665
774 0.000378665
775 -0.000378665
776 -0.000757566
777 0.000378665
778 0.000378665
779 -0.000378665
780 -0.000378665
781 -0.000378665
782 0
783 0
784 0.000378665
785 0
786 -0.000378665
787 0
788 0.000757566
789 0
790 0
791 0
792 -0.000378665
793 0
794 0.000378665
795 0.000378665
796 0.000378665
797 0
798 0.000378665
799 0.000378665
800 -0.000757566
801 -0.000757566
802 0.000378665
803 0
804 0.000378665
805 -1.19165
806 -2.44657
807 -2.87889
808 -3.01757
809 -3.02136
810 -3.01454
811 -3.00242
812 -3.00242
813 -3.00204
814 -3.0009
815 -2.99749
816 -2.99408
817 -3.00166
818 -2.99446
819 -3.00431
820 -3.00355
821 -2.99408
822 -2.99938
823 -3.00772
824 -3.01151
825 -3.00696
826 -2.99446
827 -3.00393
828 -2.99711
829 -3.00734
830 -2.99067
831 -3.00317
832 -2.99522
833 -2.99597
834 -3.00621
835 -2.99522
836 -2.99711
837 -3.00583
838 -3.00242
839 -3.00924
840 -2.99825
841 -2.9956
842 -2.99938
843 -2.99863
844 -3.00166
845 -2.9937
846 -2.99863
847 -3.00658
848 -2.99938
849 -2.99749
850 -2.99938
851 -2.99635
852 -2.99484
853 -2.99901
854 -2.99787
855 -3.00317
856 -2.99635
857 -2.99711
858 -2.3742
859 -0.892692
860 -0.233403
861 -0.00568329
862 0.0159139
863 0.0200818
864 0.014398
865 0.00833584
866 0.00568329
867 0.00378878
868 0.00227341
869 0.000378665
870 0
871 0
872 0.000757566
873 0.000757566
874 -0.000757566
875 0
876 0.0011367
877 0
878 0.000378665
879 0.000757566
880 0
881 -0.000378665
882 0
883 -0.000378665
884 -0.000378665
885 -0.000378665
886 0
887 0.000378665
888 0
889 0.000757566
890 -0.000757566
891 0.000378665
892 0.000378665
893 0.000757566
894 0
895 0
896 -0.000378665
897 -0.000757566
898 0
899 -0.000378665
900 -0.000378665
901 -0.000378665
902 -0.000757566
903 0
904 -0.000378665
905 -0.000378665
906 0.000378665
907 0
908 0
909 0.000378665
910 0
911 0
912 -0.000378665
913 0.000378665
914 0
915 0.000378665
916 -0.000378665
917 -0.000378665
918 0
919 0
920 0.000378665
921 -0.000757566
922 0
923 0
924 -0.000378665
925 0.000378665
926 0.0011367
927 -0.000757566
928 0
929 0
930 0
931 0.000757566
932 0
933 0
934 0
935 -0.000378665
936 -0.000378665
937 -0.000757566
938 -0.000378665
939 -0.000378665
940 0
941 -0.000378665
942 0.000378665
943 -0.000378665
944 0.000378665
945 -0.0011367
946 0.000378665
947 -0.000757566
948 0
949 -0.000378665
950 0
951 0
952 0
953 0
954 -0.000378665
955 0
956 0.000757566
957 -0.0011367
958 -0.000378665
959 0.000378665
960 -0.000378665
961 -0.000757566
962 -0.000378665
963 0
964 0.000378665
965 0.980597
966 2.18816
967 2.7531
968 2.99863
969 3.0278
970 3.02591
971 3.01075
972 3.00621
973 3.01037
974 3.0009
975 2.99976
976 3.00962
977 3.00999
978 3.00431
979 2.99863
980 2.99711
981 2.99863
982 2.99863
983 3.00507
984 2.99976
985 3.00621
986 3.0009
987 2.99484
988 3.00052
989 3.00204
990 3.00166
991 2.99332
992 2.99976
993 3.00545
994 3.00166
995 2.99711
996 3.00014
997 3.00621
998 3.00204
999 2.99673
1000 2.9956
1001 3.00658
1002 3.0009
1003 2.99446
1004 2.99673
1005 2.99635
1006 2.9956
1007 2.99446
1008 2.99181
1009 3.00431
1010 3.00393
1011 2.99484
1012 3.00393
1013 2.99635
1014 2.99067
1015 3.0009
1016 3.00317
1017 2.99522
1018 3.00545
1019 1.24886
1020 0.351999
1021 0.0428156
1022 -0.00833584
1023 -0.022355
1024 -0.0174295
1025 -0.00947254
1026 -0.00644109
1027 -0.00416792
1028 -0.00227341
1029 -0.000378665
1030 0.000757566
1031 -0.000378665
1032 -0.000378665
1033 0
1034 0
1035 0.000378665
1036 0.000378665
1037 0.000378665
1038 -0.000378665
1039 -0.000378665
1040 0.000378665
1041 0.000378665
1042 -0.000378665
1043 0.000378665
1044 0
1045 0.000378665
1046 0.000378665
1047 0.000378665
1048 0
1049 -0.000378665
1050 0.000378665
1051 -0.000378665
1052 -0.000378665
1053 0
1054 0
1055 0
1056 0.000757566
1057 0
1058 0.000378665
1059 0
1060 0.000378665
1061 0
1062 -0.000378665
1063 0
1064 0.000378665
1065 0
1066 0.000378665
1067 -0.000378665
1068 -0.000757566
1069 0
1070 0.000378665
1071 0.000378665
1072 0.000378665
1073 0
1074 0
1075 0
1076 0
1077 0.000378665
1078 0.0011367
1079 0
1080 0.000378665
1081 0
1082 -0.000378665
1083 0.000757566
1084 -0.000378665
1085 -0.000378665
1086 0.000378665
1087 0.000378665
1088 -0.000378665
1089 0
1090 -0.000378665
1091 0
1092 -0.000757566
1093 -0.000378665
1094 0.000378665
1095 -0.000378665
1096 -0.000378665
1097 0.000757566
1098 0.000378665
1099 -0.000757566
1100 -0.000378665
1101 -0.000757566
1102 0
1103 0.000378665
1104 -0.000378665
1105 0
1106 0
1107 -0.000378665
1108 -0.000378665
1109 0.000757566
1110 0
1111 0.000378665
1112 0
1113 0.000757566
1114 -0.000378665
1115 -0.000378665
1116 -0.000378665
1117 -0.000378665
1118 0.000378665
1119 -0.000378665
1120 -0.000378665
1121 -0.000378665
1122 0.000378665
1123 -0.0011367
1124 0
1125 -0.491814
1126 -1.96726
1127 -2.67353
1128 -2.98082
1129 -3.03159
1130 -3.03121
1131 -3.00507
1132 -3.01265
1133 -3.01265
1134 -3.00014
1135 -3.00355
1136 -2.99749
1137 -3.0028
1138 -3.00431
1139 -2.99635
1140 -2.99787
1141 -3.00999
1142 -2.99522
1143 -2.99446
1144 -3.00355
1145 -3.00166
1146 -2.99484
1147 -2.99787
1148 -3.00507
1149 -2.99863
1150 -2.99711
1151 -3.00545
1152 -2.99825
1153 -2.99863
1154 -3.00242
1155 -2.99749
1156 -3.00166
1157 -2.99976
1158 -3.00242
1159 -2.99332
1160 -2.99635
1161 -2.99976
1162 -3.00242
1163 -3.00014
1164 -3.0009
1165 -3.0081
1166 -3.00317
1167 -3.00204
1168 -3.0028
1169 -2.99635
1170 -3.00393
1171 -2.99181
1172 -2.99825
1173 -2.99787
1174 -3.0028
1175 -2.99711
1176 -2.99825
1177 -2.99673
1178 -2.9956
1179 -1.48567
1180 -0.434221
1181 -0.0947252
1182 0.00719889
1183 0.0219761
1184 0.0166717
1185 0.0109879
1186 0.00568329
1187 0.00416792
1188 0.00227341
1189 0.000757566
1190 0.000378665
1191 0
1192 0.000378665
1193 0.000378665
1194 0
1195 -0.000757566
1196 0.000757566
1197 0
1198 0.000378665
1199 0
1200 -0.000378665
1201 0
1202 0.000378665
1203 -0.000378665
1204 0
1205 -0.000378665
1206 -0.000378665
1207 0
1208 0
1209 0
1210 -0.000378665
1211 0.000378665
1212 0.000378665
1213 -0.000378665
1214 0.00151537
1215 -0.000378665
1216 0
1217 -0.000378665
1218 0
1219 -0.000757566
1220 0.000378665
1221 -0.000378665
1222 0.000378665
1223 -0.000378665
1224 -0.000378665
1225 0
1226 0.000757566
1227 -0.000378665
1228 0
1229 -0.000378665
1230 0
1231 0
1232 0.000378665
1233 0.000378665
1234 -0.000757566
1235 -0.000378665
1236 0.000378665
1237 0.000378665
1238 0.000378665
1239 0
1240 0.000378665
1241 0
1242 0
1243 0.000378665
1244 -0.000378665
1245 0.000378665
1246 0
1247 0.000757566
1248 0.000378665
1249 -0.000378665
1250 0.000378665
1251 -0.000378665
1252 0
1253 -0.000757566
1254 -0.000378665
1255 -0.000378665
1256 0
1257 -0.000757566
1258 0.000378665
1259 -0.000378665
1260 0
1261 -0.000378665
1262 0.0011367
1263 0.000757566
1264 0
1265 0.000378665
1266 0
1267 0
1268 0
1269 -0.000378665
1270 0
1271 -0.000378665
1272 0.000378665
1273 -0.000757566
1274 -0.000757566
1275 0.000378665
1276 -0.000378665
1277 -0.000378665
1278 0
1279 -0.000378665
1280 -0.000378665
1281 0
1282 -0.000378665
1283 -0.000378665
1284 0.000378665
1285 0.00871474
1286 1.58305
1287 2.51439
1288 2.94785
1289 3.01719
1290 3.02098
1291 3.01454
1292 3.00355
1293 3.0009
1294 2.99863
1295 3.00052
1296 2.99446
1297 2.99522
1298 2.9937
1299 3.00848
1300 2.99749
1301 2.99673
1302 3.00583
1303 3.00355
1304 3.00583
1305 3.00014
1306 3.00924
1307 3.0028
1308 3.00431
1309 3.00583
1310 2.99256
1311 3.00696
1312 3.00128
1313 3.00014
1314 3.00431
1315 2.99446
1316 2.99863
1317 3.0028
1318 3.00052
1319 2.99673
1320 2.99749
1321 3.00166
1322 2.98991
1323 2.99976
1324 3.00355
1325 3.00204
1326 3.00014
1327 3.01075
1328 2.99143
1329 3.00204
1330 3.00014
1331 2.99711
1332 2.99143
1333 3.00999
1334 2.9956
1335 2.99522
1336 2.99673
1337 2.9937
1338 3.00317
1339 1.99567
1340 0.688464
1341 0.152697
1342 -0.00189427
1343 -0.0185662
1344 -0.019324
1345 -0.0140191
1346 -0.00795693
1347 -0.00530439
1348 -0.00340988
1349 -0.000378665
1350 -0.000757566
1351 -0.000378665
1352 0.000378665
1353 0
1354 0.000378665
1355 0
1356 -0.000378665
1357 0.000378665
1358 0
1359 0.000378665
1360 0
1361 0.000378665
1362 0.000757566
1363 0
1364 0.000757566
1365 -0.000757566
1366 0
1367 -0.000378665
1368 0
1369 0
1370 0.000757566
1371 0
1372 0.000378665
1373 0
1374 0.000378665
1375 -0.000378665
1376 0.000378665
1377 0.0011367
1378 0
1379 -0.000378665
1380 0
1381 0.000378665
1382 -0.000378665
1383 0
1384 0.000378665
1385 0.000757566
1386 0
1387 -0.000757566
1388 0.000378665
1389 0.000757566
1390 -0.000378665
1391 -0.000378665
1392 0.000378665
1393 0
1394 0.000757566
1395 -0.000378665
1396 -0.000378665
1397 0
1398 0
1399 0
1400 0
1401 0.000378665
1402 0
1403 0
1404 0.000378665
1405 0.0011367
1406 -0.0011367
1407 0
1408 -0.000378665
1409 -0.000378665
1410 0.000757566
1411 0.000757566
1412 -0.000378665
1413 0
1414 0
1415 0.000378665
1416 0
1417 0.000378665
1418 0.000757566
1419 0
1420 0
1421 0.000378665
1422 -0.000378665
1423 0
1424 0
1425 -0.000378665
1426 0
1427 0.000378665
1428 0
1429 -0.000378665
1430 0
1431 0
1432 0
1433 -0.000378665
1434 -0.000378665
1435 0
1436 -0.000378665
1437 0
1438 0
1439 0
1440 -0.000378665
1441 0.000378665
1442 -0.000757566
1443 0.000757566
1444 0.000378665
1445 -0.000378665
1446 -1.14542
1447 -2.34199
1448 -2.87814
1449 -3.01037
1450 -3.02591
1451 -3.01947
1452 -3.01113
1453 -2.99825
1454 -3.00962
1455 -3.00317
1456 -3.00242
1457 -2.99597
1458 -2.99711
1459 -2.99863
1460 -3.00204
1461 -2.99863
1462 -3.0028
1463 -2.99901
1464 -2.9956
1465 -2.99673
1466 -3.00924
1467 -2.99332
1468 -2.99484
1469 -2.99938
1470 -2.99484
1471 -2.99711
1472 -2.99597
1473 -2.99863
1474 -2.9937
1475 -3.00355
1476 -3.00507
1477 -3.01492
1478 -2.9956
1479 -2.99787
1480 -3.00393
1481 -3.00166
1482 -2.99673
1483 -2.99863
1484 -3.00507
1485 -3.00962
1486 -2.99294
1487 -2.99863
1488 -2.99294
1489 -2.99408
1490 -3.00317
1491 -2.99901
1492 -3.0009
1493 -2.99294
1494 -2.99673
1495 -2.99825
1496 -2.99863
1497 -3.00317
1498 -2.99408
1499 -2.73832
1500 -1.03743
1501 -0.267505
1502 -0.014398
1503 0.0121246
1504 0.0204607
1505 0.015535
1506 0.00795693
1507 0.00644109
1508 0.00340988
1509 0.00151537
1510 0.000378665
1511 0
1512 0
1513 0.000378665
1514 0
1515 0.000757566
1516 0.000757566
1517 0.000378665
1518 0.000378665
1519 0.000378665
1520 0
1521 0
1522 -0.000378665
1523 0.000757566
1524 0.000378665
1525 0.000378665
1526 0
1527 -0.000378665
1528 0
1529 -0.000378665
1530 0.000378665
1531 -0.000757566
1532 -0.000757566
1533 0.000378665
1534 0.0011367
1535 0.000378665
1536 -0.000378665
1537 -0.000378665
1538 0.000378665
1539 -0.000378665
1540 0
1541 0.000378665
1542 -0.000378665
1543 0.000378665
1544 0.000378665
1545 -0.000378665
1546 -0.000757566
1547 0.000378665
1548 -0.000378665
1549 0
1550 0
1551 0
1552 0
1553 0.000378665
1554 0.0011367
1555 0
1556 -0.000378665
1557 0
1558 -0.000378665
1559 0
1560 -0.000378665
1561 0.000378665
1562 -0.000757566
1563 0
1564 -0.000378665
1565 -0.000378665
1566 0
1567 -0.000378665
1568 0.000757566
1569 -0.000378665
1570 0
1571 -0.000378665
1572 -0.000378665
1573 0
1574 -0.0011367
1575 0
1576 -0.000378665
1577 0.000378665
1578 -0.000757566
1579 0
1580 0
1581 -0.000757566
1582 0.000378665
1583 -0.000378665
1584 0.000378665
1585 -0.000378665
1586 0.000378665
1587 0
1588 -0.000378665
1589 0.000378665
1590 0.000378665
1591 0
1592 -0.000378665
1593 0
1594 -0.0011367
1595 0.000378665
1596 0.000378665
1597 0.000757566
1598 0
1599 0
1600 0.000378665
1601 0.000378665
1602 0
1603 -0.000378665
1604 -0.000378665
1605 0
1606 0.923762
1607 2.06464
1608 2.80993
1609 2.99446
1610 3.02591
1611 3.03121
1612 3.01037
1613 3.00507
1614 3.00734
1615 2.99673
1616 2.98915
1617 2.99901
1618 2.99825
1619 3.01113
1620 2.99711
1621 3.0028
1622 3.00355
1623 2.99938
1624 3.00166
1625 2.99408
1626 2.99749
1627 2.99446
1628 2.99219
1629 3.00052
1630 2.99143
1631 2.99597
1632 2.99976
1633 2.99825
1634 2.99256
1635 2.99976
1636 2.99256
1637 2.99863
1638 3.00355
1639 2.99749
1640 2.99938
1641 2.99787
1642 3.00772
1643 3.00052
1644 2.99597
1645 3.00166
1646 2.99825
1647 2.99673
1648 2.99787
1649 3.00242
1650 2.99522
1651 2.9937
1652 2.98802
1653 3.00696
1654 3.00507
1655 2.98423
1656 2.99181
1657 2.99863
1658 2.99029
1659 2.92664
1660 1.19278
1661 0.333433
1662 0.0306908
1663 -0.00795693
1664 -0.0204607
1665 -0.0170506
1666 -0.00871474
1667 -0.00568329
1668 -0.00378878
1669 -0.00227341
1670 0.000378665
1671 0.000757566
1672 0.000378665
1673 -0.000378665
1674 0.0011367
1675 0.000378665
1676 0.000378665
1677 -0.000378665
1678 0.000378665
1679 -0.000378665
1680 0
1681 0.000378665
1682 0
1683 0
1684 0.000757566
1685 0
1686 -0.000378665
1687 -0.000757566
1688 0.000757566
1689 0.000378665
1690 0
1691 0
1692 -0.000378665
1693 0
1694 0.000378665
1695 -0.000378665
1696 0.000757566
1697 0.000378665
1698 -0.000378665
1699 0
1700 0
1701 0.000757566
1702 -0.000378665
1703 0
1704 -0.000378665
1705 0
1706 0
1707 -0.000378665
1708 -0.000378665
1709 0
1710 -0.000378665
1711 0.000378665
1712 -0.000378665
1713 -0.000757566
1714 0
1715 -0.000378665
1716 -0.000378665
1717 -0.000378665
1718 0.000378665
1719 -0.000378665
1720 0.000378665
1721 0.000378665
1722 0
1723 -0.000378665
1724 0.000378665
1725 -0.000378665
1726 -0.000757566
1727 -0.000757566
1728 0.0011367
1729 0.000757566
1730 -0.0011367
1731 0.000757566
1732 -0.000378665
1733 -0.000378665
1734 0
1735 0.000378665
1736 0.000378665
1737 -0.000378665
1738 0.000378665
1739 0.000378665
1740 -0.000378665
1741 -0.000378665
1742 0.000378665
1743 0
1744 -0.000378665
1745 0.000378665
1746 0
1747 0.0011367
1748 -0.000757566
1749 -0.000757566
1750 0.000378665
1751 -0.000757566
1752 0
1753 0
1754 0.000757566
1755 -0.0011367
1756 0.000378665
1757 0.000757566
1758 0.000378665
1759 0
1760 0
1761 0.000378665
1762 0
1763 -0.000378665
1764 -0.000757566
1765 0.000378665
1766 -0.00227341
1767 -1.93164
1768 -2.73681
1769 -2.96945
1770 -3.03349
1771 -3.01871
1772 -3.00545
1773 -3.00431
1774 -2.99901
1775 -2.99901
1776 -3.0028
1777 -3.0009
1778 -2.99673
1779 -3.00583
1780 -3.00128
1781 -3.00052
1782 -3.0009
1783 -3.00545
1784 -3.00317
1785 -2.99787
1786 -3.00128
1787 -3.0028
1788 -3.00621
1789 -2.99938
1790 -2.99294
1791 -2.99863
1792 -3.00317
1793 -3.00052
1794 -2.99522
1795 -3.0009
1796 -3.00431
1797 -2.9956
1798 -2.99976
1799 -2.99901
1800 -2.99522
1801 -3.0009
1802 -3.00317
1803 -2.99976
1804 -2.99105
1805 -2.99219
1806 -3.01416
1807 -2.9884
1808 -3.00886
1809 -2.99749
1810 -3.00014
1811 -3.00014
1812 -2.99863
1813 -3.00166
1814 -3.01075
1815 -2.99749
1816 -2.99787
1817 -3.01037
1818 -2.99105
1819 -3.00431
1820 -1.47241
1821 -0.477416
1822 -0.0708546
1823 0.00644109
1824 0.0219761
1825 0.0189451
1826 0.010609
1827 0.00568329
1828 0.00454682
1829 0.00265207
1830 0.000378665
1831 0
1832 -0.000757566
1833 0.000378665
1834 0.0011367
1835 0.000378665
1836 0
1837 -0.000757566
1838 -0.000757566
1839 -0.000378665
1840 0.000378665
1841 0.000378665
1842 0
1843 0
1844 -0.000378665
1845 0
1846 0.000757566
1847 0.000378665
1848 0.000757566
1849 0
1850 0.000378665
1851 0.000378665
1852 0.000378665
1853 0.000378665
1854 -0.000378665
1855 0
1856 -0.000378665
1857 0
1858 -0.000378665
1859 0
1860 -0.000757566
1861 -0.000378665
1862 -0.000757566
1863 -0.000378665
1864 -0.000378665
1865 -0.000757566
1866 0.000757566
1867 -0.000378665
1868 0
1869 0.000378665
1870 0
1871 0
1872 0.0011367
1873 -0.000378665
1874 -0.000757566
1875 -0.000757566
1876 0.000378665
1877 0
1878 0
1879 0.000757566
1880 0
1881 0.000378665
1882 0
1883 -0.0011367
1884 -0.000378665
1885 -0.000378665
1886 -0.000378665
1887 -0.000378665
1888 0
1889 0.000378665
1890 -0.000378665
1891 0
1892 0.000378665
1893 0
1894 0
1895 -0.000378665
1896 -0.000757566
1897 -0.000378665
1898 0
1899 -0.000378665
1900 0.000378665
1901 0
1902 0
1903 -0.000378665
1904 -0.000757566
1905 0.000378665
1906 0.000378665
1907 -0.000378665
1908 0
1909 0
1910 0.000378665
1911 0.000757566
1912 0
1913 0
1914 -0.000378665
1915 -0.000378665
1916 -0.000378665
1917 0
1918 0.000757566
1919 0
1920 0.000757566
1921 0
1922 -0.000378665
1923 0
1924 -0.000378665
1925 0
1926 0.00303098
1927 1.58191
1928 2.47574
1929 2.94482
1930 3.02363
1931 3.0278
1932 3.01985
1933 3.00431
1934 3.00052
1935 3.00393
1936 3.00507
1937 2.99408
1938 3.00166
1939 2.99787
1940 3.0009
1941 2.99825
1942 3.00052
1943 3.00355
1944 2.99105
1945 3.00355
1946 2.99825
1947 3.01075
1948 3.00204
1949 3.0009
1950 3.0009
1951 2.99219
1952 2.9884
1953 2.99938
1954 2.99597
1955 3.00469
1956 2.99256
1957 3.00204
1958 3.00355
1959 2.98878
1960 3.0134
1961 3.00128
1962 2.99143
1963 2.9956
1964 2.99938
1965 3.0009
1966 2.99597
1967 3.00317
1968 3.00431
1969 2.99256
1970 3.00128
1971 3.00355
1972 3.00242
1973 2.99332
1974 3.00242
1975 3.00431
1976 2.9937
1977 2.99673
1978 2.99484
1979 2.99484
1980 1.9881
1981 0.764623
1982 0.174295
1983 -0.00340988
1984 -0.0204607
1985 -0.0212183
1986 -0.0125035
1987 -0.0075778
1988 -0.00530439
1989 -0.00303098
1990 -0.00151537
1991 -0.000378665
1992 0.000757566
1993 -0.0011367
1994 -0.000378665
1995 -0.000378665
1996 0
1997 0.000757566
1998 0.000378665
1999 -0.0011367
2000 -0.000757566
2001 0
2002 0
2003 0
2004 -0.000757566
2005 -0.000757566
2006 0.000378665
2007 0.000378665
2008 -0.000378665
2009 0
2010 0
2011 0.000378665
2012 0
2013 -0.000378665
2014 0.000378665
2015 -0.000378665
2016 0.000757566
2017 0
2018 -0.0011367
2019 0
2020 0
2021 0.000378665
2022 0.000378665
2023 -0.000378665
2024 -0.000757566
2025 -0.000378665
2026 -0.0011367
2027 0.000378665
2028 0
2029 0.000757566
2030 0.000378665
2031 0.000378665
2032 0.000378665
2033 -0.000757566
2034 0.000757566
2035 0
2036 0
2037 0
2038 0.000378665
2039 -0.000757566
2040 0
2041 -0.000378665
2042 0.000757566
2043 -0.000757566
2044 0.000757566
2045 0.0011367
2046 -0.000378665
2047 0
2048 0.000378665
2049 0.000378665
2050 -0.000378665
2051 -0.000378665
2052 0.000378665
2053 -0.000378665
2054 0.000378665
2055 0.000378665
2056 -0.0011367
2057 -0.000757566
2058 0
2059 0
2060 -0.000757566
2061 -0.000378665
2062 0.000378665
2063 0
2064 -0.000378665
2065 0.000757566
2066 -0.000378665
2067 0
2068 0
2069 -0.000378665
2070 0.000757566
2071 -0.000757566
2072 0.000378665
2073 0
2074 -0.000378665
2075 0.000757566
2076 -0.000378665
2077 0
2078 0.000378665
2079 -0.000757566
2080 0
2081 -0.000378665
2082 0
2083 -0.000378665
2084 0
2085 0
2086 0.000378665
2087 -0.860485
2088 -2.20028
2089 -2.81069
2090 -3.00583
2091 -3.03083
2092 -3.01606
2093 -3.00886
2094 -3.01265
2095 -3.00242
2096 -3.00696
2097 -3.01151
2098 -2.99976
2099 -3.00393
2100 -2.99673
2101 -3.00128
2102 -2.99901
2103 -2.99673
2104 -3.00128
2105 -3.0009
2106 -2.99597
2107 -2.99901
2108 -3.00469
2109 -3.00014
2110 -2.99332
2111 -3.00242
2112 -3.00621
2113 -2.99938
2114 -2.99938
2115 -3.01416
2116 -3.00014
2117 -2.99219
2118 -2.99976
2119 -3.01151
2120 -2.99635
2121 -3.00962
2122 -2.99294
2123 -2.99219
2124 -3.00014
2125 -3.01113
2126 -3.00317
2127 -2.99635
2128 -2.99446
2129 -2.99332
2130 -3.00734
2131 -2.99597
2132 -2.98991
2133 -3.00886
2134 -2.99749
2135 -3.00014
2136 -3.0028
2137 -2.99332
2138 -2.99446
2139 -2.99673
2140 -2.93838
2141 -1.153
2142 -0.350484
2143 -0.0329644
2144 0.00909364
2145 0.0219761
2146 0.0162928
2147 0.00871474
2148 0.00568329
2149 0.00416792
2150 0.00189427
2151 0
2152 0
2153 -0.000378665
2154 0.000757566
2155 0.000378665
2156 -0.000378665
2157 0.000378665
2158 0.0011367
2159 -0.000757566
2160 0.000378665
2161 -0.000378665
2162 0.000757566
2163 -0.000757566
2164 0
2165 0.000378665
2166 -0.000378665
2167 0
2168 -0.000378665
2169 0.000378665
2170 0.000378665
2171 0.000378665
2172 0
2173 0.000757566
2174 0.000378665
2175 -0.000378665
2176 0
2177 -0.000757566
2178 -0.000378665
2179 0
2180 -0.000378665
2181 0
2182 0
2183 -0.000757566
2184 0
2185 0.000378665
2186 -0.000378665
2187 0.000757566
2188 -0.000757566
2189 0.000378665
2190 0.000378665
2191 0
2192 -0.000378665
2193 -0.000378665
2194 -0.000378665
2195 -0.000757566
2196 0.000378665
2197 0.000378665
2198 -0.000378665
2199 0.000378665
2200 0
2201 0.000757566
2202 0
2203 0
2204 -0.000378665
2205 0
2206 -0.000378665
2207 -0.000757566
2208 0
2209 0.000378665
2210 -0.000378665
2211 0
2212 0.000378665
2213 -0.000378665
2214 -0.000378665
2215 0
2216 -0.000378665
2217 0
2218 0
2219 -0.000378665
2220 0.000378665
2221 0.000757566
2222 0
2223 0.0011367
2224 -0.000757566
2225 -0.000378665
2226 0
2227 0.000378665
2228 0.000378665
2229 0.000378665
2230 0
2231 0
2232 -0.000757566
2233 -0.000757566
2234 -0.000378665
2235 0
2236 -0.000378665
2237 0
2238 -0.000378665
2239 0
2240 -0.000378665
2241 -0.000378665
2242 0.000378665
2243 0.000378665
2244 0
2245 0
2246 -0.000378665
2247 0.384585
2248 1.99416
2249 2.74855
2250 2.98499
2251 3.02363
2252 3.02515
2253 3.01189
2254 2.99597
2255 3.01075
2256 3.00772
2257 3.00507
2258 3.00355
2259 2.99901
2260 2.99029
2261 2.99938
2262 2.99749
2263 2.99711
2264 2.99749
2265 2.99938
2266 3.00204
2267 2.99408
2268 2.99446
2269 3.00545
2270 3.00014
2271 2.99863
2272 3.00052
2273 3.00014
2274 2.99635
2275 2.99294
2276 3.00355
2277 2.99673
2278 2.99635
2279 3.0028
2280 3.00052
2281 2.99673
2282 2.99825
2283 2.99635
2284 2.99825
2285 3.00658
2286 2.99787
2287 3.00166
2288 3.0028
2289 3.00128
2290 3.00052
2291 3.00772
2292 3.00734
2293 3.00431
2294 2.99863
2295 3.00128
2296 2.99332
2297 2.99635
2298 3.00242
2299 2.99219
2300 3.0009
2301 1.37693
2302 0.460365
2303 0.0697179
2304 -0.00833584
2305 -0.0215972
2306 -0.019324
2307 -0.010609
2308 -0.00606219
2309 -0.00416792
2310 -0.00303098
2311 -0.000378665
2312 -0.000378665
2313 0
2314 0
2315 -0.000757566
2316 0.0011367
2317 0.000378665
2318 -0.000378665
2319 0
2320 0.000378665
2321 0.000378665
2322 0.000378665
2323 0.000378665
2324 0.000378665
2325 0.000378665
2326 -0.000378665
2327 0
2328 0
2329 0
2330 0
2331 0
2332 -0.000378665
2333 0.000757566
2334 0
2335 0.0011367
2336 -0.000378665
2337 0
2338 -0.000757566
2339 0.000378665
2340 -0.000378665
2341 -0.000757566
2342 0
2343 0.000757566
2344 0.000378665
2345 -0.000378665
2346 0
2347 -0.000378665
2348 0.0011367
2349 0.000378665
2350 -0.000378665
2351 -0.000378665
2352 -0.000378665
2353 0.000378665
2354 0.000757566
2355 -0.000378665
2356 0.000378665
2357 0.0011367
2358 -0.000378665
2359 0
2360 0.000378665
2361 0
2362 0.000757566
2363 0
2364 0
2365 0.000378665
2366 0
2367 -0.0011367
2368 -0.000378665
2369 -0.000378665
2370 -0.000378665
2371 0
2372 -0.000378665
2373 0
2374 -0.000378665
2375 0
2376 0.000378665
2377 0
2378 0.000378665
2379 -0.000378665
2380 0
2381 0.000757566
2382 0
2383 0
2384 0.000378665
2385 0.000378665
2386 -0.000378665
2387 -0.000378665
2388 0
2389 0
2390 0
2391 0.000378665
2392 0
2393 0
2394 -0.000378665
2395 0
2396 0.000757566
2397 -0.000757566
2398 0.0011367
2399 0
2400 0
2401 0
2402 0.000378665
2403 0.0011367
2404 -0.000757566
2405 0
2406 0.000378665
2407 -0.000378665
2408 -1.6899
2409 -2.49886
2410 -2.94103
2411 -3.02477
2412 -3.02818
2413 -3.01151
2414 -3.00772
2415 -3.01303
2416 -3.00734
2417 -2.99332
2418 -2.99484
2419 -2.99446
2420 -2.99105
2421 -3.00696
2422 -3.00772
2423 -3.00052
2424 -2.99143
2425 -3.00355
2426 -3.00052
2427 -2.99635
2428 -2.99635
2429 -3.00469
2430 -2.9956
2431 -3.0028
2432 -3.0028
2433 -3.00128
2434 -2.99901
2435 -2.99522
2436 -3.00014
2437 -3.00772
2438 -2.9956
2439 -3.00431
2440 -2.99787
2441 -2.99673
2442 -3.00621
2443 -2.99938
2444 -3.01113
2445 -2.99787
2446 -2.99408
2447 -3.01227
2448 -3.00772
2449 -2.99749
2450 -3.00734
2451 -2.99863
2452 -2.99938
2453 -2.99029
2454 -3.00052
2455 -2.99219
2456 -2.99332
2457 -2.99484
2458 -3.00052
2459 -2.99901
2460 -2.99408
2461 -1.86268
2462 -0.688843
2463 -0.181873
2464 0.00340988
2465 0.0204607
2466 0.0200818
2467 0.0121246
2468 0.0075778
2469 0.00454682
2470 0.00303098
2471 0.0011367
2472 0.000378665
2473 0
2474 0.000378665
2475 0.0011367
2476 0
2477 -0.000378665
2478 0.000378665
2479 -0.000378665
2480 0.000378665
2481 0
2482 0
2483 0.000757566
2484 -0.000378665
2485 0
2486 -0.000378665
2487 -0.000378665
2488 -0.000378665
2489 0.000378665
2490 0
2491 -0.000378665
2492 0.000757566
2493 0.000378665
2494 0
2495 0.000378665
2496 0.000378665
2497 0
2498 0.000378665
2499 -0.000378665
2500 0.000378665
2501 0
2502 0
2503 -0.000378665
2504 0.000378665
2505 0.000378665
2506 -0.000378665
2507 -0.000378665
2508 0
2509 0
2510 0.000378665
2511 -0.000757566
2512 0
2513 0.000378665
2514 -0.000378665
2515 0
2516 -0.000378665
2517 0
2518 -0.000378665
2519 -0.000378665
2520 0.000757566
2521 0
2522 -0.000378665
2523 0.000378665
2524 -0.000378665
2525 -0.000378665
2526 0
2527 0
2528 0
2529 0.000378665
2530 0.000378665
2531 0.000378665
2532 0.000378665
2533 0.000378665
2534 0
2535 0.000757566
2536 0
2537 -0.000378665
2538 0.000378665
2539 0
2540 0
2541 0
2542 0.000378665
2543 0.000757566
2544 0.000378665
2545 0.000757566
2546 0
2547 -0.000378665
2548 0.000378665
2549 0
2550 0
2551 0.000378665
2552 0
2553 0
2554 0
2555 0.000378665
2556 0.0011367
2557 0
2558 -0.000378665
2559 0.000757566
2560 0
2561 0
2562 0
2563 0
2564 0
2565 0.000378665
2566 0.000378665
2567 0.000378665
2568 1.21893
2569 2.34199
2570 2.85502
2571 3.01378
2572 3.0225
2573 3.01454
2574 2.99635
2575 3.00886
2576 3.01037
2577 3.00999
2578 2.99901
2579 2.99938
2580 3.00014
2581 2.99294
2582 2.99711
2583 3.00621
2584 2.99976
2585 2.99938
2586 3.00848
2587 2.99901
2588 3.0081
2589 2.99332
2590 3.00128
2591 3.00052
2592 3.00583
2593 3.0009
2594 3.00166
2595 3.00431
2596 3.00204
2597 2.99863
2598 3.00734
2599 2.99408
2600 2.99749
2601 2.99863
2602 2.99446
2603 2.99938
2604 3.00583
2605 2.99787
2606 2.99597
2607 3.00204
2608 3.00355
2609 2.99825
2610 2.99976
2611 2.99181
2612 2.99673
2613 2.99901
2614 2.99749
2615 3.00393
2616 2.99901
2617 2.99635
2618 2.99787
2619 3.00469
2620 2.99408
2621 2.23135
2622 0.957863
2623 0.239844
2624 0.00833584
2625 -0.0128824
2626 -0.0208394
2627 -0.0151558
2628 -0.00871474
2629 -0.00492572
2630 -0.00416792
2631 -0.00227341
2632 -0.000378665
2633 0
2634 0.000378665
2635 0
2636 -0.000378665
2637 0.000378665
2638 0
2639 0
2640 0
2641 -0.000378665
2642 -0.000378665
2643 0
2644 0
2645 0
2646 -0.000378665
2647 0.000757566
2648 0.000378665
2649 0
2650 0
2651 0.000378665
2652 0.000378665
2653 0
2654 0
2655 0
2656 -0.000378665
2657 0.000757566
2658 0.000757566
2659 0
2660 0.000378665
2661 0.000378665
2662 -0.0011367
2663 -0.000378665
2664 0.000757566
2665 0.000378665
2666 -0.000378665
2667 -0.000378665
2668 0.000378665
2669 0
2670 0
2671 0
2672 0
2673 0.000757566
2674 0.000757566
2675 0.000378665
2676 0.000378665
2677 -0.000378665
2678 0
2679 0
2680 -0.000378665
2681 -0.000378665
2682 0
2683 0
2684 0
2685 -0.000378665
2686 0
2687 0.000378665
2688 -0.000378665
2689 0.000378665
2690 0.000757566
2691 0.000378665
2692 0
2693 -0.000378665
2694 -0.000757566
2695 0
2696 0
2697 0
2698 0
2699 0.000378665
2700 0.000378665
2701 0
2702 0
2703 -0.000378665
2704 -0.000378665
2705 0.000378665
2706 0.000757566
2707 0
2708 0
2709 0.0011367
2710 0
2711 0
2712 0.000378665
2713 0
2714 -0.0011367
2715 0.000378665
2716 0.000378665
2717 0.000757566
2718 0.000757566
2719 -0.000378665
2720 0.0011367
2721 0
2722 0
2723 0.000378665
2724 0.000757566
2725 0.000378665
2726 0.000378665
2727 -0.000378665
2728 -0.537283
2729 -2.1946
2730 -2.76939
2731 -2.99408
2732 -3.02704
2733 -3.01454
2734 -3.00317
2735 -3.00014
2736 -3.00355
2737 -3.00128
2738 -2.99711
2739 -2.99711
2740 -3.00317
2741 -2.9937
2742 -2.99446
2743 -2.99181
2744 -3.00242
2745 -2.99332
2746 -2.99749
2747 -2.99901
2748 -2.9956
2749 -2.99635
2750 -3.00469
2751 -3.00014
2752 -2.99635
2753 -2.99787
2754 -3.00772
2755 -3.00507
2756 -3.00583
2757 -3.00621
2758 -2.99635
2759 -2.99067
2760 -2.99863
2761 -3.00772
2762 -3.00204
2763 -2.99938
2764 -2.99863
2765 -2.99711
2766 -2.99522
2767 -2.98991
2768 -3.01265
2769 -3.00469
2770 -2.99749
2771 -2.99673
2772 -2.9937
2773 -2.99635
2774 -3.00545
2775 -2.99825
2776 -3.00886
2777 -2.99938
2778 -3.00052
2779 -3.0028
2780 -3.00924
2781 -2.99787
2782 -1.18028
2783 -0.411108
2784 -0.0413003
2785 0.00985144
2786 0.022355
2787 0.0170506
2788 0.00871474
2789 0.00568329
2790 0.00454682
2791 0.00227341
2792 0.000757566
2793 0
2794 -0.000757566
2795 0
2796 0
2797 0.000378665
2798 0
2799 0
2800 0
2801 -0.000378665
2802 0
2803 -0.000378665
2804 0
2805 0
2806 0
2807 -0.000378665
2808 -0.000378665
2809 -0.000378665
2810 -0.000378665
2811 -0.000378665
2812 0
2813 -0.000378665
2814 -0.000757566
2815 0
2816 0
2817 0.000378665
2818 0
2819 -0.0011367
2820 0.000378665
2821 -0.000757566
2822 -0.000378665
2823 0
2824 0.000757566
2825 -0.000378665
2826 -0.000378665
2827 -0.000757566
2828 -0.000378665
2829 0.000378665
2830 0.000378665
2831 -0.000378665
2832 -0.000757566
2833 0
2834 -0.000378665
2835 -0.000378665
2836 -0.000378665
2837 0
2838 -0.000378665
2839 0.000378665
2840 0.000378665
2841 -0.00189427
2842 0.000378665
2843 0.000378665
2844 0
2845 0.000757566
2846 0
2847 0
2848 0
2849 0.000757566
2850 0
2851 0
2852 0
2853 0.000378665
2854 0
2855 0.000378665
2856 0
2857 0.000757566
2858 0
2859 0
2860 0
2861 0
2862 0
2863 -0.000378665
2864 0
2865 0.000757566
2866 0
2867 0
2868 0
2869 0
2870 0
2871 0
2872 -0.000378665
2873 0
2874 -0.000378665
2875 0.000378665
2876 0
2877 0
2878 0
2879 0
2880 0
2881 0.000378665
2882 0.000378665
2883 -0.000378665
2884 -0.000378665
2885 0
2886 0
2887 0
2888 0.191345
2889 1.90398
2890 2.68528
2891 2.9721
2892 3.03386
2893 3.01719
2894 3.01227
2895 3.00772
2896 3.00469
2897 3.0028
2898 2.99938
2899 3.00242
2900 3.00014
2901 2.99597
2902 2.98726
2903 3.00204
2904 3.00242
2905 2.99863
2906 3.00166
2907 2.99219
2908 3.00166
2909 3.0028
2910 2.99749
2911 3.00166
2912 2.99938
2913 2.98726
2914 3.0028
2915 2.99825
2916 2.99522
2917 3.00848
2918 2.99446
2919 2.99446
2920 2.99294
2921 2.99976
2922 2.99597
2923 2.99938
2924 3.00507
2925 3.00166
2926 3.0028
2927 3.0028
2928 2.99256
2929 3.00242
2930 3.00658
2931 3.00545
2932 2.9956
2933 3.00014
2934 3.00507
2935 3.00355
2936 2.99938
2937 2.99029
2938 3.00204
2939 3.00431
2940 3.00507
2941 2.99522
2942 1.40838
2943 0.483857
2944 0.0871471
2945 -0.00606219
2946 -0.0215972
2947 -0.0185662
2948 -0.010609
2949 -0.00644109
2950 -0.00454682
2951 -0.00303098
2952 -0.000378665
2953 0.000378665
2954 -0.000378665
2955 0
2956 -0.000378665
2957 0.000757566
2958 0.000757566
2959 0
2960 0
2961 0
2962 0
2963 0.000378665
2964 0.000378665
2965 -0.000378665
2966 0.000378665
2967 0
2968 0.000378665
2969 -0.000378665
2970 0
2971 0
2972 -0.000378665
2973 -0.000378665
2974 -0.000378665
2975 -0.000757566
2976 0
2977 0
2978 0.000757566
2979 0
2980 0.000757566
2981 -0.000378665
2982 0
2983 -0.000378665
2984 -0.000378665
2985 0.000757566
2986 0
2987 0.000378665
2988 0
2989 0
2990 -0.000378665
2991 0.0011367
2992 -0.000378665
2993 0
2994 0
2995 0
2996 -0.000757566
2997 0
2998 0.000378665
2999 0
3000 0
3001 0
3002 0.000378665
3003 0
3004 0
3005 0
3006 0.000378665
3007 0
3008 0.000378665
3009 0.000757566
3010 0.0011367
3011 0.000757566
3012 -0.000378665
3013 0
3014 -0.000378665
3015 -0.000378665
3016 0.000378665
3017 0.000378665
3018 -0.000757566
3019 0
3020 0.000378665
3021 0.000378665
3022 -0.000378665
3023 -0.000757566
3024 -0.000378665
3025 0
3026 0.000378665
3027 0
3028 -0.000378665
3029 0
3030 -0.000757566
3031 -0.000378665
3032 -0.000378665
3033 -0.000378665
3034 0.000378665
3035 0
3036 0.000378665
3037 -0.000378665
3038 0.000757566
3039 0.000378665
3040 -0.000378665
3041 -0.000378665
3042 0.000378665
3043 -0.000757566
3044 -0.000378665
3045 0
3046 -0.000378665
3047 0.000757566
3048 -0.00151537
3049 -1.57055
3050 -2.56782
3051 -2.92891
3052 -3.02439
3053 -3.02439
3054 -3.01227
3055 -3.00962
3056 -3.00545
3057 -3.00583
3058 -2.99484
3059 -3.0028
3060 -3.00052
3061 -2.99938
3062 -3.00355
3063 -3.00696
3064 -3.0009
3065 -2.98953
3066 -2.99901
3067 -3.00431
3068 -3.00014
3069 -2.99863
3070 -2.99635
3071 -2.99825
3072 -2.99787
3073 -2.99976
3074 -2.99635
3075 -2.99597
3076 -3.00317
3077 -3.00052
3078 -2.99787
3079 -2.99219
3080 -3.00545
3081 -3.00166
3082 -3.0009
3083 -3.00052
3084 -3.00128
3085 -3.01151
3086 -2.99787
3087 -2.99597
3088 -3.0009
3089 -2.99446
3090 -2.99901
3091 -3.00317
3092 -2.99408
3093 -2.99408
3094 -2.99522
3095 -2.99749
3096 -2.99711
3097 -3.0028
3098 -2.99294
3099 -3.00014
3100 -3.00166
3101 -2.99522
3102 -1.73651
3103 -0.69339
3104 -0.130721
3105 0.00303098
3106 0.0208394
3107 0.0181873
3108 0.0125035
3109 0.00719889
3110 0.00454682
3111 0.00340988
3112 0.00151537
3113 0.000378665
3114 0
3115 -0.000378665
3116 0
3117 0.000757566
3118 0
3119 0.000757566
3120 0
3121 -0.000378665
3122 -0.000757566
3123 -0.000378665
3124 0
3125 0
3126 0
3127 0.000378665
3128 0.000378665
3129 -0.000757566
3130 -0.000378665
3131 0.000378665
3132 0
3133 -0.000757566
3134 0
3135 -0.000378665
3136 -0.000378665
3137 0
3138 0
3139 0
3140 0.0011367
3141 0
3142 0.000378665
3143 0
3144 0
3145 0.0011367
3146 0.000378665
3147 0
3148 -0.000378665
3149 0.000757566
3150 0
3151 0
3152 0.000378665
3153 0.000378665
3154 0
3155 -0.000378665
3156 0
3157 -0.000757566
3158 0
3159 0
3160 0
3161 0
3162 0
3163 -0.000378665
3164 0.000757566
3165 0
3166 0.000378665
3167 0.000757566
3168 0
3169 -0.000378665
3170 0
3171 0.000378665
3172 0
3173 -0.000378665
3174 -0.000378665
3175 -0.000378665
3176 -0.000378665
3177 0.000757566
3178 0
3179 -0.000378665
3180 -0.000378665
3181 -0.000378665
3182 -0.000757566
3183 0
3184 0
3185 0.000378665
3186 0.000378665
3187 -0.000757566
3188 -0.000378665
3189 0
3190 0.000378665
3191 0.000378665
3192 -0.000378665
3193 0
3194 0
3195 -0.000378665
3196 -0.000378665
3197 -0.000757566
3198 0.000378665
3199 0.000378665
3200 -0.0011367
3201 0.000757566
3202 0
3203 0.000378665
3204 0.000378665
3205 0
3206 0.000378665
3207 -0.000378665
3208 0.000378665
3209 1.39171
3210 2.46134
3211 2.90049
3212 3.00583
3213 3.02174
3214 3.01833
3215 3.0081
3216 3.00431
3217 2.99711
3218 3.00734
3219 2.99408
3220 2.99294
3221 2.99143
3222 2.9937
3223 3.0009
3224 3.01113
3225 2.99825
3226 2.99256
3227 2.9956
3228 3.00545
3229 3.01113
3230 3.00204
3231 2.99635
3232 2.99143
3233 2.99635
3234 2.9937
3235 3.00431
3236 2.99787
3237 3.00583
3238 3.00545
3239 3.00393
3240 3.00242
3241 2.99901
3242 2.98991
3243 3.00924
3244 3.00583
3245 2.99938
3246 3.00317
3247 3.00734
3248 3.00317
3249 3.00583
3250 3.00128
3251 3.00166
3252 2.99673
3253 2.99143
3254 3.00507
3255 2.99256
3256 2.98878
3257 2.99863
3258 3.00052
3259 3.00014
3260 2.99484
3261 3.00886
3262 2.22377
3263 0.816912
3264 0.253106
3265 0.00303098
3266 -0.0136402
3267 -0.0215972
3268 -0.014398
3269 -0.00871474
3270 -0.00568329
3271 -0.00340988
3272 -0.0011367
3273 0
3274 0.000378665
3275 -0.000757566
3276 0.000378665
3277 0
3278 -0.0011367
3279 -0.000378665
3280 0.000378665
3281 0.000378665
3282 0
3283 -0.000378665
3284 0
3285 -0.000757566
3286 -0.000378665
3287 0
3288 0
3289 0.000378665
3290 -0.000757566
3291 -0.000378665
3292 -0.000378665
3293 0
3294 0.0011367
3295 0.000378665
3296 0
3297 0
3298 0
3299 0.000378665
3300 0.000378665
3301 0.000378665
3302 0
3303 0.000757566
3304 -0.000378665
3305 -0.000378665
3306 -0.000757566
3307 0.000378665
3308 0
3309 0.000757566
3310 -0.000757566
3311 -0.000757566
3312 -0.000378665
3313 -0.000378665
3314 0
3315 -0.000378665
3316 -0.000378665
3317 -0.000378665
3318 0
3319 -0.000757566
3320 0
3321 0
3322 -0.000378665
3323 -0.000378665
3324 -0.000378665
3325 0.000757566
3326 0.000378665
3327 0
3328 -0.000378665
3329 0.000757566
3330 -0.000378665
3331 0.000378665
3332 0
3333 -0.000378665
3334 0.000378665
3335 0
3336 0
3337 0.000378665
3338 0
3339 0.000757566
3340 0
3341 0
3342 0
3343 0
3344 -0.000378665
3345 0.000378665
3346 0
3347 0
3348 -0.000378665
3349 0.000757566
3350 -0.000757566
3351 0
3352 0
3353 -0.000757566
3354 0.000378665
3355 0
3356 0
3357 -0.000378665
3358 0.000378665
3359 -0.000378665
3360 -0.000378665
3361 -0.00151537
3362 0
3363 0.000378665
3364 0.000378665
3365 -0.000378665
3366 0.000378665
3367 0
3368 -0.000757566
3369 -1.03137
3370 -2.23704
3371 -2.81031
3372 -3.00621
3373 -3.02894
3374 -3.01492
3375 -3.00621
3376 -3.00242
3377 -2.99976
3378 -2.99976
3379 -3.0028
3380 -3.0081
3381 -2.99446
3382 -3.00431
3383 -3.00166
3384 -3.00621
3385 -3.00507
3386 -3.0081
3387 -3.0028
3388 -2.9937
3389 -3.00128
3390 -3.0009
3391 -3.00545
3392 -2.99901
3393 -2.99522
3394 -3.00317
3395 -2.99976
3396 -3.00355
3397 -3.00166
3398 -3.00242
3399 -2.99408
3400 -3.00166
3401 -3.00052
3402 -3.00014
3403 -3.01303
3404 -3.00658
3405 -2.99673
3406 -3.00848
3407 -2.98574
3408 -2.99976
3409 -3.00014
3410 -2.99294
3411 -2.99825
3412 -2.99484
3413 -3.00545
3414 -3.0153
3415 -2.99332
3416 -2.99635
3417 -3.00242
3418 -3.00242
3419 -3.00166
3420 -3.00128
3421 -2.99105
3422 -2.90201
3423 -1.18596
3424 -0.345937
3425 -0.0257651
3426 0.00985144
3427 0.0219761
3428 0.014398
3429 0.00871474
3430 0.00606219
3431 0.00416792
3432 0.00265207
3433 0.000757566
3434 -0.000757566
3435 -0.000378665
3436 0.000378665
3437 0
3438 -0.000378665
3439 0
3440 0.000757566
3441 -0.000757566
3442 0.000378665
3443 -0.000378665
3444 0
3445 0
3446 0
3447 0
3448 0.000378665
3449 -0.0011367
3450 0.0011367
3451 -0.00189427
3452 0
3453 0.000378665
3454 0.000378665
3455 0
3456 -0.000378665
3457 0
3458 0
3459 0.000378665
3460 0.000757566
3461 0.000378665
3462 0.000378665
3463 0
3464 0.000378665
3465 0.000757566
3466 -0.000378665
3467 -0.000378665
3468 -0.000757566
3469 -0.000378665
3470 0
3471 0.000378665
3472 0
3473 0
3474 0
3475 0.000378665
3476 0
3477 -0.000378665
3478 0
3479 -0.000378665
3480 0.000378665
3481 0.000378665
3482 0.000378665
3483 0
3484 -0.000378665
3485 0.000378665
3486 0
3487 0
3488 0
3489 -0.000378665
3490 -0.000378665
3491 0
3492 0
3493 0
3494 0.000378665
3495 -0.000378665
3496 -0.000757566
3497 -0.000378665
3498 0
3499 0.000378665
3500 0
3501 -0.000757566
3502 0
3503 0
3504 0.000378665
3505 -0.000378665
3506 -0.000378665
3507 -0.000757566
3508 0.000378665
3509 0.000378665
3510 0.000378665
3511 0
3512 -0.000757566
3513 0
3514 -0.000378665
3515 0
3516 0.000757566
3517 -0.000378665
3518 0
3519 0
3520 0.000757566
3521 -0.000378665
3522 -0.000378665
3523 -0.000378665
3524 -0.000757566
3525 -0.000378665
3526 -0.000378665
3527 0.000378665
3528 0
3529 0.693769
3530 2.06464
3531 2.76333
3532 2.99825
3533 3.03159
3534 3.02704
3535 3.00772
3536 3.00204
3537 2.99711
3538 3.00242
3539 2.99938
3540 2.99938
3541 2.9937
3542 2.99938
3543 3.0028
3544 2.99484
3545 3.00469
3546 3.00166
3547 3.00014
3548 2.99673
3549 2.99484
3550 3.00128
3551 2.99825
3552 2.9956
3553 2.99825
3554 2.99446
3555 2.99711
3556 2.98309
3557 2.99484
3558 3.00204
3559 2.99067
3560 3.01075
3561 2.99484
3562 2.99673
3563 3.0009
3564 3.00507
3565 2.99749
3566 2.99484
3567 3.00166
3568 3.0009
3569 2.99597
3570 2.99181
3571 3.00583
3572 3.00128
3573 2.99256
3574 3.00469
3575 3.00128
3576 3.00128
3577 2.99408
3578 2.99673
3579 3.00431
3580 3.00166
3581 2.99825
3582 3.00621
3583 1.30191
3584 0.428537
3585 0.0700968
3586 -0.00795693
3587 -0.0234917
3588 -0.0181873
3589 -0.010609
3590 -0.00681999
3591 -0.00530439
3592 -0.00265207
3593 -0.000378665
3594 -0.000378665
3595 0
3596 -0.000378665
3597 -0.000378665
3598 0
3599 0
3600 0
3601 0.000378665
3602 0
3603 0
3604 0
3605 0.000378665
3606 0
3607 0.000378665
3608 0
3609 0.000757566
3610 0
3611 0
3612 0
3613 0
3614 -0.000378665
3615 0.000378665
3616 0
3617 0
3618 0
3619 0
3620 -0.000378665
3621 0.000378665
3622 0
3623 0
3624 0.000378665
3625 0
3626 0
3627 0.000378665
3628 0
3629 0.000757566
3630 0
3631 0.000757566
3632 -0.000757566
3633 0
3634 -0.000378665
3635 0.000378665
3636 0
3637 0.000378665
3638 -0.000378665
3639 0.000378665
3640 0
3641 0
3642 0
3643 0.0011367
3644 0
3645 -0.000378665
3646 0
3647 -0.000378665
3648 0.000757566
3649 -0.000378665
3650 -0.000378665
3651 0.000378665
3652 0.000757566
3653 0.000378665
3654 0.000757566
3655 -0.000378665
3656 -0.000378665
3657 -0.0011367
3658 -0.000378665
3659 0.000757566
3660 0.000378665
3661 0
3662 0.000378665
3663 0
3664 -0.000378665
3665 0.000757566
3666 -0.000378665
3667 0
3668 0
3669 -0.000378665
3670 0.000378665
3671 0
3672 0
3673 0.000757566
3674 0.000378665
3675 -0.000378665
3676 -0.000757566
3677 0
3678 0
3679 0.000378665
3680 0
3681 0
3682 -0.000378665
3683 0.000378665
3684 -0.000378665
3685 0
3686 0
3687 -0.000378665
3688 0
3689 -0.03448
3690 -1.87518
3691 -2.70346
3692 -2.9668
3693 -3.02098
3694 -3.01757
3695 -3.01227
3696 -3.0028
3697 -3.00128
3698 -3.00583
3699 -3.00242
3700 -3.00242
3701 -3.00128
3702 -3.0009
3703 -3.01037
3704 -3.00204
3705 -2.99901
3706 -3.00999
3707 -3.00583
3708 -3.0009
3709 -2.99938
3710 -2.99749
3711 -2.99976
3712 -2.99901
3713 -3.00317
3714 -2.99825
3715 -3.00317
3716 -3.0081
3717 -3.0028
3718 -2.99635
3719 -3.00469
3720 -2.99863
3721 -3.00355
3722 -2.99294
3723 -2.99901
3724 -2.99863
3725 -3.00658
3726 -2.99976
3727 -3.00166
3728 -2.99825
3729 -2.99863
3730 -2.99446
3731 -3.00052
3732 -3.00128
3733 -2.99332
3734 -3.00507
3735 -3.00242
3736 -2.99976
3737 -2.99143
3738 -3.00469
3739 -3.00204
3740 -3.00469
3741 -2.99635
3742 -3.00848
3743 -1.68649
3744 -0.52781
3745 -0.0951041
3746 0.00644109
3747 0.0204607
3748 0.0185662
3749 0.0125035
3750 0.0075778
3751 0.00416792
3752 0.00303098
3753 0.000378665
3754 0.0011367
3755 -0.000378665
3756 0.000757566
3757 0
3758 0.000757566
3759 0
3760 -0.000378665
3761 -0.000757566
3762 0.000378665
3763 0.000378665
3764 0.000378665
3765 0.000378665
3766 -0.000378665
3767 -0.000378665
3768 0.000378665
3769 0.000757566
3770 0.000378665
3771 -0.000378665
3772 -0.000378665
3773 0.000378665
3774 -0.000757566
3775 0
3776 0
3777 -0.000378665
3778 0
3779 -0.000378665
3780 -0.000378665
3781 0
3782 0
3783 0.000757566
3784 -0.000757566
3785 -0.000378665
3786 0.000378665
3787 0.000757566
3788 0
3789 -0.000378665
3790 -0.000378665
3791 0
3792 0
3793 -0.000378665
3794 0.000378665
3795 -0.000378665
3796 -0.000757566
3797 0.000378665
3798 0
3799 -0.000378665
3800 0.000378665
3801 -0.000757566
3802 0.000378665
3803 0.000757566
3804 0
3805 -0.000378665
3806 0
3807 0.000757566
3808 -0.000757566
3809 0
3810 0
3811 0
3812 0
3813 -0.000378665
3814 0.000378665
3815 0.000378665
3816 0
3817 0.000378665
3818 0.000757566
3819 -0.000757566
3820 0
3821 -0.000378665
3822 -0.000757566
3823 -0.000378665
3824 0
3825 0.000378665
3826 0.000757566
3827 -0.000757566
3828 -0.000378665
3829 0.000378665
3830 0.000378665
3831 -0.000757566
3832 0.000757566
3833 0
3834 -0.0011367
3835 -0.000378665
3836 0
3837 0.000757566
3838 0.000378665
3839 0.000378665
3840 0.000378665
3841 0.000378665
3842 -0.000378665
3843 -0.000757566
3844 0
3845 0
3846 0
3847 -0.000757566
3848 0.000378665
3849 0
3850 1.51788
3851 2.42118
3852 2.90125
3853 3.02136
3854 3.0225
3855 3.01909
3856 3.00469
3857 3.00583
3858 2.99635
3859 3.00166
3860 2.99635
3861 3.00658
3862 2.99749
3863 2.99446
3864 3.00317
3865 2.9956
3866 2.98878
3867 3.00166
3868 2.99863
3869 2.99029
3870 2.99938
3871 3.00355
3872 2.99976
3873 3.00052
3874 2.99825
3875 3.00014
3876 2.99938
3877 3.0009
3878 3.00772
3879 2.99635
3880 2.99976
3881 2.99067
3882 3.00734
3883 2.99825
3884 2.99408
3885 2.99484
3886 3.00355
3887 2.98991
3888 2.99332
3889 3.00242
3890 2.99484
3891 2.9956
3892 3.00658
3893 2.99938
3894 2.99067
3895 2.99863
3896 2.9956
3897 3.00242
3898 3.00469
3899 3.0028
3900 3.0028
3901 2.99787
3902 2.99749
3903 2.11617
3904 0.768412
3905 0.174673
3906 0.000757566
3907 -0.0174295
3908 -0.0204607
3909 -0.0136402
3910 -0.00681999
3911 -0.00568329
3912 -0.00340988
3913 -0.0011367
3914 0
3915 -0.000378665
3916 0.000378665
3917 -0.000378665
3918 -0.000757566
3919 -0.000378665
3920 -0.000757566
3921 -0.000378665
3922 -0.000378665
3923 0
3924 0
3925 -0.000378665
3926 -0.000378665
3927 0
3928 0.000378665
3929 -0.000378665
3930 0.000378665
3931 0.000757566
3932 0
3933 0
3934 0
3935 -0.000378665
3936 0
3937 0
3938 0
3939 0
3940 0.000378665
3941 0.000757566
3942 0.000757566
3943 -0.000378665
3944 -0.000378665
3945 0
3946 0
3947 -0.0011367
3948 0
3949 -0.000378665
3950 0.000757566
3951 0.000757566
3952 -0.000378665
3953 0
3954 0
3955 0
3956 0.000757566
3957 0.000378665
3958 -0.000378665
3959 -0.000378665
3960 0
3961 -0.000757566
3962 -0.000378665
3963 0.000378665
3964 -0.000378665
3965 -0.000378665
3966 0.000378665
3967 0
3968 -0.000378665
3969 0
3970 -0.000378665
3971 -0.000378665
3972 0
3973 -0.000378665
3974 -0.000378665
3975 -0.000378665
3976 0
3977 0.000378665
3978 0
3979 0
3980 0.000378665
3981 0
3982 0
3983 0
3984 0.000378665
3985 0
3986 0
3987 -0.000757566
3988 0
3989 0
3990 0
3991 0
3992 -0.000378665
3993 0.000378665
3994 0
3995 0.000378665
3996 0
3997 0
3998 0
3999 0
4000 -0.000378665
4001 0
4002 0.000378665
4003 -0.000378665
4004 0
4005 -0.000378665
4006 0
4007 -0.000757566
4008 -0.000378665
4009 0
4010 -0.993859
4011 -2.27644
4012 -2.84858
4013 -2.99181
4014 -3.02742
4015 -3.01303
4016 -3.01189
4017 -3.01719
4018 -2.99446
4019 -3.00696
4020 -2.99976
4021 -2.99749
4022 -3.0009
4023 -3.00658
4024 -3.01113
4025 -3.00014
4026 -2.99332
4027 -2.99901
4028 -3.00014
4029 -2.99067
4030 -2.9956
4031 -2.99294
4032 -3.00014
4033 -2.99332
4034 -3.00355
4035 -3.00962
4036 -3.00317
4037 -2.99408
4038 -3.00772
4039 -3.0009
4040 -2.99219
4041 -3.00204
4042 -2.98915
4043 -2.99256
4044 -2.99522
4045 -3.00431
4046 -2.99597
4047 -2.99332
4048 -3.0009
4049 -3.00014
4050 -2.99938
4051 -2.99711
4052 -3.0028
4053 -3.0028
4054 -2.99749
4055 -2.99522
4056 -2.99863
4057 -2.99522
4058 -2.99635
4059 -3.00507
4060 -3.00128
4061 -2.99901
4062 -2.99787
4063 -2.93952
4064 -1.24507
4065 -0.340253
4066 -0.0333433
4067 0.00985144
4068 0.0219761
4069 0.0159139
4070 0.00795693
4071 0.00568329
4072 0.00303098
4073 0.00265207
4074 0.000378665
4075 -0.000757566
4076 0
4077 0.000378665
4078 -0.000378665
4079 -0.000378665
4080 -0.000378665
4081 -0.000378665
4082 0.000378665
4083 -0.000378665
4084 -0.000378665
4085 0.000378665
4086 0
4087 0
4088 -0.000757566
4089 -0.000378665
4090 -0.000378665
4091 0.000378665
4092 0.000378665
4093 0.000757566
4094 -0.000378665
4095 0
4096 0.000378665
4097 0.000757566
4098 0.000757566
4099 0
4100 0.000378665
4101 0.000757566
4102 0.000378665
4103 0
4104 -0.000378665
4105 0
4106 0.000757566
4107 -0.000757566
4108 0.000378665
4109 -0.000378665
4110 0
4111 0
4112 0
4113 0.000378665
4114 0.000378665
4115 0
4116 -0.000378665
4117 0.000757566
4118 -0.000378665
4119 -0.000378665
4120 0
4121 0.000378665
4122 0.000378665
4123 -0.000757566
4124 -0.000378665
4125 -0.000378665
4126 -0.000378665
4127 0
4128 0.000378665
4129 -0.000378665
4130 0.000757566
4131 -0.0011367
4132 0.000378665
4133 0
4134 0
4135 0.000378665
4136 0.000378665
4137 0.000757566
4138 0
4139 -0.000378665
4140 -0.000378665
4141 0
4142 0
4143 -0.000378665
4144 0.000378665
4145 -0.0011367
4146 0
4147 0
4148 -0.000378665
4149 0.000378665
4150 0
4151 -0.000378665
4152 0
4153 0.000378665
4154 -0.000757566
4155 -0.000378665
4156 -0.000757566
4157 -0.000378665
4158 0
4159 0.000378665
4160 0
4161 0
4162 0.000378665
4163 0.000378665
4164 0
4165 -0.000378665
4166 0
4167 0.000757566
4168 -0.000378665
4169 0
4170 0.100409
4171 1.88882
4172 2.72999
4173 2.98082
4174 3.03386
4175 3.0278
4176 3.01037
4177 2.99976
4178 3.00886
4179 2.99825
4180 2.99901
4181 3.00507
4182 3.00658
4183 3.00014
4184 2.99938
4185 2.99597
4186 3.00052
4187 3.00166
4188 2.99332
4189 2.99484
4190 2.99181
4191 2.99256
4192 2.99408
4193 3.00545
4194 3.00317
4195 2.99901
4196 2.99522
4197 2.99219
4198 2.9937
4199 3.00166
4200 3.00621
4201 2.99673
4202 2.99635
4203 3.00242
4204 2.9956
4205 3.00962
4206 3.00166
4207 2.99938
4208 2.99825
4209 2.99976
4210 3.00431
4211 2.99938
4212 2.99711
4213 2.9937
4214 3.00431
4215 3.00886
4216 3.00696
4217 3.00696
4218 3.00924
4219 2.99105
4220 2.99219
4221 3.00393
4222 3.00052
4223 3.0028
4224 1.53682
4225 0.533115
4226 0.0863893
4227 -0.00833584
4228 -0.0219761
4229 -0.0181873
4230 -0.0109879
4231 -0.00644109
4232 -0.00454682
4233 -0.00303098
4234 -0.000757566
4235 0.000757566
4236 0.000378665
4237 0
4238 0.0011367
4239 0.000378665
4240 -0.000757566
4241 0
4242 0.000378665
4243 0
4244 0.000378665
4245 0.000378665
4246 0.000378665
4247 -0.000378665
4248 -0.000378665
4249 0.000378665
4250 0.000378665
4251 -0.000378665
4252 0
4253 0.000378665
4254 0
4255 0
4256 0
4257 0.000378665
4258 0.000757566
4259 -0.000378665
4260 0
4261 0.000378665
4262 0.000378665
4263 0
4264 0
4265 0.000378665
4266 0.000757566
4267 0.000378665
4268 -0.000757566
4269 0.000378665
4270 -0.000757566
4271 0.000378665
4272 -0.0011367
4273 -0.000378665
4274 0.000378665
4275 0
4276 0.000378665
4277 -0.000378665
4278 0
4279 0
4280 0.000378665
4281 0
4282 -0.000378665
4283 0
4284 -0.000378665
4285 -0.000757566
4286 -0.000378665
4287 0
4288 -0.000378665
4289 -0.000378665
4290 0.000378665
4291 0
4292 0.000378665
4293 0
4294 -0.000757566
4295 0
4296 0.000378665
4297 -0.000378665
4298 0.000378665
4299 0
4300 0
4301 0
4302 0.000378665
4303 0.000378665
4304 -0.000378665
4305 0
4306 -0.000378665
4307 0.000378665
4308 -0.000378665
4309 0.000378665
4310 0.000378665
4311 0
4312 0.000757566
4313 0.000378665
4314 0.000378665
4315 -0.000757566
4316 -0.000378665
4317 -0.000757566
4318 0.0011367
4319 0
4320 0
4321 0
4322 0
4323 0.000757566
4324 -0.000378665
4325 -0.000378665
4326 0
4327 0
4328 0.000757566
4329 0.000757566
4330 -0.0011367
4331 -1.58873
4332 -2.56857
4333 -2.93838
4334 -3.02136
4335 -3.01378
4336 -3.00962
4337 -3.00355
4338 -3.0028
4339 -3.00734
4340 -3.00014
4341 -3.00507
4342 -2.99938
4343 -2.99825
4344 -3.00052
4345 -3.00886
4346 -3.0028
4347 -2.99105
4348 -2.99181
4349 -2.99408
4350 -3.00128
4351 -2.99446
4352 -2.99673
4353 -3.00507
4354 -3.00128
4355 -3.01075
4356 -2.99522
4357 -2.99711
4358 -3.00242
4359 -3.00999
4360 -3.00242
4361 -2.99522
4362 -3.00848
4363 -3.00052
4364 -3.00014
4365 -3.00621
4366 -2.99901
4367 -3.00204
4368 -3.00242
4369 -2.99711
4370 -2.99749
4371 -2.99787
4372 -2.99901
4373 -3.00317
4374 -2.99597
4375 -2.99181
4376 -2.99597
4377 -3.00052
4378 -2.99901
4379 -2.99408
4380 -3.00052
4381 -2.99597
4382 -2.9956
4383 -2.99673
4384 -1.72438
4385 -0.626703
4386 -0.130721
4387 0.00340988
4388 0.019324
4389 0.0185662
4390 0.0109879
4391 0.00681999
4392 0.00492572
4393 0.00378878
4394 0.00189427
4395 0
4396 0
4397 -0.000378665
4398 -0.000378665
4399 0.000378665
4400 0.000378665
4401 -0.000378665
4402 0.000378665
4403 0
4404 0.000378665
4405 0.000757566
4406 0
4407 0.000757566
4408 0
4409 0
4410 0
4411 0.000378665
4412 -0.000757566
4413 0
4414 0
4415 -0.000378665
4416 0.000378665
4417 0.000378665
4418 -0.000378665
4419 0
4420 0.000378665
4421 0
4422 -0.000378665
4423 -0.000757566
4424 0.000378665
4425 -0.000378665
4426 0
4427 0
4428 0.000378665
4429 0
4430 -0.000378665
4431 -0.000378665
4432 0.000378665
4433 0.000378665
4434 0
4435 0
4436 0
4437 -0.000378665
4438 0
4439 0.000378665
4440 0.000378665
4441 0.000378665
4442 -0.000378665
4443 0
4444 -0.000378665
4445 0.000378665
4446 0.000378665
4447 0
4448 -0.000378665
4449 0
4450 0
4451 0
4452 0
4453 0.000378665
4454 0
4455 -0.000378665
4456 -0.000378665
4457 -0.000757566
4458 0
4459 0
4460 0.000378665
4461 0
4462 0.000378665
4463 0.000378665
4464 -0.000378665
4465 0.000378665
4466 -0.000378665
4467 0.000378665
4468 0.000378665
4469 0
4470 0
4471 0
4472 0.000378665
4473 -0.000378665
4474 -0.000378665
4475 0
4476 0
4477 0.000757566
4478 -0.000378665
4479 0
4480 0.000378665
4481 0
4482 -0.000378665
4483 -0.000378665
4484 0
4485 -0.000757566
4486 -0.000378665
4487 0.000378665
4488 0.000757566
4489 0.000378665
4490 0
4491 1.29319
4492 2.46134
4493 2.89746
4494 3.02667
4495 3.02477
4496 3.01416
4497 3.00166
4498 3.0081
4499 2.99787
4500 2.99901
4501 3.00696
4502 2.99219
4503 2.99597
4504 2.99256
4505 3.00355
4506 2.99787
4507 2.99294
4508 2.99635
4509 3.00128
4510 3.00014
4511 3.00393
4512 2.99484
4513 2.99256
4514 3.00545
4515 2.99863
4516 3.0009
4517 3.00242
4518 3.01303
4519 3.00317
4520 3.00772
4521 3.01681
4522 3.01075
4523 3.00166
4524 3.00242
4525 3.00014
4526 2.99749
4527 2.99863
4528 3.01113
4529 3.00621
4530 3.00204
4531 2.99067
4532 2.99219
4533 2.99976
4534 2.99408
4535 3.00469
4536 3.00355
4537 3.00431
4538 2.9956
4539 3.00014
4540 3.00393
4541 2.99976
4542 2.99863
4543 3.00545
4544 2.13928
4545 0.876399
4546 0.215595
4547 0.00568329
4548 -0.0162928
4549 -0.0208394
4550 -0.014398
4551 -0.00795693
4552 -0.00568329
4553 -0.00416792
4554 -0.00189427
4555 -0.000378665
4556 0.000378665
4557 -0.000378665
4558 -0.000378665
4559 0.000757566
4560 0.000378665
4561 0
4562 -0.000378665
4563 -0.000757566
4564 0
4565 0.000378665
4566 0.000378665
4567 0
4568 0
4569 0.000378665
4570 0.000378665
4571 -0.000378665
4572 -0.000378665
4573 0
4574 0
4575 0
4576 0
4577 0
4578 -0.000378665
4579 0.000378665
4580 0
4581 0
4582 0.000378665
4583 0
4584 -0.000757566
4585 0
4586 -0.000757566
4587 0.000378665
4588 0.000378665
4589 0
4590 -0.000378665
4591 0
4592 0.000378665
4593 0.000378665
4594 0
4595 0.000757566
4596 0
4597 -0.000378665
4598 0.000378665
4599 0
4600 -0.000378665
4601 -0.000378665
4602 0.000378665
4603 0
4604 0.000378665
4605 0
4606 0
4607 0
4608 0.000378665
4609 0
4610 0.000378665
4611 0
4612 -0.000757566
4613 0
4614 0
4615 0
4616 0.000378665
4617 -0.000378665
4618 -0.000378665
4619 0.000378665
4620 -0.000378665
4621 0
4622 0
4623 0
4624 0.000757566
4625 -0.000378665
4626 -0.0011367
4627 -0.000378665
4628 0.000757566
4629 0.000378665
4630 0
4631 0
4632 0.000378665
4633 -0.000378665
4634 0.000378665
4635 0.000378665
4636 0
4637 0
4638 0.000757566
4639 -0.000378665
4640 0
4641 0
4642 0
4643 0.000378665
4644 0
4645 0.000378665
4646 -0.000378665
4647 0.000378665
4648 -0.000378665
4649 0
4650 0
4651 -0.928688
4652 -2.22036
4653 -2.80652
4654 -3.0081
4655 -3.02894
4656 -3.0206
4657 -3.00999
4658 -3.0009
4659 -3.00014
4660 -2.99256
4661 -3.00166
4662 -3.00204
4663 -2.99863
4664 -2.99825
4665 -3.00166
4666 -2.99711
4667 -2.99446
4668 -2.99901
4669 -3.00128
4670 -2.99938
4671 -3.00128
4672 -3.00507
4673 -2.98574
4674 -3.00166
4675 -3.00242
4676 -3.00204
4677 -3.00621
4678 -3.00166
4679 -2.99522
4680 -2.99484
4681 -3.00962
4682 -2.99105
4683 -2.99938
4684 -2.99294
4685 -3.01151
4686 -2.99901
4687 -3.00166
4688 -2.99635
4689 -2.99901
4690 -3.01037
4691 -2.99901
4692 -3.00583
4693 -3.0028
4694 -2.99749
4695 -3.00734
4696 -3.00052
4697 -2.99484
4698 -2.99749
4699 -3.00242
4700 -3.00431
4701 -2.99938
4702 -2.99635
4703 -2.99711
4704 -2.71976
4705 -1.07835
4706 -0.312973
4707 -0.0291752
4708 0.00909364
4709 0.0208394
4710 0.0159139
4711 0.00871474
4712 0.00530439
4713 0.00416792
4714 0.00227341
4715 0.0011367
4716 -0.000378665
4717 -0.0011367
4718 0.000378665
4719 0
4720 -0.000757566
4721 0
4722 0.000378665
4723 -0.000378665
4724 -0.000757566
4725 -0.000378665
4726 -0.000757566
4727 0
4728 0.000378665
4729 0
4730 -0.000378665
4731 0.000378665
4732 0.000378665
4733 0
4734 -0.000378665
4735 0.000378665
4736 0
4737 0.000757566
4738 0.000378665
4739 0
4740 0.000378665
4741 -0.000378665
4742 0
4743 0
4744 0
4745 0.000378665
4746 0.000378665
4747 0
4748 0
4749 0.000378665
4750 0
4751 0
4752 0.000378665
4753 -0.000378665
4754 0
4755 0
4756 0
4757 0
4758 0
4759 0
4760 0
4761 0.000378665
4762 0
4763 0
4764 0
4765 -0.000757566
4766 0
4767 -0.000757566
4768 0
4769 -0.000378665
4770 0.000378665
4771 -0.000378665
4772 0.000378665
4773 0.000378665
4774 0
4775 0.000378665
4776 0
4777 0
4778 0
4779 -0.000378665
4780 0.000378665
4781 0
4782 0
4783 0
4784 0.000378665
4785 0.000378665
4786 0
4787 -0.000378665
4788 0
4789 0
4790 -0.000378665
4791 0
4792 -0.000757566
4793 0
4794 -0.000378665
4795 0
4796 0.000378665
4797 -0.000378665
4798 0.000378665
4799 -0.000757566
4800 -0.000378665
4801 0.000378665
4802 0.000378665
4803 0.000378665
4804 -0.000378665
4805 -0.000378665
4806 0.000378665
4807 0
4808 0.000378665
4809 0.000378665
4810 -0.000378665
4811 0.274325
4812 1.98203
4813 2.7243
4814 2.97362
4815 3.02553
4816 3.02667
4817 3.00734
4818 3.01227
4819 3.00621
4820 3.01037
4821 2.99105
4822 2.99446
4823 3.00507
4824 2.99522
4825 2.99863
4826 2.99673
4827 2.99825
4828 2.99711
4829 3.00393
4830 3.00128
4831 3.0028
4832 3.00128
4833 3.00014
4834 3.00393
4835 2.99597
4836 2.99408
4837 3.00658
4838 3.00128
4839 2.99067
4840 3.00583
4841 3.0028
4842 2.9937
4843 3.00621
4844 3.00242
4845 3.00014
4846 3.00317
4847 3.00128
4848 3.00052
4849 2.99863
4850 3.00621
4851 2.9956
4852 3.00166
4853 2.99067
4854 2.9956
4855 3.00014
4856 2.99067
4857 2.9937
4858 3.00545
4859 3.00658
4860 3.00052
4861 3.00924
4862 3.0028
4863 2.99143
4864 2.99749
4865 1.46067
4866 0.462639
4867 0.0682023
4868 -0.00909364
4869 -0.0215972
4870 -0.0185662
4871 -0.0113668
4872 -0.00719889
4873 -0.00416792
4874 -0.00303098
4875 -0.000757566
4876 0
4877 0
4878 0
4879 0.000378665
4880 -0.000378665
4881 0.000378665
4882 -0.000378665
4883 0.000378665
4884 -0.0011367
4885 -0.000378665
4886 0.000378665
4887 -0.000378665
4888 0.000378665
4889 0
4890 0.000757566
4891 0
4892 0.000757566
4893 0
4894 -0.000378665
4895 0
4896 0.000378665
4897 -0.000757566
4898 0.000378665
4899 0
4900 0.000378665
4901 0
4902 -0.000378665
4903 0
4904 0
4905 0
4906 -0.000378665
4907 -0.000757566
4908 0
4909 0.000757566
4910 0
4911 0
4912 0
4913 0.000378665
4914 0.000378665
4915 0
4916 0
4917 -0.0011367
4918 0.000378665
4919 0.000378665
4920 0.0011367
4921 0.000378665
4922 0
4923 0
4924 -0.000378665
4925 -0.000378665
4926 -0.000378665
4927 0.000757566
4928 0
4929 0.000757566
4930 0
4931 0.000378665
4932 0.000378665
4933 -0.000378665
4934 0.000378665
4935 0.000757566
4936 0.000757566
4937 0.000757566
4938 0.000757566
4939 0
4940 0.000378665
4941 -0.000757566
4942 -0.000757566
4943 -0.000757566
4944 -0.000378665
4945 0.000757566
4946 -0.000378665
4947 0.000378665
4948 -0.000378665
4949 0
4950 -0.000378665
4951 -0.000757566
4952 0
4953 -0.000378665
4954 0.000378665
4955 0
4956 0
4957 0.000378665
4958 0
4959 -0.000378665
4960 0
4961 0
4962 -0.000378665
4963 -0.000378665
4964 0
4965 0.0011367
4966 -0.000378665
4967 -0.000378665
4968 0
4969 0.000378665
4970 0
4971 -0.000378665
4972 -1.60768
4973 -2.57198
4974 -2.9399
4975 -3.03083
4976 -3.03765
4977 -3.02136
4978 -3.00166
4979 -3.00621
4980 -3.01303
4981 -2.99673
4982 -3.00545
4983 -3.01075
4984 -2.99711
4985 -2.99787
4986 -2.99825
4987 -3.00924
4988 -3.01075
4989 -2.99901
4990 -3.00242
4991 -3.00545
4992 -2.99825
4993 -2.99446
4994 -3.00393
4995 -2.9956
4996 -3.00166
4997 -2.99597
4998 -3.00204
4999 -2.99787
5000 -2.99635
5001 -2.99787
5002 -3.00166
5003 -3.00204
5004 -3.0009
5005 -3.00583
5006 -3.00317
5007 -2.99711
5008 -3.00583
5009 -2.99863
5010 -2.9956
5011 -3.00128
5012 -3.00848
5013 -2.99332
5014 -2.99446
5015 -3.00355
5016 -2.99484
5017 -2.99484
5018 -3.00166
5019 -2.99901
5020 -2.99673
5021 -2.99597
5022 -3.00166
5023 -3.00317
5024 -3.00848
5025 -1.72514
5026 -0.629356
5027 -0.122764
5028 0.00530439
5029 0.0212183
5030 0.0204607
5031 0.0125035
5032 0.00681999
5033 0.00530439
5034 0.00340988
5035 0.000757566
5036 -0.000378665
5037 0.000378665
5038 0.000757566
5039 -0.000378665
5040 0
5041 0.000378665
5042 -0.000757566
5043 0.000378665
5044 0
5045 0
5046 -0.000757566
5047 0
5048 0
5049 -0.000378665
5050 0.000378665
5051 0
5052 -0.000378665
5053 0
5054 0
5055 -0.000378665
5056 -0.000757566
5057 0
5058 0.000757566
5059 -0.000378665
5060 0
5061 0
5062 -0.000378665
5063 0.000378665
5064 -0.000378665
5065 0
5066 -0.000757566
5067 0
5068 -0.000378665
5069 0.000378665
5070 0.000378665
5071 0
5072 0.000378665
5073 0
5074 0
5075 0
5076 0.000757566
5077 -0.000378665
5078 0.000378665
5079 0
5080 -0.000757566
5081 0
5082 0.000757566
5083 0.000378665
5084 -0.000378665
5085 0.000378665
5086 0
5087 -0.000378665
5088 -0.000378665
5089 -0.000378665
5090 0
5091 0
5092 -0.000378665
5093 -0.000378665
5094 0.000378665
5095 -0.000378665
5096 -0.000378665
5097 0
5098 -0.000378665
5099 0
5100 -0.000378665
5101 0
5102 0
5103 0
5104 0
5105 0
5106 0.000378665
5107 0.000378665
5108 0.000378665
5109 0.000378665
5110 0.000378665
5111 -0.000378665
5112 -0.000378665
5113 0.000757566
5114 0.000757566
5115 0
5116 -0.000378665
5117 0.000378665
5118 0
5119 -0.000378665
5120 0
5121 0.000757566
5122 0.000378665
5123 0
5124 -0.000378665
5125 0
5126 0.000378665
5127 0
5128 0.000757566
5129 0
5130 0
5131 0
5132 1.38602
5133 2.40299
5134 2.86336
5135 3.01681
5136 3.02326
5137 3.02098
5138 3.01568
5139 3.00507
5140 2.99825
5141 3.00431
5142 3.00166
5143 2.99938
5144 2.99749
5145 2.99938
5146 2.99219
5147 2.99787
5148 3.00204
5149 2.99635
5150 2.99597
5151 2.98764
5152 3.00545
5153 2.98953
5154 2.99901
5155 3.0028
5156 3.00355
5157 2.99938
5158 3.00166
5159 2.99825
5160 3.00431
5161 2.99408
5162 3.00014
5163 2.99938
5164 2.9956
5165 2.99105
5166 3.00393
5167 2.99749
5168 3.00469
5169 3.00204
5170 3.00166
5171 2.98764
5172 3.0009
5173 3.00317
5174 3.0028
5175 3.0009
5176 3.00393
5177 3.00583
5178 2.99597
5179 2.99635
5180 3.0028
5181 3.00204
5182 2.99446
5183 3.00962
5184 2.99673
5185 2.33214
5186 0.958621
5187 0.223931
5188 0.00416792
5189 -0.0159139
5190 -0.0215972
5191 -0.0147769
5192 -0.00833584
5193 -0.00606219
5194 -0.00416792
5195 -0.00189427
5196 0.000757566
5197 0.000378665
5198 0.000757566
5199 -0.000378665
5200 0
5201 0.000757566
5202 0.000378665
5203 -0.000757566
5204 0.000378665
5205 0.000757566
5206 0.000378665
5207 -0.000378665
5208 0
5209 0
5210 0
5211 0
5212 0
5213 -0.000378665
5214 0
5215 -0.000378665
5216 0.000378665
5217 -0.000378665
5218 -0.000378665
5219 0.000378665
5220 0.000378665
5221 -0.000378665
5222 0.000757566
5223 0
5224 0
5225 0.0011367
5226 -0.000757566
5227 0
5228 0
5229 0
5230 -0.000378665
5231 -0.000757566
5232 0.000378665
5233 -0.000378665
5234 0.000757566
5235 0.000378665
5236 -0.000378665
5237 -0.000378665
5238 0
5239 -0.000378665
5240 0
5241 0.000378665
5242 -0.000378665
5243 0.000378665
5244 0.000378665
5245 0
5246 0
5247 0
5248 0.000378665
5249 0.000757566
5250 -0.000757566
5251 -0.000378665
5252 0
5253 0
5254 -0.000378665
5255 0
5256 -0.000757566
5257 -0.000757566
5258 0
5259 -0.000757566
5260 0
5261 0
5262 0.000378665
5263 0.000378665
5264 0.000757566
5265 -0.000378665
5266 0.000378665
5267 -0.000757566
5268 0
5269 -0.000378665
5270 0.000378665
5271 -0.000378665
5272 0
5273 -0.000378665
5274 0
5275 0
5276 0
5277 -0.000757566
5278 0.000757566
5279 -0.000378665
5280 0.000378665
5281 -0.000378665
5282 -0.000378665
5283 0
5284 -0.000378665
5285 0.000378665
5286 0.000378665
5287 0
5288 0.000757566
5289 0
5290 0
5291 0
5292 -0.509244
5293 -2.1192
5294 -2.76371
5295 -2.99332
5296 -3.02629
5297 -3.02591
5298 -3.01492
5299 -3.00204
5300 -3.00052
5301 -2.9956
5302 -2.99711
5303 -2.99711
5304 -3.01037
5305 -2.99749
5306 -3.00886
5307 -3.01644
5308 -3.00507
5309 -2.99787
5310 -2.99825
5311 -3.00242
5312 -2.99635
5313 -2.9956
5314 -3.00242
5315 -2.99597
5316 -2.99256
5317 -2.99976
5318 -2.99976
5319 -2.99787
5320 -3.00658
5321 -2.99294
5322 -2.99673
5323 -3.00393
5324 -3.00242
5325 -3.00583
5326 -2.9937
5327 -2.99635
5328 -2.99294
5329 -3.0028
5330 -2.9956
5331 -3.00204
5332 -2.99863
5333 -2.99863
5334 -2.99635
5335 -2.99597
5336 -2.99408
5337 -2.99711
5338 -3.00166
5339 -3.00696
5340 -3.00393
5341 -2.98953
5342 -2.99938
5343 -2.98991
5344 -3.00204
5345 -2.99294
5346 -1.30342
5347 -0.395194
5348 -0.0674445
5349 0.00985144
5350 0.0227339
5351 0.0174295
5352 0.00909364
5353 0.00568329
5354 0.00303098
5355 0.00265207
5356 0.000757566
5357 -0.000757566
5358 0
5359 0
5360 -0.000378665
5361 0
5362 -0.000757566
5363 0.0011367
5364 0.000378665
5365 -0.000757566
5366 -0.000378665
5367 -0.0011367
5368 -0.000378665
5369 0
5370 0
5371 0
5372 0.000378665
5373 0
5374 0.000378665
5375 0
5376 0
5377 -0.000378665
5378 0
5379 0.000378665
5380 0
5381 -0.000378665
5382 -0.0011367
5383 -0.000378665
5384 -0.000378665
5385 0
5386 0
5387 -0.00151537
5388 0.000378665
5389 0
5390 0.000757566
5391 0
5392 -0.000378665
5393 -0.000378665
5394 -0.000378665
5395 -0.000378665
5396 0
5397 0
5398 0.000378665
5399 0
5400 -0.000757566
5401 0
5402 -0.000378665
5403 0.000378665
5404 -0.000378665
5405 -0.000757566
5406 0.000757566
5407 -0.000378665
5408 0.000378665
5409 -0.000378665
5410 0
5411 -0.000757566
5412 0
5413 0.000757566
5414 0.000378665
5415 -0.000378665
5416 0.000757566
5417 -0.000757566
5418 0.000378665
5419 -0.000378665
5420 -0.000378665
5421 -0.000378665
5422 0
5423 0.000378665
5424 -0.000757566
5425 0
5426 0.000378665
5427 0.000757566
5428 0.000378665
5429 0.000378665
5430 0.000378665
5431 -0.000757566
5432 -0.000378665
5433 -0.000757566
5434 0
5435 0.000378665
5436 0
5437 -0.000378665
5438 0.000378665
5439 0
5440 0.000378665
5441 -0.000378665
5442 0.000757566
5443 -0.000757566
5444 -0.000378665
5445 0
5446 0.000378665
5447 -0.000378665
5448 0
5449 0
5450 -0.000378665
5451 0
5452 0.299332
5453 1.79827
5454 2.64284
5455 2.97589
5456 3.03045
5457 3.0278
5458 3.0134
5459 3.0081
5460 3.00772
5461 3.01681
5462 3.00052
5463 2.99446
5464 2.99749
5465 2.99787
5466 3.00166
5467 3.00242
5468 2.99105
5469 2.99825
5470 2.99029
5471 2.99522
5472 3.00014
5473 2.99863
5474 2.99711
5475 2.99446
5476 2.99825
5477 3.00658
5478 2.99522
5479 3.00204
5480 3.00204
5481 2.99787
5482 2.9937
5483 3.00583
5484 3.00317
5485 2.99635
5486 2.99825
5487 2.99673
5488 2.99711
5489 2.98802
5490 2.99901
5491 3.00621
5492 3.00317
5493 3.00507
5494 3.00166
5495 2.99635
5496 2.99787
5497 2.99522
5498 2.99522
5499 3.00166
5500 2.99294
5501 3.00166
5502 2.99673
5503 2.99635
5504 3.00355
5505 3.00166
5506 1.53493
5507 0.533872
5508 0.0905572
5509 -0.00568329
5510 -0.0200818
5511 -0.019324
5512 -0.0109879
5513 -0.00644109
5514 -0.00454682
5515 -0.00265207
5516 -0.000378665
5517 0.000378665
5518 0
5519 -0.000378665
5520 0.000378665
5521 0.000378665
5522 0
5523 0
5524 0
5525 -0.000757566
5526 0
5527 0
5528 -0.000378665
5529 0
5530 0
5531 0
5532 0
5533 0
5534 0.000757566
5535 0.000378665
5536 0
5537 0
5538 -0.000378665
5539 0
5540 0
5541 0.000378665
5542 -0.000378665
5543 0.000757566
5544 0
5545 0
5546 -0.000757566
5547 0.000378665
5548 -0.000378665
5549 0.000378665
5550 -0.000378665
5551 0
5552 -0.000378665
5553 0.000378665
5554 0
5555 -0.000757566
5556 0.000378665
5557 -0.000757566
5558 -0.000378665
5559 0.000378665
5560 -0.000378665
5561 0
5562 0.000378665
5563 -0.000378665
5564 -0.000757566
5565 0
5566 0
5567 0
5568 0
5569 -0.000757566
5570 0.000757566
5571 0
5572 0
5573 0
5574 0
5575 0.000378665
5576 0.000378665
5577 0
5578 0.000757566
5579 -0.000757566
5580 -0.000757566
5581 0.000378665
5582 0
5583 0
5584 0.000757566
5585 0.000378665
5586 0
5587 0
5588 0.000378665
5589 0
5590 -0.000378665
5591 -0.000378665
5592 0
5593 -0.000378665
5594 -0.000378665
5595 -0.000378665
5596 0
5597 0.000378665
5598 0.000378665
5599 0.000378665
5600 -0.0011367
5601 0
5602 0.000378665
5603 0.000378665
5604 0.000378665
5605 -0.000378665
5606 0
5607 0
5608 -0.000378665
5609 0
5610 0
5611 0
5612 0
5613 -1.45233
5614 -2.46703
5615 -2.92019
5616 -3.01871
5617 -3.02288
5618 -3.01757
5619 -3.00621
5620 -2.99976
5621 -3.00393
5622 -2.99522
5623 -2.9956
5624 -3.00545
5625 -3.00014
5626 -2.99256
5627 -2.98802
5628 -2.99673
5629 -2.99332
5630 -2.99787
5631 -2.99787
5632 -2.99484
5633 -3.00052
5634 -2.99256
5635 -2.99446
5636 -2.99711
5637 -3.00431
5638 -2.99597
5639 -2.99787
5640 -2.99976
5641 -3.0134
5642 -3.00128
5643 -2.99825
5644 -2.99749
5645 -2.99976
5646 -3.00658
5647 -3.0081
5648 -2.99863
5649 -2.9956
5650 -2.99749
5651 -2.99597
5652 -2.99749
5653 -3.00166
5654 -2.99597
5655 -3.00317
5656 -3.01189
5657 -3.00393
5658 -3.00052
5659 -3.00734
5660 -3.00317
5661 -2.99105
5662 -2.99825
5663 -3.0009
5664 -2.99446
5665 -2.99332
5666 -2.14913
5667 -0.845708
5668 -0.176189
5669 -0.00947254
5670 0.0159139
5671 0.0197029
5672 0.0136402
5673 0.00833584
5674 0.00492572
5675 0.00378878
5676 0.000757566
5677 -0.000378665
5678 0.000378665
5679 0.0011367
5680 0.000757566
5681 0.000378665
5682 0
5683 0
5684 0.000378665
5685 0.000378665
5686 0
5687 0
5688 0.000378665
5689 0.000378665
5690 0
5691 -0.000378665
5692 0.000378665
5693 0
5694 0
5695 0.000757566
5696 -0.000757566
5697 -0.0011367
5698 0.000378665
5699 -0.000378665
5700 -0.000378665
5701 -0.000378665
5702 -0.000378665
5703 -0.000378665
5704 0.000378665
5705 0
5706 0
5707 0
5708 0
5709 0
5710 0
5711 0
5712 -0.000757566
5713 0
5714 0.000378665
5715 0
5716 0.000757566
5717 0
5718 0.000378665
5719 0
5720 0.000378665
5721 0.000378665
5722 -0.000378665
5723 -0.000378665
5724 0
5725 0
5726 0.000378665
5727 0.000378665
5728 0.000757566
5729 0
5730 -0.000378665
5731 0.000378665
5732 0
5733 -0.000378665
5734 -0.000378665
5735 0
5736 0
5737 0.000378665
5738 0
5739 0
5740 0
5741 0
5742 0.000378665
5743 0
5744 0
5745 0.000378665
5746 -0.000378665
5747 0
5748 0
5749 0
5750 0.000378665
5751 0
5752 -0.000757566
5753 0
5754 -0.000378665
5755 0
5756 -0.000757566
5757 0.000378665
5758 0
5759 0
5760 0.000378665
5761 0
5762 -0.000378665
5763 0.000378665
5764 0
5765 0.000378665
5766 -0.000757566
5767 0.000378665
5768 0
5769 0.000757566
5770 0.000757566
5771 0.000757566
5772 0.000757566
5773 0.897997
5774 2.17111
5775 2.84366
5776 2.99711
5777 3.02363
5778 3.01568
5779 3.00734
5780 2.99976
5781 3.00166
5782 3.00431
5783 2.99067
5784 2.99219
5785 2.99711
5786 2.99749
5787 2.99673
5788 3.00393
5789 2.99635
5790 2.99522
5791 2.99749
5792 2.99787
5793 3.0028
5794 2.99522
5795 2.99256
5796 3.00355
5797 3.00128
5798 2.99332
5799 3.00545
5800 2.99901
5801 3.01265
5802 2.99863
5803 3.00128
5804 2.99787
5805 3.00014
5806 3.01227
5807 2.99256
5808 2.99938
5809 2.99635
5810 2.99863
5811 2.99635
5812 3.0009
5813 2.99711
5814 3.00355
5815 2.99825
5816 2.99938
5817 3.00355
5818 2.99673
5819 3.00962
5820 3.00507
5821 2.99787
5822 2.99408
5823 3.00507
5824 2.99863
5825 2.99749
5826 2.98082
5827 1.10298
5828 0.345179
5829 0.0325855
5830 -0.00909364
5831 -0.0212183
5832 -0.0174295
5833 -0.0102303
5834 -0.00568329
5835 -0.00416792
5836 -0.00303098
5837 -0.000378665
5838 0
5839 -0.000757566
5840 0
5841 -0.000757566
5842 -0.000757566
5843 0.0011367
5844 -0.000757566
5845 0.000378665
5846 0
5847 0.0011367
5848 0.0011367
5849 0
5850 0.000378665
5851 0.000378665
5852 -0.000378665
5853 0.000378665
5854 -0.000757566
5855 -0.000378665
5856 0.000378665
5857 0.000378665
5858 0.000378665
5859 0
5860 0.000757566
5861 -0.000378665
5862 0
5863 -0.000757566
5864 0.000378665
5865 0
5866 0
5867 0
5868 0
5869 0
5870 0.000378665
5871 -0.000378665
5872 0
5873 -0.000378665
5874 0
5875 0.000757566
5876 0
5877 -0.000378665
5878 -0.000757566
5879 0
5880 0.000757566
5881 0
5882 0.000757566
5883 0.000757566
5884 0.000378665
5885 0
5886 0.000378665
5887 0
5888 -0.000378665
5889 -0.000378665
5890 0.000378665
5891 0.000378665
5892 0
5893 0.000757566
5894 0.000378665
5895 0.000757566
5896 -0.0011367
5897 -0.000378665
5898 0.000757566
5899 0.000378665
5900 0.000378665
5901 -0.000378665
5902 0
5903 0
5904 -0.000757566
5905 -0.000378665
5906 0.000378665
5907 0
5908 0.000378665
5909 0
5910 0
5911 0.000757566
5912 0
5913 0.000757566
5914 0.000378665
5915 0
5916 -0.000378665
5917 0.000378665
5918 -0.000378665
5919 0.000378665
5920 0.000757566
5921 0.000378665
5922 -0.000378665
5923 0.000378665
5924 -0.000378665
5925 -0.0011367
5926 0
5927 0
5928 -0.000378665
5929 -0.000378665
5930 -0.000757566
5931 -0.000757566
5932 0.000378665
5933 -0.0348589
5934 -1.83464
5935 -2.65231
5936 -2.98309
5937 -3.02667
5938 -3.02591
5939 -3.0081
5940 -2.99976
5941 -3.01227
5942 -2.99901
5943 -2.99901
5944 -2.99749
