0 88.2905
1 88.2905
2 -88.2905
3 -176.581
4 88.2905
5 0
6 0
7 0
8 88.2905
9 -88.2905
10 -88.2905
11 -88.2905
12 0
13 -176.581
14 0
15 -88.2905
16 0
17 -88.2905
18 0
19 88.2905
20 -176.581
21 88.2905
22 0
23 88.2905
24 -88.2905
25 0
26 0
27 -88.2905
28 -176.581
29 0
30 0
31 0
32 0
33 -88.2905
34 -88.2905
35 0
36 -88.2905
37 88.2905
38 -88.2905
39 0
40 -88.2905
41 88.2905
42 88.2905
43 0
44 -88.2905
45 88.2905
46 0
47 0
48 -88.2905
49 0
50 88.2905
51 88.2905
52 0
53 -88.2905
54 0
55 -88.2905
56 0
57 -176.581
58 88.2905
59 88.2905
60 -88.2905
61 0
62 0
63 0
64 -176.581
65 -88.2905
66 88.2905
67 -88.2905
68 88.2905
69 88.2905
70 -88.2905
71 0
72 0
73 -88.2905
74 -88.2905
75 88.2905
76 -176.581
77 88.2905
78 0
79 0
80 -88.2905
81 -88.2905
82 0
83 -88.2905
84 -176.581
85 0
86 -88.2905
87 -88.2905
88 88.2905
89 -88.2905
90 -88.2905
91 -88.2905
92 -88.2905
93 88.2905
94 -88.2905
95 176.581
96 88.2905
97 88.2905
98 0
99 0
100 0
101 88.2905
102 0
103 0
104 264.871
105 88.2905
106 88.2905
107 0
108 0
109 88.2905
110 5827.17
111 -441.452
112 -2030.68
113 -7063.24
114 -2737
115 -3443.33
116 -5385.72
117 -2383.84
118 441.452
119 1765.81
120 3090.17
121 2207.26
122 1236.07
123 441.452
124 353.162
125 264.871
126 -88.2905
127 -441.452
128 -794.614
129 -882.905
130 -1059.49
131 -1147.78
132 -1854.1
133 -529.743
134 88.2905
135 176.581
136 176.581
137 1147.78
138 3973.07
139 5738.88
140 4149.65
141 529.743
142 -529.743
143 -971.195
144 -2560.42
145 -2118.97
146 88.2905
147 264.871
148 353.162
149 441.452
150 1059.49
151 618.033
152 -264.871
153 -529.743
154 -2207.26
155 -2472.13
156 -1765.81
157 -1147.78
158 -4061.36
159 -5827.17
160 -2648.71
161 529.743
162 3266.75
163 3619.91
164 3178.46
165 1324.36
166 618.033
167 353.162
168 176.581
169 -88.2905
170 88.2905
171 88.2905
172 -88.2905
173 -88.2905
174 0
175 0
176 88.2905
177 1854.1
178 2913.59
179 2560.42
180 971.195
181 88.2905
182 -88.2905
183 -618.033
184 -2118.97
185 -2825.3
186 -1500.94
187 -529.743
188 -176.581
189 -264.871
190 0
191 88.2905
192 -264.871
193 -264.871
194 -176.581
195 -2295.55
196 -5120.85
197 -3001.88
198 353.162
199 1059.49
200 3355.04
201 2737
202 1942.39
203 882.905
204 706.324
205 176.581
206 353.162
207 88.2905
208 -176.581
209 -176.581
210 -176.581
211 -353.162
212 -971.195
213 -1942.39
214 -2030.68
215 -794.614
216 -971.195
217 -88.2905
218 1059.49
219 1236.07
220 3355.04
221 1059.49
222 -88.2905
223 88.2905
224 264.871
225 88.2905
226 88.2905
227 -264.871
228 88.2905
229 -88.2905
230 -176.581
231 353.162
232 882.905
233 1942.39
234 5032.56
235 3619.91
236 -88.2905
237 -353.162
238 -2472.13
239 -3266.75
240 -2207.26
241 -1324.36
242 -706.324
243 -529.743
244 -264.871
245 -264.871
246 -88.2905
247 -176.581
248 0
249 88.2905
250 -88.2905
251 0
252 0
253 0
254 88.2905
255 -88.2905
256 0
257 -88.2905
258 0
259 0
260 0
261 -176.581
262 -176.581
263 0
264 0
265 0
266 0
267 0
268 -176.581
269 0
270 0
271 -88.2905
272 -88.2905
273 -176.581
274 88.2905
275 176.581
276 0
277 0
278 0
279 0
280 -176.581
281 -88.2905
282 0
283 0
284 0
285 -88.2905
286 0
287 -176.581
288 88.2905
289 0
290 0
291 -176.581
292 -88.2905
293 88.2905
294 0
295 0
296 -88.2905
297 -264.871
298 -88.2905
299 88.2905
300 -88.2905
301 0
302 -88.2905
303 -88.2905
304 -176.581
305 88.2905
306 0
307 0
308 88.2905
309 88.2905
310 -88.2905
311 -176.581
312 88.2905
313 0
314 -88.2905
315 -176.581
316 88.2905
317 88.2905
318 -88.2905
319 -88.2905
320 0
321 -88.2905
322 88.2905
323 -88.2905
324 -88.2905
325 -88.2905
326 -88.2905
327 88.2905
328 0
329 0
330 176.581
331 0
332 -176.581
333 -176.581
334 -264.871
335 -2472.13
336 -2383.84
337 -2030.68
338 -971.195
339 353.162
340 264.871
341 353.162
342 882.905
343 1854.1
344 1147.78
345 176.581
346 -176.581
347 -88.2905
348 618.033
349 264.871
350 -88.2905
351 -176.581
352 618.033
353 -88.2905
354 88.2905
355 529.743
356 618.033
357 2648.71
358 5385.72
359 5297.43
360 706.324
361 -882.905
362 -2737
363 -3443.33
364 -2913.59
365 -1854.1
366 -1059.49
367 -441.452
368 -353.162
369 -176.581
370 -264.871
371 0
372 0
373 0
374 88.2905
375 353.162
376 176.581
377 1059.49
378 1412.65
379 1589.23
380 618.033
381 441.452
382 0
383 -353.162
384 -176.581
385 -353.162
386 -794.614
387 -1236.07
388 -971.195
389 -1059.49
390 -529.743
391 -529.743
392 -441.452
393 -264.871
394 -529.743
395 -2737
396 -11301.2
397 -2825.3
398 353.162
399 1765.81
400 4149.65
401 3443.33
402 2295.55
403 882.905
404 264.871
405 88.2905
406 88.2905
407 176.581
408 264.871
409 176.581
410 1236.07
411 1765.81
412 2383.84
413 1854.1
414 794.614
415 -88.2905
416 -176.581
417 -441.452
418 -1324.36
419 -1942.39
420 -1059.49
421 -794.614
422 -1059.49
423 -706.324
424 -529.743
425 -441.452
426 -441.452
427 -88.2905
428 -88.2905
429 -353.162
430 -88.2905
431 0
432 -264.871
433 -176.581
434 -882.905
435 -3178.46
436 -3796.49
437 353.162
438 706.324
439 3178.46
440 3178.46
441 2472.13
442 1059.49
443 441.452
444 176.581
445 -88.2905
446 88.2905
447 88.2905
448 0
449 -88.2905
450 -88.2905
451 -88.2905
452 -88.2905
453 88.2905
454 88.2905
455 0
456 176.581
457 0
458 0
459 88.2905
460 176.581
461 -88.2905
462 88.2905
463 0
464 0
465 -88.2905
466 0
467 0
468 264.871
469 88.2905
470 -176.581
471 0
472 88.2905
473 0
474 -88.2905
475 -88.2905
476 88.2905
477 88.2905
478 0
479 0
480 0
481 88.2905
482 88.2905
483 176.581
484 88.2905
485 -88.2905
486 176.581
487 -176.581
488 88.2905
489 0
490 0
491 -88.2905
492 88.2905
493 88.2905
494 0
495 0
496 176.581
497 0
498 88.2905
499 0
500 0
501 176.581
502 0
503 0
504 88.2905
505 0
506 0
507 0
508 -88.2905
509 -176.581
510 0
511 0
512 88.2905
513 0
514 88.2905
515 0
516 -88.2905
517 -88.2905
518 0
519 88.2905
520 0
521 0
522 0
523 -176.581
524 88.2905
525 0
526 0
527 0
528 0
529 88.2905
530 0
531 0
532 -88.2905
533 -88.2905
534 88.2905
535 88.2905
536 88.2905
537 88.2905
538 88.2905
539 -88.2905
540 0
541 88.2905
542 0
543 88.2905
544 0
545 0
546 -176.581
547 -88.2905
548 -88.2905
549 0
550 0
551 -88.2905
552 0
553 176.581
554 -88.2905
555 0
556 -176.581
557 -88.2905
558 -88.2905
559 88.2905
560 -88.2905
561 176.581
562 -88.2905
563 0
564 0
565 88.2905
566 -88.2905
567 0
568 0
569 -176.581
570 -88.2905
571 -176.581
572 0
573 -88.2905
574 0
575 0
576 88.2905
577 -88.2905
578 -88.2905
579 176.581
580 0
581 0
582 0
583 0
584 176.581
585 0
586 176.581
587 88.2905
588 -88.2905
589 88.2905
590 -88.2905
591 -88.2905
592 0
593 0
594 88.2905
595 0
596 -88.2905
597 -88.2905
