0 0
1 0.00757803
2 -0.00757803
3 0.00378902
4 0
5 0
6 0.011367
7 0.00757803
8 -0.00378902
9 -0.00378902
10 -0.00378902
11 -0.00378902
12 0
13 0.00378902
14 0
15 0.00757803
16 0
17 -0.00378902
18 -0.00378902
19 0.00378902
20 0
21 0.00378902
22 0.00757803
23 0
24 0
25 0
26 0.00378902
27 0
28 0
29 0.00378902
30 0.00378902
31 0
32 0
33 0
34 -0.00378902
35 0.00378902
36 -0.00378902
37 0.00378902
38 0.00378902
39 -0.00378902
40 0
41 -0.00757803
42 0.00378902
43 0.00378902
44 -0.00378902
45 -0.00378902
46 -0.00378902
47 -0.00757803
48 0.00378902
49 -0.00378902
50 0
51 0.00378902
52 0
53 0.00378902
54 0.00378902
55 0
56 0.00757803
57 0.00378902
58 0
59 0.00378902
60 0
61 -0.00378902
62 0
63 0.00378902
64 -0.00378902
65 0
66 0.00378902
67 0.011367
68 0
69 0
70 0
71 0.00378902
72 -0.00378902
73 0
74 0
75 0
76 0.00378902
77 0
78 -0.00378902
79 0.00378902
80 0
81 0
82 0
83 0
84 0
85 0
86 -0.00378902
87 -0.00378902
88 0
89 0
90 -0.00378902
91 -0.00378902
92 -0.00378902
93 0.00757803
94 0
95 0.00378902
96 -0.00378902
97 -0.00757803
98 -0.00757803
99 0
100 -0.00378902
101 -0.00378902
102 -0.00378902
103 -0.00757803
104 0.00757803
105 0
106 0.00378902
107 -0.00378902
108 0.00378902
109 -0.00757803
110 -0.0189451
111 0.00757803
112 0.00378902
113 0
114 0
115 0.00757803
116 -0.00378902
117 0
118 0.00378902
119 0
120 0
121 0
122 0.00378902
123 0.00378902
124 0
125 0
126 0
127 0
128 0.00378902
129 0.00757803
130 -0.00757803
131 0
132 -0.00757803
133 0
134 0
135 0.011367
136 0
137 0.00757803
138 0.00757803
139 -0.00378902
140 0.00378902
141 0.00378902
142 0
143 0
144 0
145 0
146 0.00378902
147 0
148 0
149 0.00378902
150 0
151 0
152 0.00378902
153 0.00378902
154 0.011367
155 0
156 -0.00757803
157 0
158 0.00378902
159 0.00757803
160 0
161 0
162 0.00378902
163 0
164 0
165 0
166 0.00378902
167 0
168 0.00378902
169 0.00757803
170 -0.00757803
171 0.00378902
172 0
173 -0.00378902
174 -0.00378902
175 0.00378902
176 0
177 0
178 0.00378902
179 -0.00757803
180 0.00378902
181 0
182 -0.00378902
183 -0.00378902
184 -0.00378902
185 0
186 0.00378902
187 -0.011367
188 0
189 0.00378902
190 0
191 0
192 0.0151561
193 0.00757803
194 0.00378902
195 0.00757803
196 -0.00378902
197 0.00378902
198 0.00757803
199 0.00757803
200 0
201 0.00378902
202 -0.00757803
203 -0.00378902
204 0
205 -0.00378902
206 0.011367
207 0.00757803
208 0.00378902
209 0.00378902
210 0.00378902
211 0
212 0.00757803
213 -0.011367
214 0.00378902
215 0
216 0
217 -0.00378902
218 0.00757803
219 0.00378902
220 -0.00378902
221 0.00378902
222 0
223 0.00378902
224 0
225 0
226 0.011367
227 0.00757803
228 0
229 -0.00378902
230 0
231 -0.00378902
232 -0.00378902
233 -0.00378902
234 0
235 0
236 0
237 0
238 0
239 -0.00378902
240 0.00378902
241 -0.00378902
242 0
243 -0.00378902
244 -0.00378902
245 -0.00378902
246 0
247 0.00378902
248 -0.00378902
249 0.00757803
250 -0.00378902
251 -0.00378902
252 -0.00378902
253 0.00378902
254 0.00378902
255 -0.00757803
256 0.00378902
257 0
258 -0.00378902
259 0
260 0
261 0
262 0
263 0
264 -0.00757803
265 0.00757803
266 0
267 0
268 0
269 0.00378902
270 -0.00378902
271 0.00378902
272 0
273 -0.00378902
274 0.00378902
275 -0.00378902
276 0
277 0
278 0
279 0.00378902
280 -0.00757803
281 0.00757803
282 -0.00757803
283 0
284 -0.00378902
285 0.00378902
286 0
287 0.00378902
288 -0.00378902
289 0.00378902
290 0.00757803
291 -0.00378902
292 0
293 0.00378902
294 0.00757803
295 0
296 0.00378902
297 -0.00378902
298 0
299 -0.00378902
300 0
301 0.00378902
302 0
303 -0.00378902
304 0.00378902
305 -0.00378902
306 0.00757803
307 0
308 0.00757803
309 -0.00757803
310 0.00378902
311 0.00378902
312 0
313 0
314 -0.00378902
315 -0.00378902
316 -0.00757803
317 -0.00378902
318 -0.00757803
319 0.00378902
320 -0.00378902
321 0.00378902
322 -0.011367
323 -0.00757803
324 -0.00378902
325 0.00757803
326 -0.00378902
327 0
328 0
329 0
330 0.00378902
331 -0.00378902
332 -0.00378902
333 0.00757803
334 0
335 0.00378902
336 -0.00378902
337 0
338 -0.00378902
339 -0.00378902
340 0
341 -0.00378902
342 0.00757803
343 0
344 -0.00378902
345 -0.00378902
346 0
347 0
348 0
349 0.00378902
350 0
351 0
352 -0.00378902
353 0
354 0.00378902
355 0.00378902
356 0.00378902
357 0
358 -0.00378902
359 0
360 0
361 0.00378902
362 -0.00378902
363 0
364 0
365 0
366 -0.00757803
367 0
368 -0.00757803
369 0
370 -0.00757803
371 0.00757803
372 -0.00757803
373 0
374 0
375 -0.00378902
376 0
377 0
378 0
379 -0.00757803
380 -0.00378902
381 0
382 0
383 0
384 -0.00378902
385 -0.00378902
386 0
387 -1.23143
388 -16.4936
389 -46.5367
390 -70.2484
391 -80.24
392 -82.7445
393 -83.4114
394 -83.1879
395 -82.8241
396 -82.915
397 -82.8355
398 -82.7066
399 -76.7352
400 -56.3768
401 -27.1672
402 -7.95315
403 -0.935887
404 0.208396
405 0.526673
406 0.394058
407 0.219763
408 0.0947254
409 0.0416792
410 0.0151561
411 0.00378902
412 0
413 0
414 -0.00757803
415 0
416 0
417 -0.00378902
418 0
419 0.00757803
420 -0.00378902
421 -0.00378902
422 0.00378902
423 -0.00757803
424 -0.00378902
425 0.00378902
426 0
427 0
428 0
429 0
430 0.00378902
431 0.00378902
432 -0.00378902
433 -0.00757803
434 0
435 -0.00378902
436 0
437 -0.00378902
438 0.00757803
439 0.00378902
440 0
441 -0.00378902
442 0
443 0
444 0
445 0
446 0.00378902
447 0.00378902
448 0.00378902
449 0
450 0
451 0.00378902
452 -0.00378902
453 0.00757803
454 0.00378902
455 0.00757803
456 0
457 -0.00757803
458 -0.00378902
459 -0.011367
460 0.00378902
461 0.00378902
462 0.00378902
463 0.00378902
464 0.00378902
465 0
466 -0.00378902
467 -0.00378902
468 0.00378902
469 0
470 0.00378902
471 0.00378902
472 0
473 0
474 -0.00378902
475 -0.00757803
476 -0.011367
477 0.00378902
478 0
479 0.00378902
480 0
481 0.00378902
482 0
483 -0.00757803
484 0.00378902
485 -0.00378902
486 0.00378902
487 -0.011367
488 -0.00378902
489 0.00378902
490 0
491 0
492 0.00378902
493 -0.00757803
494 0.00378902
495 0.00757803
496 0.00378902
497 0.00378902
498 0
499 0
500 -0.00378902
501 -0.00378902
502 0
503 0.00378902
504 0
505 0
506 -0.00378902
507 0.00378902
508 0.00378902
509 0
510 0
511 -0.00378902
512 0
513 0
514 0.00757803
515 0
516 0
517 -0.011367
518 -0.00378902
519 0.00757803
520 0
521 0
522 -0.00757803
523 0.00378902
524 0.00757803
525 0
526 -0.00757803
527 0
528 0.00757803
529 0
530 -0.00378902
531 0.00378902
532 -0.00378902
533 -0.00378902
534 0
535 0
536 -0.00757803
537 -0.00378902
538 -0.00757803
539 -0.00378902
540 0
541 -0.00757803
542 -0.00757803
543 -0.00378902
544 0
545 0
546 0
547 0.00378902
548 10.6055
549 32.9985
550 62.7006
551 77.7468
552 82.3467
553 83.2788
554 83.2826
555 83.0401
556 82.8809
557 82.8203
558 82.7142
559 80.1983
560 64.9778
561 37.0035
562 12.3673
563 2.87207
564 -0.11746
565 -0.53804
566 -0.439526
567 -0.261442
568 -0.128827
569 -0.0568352
570 -0.0303121
571 -0.00757803
572 -0.00378902
573 -0.00378902
574 0.011367
575 0
576 -0.00378902
577 0.00757803
578 0.00757803
579 -0.00378902
