0 0
1 0
2 0
3 0
4 0
5 0
6 0
7 0
8 0
9 0
10 0
11 0
12 0
13 0
14 0
15 0
16 0
17 0
18 0
19 0
20 0
21 0
22 0
23 0
24 0
25 0
26 0
27 0
28 0
29 0
30 0
31 0
32 0
33 0
34 0
35 0
36 0
37 0
38 0
39 0
40 0
41 0
42 0
43 0
44 0
45 0
46 0
47 0
48 0
49 0
50 0
51 0
52 0
53 0
54 0
55 0
56 0
57 0
58 0
59 0
60 0
61 0
62 0
63 0
64 0
65 0
66 0
67 0
68 0
69 0
70 0
71 0
72 0
73 0
74 0
75 0
76 0
77 0
78 0
79 0
80 0
81 0
82 0
83 0
84 0
85 0
86 0
87 0
88 0
89 0
90 0
91 0
92 0
93 0
94 0
95 0
96 0
97 0
98 0
99 0
100 0
101 0
102 0
103 0
104 0
105 0
106 0
107 0.00121
108 0.00121
109 0.00121
110 0.00121
111 0.00121
112 0.00121
113 0.00121
114 0.00121
115 0.00121
116 0.00121
117 0.00121
118 0.00121
119 0.00121
120 0.00121
121 0.00121
122 0.00121
123 0.00121
124 0.00121
125 0.00121
126 0.00121
127 0.00121
128 0.00121
129 0.00121
130 0.00121
131 0.00121
132 0.00121
133 0.00121
134 0.00121
135 0.00121
136 0.00121
137 0.00121
138 0.00121
139 0.00121
140 0.00121
141 0.00121
142 0.00121
143 0.00121
144 0.00121
145 0.00121
146 0.00121
147 0.00121
148 0.00121
149 0.00121
150 0.00121
151 0.00121
152 0.00121
153 0.00121
154 0.00121
155 0.00121
156 0.00121
157 0.00121
158 0.00121
159 0.00121
160 0.00121
161 0.00121
162 0.00121
163 0.00121
164 0.00121
165 0.00121
166 0.00121
167 0.00121
168 0.00121
169 0.00121
170 0.00121
171 0.00121
172 0.00121
173 0.00121
174 0.00121
175 0.00121
176 0.00121
177 0.00121
178 0.00121
179 0.00121
180 0.00121
181 0.22022
182 0.26741
183 0.17182
184 0.10406
185 0.07381
186 0.0605
187 0.06776
188 0.06534
189 0.06413
190 0.06776
191 0.07502
192 0.0726
193 0.06776
194 0.07139
195 0.06776
196 0.07502
197 0.0605
198 0.07139
199 0.07139
200 0.06534
201 0.06776
202 0.07139
203 0.07744
204 0.07381
205 0.06776
206 0.0726
207 0.06776
208 0.07381
209 0.06413
210 0.07139
211 0.06655
212 0.07139
213 0.0726
214 0.06292
215 0.0726
216 0.06897
217 0.06897
218 0.07623
219 0.06776
220 0.06534
221 0.07139
222 0.06897
223 0.06897
224 0.06534
225 0.07139
226 0.06655
227 0.07623
228 0.06655
229 0.06171
230 0.06534
231 0.06413
232 0.07502
233 0.06897
234 0.07018
235 0.07018
236 0.06655
237 0.07744
238 0.06413
239 0.0726
240 0.06534
241 0.06655
242 0.06776
243 0.06292
244 0.0726
245 0.06897
246 0.06655
247 0.06776
248 0.06655
249 0.06897
250 0.06171
251 0.07018
252 0.06776
253 0.06655
254 0.06776
255 0.06413
256 0.07018
257 0.06413
258 0.06534
259 0.06776
260 0.06171
261 0.07139
262 0.06292
263 0.07139
264 0.05929
265 0.06292
266 0.07018
267 0.05929
268 0.07018
269 0.07139
270 0.06534
271 0.06413
272 0.0605
273 0.07381
274 0.06776
275 0.07018
276 0.06655
277 0.05808
278 0.06655
279 0.05808
280 0.07018
281 0.06413
282 0.05929
283 0.0726
284 0.0605
285 0.0726
286 0.06171
287 0.07018
288 0.06776
289 0.05808
290 0.05566
291 0.06171
292 0.07381
293 0.0726
294 0.06655
295 0.06776
296 0.06292
297 0.06655
298 0.05324
299 0.07381
300 0.06897
301 0.05808
302 0.06534
303 0.05808
304 0.07018
305 0.07381
306 0.06655
307 0.06413
308 0.0605
309 0.06292
310 0.0605
311 0.06897
312 0.06292
313 0.0605
314 0.06413
315 0.05929
316 0.06655
317 0.06655
318 0.06171
319 0.06413
320 0.0605
321 0.06897
322 0.05929
323 0.06655
324 0.06776
325 0.05929
326 0.06292
327 0.05808
328 0.06776
329 0.06776
330 0.07381
331 0.05566
332 0.05687
333 0.0605
334 0.06171
335 0.06897
336 0.06655
337 0.06292
338 0.06534
339 0.06171
340 0.06776
341 0.06413
342 0.05445
343 0.06292
344 0.05808
345 0.06534
346 0.0605
347 0.06534
348 0.06776
349 0.06292
350 0.06655
351 0.06171
352 0.06292
353 0.06534
354 0.06413
355 0.06534
356 0.0605
357 0.07502
358 0.06776
359 0.06655
360 0.06776
361 0.06171
362 0.06413
363 0.05929
364 0.06897
365 0.06897
366 0.06413
367 0.06534
368 0.06292
369 0.07018
370 0.06292
371 0.06413
372 0.06655
373 0.0605
374 0.06413
375 0.06171
376 0.06171
377 0.06776
378 0.05808
379 0.06534
380 0.06534
381 0.06292
382 0.05929
383 0.06292
384 0.06776
385 0.06171
386 0.06897
387 0.06413
388 0.06413
389 0.06413
390 0.0605
391 0.05929
392 0.05929
393 0.06534
394 0.06292
395 0.07139
396 0.06534
397 0.05566
398 0.06897
399 0.06292
400 0.06776
401 0.06534
402 0.06534
403 0.06655
404 0.06292
405 0.06897
406 0.06171
407 0.05808
408 0.06413
409 0.05929
410 0.06655
411 0.05445
412 0.0726
413 0.06534
414 0.05566
415 0.06534
416 0.05808
417 0.06655
418 0.05687
419 0.05687
420 0.06655
421 0.06413
422 0.06534
423 0.05929
424 0.06413
425 0.06655
426 0.06534
427 0.05929
428 0.06413
429 0.06776
430 0.06776
431 0.06171
432 0.07018
433 0.06292
434 0.06655
435 0.0605
436 0.06776
437 0.06292
438 0.06292
439 0.06655
440 0.06292
441 0.07139
442 0.07018
443 0.06776
444 0.06776
445 0.06292
446 0.0726
447 0.06534
448 0.07744
449 0.06655
450 0.06413
451 0.06897
452 0.06171
453 0.07018
454 0.06655
455 0.06534
456 0.06776
457 0.06413
458 0.07139
459 0.06655
460 0.06534
461 0.06292
462 0.05566
463 0.07018
464 0.06776
465 0.07018
466 0.06897
467 0.06655
468 0.06655
469 0.05929
470 0.06897
471 0.06534
472 0.06292
473 0.07018
474 0.06897
475 0.06897
476 0.06655
477 0.07139
478 0.06897
479 0.06534
480 0.06776
481 0.06534
482 0.07139
483 0.06897
484 0.06171
485 0.06897
486 0.06534
487 0.06413
488 0.06292
489 0.06655
490 0.06776
491 0.06171
492 0.06897
493 0.05808
494 0.07018
495 0.07139
496 0.06655
497 0.06897
498 0.06171
499 0.06776
500 0.06776
501 0.06897
502 0.06776
503 0.07018
504 0.06776
505 0.06292
506 0.07502
507 0.06897
508 0.06534
509 0.06655
510 0.06292
511 0.07502
512 0.06655
513 0.07139
514 0.06655
515 0.06171
516 0.07139
517 0.0605
518 0.06776
519 0.06776
520 0.06171
521 0.06897
522 0.06655
523 0.07381
524 0.06413
525 0.07018
526 0.06534
527 0.07018
528 0.07018
529 0.0605
530 0.0726
531 0.06292
532 0.06897
533 0.07139
534 0.06171
535 0.07018
536 0.06534
537 0.06776
538 0.06655
539 0.05929
540 0.07139
541 0.06655
542 0.07139
543 0.06171
544 0.06413
545 0.06413
546 0.0605
547 0.06655
548 0.07018
549 0.06292
550 0.07018
551 0.06897
552 0.06292
553 0.06413
554 0.07744
555 0.06897
556 0.0605
557 0.0605
558 0.06292
559 0.06897
560 0.0605
561 0.07139
562 0.06776
563 0.06655
564 0.06776
565 0.06534
566 0.06897
567 0.06655
568 0.06655
569 0.07018
570 -0.59653
571 -0.37994
572 -0.1936
573 -0.10406
574 -0.07018
575 -0.06413
576 -0.0605
577 -0.06655
578 -0.06776
579 -0.06292
580 -0.06292
581 -0.05203
582 -0.06776
583 -0.06776
584 -0.06292
585 -0.07018
586 -0.05929
587 -0.07381
588 -0.05929
589 -0.05929
590 -0.06171
591 -0.06171
592 -0.06171
593 -0.05929
594 -0.07139
595 -0.05929
596 -0.05929
597 -0.06534
598 -0.0605
599 -0.06534
600 -0.06292
601 -0.06292
602 -0.06171
603 -0.06171
604 -0.07018
605 -0.05687
606 -0.0726
607 -0.06171
608 -0.06655
609 -0.06534
610 -0.06171
611 -0.06534
612 -0.06413
613 -0.06413
614 -0.06534
615 -0.05808
616 -0.06292
617 -0.05445
618 -0.06413
619 -0.05687
620 -0.06413
621 -0.0605
622 -0.0605
623 -0.06292
624 -0.06534
625 -0.06655
626 -0.05929
627 -0.06292
628 -0.06171
629 -0.05808
630 -0.06776
631 -0.0605
632 -0.05929
633 -0.06413
634 -0.05445
635 -0.06655
636 -0.05929
637 -0.05929
638 -0.06413
639 -0.05808
640 -0.06655
641 -0.05808
642 -0.06534
643 -0.05808
644 -0.06292
645 -0.06534
646 -0.05929
647 -0.06534
648 -0.05808
649 -0.06413
650 -0.05808
651 -0.05566
652 -0.06413
653 -0.05929
654 -0.06534
655 -0.05929
656 -0.06292
657 -0.0605
658 -0.05324
659 -0.06534
660 -0.05929
661 -0.06534
662 -0.05808
663 -0.05566
664 -0.07018
665 -0.0605
666 -0.05929
667 -0.05929
668 -0.06171
669 -0.06655
670 -0.05445
671 -0.06776
672 -0.0605
673 -0.06534
674 -0.06171
675 -0.05929
676 -0.06534
677 0.24805
678 0.10769
679 0.02783
680 -0.01573
681 0.01573
682 0.02178
683 0.02662
684 0.02662
685 0.02541
686 0.02662
687 0.02662
688 0.02541
689 0.0242
690 0.0242
691 0.02299
692 0.02299
693 0.02178
694 0.02178
695 0.02057
696 0.02057
697 0.01936
698 0.01936
699 0.01815
700 0.01815
701 0.01815
702 0.01694
703 0.01694
704 0.01694
705 0.01694
706 0.01694
707 0.01573
708 0.01573
709 0.01573
710 0.01573
711 0.01573
712 0.01573
713 0.01452
714 0.01452
715 0.01452
716 0.01452
717 0.01452
718 0.01452
719 0.01452
720 0.01452
721 0.01452
722 0.01452
723 0.01452
724 0.01452
725 0.01452
726 0.01452
727 0.01452
728 0.01452
729 0.01452
730 0.01452
731 0.01452
732 0.01452
733 0.01452
734 0.01452
735 0.01452
736 0.01452
737 0.01452
738 0.01452
739 0.01452
740 0.01331
741 0.01452
742 0.01331
743 0.01452
744 0.01331
745 0.01452
746 0.01452
747 0.01452
748 0.01452
749 0.01452
750 0.01331
751 0.01452
752 0.01331
753 0.01331
754 0.01452
755 0.01452
756 0.01331
757 0.01452
758 0.01331
759 0.01452
760 0.01331
761 0.01452
762 0.01331
763 0.01331
764 0.01452
765 0.01452
766 0.01331
767 0.01331
768 0.01331
769 0.01331
770 0.01452
771 0.01452
772 0.01452
773 0.01452
774 0.01331
775 0.01331
776 0.01331
777 0.01331
778 0.01331
779 0.01452
780 0.01452
781 0.01452
782 0.01452
783 0.01452
784 0.01331
785 0.01452
786 0.01452
787 0.01452
788 0.01452
789 0.01452
790 0.01452
791 0.01452
792 0.01331
793 0.01452
794 0.01452
795 0.01452
796 0.01452
797 0.01452
798 0.01331
799 0.01331
800 0.01331
801 0.01452
802 0.01452
803 0.01452
804 0.01452
805 0.01331
806 0.01331
807 0.01452
808 0.01331
809 0.01331
810 0.01452
811 0.01331
812 0.01331
813 0.01452
814 0.01452
815 0.01452
816 0.01452
817 0.01331
818 0.01331
819 0.01331
820 0.01331
821 0.01452
822 0.30008
823 0.26862
824 0.16698
825 0.09801
826 0.06534
827 0.06413
828 0.07139
829 0.07502
830 0.06776
831 0.06534
832 0.07018
833 0.07018
834 0.06655
835 0.06897
836 0.06776
837 0.07139
838 0.06413
839 0.06776
840 0.06897
841 0.06413
842 0.06776
843 0.06776
844 0.0726
845 0.06534
846 0.06534
847 0.06655
848 0.06292
849 0.06776
850 0.06413
851 0.06776
852 0.06413
853 0.06413
854 0.06413
855 0.06534
856 0.06776
857 0.07139
858 0.06655
859 0.06292
860 0.06171
861 0.07018
862 0.06776
863 0.06413
864 0.05808
865 0.06897
866 0.0726
867 0.0605
868 0.06776
869 0.06897
870 0.06776
871 0.06897
872 0.06413
873 0.06655
874 0.0605
875 0.06413
876 0.06413
