0 0.00378902
1 0.00378902
2 0.00378902
3 0
4 0.00378902
5 -0.00378902
6 -0.00378902
7 0
8 0
9 0.00378902
10 0
11 0.00378902
12 0
13 -0.00378902
14 -0.00378902
15 0
16 0
17 -0.00378902
18 0
19 -0.00378902
20 0.00378902
21 0
22 0.00757803
23 0
24 -0.00378902
25 0.00378902
26 0
27 0
28 0
29 0
30 0.00378902
31 0
32 -0.00757803
33 0.00378902
34 -0.00378902
35 0
36 0.00378902
37 0
38 -0.00378902
39 0
40 -0.00757803
41 -0.00378902
42 0.00378902
43 0
44 0
45 0
46 -0.00757803
47 0.00378902
48 0
49 0.00378902
50 -0.00378902
51 0
52 -0.00378902
53 0
54 -0.00378902
55 -0.00378902
56 -0.00378902
57 -0.00378902
58 -0.00378902
59 0
60 0.00378902
61 0
62 -0.00757803
63 0
64 -0.00378902
65 -0.00378902
66 -0.00378902
67 -0.00378902
68 0.00757803
69 -0.00378902
70 0.00378902
71 0.00378902
72 0
73 0.00378902
74 0.00378902
75 0.00757803
76 0
77 -0.00757803
78 0
79 0
80 -0.00378902
81 0
82 0
83 0
84 0
85 0
86 0
87 0
88 -0.00378902
89 -0.00378902
90 -0.00378902
91 0.00757803
92 0
93 0.00378902
94 -0.00378902
95 0
96 0.00378902
97 0
98 0
99 -0.00378902
100 0
101 0.00378902
102 0
103 -0.00378902
104 0.00378902
105 0
106 0.00757803
107 -0.00378902
108 0.00378902
109 0.00378902
110 0.00757803
111 0.00378902
112 -0.00378902
113 -0.00378902
114 0.00378902
115 0
116 0
117 0
118 0
119 -0.00378902
120 0
121 0
122 0
123 0
124 0
125 0
126 0
127 -0.00378902
128 0.00757803
129 -0.00378902
130 0
131 0
132 0
133 0.00378902
134 0
135 0
136 -0.00757803
137 0
138 -0.00378902
139 -0.00757803
140 -0.00378902
141 0
142 -0.00378902
143 0
144 0.00378902
145 -0.00378902
146 0.011367
147 -0.00378902
148 -0.00757803
149 -0.00378902
150 0
151 0
152 -0.00378902
153 0
154 0.00378902
155 -0.00378902
156 0
157 0
158 0
159 -0.00757803
160 0
161 0
162 -0.00378902
163 -0.00757803
164 0.00378902
165 0.00378902
166 0
167 -0.00757803
168 -0.00378902
169 0.00757803
170 -0.00378902
171 0
172 0
173 0.00378902
174 -0.00757803
175 -0.00378902
176 0
177 -0.00378902
178 0
179 0
180 -0.00378902
181 0
182 0.00378902
183 0
184 0
185 0
186 0
187 0.00378902
188 -0.011367
189 0
190 -0.00378902
191 0.00378902
