0 88.2905
1 -88.2905
2 -88.2905
3 88.2905
4 176.581
5 -88.2905
6 88.2905
7 -88.2905
8 0
9 0
10 -88.2905
11 0
12 88.2905
13 0
14 88.2905
15 0
16 -88.2905
17 176.581
18 0
19 -88.2905
20 0
21 0
22 88.2905
23 0
24 0
25 88.2905
26 88.2905
27 -88.2905
28 88.2905
29 -88.2905
30 -88.2905
31 0
32 0
33 0
34 -88.2905
35 88.2905
36 0
37 88.2905
38 0
39 -88.2905
40 0
41 0
42 -88.2905
43 0
44 176.581
45 0
46 88.2905
47 88.2905
48 0
49 88.2905
50 0
51 0
52 0
53 88.2905
54 88.2905
55 88.2905
56 0
57 -88.2905
58 0
59 -88.2905
60 0
61 0
62 0
63 88.2905
64 -88.2905
65 88.2905
66 0
67 176.581
68 -88.2905
69 -88.2905
70 0
71 88.2905
72 0
73 0
74 -88.2905
75 0
76 -88.2905
77 -88.2905
78 -88.2905
79 88.2905
80 176.581
81 -88.2905
82 -88.2905
83 0
84 88.2905
85 88.2905
86 0
87 -176.581
88 0
89 88.2905
90 -88.2905
91 0
92 0
93 0
94 0
95 0
96 0
97 0
98 -88.2905
99 0
100 88.2905
101 -88.2905
102 0
103 -88.2905
104 264.871
105 -264.871
106 88.2905
107 -176.581
108 353.162
109 0
110 88.2905
111 -88.2905
112 -176.581
113 0
114 0
115 0
116 -88.2905
117 0
118 -88.2905
119 88.2905
120 0
121 -88.2905
122 -88.2905
123 -88.2905
124 0
125 0
126 -176.581
127 88.2905
128 0
129 88.2905
130 88.2905
131 0
132 88.2905
133 0
134 0
135 0
136 0
137 0
138 176.581
139 -176.581
140 0
141 -88.2905
142 -264.871
143 0
144 88.2905
145 -176.581
146 176.581
147 0
148 -88.2905
149 -88.2905
150 0
151 88.2905
152 88.2905
153 88.2905
154 88.2905
155 -264.871
156 0
157 0
158 88.2905
159 88.2905
160 88.2905
161 -176.581
162 0
163 -176.581
164 0
165 88.2905
166 -176.581
167 -88.2905
168 -88.2905
169 0
170 88.2905
171 0
172 0
173 -88.2905
174 0
175 88.2905
176 0
177 88.2905
178 88.2905
179 -88.2905
180 -88.2905
181 -176.581
182 0
183 -88.2905
184 -88.2905
185 0
186 -88.2905
187 0
188 -176.581
189 0
190 -88.2905
191 -88.2905
192 88.2905
193 0
194 0
195 88.2905
196 88.2905
197 88.2905
198 -88.2905
199 0
200 -88.2905
201 -88.2905
202 176.581
203 0
204 -88.2905
205 0
206 -88.2905
207 0
208 0
209 88.2905
210 0
211 -88.2905
212 -88.2905
213 0
214 -88.2905
215 176.581
216 -88.2905
217 -176.581
218 176.581
219 88.2905
220 -88.2905
221 0
222 -176.581
223 -176.581
224 88.2905
225 0
226 -176.581
227 -441.452
228 -441.452
229 -264.871
230 -706.324
231 -971.195
232 -88.2905
233 -88.2905
234 0
235 176.581
236 176.581
237 353.162
238 353.162
239 353.162
240 176.581
241 529.743
242 88.2905
243 -264.871
244 -88.2905
245 -176.581
246 88.2905
247 88.2905
248 264.871
249 441.452
250 1147.78
251 2030.68
252 2737
253 706.324
254 264.871
255 -529.743
256 -971.195
257 -2030.68
258 -1677.52
259 -88.2905
260 264.871
261 706.324
262 1147.78
263 1942.39
264 794.614
265 176.581
266 -88.2905
267 -176.581
268 0
269 -529.743
270 -706.324
271 -1500.94
272 -1236.07
273 -1589.23
274 -971.195
275 -353.162
276 88.2905
277 -176.581
278 0
279 176.581
280 -88.2905
281 0
282 88.2905
283 176.581
284 264.871
285 88.2905
286 0
287 0
288 353.162
289 88.2905
290 -176.581
291 -441.452
292 -3619.91
293 -7151.53
294 -1589.23
295 529.743
296 3443.33
297 4326.23
298 2472.13
299 1236.07
300 529.743
301 88.2905
302 88.2905
303 176.581
304 0
305 0
306 0
307 -88.2905
308 -88.2905
309 -176.581
310 -88.2905
311 176.581
312 0
313 88.2905
314 0
315 0
316 -264.871
317 0
318 88.2905
319 0
320 264.871
321 0
322 88.2905
323 176.581
324 88.2905
325 0
326 0
327 0
328 -88.2905
329 176.581
330 0
331 0
332 88.2905
333 176.581
334 -88.2905
335 -88.2905
336 -88.2905
337 -88.2905
338 0
339 88.2905
340 88.2905
341 88.2905
342 -88.2905
343 -88.2905
344 0
345 -88.2905
346 0
347 -88.2905
348 0
349 -88.2905
350 -88.2905
351 176.581
352 -176.581
353 0
354 176.581
355 -88.2905
356 88.2905
357 0
358 -88.2905
359 88.2905
360 88.2905
361 0
362 -88.2905
363 -88.2905
364 -176.581
365 88.2905
366 0
367 -176.581
368 88.2905
369 0
370 0
371 -88.2905
372 0
373 88.2905
374 0
375 -88.2905
376 -88.2905
377 88.2905
378 0
379 264.871
380 -88.2905
381 0
382 0
383 0
384 -176.581
385 176.581
386 -176.581
387 0
388 88.2905
389 0
390 -88.2905
391 -88.2905
392 -88.2905
393 0
394 0
395 0
396 0
397 -88.2905
398 176.581
399 -176.581
400 0
401 88.2905
402 -88.2905
403 0
404 -88.2905
405 88.2905
406 0
407 -88.2905
408 -88.2905
409 0
410 -88.2905
411 0
412 0
413 -88.2905
414 0
415 88.2905
416 -88.2905
417 88.2905
418 0
419 -88.2905
420 -176.581
421 0
422 -88.2905
423 0
424 0
425 0
426 88.2905
427 -88.2905
428 0
429 -88.2905
430 -88.2905
431 -88.2905
432 -176.581
433 0
434 -88.2905
435 0
436 88.2905
437 -88.2905
438 0
439 0
440 176.581
441 88.2905
442 -176.581
443 -88.2905
444 -176.581
445 -88.2905
446 88.2905
447 0
448 176.581
449 0
450 176.581
451 -176.581
452 0
453 -88.2905
454 0
455 0
456 88.2905
457 -88.2905
458 -88.2905
459 0
460 88.2905
461 0
462 0
463 88.2905
464 88.2905
465 88.2905
466 176.581
467 0
468 88.2905
469 88.2905
470 88.2905
471 88.2905
472 0
473 88.2905
474 0
475 0
476 -176.581
477 -88.2905
478 0
479 88.2905
480 0
481 -88.2905
482 0
483 88.2905
484 0
485 0
486 -88.2905
487 0
488 0
489 88.2905
490 -88.2905
491 0
492 -88.2905
493 0
494 -176.581
495 -88.2905
496 0
497 -88.2905
498 0
499 0
500 88.2905
501 -88.2905
502 0
503 0
504 88.2905
505 0
506 0
507 88.2905
508 0
509 88.2905
510 0
511 -88.2905
512 88.2905
513 0
514 -88.2905
515 -176.581
516 0
517 88.2905
518 -88.2905
519 -176.581
520 176.581
521 -264.871
522 0
523 -176.581
524 0
525 -176.581
526 -88.2905
527 -176.581
528 88.2905
529 -88.2905
530 -88.2905
531 0
532 88.2905
533 0
534 0
535 -88.2905
536 0
537 88.2905
538 -88.2905
539 176.581
540 0
541 -88.2905
542 0
543 0
544 0
545 0
546 -88.2905
547 88.2905
548 -88.2905
549 0
550 -176.581
551 -176.581
552 0
553 -88.2905
554 -176.581
555 -88.2905
556 88.2905
557 0
558 0
559 -176.581
560 0
561 -88.2905
562 0
563 -88.2905
564 176.581
565 0
566 88.2905
567 88.2905
568 -88.2905
569 0
570 -88.2905
571 0
572 0
573 88.2905
574 -88.2905
575 88.2905
576 88.2905
577 -88.2905
578 -88.2905
579 0
580 0
581 -88.2905
582 -88.2905
583 -176.581
584 88.2905
585 -176.581
586 -529.743
587 -882.905
588 -1412.65
589 -1765.81
590 -441.452
591 88.2905
592 0
593 176.581
594 176.581
595 618.033
596 1942.39
597 3266.75
598 4237.94
599 2825.3
600 441.452
601 -264.871
602 -706.324
603 -1765.81
604 -2472.13
605 -1589.23
606 -971.195
607 -529.743
608 -264.871
609 -264.871
610 0
611 176.581
612 529.743
613 1412.65
614 2648.71
615 1942.39
616 882.905
617 88.2905
618 -353.162
619 -529.743
620 -1412.65
621 -3796.49
622 -2207.26
623 -4061.36
624 -5032.56
625 -2207.26
626 353.162
627 2207.26
628 3266.75
629 3001.88
630 1765.81
631 882.905
632 264.871
633 264.871
634 88.2905
635 0
636 88.2905
637 -88.2905
638 -176.581
639 -88.2905
640 88.2905
641 -88.2905
642 -88.2905
643 0
644 0
645 -176.581
646 -176.581
647 -88.2905
648 -88.2905
649 88.2905
650 0
651 -88.2905
652 -264.871
653 0
654 0
655 0
656 88.2905
657 176.581
658 0
659 0
660 -88.2905
661 -88.2905
662 88.2905
663 -88.2905
664 0
665 88.2905
666 88.2905
667 0
668 -176.581
669 88.2905
670 88.2905
671 88.2905
672 176.581
673 -88.2905
674 0
675 -88.2905
676 -88.2905
677 88.2905
678 0
679 -88.2905
680 -88.2905
681 88.2905
682 -353.162
683 0
684 -176.581
685 -176.581
686 176.581
687 -88.2905
688 -176.581
689 -88.2905
690 0
691 88.2905
692 0
693 0
694 0
695 0
696 88.2905
697 -88.2905
698 0
699 -88.2905
700 -88.2905
701 -264.871
702 88.2905
703 88.2905
704 88.2905
705 -88.2905
706 -88.2905
707 -88.2905
708 88.2905
709 0
710 -88.2905
711 0
712 88.2905
713 -88.2905
714 -88.2905
715 88.2905
716 0
717 0
718 176.581
719 88.2905
720 88.2905
721 -88.2905
722 176.581
723 -88.2905
724 -88.2905
725 0
726 -264.871
727 0
728 -176.581
729 0
730 -176.581
731 88.2905
732 0
733 176.581
734 176.581
735 0
736 0
737 0
738 -264.871
739 -618.033
740 -1854.1
741 -1854.1
742 -1412.65
743 -264.871
744 -353.162
745 0
746 0
747 971.195
748 3619.91
749 5032.56
750 4767.69
751 1059.49
752 -529.743
753 -1147.78
754 -2383.84
755 -2648.71
756 -1854.1
757 -88.2905
758 529.743
759 882.905
760 2207.26
761 1236.07
762 264.871
763 706.324
764 -88.2905
765 -2118.97
766 -8211.01
767 -8564.18
768 -1147.78
769 882.905
770 3178.46
771 3531.62
772 2207.26
773 1236.07
774 618.033
775 441.452
776 0
777 0
778 -176.581
779 -88.2905
780 88.2905
781 0
782 -88.2905
783 -88.2905
784 88.2905
785 0
786 88.2905
787 -88.2905
788 88.2905
789 88.2905
790 -88.2905
791 0
792 -88.2905
793 0
794 0
795 0
796 0
797 0
798 -176.581
799 88.2905
800 0
801 0
802 0
803 0
804 88.2905
805 0
806 0
807 -88.2905
808 0
809 -88.2905
810 -88.2905
811 88.2905
812 0
813 88.2905
814 -88.2905
815 88.2905
816 0
817 88.2905
818 0
819 -88.2905
820 88.2905
821 88.2905
822 -176.581
823 -176.581
824 0
825 0
826 0
827 88.2905
828 -88.2905
829 0
830 -88.2905
831 0
832 0
833 -176.581
834 0
835 88.2905
836 176.581
837 0
838 -88.2905
839 0
840 -88.2905
841 88.2905
842 0
843 0
844 88.2905
845 -88.2905
846 88.2905
847 0
848 0
849 -88.2905
850 0
851 -88.2905
852 -88.2905
853 -88.2905
854 -264.871
855 88.2905
856 -88.2905
857 0
858 -176.581
859 176.581
860 0
861 88.2905
862 -88.2905
863 0
864 -88.2905
865 0
866 88.2905
867 -88.2905
868 0
869 0
870 0
871 -264.871
872 88.2905
873 88.2905
874 -176.581
875 88.2905
876 88.2905
877 -88.2905
878 0
879 0
880 0
881 -88.2905
882 0
883 0
884 88.2905
885 0
886 -88.2905
887 0
888 0
889 -176.581
890 0
891 0
892 0
893 -88.2905
894 0
895 0
896 -88.2905
897 0
898 0
899 0
900 0
901 -88.2905
902 -88.2905
903 0
904 -88.2905
905 88.2905
906 -88.2905
907 0
908 -88.2905
909 88.2905
910 0
911 88.2905
912 0
913 0
914 0
915 0
916 -88.2905
917 0
918 88.2905
919 0
920 0
921 -88.2905
922 -88.2905
923 88.2905
924 -88.2905
925 0
926 -88.2905
927 -88.2905
928 0
929 0
930 0
931 -176.581
932 88.2905
933 0
934 88.2905
935 -176.581
936 88.2905
937 0
938 88.2905
939 -88.2905
940 -88.2905
941 0
942 88.2905
943 -88.2905
944 -88.2905
945 -176.581
946 88.2905
947 0
948 -176.581
949 -176.581
950 -88.2905
951 88.2905
952 -88.2905
953 88.2905
954 0
955 -176.581
956 -176.581
957 0
958 88.2905
959 0
960 -88.2905
961 -88.2905
962 0
963 88.2905
964 -88.2905
965 176.581
966 0
967 0
968 88.2905
969 -88.2905
970 0
971 0
972 0
973 0
974 0
975 -88.2905
976 0
977 88.2905
978 -176.581
979 -176.581
980 -88.2905
981 0
982 0
983 -88.2905
984 88.2905
985 -88.2905
986 0
987 0
988 -88.2905
989 -88.2905
990 88.2905
991 88.2905
992 -88.2905
993 0
994 88.2905
995 -88.2905
996 0
997 0
998 -88.2905
999 -88.2905
1000 0
1001 -88.2905
1002 88.2905
1003 88.2905
1004 176.581
1005 88.2905
1006 -88.2905
1007 -176.581
1008 0
1009 88.2905
1010 88.2905
1011 -176.581
1012 88.2905
1013 -88.2905
1014 -88.2905
1015 -88.2905
1016 0
1017 176.581
1018 -88.2905
1019 -176.581
1020 -88.2905
1021 -88.2905
1022 -88.2905
1023 0
1024 0
1025 -88.2905
1026 -88.2905
1027 0
1028 0
1029 0
1030 0
1031 88.2905
1032 -88.2905
1033 88.2905
1034 88.2905
1035 -88.2905
1036 0
1037 88.2905
1038 0
1039 88.2905
1040 0
1041 -88.2905
1042 88.2905
1043 88.2905
1044 -88.2905
1045 88.2905
1046 0
1047 -88.2905
1048 0
1049 0
1050 0
1051 88.2905
1052 88.2905
1053 -264.871
1054 -176.581
1055 -176.581
1056 0
1057 -176.581
1058 88.2905
1059 -88.2905
1060 -88.2905
1061 -176.581
1062 88.2905
1063 0
1064 0
1065 88.2905
1066 0
1067 0
1068 0
1069 -88.2905
1070 0
1071 -176.581
1072 0
1073 0
1074 88.2905
1075 88.2905
1076 -88.2905
1077 -88.2905
1078 88.2905
1079 0
1080 0
1081 88.2905
1082 -176.581
1083 -88.2905
1084 -88.2905
1085 88.2905
1086 -88.2905
1087 88.2905
1088 -176.581
1089 0
1090 -176.581
1091 0
1092 -176.581
1093 0
1094 -176.581
1095 -88.2905
1096 0
1097 -88.2905
1098 -176.581
1099 -88.2905
1100 0
1101 88.2905
1102 0
1103 0
1104 88.2905
1105 0
1106 -88.2905
1107 -88.2905
1108 0
1109 176.581
1110 0
1111 0
1112 -176.581
1113 0
