0 0.000378665
1 0.000378665
2 0
3 0
4 -0.000378665
5 0
6 0.000378665
7 0.000378665
8 -0.000378665
9 0
10 -0.000378665
11 0
12 0
13 0.000378665
14 0
15 0
16 0
17 -0.000378665
18 0
19 -0.000378665
20 0.000378665
21 -0.000378665
22 0
23 0.000378665
24 0.000378665
25 0.000378665
26 -0.000378665
27 0
28 0
29 0.000378665
30 0
31 -0.000378665
32 0
33 0
34 0
35 0.000378665
36 0.000378665
37 -0.000757566
38 0
39 0
40 0
41 -0.000378665
42 0
43 0
44 0
45 -0.000378665
46 0
47 -0.000378665
48 0
49 0
50 0.000757566
51 0.000378665
52 0.000378665
53 0
54 0.000378665
55 -0.000378665
56 0.000378665
57 0
58 0.000378665
59 -0.000378665
60 -0.000757566
61 0
62 0
63 -0.000378665
64 -0.000378665
65 -0.000757566
66 0
67 -0.000378665
68 0.000378665
69 0
70 0
71 0.000378665
72 0
73 0
74 -0.000757566
75 0
76 -0.000378665
77 0
78 0.000378665
79 0.000378665
80 -0.000757566
81 -0.000378665
82 0.000378665
83 0.000757566
84 0
85 0
86 0
87 0.000378665
88 -0.000378665
89 0.000757566
90 0
91 0
92 0.000378665
93 0
94 0
95 0.000378665
96 0.000378665
97 -0.000378665
98 0
99 -0.000378665
100 0.000378665
101 -0.000378665
102 0.00151537
103 0.000378665
104 0
105 0.000378665
106 0.000378665
107 0
108 0
109 0.000378665
110 0.00340988
111 0
112 0.000757566
113 0
114 0.000378665
115 0.000757566
116 0
117 0
118 -0.000757566
119 -0.000378665
120 -0.000378665
121 0
122 0.000378665
123 0.000378665
124 0
125 -0.000378665
126 -0.000378665
127 0
128 0
129 0.000378665
130 0
131 -0.000757566
132 -0.000378665
133 0
134 0.000378665
135 0.000378665
136 0.000378665
137 0.000378665
138 -0.000378665
139 0
140 0
141 0
142 0.000378665
143 0
144 0
145 0
146 0
147 0.000378665
148 0
149 -0.000378665
150 0.000378665
151 -0.000378665
152 -0.000378665
153 0
154 0.000378665
155 0
156 0
157 0
158 0.000378665
159 0
160 0
161 0.000378665
162 -0.000757566
163 0
164 0
165 0
166 0
167 0.000378665
168 0.000378665
169 -0.000378665
170 -0.000757566
171 0
172 0.000757566
173 0.000378665
174 -0.000378665
175 0.000757566
176 -0.000378665
177 0
178 0
179 0.000378665
180 -0.000378665
181 -0.000378665
182 0
183 0.000378665
184 0
185 0.000757566
186 0
187 0.000378665
188 0.000378665
189 0.000378665
190 0
191 0.000378665
192 0
193 0
194 0
195 0.000757566
196 -0.000378665
197 0.000378665
198 0.000378665
199 0
200 0
201 0.000378665
202 0
203 0.000757566
204 0.000378665
205 0
206 0.000757566
207 0.000757566
208 0
209 0.000378665
210 -0.000378665
211 -0.000378665
212 0
213 0
214 0.000378665
215 0
216 0.000378665
217 0
218 0
219 -0.000378665
220 0.000378665
221 0
222 -0.000378665
223 -0.000378665
224 -0.000378665
225 -0.000378665
226 0.000378665
227 0
228 0.000378665
229 0.000378665
230 -0.000378665
231 0.000378665
232 -0.000378665
233 -0.000378665
234 -0.000757566
235 0.000378665
236 0
237 0.000378665
238 0
239 0
240 -0.000378665
241 0.000378665
242 -0.000378665
243 0.000378665
244 -0.000378665
245 0.000378665
246 0.000378665
247 2.26697
248 4.0713
249 4.85866
250 5.02765
251 5.04583
252 5.02802
253 5.01249
254 5.00491
255 5.01817
256 4.99544
257 4.99468
258 5.00491
259 5.0015
260 5.00984
261 4.9943
262 5.00415
263 4.99582
264 4.99809
265 4.99923
266 4.99847
267 5.00264
268 4.99923
269 5.00302
270 4.99317
271 4.99923
272 5.01287
273 4.99771
274 4.99923
275 5.00605
276 5.00074
277 4.99999
278 4.98862
279 5.00643
280 5.00188
281 5.00302
282 5.00036
283 4.99354
284 4.99847
285 4.99771
286 5.00529
287 4.99847
288 4.99544
289 4.99468
290 4.99544
291 5.00112
292 5.00415
293 5.01742
294 4.99923
295 5.01059
296 4.99733
297 4.99771
298 4.98597
299 5.00567
300 4.99544
301 4.99733
302 5.00036
303 5.00453
304 4.99771
305 4.98824
306 4.99885
307 4.99392
308 4.99544
309 4.99771
310 4.99468
311 4.98559
312 5.00415
313 4.99961
314 5.0015
315 5.00491
316 4.99923
317 5.01969
318 5.00453
319 4.99582
320 4.99923
321 5.00036
322 5.01022
323 4.98938
324 5.00718
325 5.01363
326 4.99733
327 4.99923
328 5.00302
329 4.99999
330 5.00036
331 4.13003
332 1.50538
333 0.477795
334 0.0466047
335 -0.0250073
336 -0.0394058
337 -0.0253862
338 -0.0159139
339 -0.00644109
340 -0.00340988
341 -0.00189427
342 -0.000757566
343 -0.000757566
344 -0.000378665
345 -0.000378665
346 0.000757566
347 0.000378665
348 -0.000378665
349 -0.000757566
350 0
351 -0.000378665
352 0
353 0.000378665
354 -0.000378665
355 -0.000757566
356 0
357 -0.000378665
358 0
359 0.000757566
360 0
361 0.000378665
362 -0.000757566
363 0
364 0.000378665
365 0.000757566
366 0
367 0
368 0
369 0.000378665
370 0.000378665
371 -0.000378665
372 0
373 0
374 0.000378665
375 0
376 0.0011367
377 -0.000378665
378 0.000378665
379 0
380 0.000757566
381 0
382 -0.000378665
383 -0.000378665
384 -0.000378665
385 0
386 0
387 0
388 0
389 0
390 0
391 0
392 0
393 -0.000378665
394 0.000378665
395 0.000378665
396 0
397 0.000378665
398 -0.000378665
399 -0.000378665
400 0.000378665
401 0.000378665
402 0
403 0.0011367
404 -0.000378665
405 -0.000378665
406 0.000757566
407 -1.21703
408 -3.6689
409 -4.68588
410 -4.9943
411 -5.03825
412 -5.03068
413 -5.02954
414 -5.00946
415 -5.00188
416 -5.00112
417 -4.99923
418 -4.99733
419 -5.01476
420 -5.00794
421 -4.99658
422 -4.99695
423 -5.00302
424 -4.99809
425 -4.99999
426 -5.00643
427 -4.99733
428 -4.99695
429 -5.01893
430 -4.99923
431 -5.00226
432 -4.99999
433 -5.00491
434 -5.01401
435 -4.98824
436 -5.00377
437 -4.98597
438 -5.00302
439 -4.99809
440 -4.99241
441 -5.00453
442 -4.99241
443 -5.00036
444 -5.00718
445 -5.00036
446 -5.00074
447 -4.99658
448 -4.99317
449 -4.99279
450 -5.00074
451 -4.99658
452 -5.00377
453 -4.99885
454 -4.98369
455 -4.99999
456 -4.99923
457 -4.99999
458 -5.00832
459 -4.99695
460 -5.00453
461 -4.99771
462 -5.00112
463 -4.99695
464 -4.99923
465 -4.99127
466 -4.99961
467 -5.00188
468 -4.99847
469 -5.00984
470 -5.00074
471 -5.00074
472 -4.99961
473 -4.9943
474 -5.0034
475 -4.99885
476 -5.00112
477 -4.98635
478 -5.00112
479 -4.99127
480 -5.00908
481 -5.00036
482 -5.00226
483 -4.99241
484 -5.0015
485 -4.9943
486 -4.99165
487 -5.00605
488 -5.00415
489 -5.0015
490 -4.99695
491 -5.00302
492 -5.00188
493 -4.99582
494 -5.0034
495 -4.9943
496 -4.99733
497 -4.99544
498 -5.00302
499 -4.99468
500 -4.99999
501 -5.00377
502 -4.99771
503 -5.0015
504 -5.00567
505 -5.0034
506 -4.99961
507 -5.00036
508 -4.99809
509 -4.99999
510 -4.99089
511 -4.99695
512 -5.00112
513 -4.99468
514 -4.99468
515 -4.99885
516 -4.99127
517 -4.99923
518 -4.99885
519 -4.99468
520 -5.01363
521 -4.99544
522 -4.99847
523 -4.99999
524 -4.9818
525 -5.00832
526 -4.98748
527 -5.00794
528 -4.98294
529 -4.99241
530 -4.99582
531 -4.99658
532 -4.99695
533 -4.99658
534 -4.99847
535 -4.99809
536 -4.98748
537 -4.98824
538 -5.00529
539 -4.99961
540 -4.99961
541 -4.99051
542 -5.00643
543 -4.99127
544 -4.99999
545 -4.99809
546 -4.99771
547 -5.00036
548 -4.99961
549 -5.00302
550 -4.9962
551 -5.00036
552 -4.99733
553 -4.99241
554 -5.00491
555 -5.00036
556 -4.99809
557 -5.00794
558 -5.00415
559 -5.00188
560 -5.00984
561 -4.99695
562 -5.00074
563 -4.99317
564 -4.99165
565 -4.99089
566 -4.99127
567 -5.01211
568 -5.00036
569 -4.99544
570 -4.99771
571 -4.99317
572 -4.99695
573 -5.00036
574 -4.99658
575 -4.99961
576 -5.01211
577 -5.00567
578 -4.98938
579 -4.98597
580 -4.99999
581 -4.99809
582 -4.99279
583 -5.00226
584 -5.00567
585 -5.00984
586 -4.99392
587 -5.00605
588 -5.00036
589 -4.99658
590 -4.99961
591 -5.00036
592 -5.0034
593 -5.00188
594 -4.99241
595 -4.99733
596 -5.00112
597 -5.01059
598 -5.00832
599 -2.97362
600 2.09192
601 4.25279
602 4.96285
603 5.09054
604 5.07918
605 5.0356
606 5.02424
607 5.00529
608 5.00453
609 5.01476
610 4.99961
611 5.00415
612 5.01022
613 4.99354
614 5.00567
615 4.99544
616 4.99354
617 5.0015
618 5.00794
619 4.99999
620 5.00718
621 4.98331
622 4.9871
623 4.98597
624 5.01628
625 4.99885
626 4.99089
627 5.00794
628 5.01173
629 4.99809
630 4.989
631 4.99544
632 4.98862
633 5.00681
634 5.01059
635 4.99582
636 5.01363
637 5.00681
638 4.99885
639 5.0015
640 5.0015
641 5.00264
642 5.00112
643 4.99203
644 4.99506
645 5.0015
646 5.0087
647 5.00567
648 4.99051
649 5.01059
650 4.99923
651 4.99354
652 4.99961
653 5.01325
654 5.0015
655 4.99051
656 4.9962
657 5.00605
658 5.0034
659 4.99771
660 4.9962
661 5.0034
662 5.00226
663 4.9962
664 4.9962
665 5.0015
666 4.99923
667 5.01325
668 5.00226
669 5.01325
670 4.99923
671 4.98635
672 5.01135
673 4.99695
674 5.00112
675 5.00908
676 4.99658
677 4.9943
678 5.00074
679 4.98635
680 5.00718
681 4.99733
682 4.99885
683 4.99733
684 5.00302
685 5.00226
686 5.00188
687 4.99582
688 4.99506
689 5.00264
690 5.01135
691 4.99961
692 5.00605
693 4.99733
694 5.00264
695 5.0034
696 5.00529
697 4.99961
698 5.00756
699 5.01666
700 5.00188
701 5.00188
702 4.99923
703 5.00415
704 5.00491
705 4.99847
706 5.00567
707 5.00946
708 5.0015
709 4.99999
710 4.99013
711 5.00036
712 4.98748
713 5.0015
714 5.00567
715 5.00605
716 4.99847
717 5.00377
718 4.99241
719 5.00188
720 4.99999
721 4.99847
722 4.99468
723 4.99013
724 4.99203
725 5.00529
726 4.99999
727 4.99847
728 5.00529
729 5.00302
730 4.99582
731 4.99468
732 4.99544
733 5.00567
734 4.99506
735 5.00074
736 4.99695
737 4.99317
738 5.00074
739 4.99241
740 5.00415
741 5.00377
742 5.00529
743 4.99695
744 4.99354
745 5.00529
746 4.99165
747 5.01552
748 4.98862
749 5.00226
750 4.99771
751 5.00226
752 4.99506
753 4.99392
754 5.00188
755 5.00074
756 5.00415
757 4.99885
758 4.9962
759 4.99847
760 4.99771
761 4.99885
762 4.99961
763 5.0015
764 5.00302
765 4.99961
766 4.99999
767 4.99279
768 5.01022
769 5.00529
770 5.00453
771 4.99771
772 5.00264
773 5.01855
774 4.99051
775 5.00302
776 4.99506
777 5.00188
778 4.99658
779 5.00756
780 5.00946
781 4.99847
782 4.99468
783 4.99658
784 5.00112
785 4.99506
786 4.99961
787 5.00112
788 5.0015
789 5.00074
790 5.00605
791 4.53848
792 -1.56676
793 -3.86063
794 -4.97308
795 -5.08789
796 -5.07311
797 -5.05265
798 -5.02461
799 -5.02537
800 -5.00832
801 -5.00188
802 -4.99695
803 -4.99961
804 -4.99695
805 -5.00415
806 -5.00491
807 -4.9943
808 -4.99165
809 -4.99468
810 -4.99279
811 -5.00643
812 -4.99317
813 -4.99885
814 -5.00226
815 -5.00036
816 -5.0087
817 -4.99847
818 -5.01401
819 -5.00036
820 -5.0034
821 -5.00264
822 -4.99582
823 -5.01173
824 -5.00718
825 -5.01401
826 -4.99544
827 -5.0087
828 -5.01666
829 -5.00188
830 -4.99733
831 -4.99544
832 -5.01514
833 -5.00112
834 -5.00188
835 -4.9871
836 -4.99241
837 -4.9962
838 -5.0087
839 -4.989
840 -4.99885
841 -5.00302
842 -4.9962
843 -5.00074
844 -4.99241
845 -4.99885
846 -4.99658
847 -4.98976
848 -4.99771
849 -5.00377
850 -5.01628
851 -5.00415
852 -5.00984
853 -5.01097
854 -4.99582
855 -5.00264
856 -5.01249
857 -5.00112
858 -4.99847
859 -5.00036
860 -5.00832
861 -5.00226
862 -5.00264
863 -4.99847
864 -4.99923
865 -4.99809
866 -5.01704
867 -4.99658
868 -4.99506
869 -5.00453
870 -5.0159
871 -5.00036
872 -4.99923
873 -4.99468
874 -4.99582
875 -4.98635
876 -4.99013
877 -5.00188
878 -5.0015
879 -5.00112
880 -5.0087
881 -5.00529
882 -4.99317
883 -4.99051
884 -4.99847
885 -4.99961
886 -4.99923
887 -5.00074
888 -4.99695
889 -4.99809
890 -5.00529
891 -4.99923
892 -4.9962
893 -4.9962
894 -4.99999
895 -4.99658
896 -4.99468
897 -4.99847
898 -4.99658
899 -5.00036
900 -5.00529
901 -4.99582
902 -4.99279
903 -5.00036
904 -5.01059
905 -5.00188
906 -5.01438
907 -4.99203
908 -4.99999
909 -5.00036
910 -4.99279
911 -4.99544
912 -4.98786
913 -4.98862
914 -5.00264
915 -4.99165
916 -5.00908
917 -5.00415
918 -4.99392
919 -4.99544
920 -4.99847
921 -4.99013
922 -5.00984
923 -5.00643
924 -5.00491
925 -4.99392
926 -5.00756
927 -4.9871
928 -4.99961
929 -4.99127
930 -4.99241
931 -4.99885
932 -5.00415
933 -4.99809
934 -5.00036
935 -4.98483
936 -5.00226
937 -5.00681
938 -4.99961
939 -4.99695
940 -4.99999
941 -4.9962
942 -5.00453
943 -4.99695
944 -4.99733
945 -4.99961
946 -4.99885
947 -4.99658
948 -4.99695
949 -5.01438
950 -5.00226
951 -4.99582
952 -4.99885
953 -4.99771
954 -5.01325
955 -4.99089
956 -4.99544
957 -5.00415
958 -4.99468
959 -4.99847
960 -4.99999
961 -4.99695
962 -5.01211
963 -5.00036
964 -4.98104
965 -5.01514
966 -5.00908
967 -5.0034
968 -4.99961
969 -4.98862
970 -5.01401
971 -4.99241
972 -4.99354
973 -4.99923
974 -4.99847
975 -5.01552
976 -4.99847
977 -5.00832
978 -5.01059
979 -5.00681
980 -4.99354
981 -5.00188
982 -4.99733
983 -2.4424
984 2.50757
985 4.33653
986 5.00756
987 5.0932
988 5.06213
989 5.03598
990 5.0159
991 4.99847
992 5.00529
993 5.00529
994 5.00908
995 4.99317
996 5.00491
997 4.98862
998 4.99771
999 4.98938
1000 5.01249
1001 4.99582
1002 4.99771
1003 4.99544
1004 4.99809
1005 5.00794
1006 5.00415
1007 5.00188
1008 5.01704
1009 5.00567
1010 4.9962
1011 5.00984
1012 5.01401
1013 4.9962
1014 4.98597
1015 4.99658
1016 5.01022
1017 5.00491
1018 5.01097
1019 4.98938
1020 4.989
1021 4.99885
1022 5.00377
1023 5.00605
1024 5.00794
1025 5.0159
1026 5.00491
1027 4.99809
1028 5.00112
1029 4.99203
1030 5.00491
1031 5.01211
1032 5.00036
1033 5.00832
1034 4.99658
1035 4.98786
1036 5.00529
1037 5.00415
1038 4.99847
1039 5.00718
1040 5.00794
1041 5.00681
1042 4.99847
1043 4.99658
1044 5.01287
1045 4.99354
1046 5.00946
1047 5.01022
1048 4.98824
1049 5.00188
1050 5.00036
1051 4.99999
1052 5.00188
1053 4.99961
1054 5.01476
1055 5.00036
1056 4.99658
1057 4.98369
1058 4.99317
1059 4.9943
1060 4.99468
1061 5.01097
1062 4.99392
1063 5.00264
1064 5.00491
1065 5.01893
1066 5.00567
1067 4.99771
1068 4.99695
1069 4.99733
1070 4.99392
1071 4.99544
1072 5.0015
1073 4.99354
1074 4.9943
1075 4.99885
1076 4.99733
1077 4.99544
1078 5.0034
1079 5.00074
1080 4.99923
1081 5.00529
1082 5.01514
1083 4.98824
1084 5.01135
1085 4.99771
1086 4.99961
1087 4.99089
1088 5.01135
1089 4.99885
1090 4.99392
1091 4.98824
1092 5.00112
1093 4.99733
1094 4.9962
1095 4.99203
1096 4.9962
1097 5.00605
1098 4.99695
1099 4.98938
1100 4.99733
1101 5.00036
1102 4.99999
1103 5.00112
1104 4.98672
1105 4.99961
1106 5.00264
1107 4.99999
1108 4.9962
1109 4.99847
1110 4.99809
1111 5.00036
1112 4.98862
1113 5.00188
1114 4.99847
1115 4.99923
1116 5.00643
1117 4.9943
1118 5.00946
1119 5.00112
1120 4.9943
1121 5.00567
1122 4.99695
1123 5.00036
1124 4.99923
1125 4.99961
1126 4.99771
1127 4.99923
1128 5.0087
1129 5.01514
1130 4.99809
1131 5.00567
1132 4.99658
1133 4.98597
1134 4.9943
1135 4.99506
1136 5.00112
1137 4.99885
1138 5.00491
1139 4.9962
1140 4.99317
1141 5.00453
1142 4.99506
1143 4.99279
1144 4.99695
1145 4.99165
1146 4.99695
1147 5.00756
1148 5.00908
1149 5.00074
1150 4.989
1151 5.00567
1152 4.99354
1153 5.00832
1154 5.00036
1155 5.00984
1156 5.01855
1157 5.01893
1158 4.99127
1159 5.00036
1160 5.00302
1161 4.99847
1162 5.00112
1163 5.01287
1164 4.9962
1165 4.99658
1166 4.9962
1167 5.00302
1168 5.00036
1169 5.01704
1170 5.00756
1171 4.99506
1172 4.99582
1173 5.01401
1174 5.00188
1175 3.14337
1176 -1.70847
1177 -4.25014
1178 -4.94997
1179 -5.0769
1180 -5.07918
1181 -5.03901
1182 -5.02083
1183 -5.0034
1184 -5.01628
1185 -5.00453
1186 -4.99847
1187 -4.98824
1188 -4.99733
1189 -5.00908
1190 -5.0034
1191 -5.00794
