0 -6.13347e-05
1 -6.13347e-05
2 -6.13347e-05
3 -6.13347e-05
4 -6.13347e-05
5 -6.13347e-05
6 -6.13347e-05
7 -6.13347e-05
8 -6.13347e-05
9 -6.13347e-05
10 -6.13347e-05
11 -6.13347e-05
12 -6.13347e-05
13 -6.13347e-05
14 -6.13347e-05
15 -6.13347e-05
16 -6.13347e-05
17 -6.13347e-05
18 -6.13347e-05
19 -6.13347e-05
20 -6.13347e-05
21 -6.13347e-05
22 -6.13347e-05
23 -6.13347e-05
24 -6.13347e-05
25 -6.13347e-05
26 -6.13347e-05
27 -6.13347e-05
28 -6.13347e-05
29 -6.13347e-05
30 -6.13347e-05
31 -6.13347e-05
32 -6.13347e-05
33 -6.13347e-05
34 -6.13347e-05
35 -6.13347e-05
36 -6.13347e-05
37 -6.13347e-05
38 -6.13347e-05
39 -6.13347e-05
40 -6.13347e-05
41 -6.13347e-05
42 -6.13347e-05
43 -6.13347e-05
44 -6.13347e-05
45 -6.13347e-05
46 -6.13347e-05
47 -6.13347e-05
48 -6.13347e-05
49 -6.13347e-05
50 -6.13347e-05
51 -6.13347e-05
52 -6.13347e-05
53 -6.13347e-05
54 -6.13347e-05
55 -6.13347e-05
56 -6.13347e-05
57 -6.13347e-05
58 -6.13347e-05
59 -6.13347e-05
60 -6.13347e-05
61 -6.13347e-05
62 -6.13347e-05
63 -6.13347e-05
64 -6.13347e-05
65 -6.13347e-05
66 -6.13347e-05
67 -6.13347e-05
68 -6.13347e-05
69 -6.13347e-05
70 -6.13347e-05
71 -6.13347e-05
72 -6.13347e-05
73 -6.13347e-05
74 -6.13347e-05
75 -6.13347e-05
76 -6.13347e-05
77 -6.13347e-05
78 -6.13347e-05
79 -6.13347e-05
80 -6.13347e-05
81 -6.13347e-05
82 -6.13347e-05
83 -6.13347e-05
84 -6.13347e-05
85 -6.13347e-05
86 -6.13347e-05
87 -6.13347e-05
88 -6.13347e-05
89 -6.13347e-05
90 -6.13347e-05
91 -6.13347e-05
92 -6.13347e-05
93 -6.13347e-05
94 -6.13347e-05
95 -6.13347e-05
96 -6.13347e-05
97 -6.13347e-05
98 -6.13347e-05
99 -6.13347e-05
100 -6.13347e-05
101 -6.13347e-05
102 -6.13347e-05
103 -6.13347e-05
104 -6.13347e-05
105 -6.13347e-05
106 -6.13347e-05
107 -6.13347e-05
108 -6.13347e-05
109 -6.13347e-05
110 -6.13347e-05
111 -6.13347e-05
112 -6.13347e-05
113 -6.13347e-05
114 -6.13347e-05
115 -6.13347e-05
116 -6.13347e-05
117 -6.13347e-05
118 -6.13347e-05
119 -6.13347e-05
120 -6.13347e-05
121 -6.13347e-05
122 -6.13347e-05
123 -6.13347e-05
124 -6.13347e-05
125 -6.13347e-05
126 -6.13347e-05
127 -6.13347e-05
128 -6.13347e-05
129 -6.13347e-05
130 -6.13347e-05
131 -6.13347e-05
132 -6.13347e-05
133 -6.13347e-05
134 -6.13347e-05
135 -6.13347e-05
136 -6.13347e-05
137 -6.13347e-05
138 -6.13347e-05
139 -6.13347e-05
140 -6.13347e-05
141 -6.13347e-05
142 -6.13347e-05
143 -6.13347e-05
144 -6.13347e-05
145 -6.13347e-05
146 -6.13347e-05
147 -6.13347e-05
148 -6.13347e-05
149 -6.13347e-05
150 -6.13347e-05
151 -6.13347e-05
152 -6.13347e-05
153 -6.13347e-05
154 -6.13347e-05
155 -6.13347e-05
156 -6.13347e-05
157 -6.13347e-05
158 -6.13347e-05
159 -6.13347e-05
160 -6.13347e-05
161 -6.13347e-05
162 -6.13347e-05
163 -6.13347e-05
164 -6.13347e-05
165 -6.13347e-05
166 -6.13347e-05
167 -6.13347e-05
168 -6.13347e-05
169 -6.13347e-05
170 -6.13347e-05
171 -6.13347e-05
172 -6.13347e-05
173 -6.13347e-05
174 -6.13347e-05
175 -6.13347e-05
176 -6.13347e-05
177 -6.13347e-05
178 -6.13347e-05
179 -6.13347e-05
180 -6.13347e-05
181 -6.13347e-05
182 -6.13347e-05
183 -6.13347e-05
184 -6.13347e-05
185 -6.13347e-05
186 -6.13347e-05
187 -6.13347e-05
188 -6.13347e-05
189 -6.13347e-05
190 -6.13347e-05
191 -6.13347e-05
192 -6.13347e-05
193 -6.13347e-05
194 -6.13347e-05
195 -6.13347e-05
196 -6.13347e-05
197 -6.13347e-05
198 -6.13347e-05
199 -6.13347e-05
200 -6.13347e-05
201 -6.13347e-05
202 -6.13347e-05
203 -6.13347e-05
204 -5.87298e-05
205 -5.87298e-05
206 -6.15715e-05
207 -6.15715e-05
208 -6.08611e-05
209 -6.08611e-05
210 -6.08611e-05
211 -6.08611e-05
212 -6.06243e-05
213 -6.06243e-05
214 -6.08611e-05
215 -6.06243e-05
216 -6.06243e-05
217 -6.06243e-05
218 -6.06243e-05
219 -6.03874e-05
220 -6.03874e-05
221 -6.01506e-05
222 -5.99138e-05
223 -5.99138e-05
224 -5.99138e-05
225 -5.99138e-05
226 -5.9677e-05
227 -5.9677e-05
228 -5.9677e-05
229 -5.94402e-05
230 -5.94402e-05
231 -5.94402e-05
232 -5.94402e-05
233 -5.94402e-05
234 -5.94402e-05
235 -5.94402e-05
236 -5.94402e-05
237 -5.92034e-05
238 -5.92034e-05
239 -5.94402e-05
240 -5.94402e-05
241 -5.92034e-05
242 -5.92034e-05
243 -5.92034e-05
244 -5.87298e-05
245 -5.87298e-05
246 -5.87298e-05
247 -5.87298e-05
248 -5.89666e-05
249 -5.87298e-05
250 -5.89666e-05
251 -5.89666e-05
252 -5.87298e-05
253 -5.87298e-05
254 -5.87298e-05
255 -5.87298e-05
256 -5.87298e-05
257 -5.84929e-05
258 -5.84929e-05
259 -5.87298e-05
260 -5.84929e-05
261 -5.84929e-05
262 -5.84929e-05
263 -5.84929e-05
264 -5.84929e-05
265 -5.84929e-05
266 -5.87298e-05
267 -5.84929e-05
268 -5.82561e-05
269 -5.84929e-05
270 -5.82561e-05
271 -5.84929e-05
272 -5.84929e-05
273 -5.84929e-05
274 -5.84929e-05
275 -5.82561e-05
276 -5.82561e-05
277 -5.82561e-05
278 -5.82561e-05
279 -5.82561e-05
280 -5.82561e-05
281 -5.82561e-05
282 -5.82561e-05
283 -5.82561e-05
284 -5.82561e-05
285 -5.82561e-05
286 -5.82561e-05
287 -5.80193e-05
288 -5.80193e-05
289 -5.80193e-05
290 -5.82561e-05
291 -5.82561e-05
292 -5.80193e-05
293 -5.80193e-05
294 -5.80193e-05
295 -5.82561e-05
296 -5.80193e-05
297 -5.80193e-05
298 -5.80193e-05
299 -5.80193e-05
300 -5.80193e-05
301 -5.80193e-05
302 -5.82561e-05
303 -5.80193e-05
304 -5.80193e-05
305 0.00195916
306 0.0080429
307 0.0205249
308 0.0319741
309 0.0458592
310 0.0622384
311 0.0761888
312 0.0912864
313 0.107431
314 0.123594
315 0.13934
316 0.156163
317 0.171972
318 0.188141
319 0.188141
320 0.220151
321 0.234152
322 0.25026
323 0.25026
324 0.280018
325 0.280018
326 0.311866
327 0.311866
328 0.342883
329 0.342883
330 0.375019
331 0.390115
332 0.406961
333 0.406961
334 0.438872
335 0.438872
336 0.469233
337 0.469233
338 0.500359
339 0.500359
340 0.532206
341 0.546302
342 0.561687
343 0.577726
344 0.592722
345 0.609722
346 0.626695
347 0.641679
348 0.6552
349 0.6552
350 0.688679
351 0.703659
352 0.718688
353 0.732694
354 0.750811
355 0.764653
356 0.782636
357 0.795667
358 0.811662
359 0.827655
360 0.841643
361 0.861021
362 0.875927
363 0.890913
364 0.904881
365 0.92186
366 0.938745
367 0.952005
368 0.96876
369 0.98228
370 0.990093
371 0.99566
372 0.998605
373 1.00014
374 1.00071
375 1.00078
376 1.00076
377 1.00073
378 1.00069
379 1.00065
380 1.0006
381 1.00054
382 1.00049
383 1.00036
384 1.00025
385 1.00018
386 1.00013
387 1.00009
388 1.00008
389 1.00006
390 1.00004
391 1.00001
392 1.00001
393 0.999985
394 0.999985
395 0.999977
396 0.999977
397 0.999975
398 0.999974
399 0.999972
400 0.999971
401 0.999971
402 0.999971
403 0.999972
404 0.999972
405 0.999973
406 0.999973
407 0.999972
408 0.999972
409 0.999972
410 0.999973
411 0.999974
412 0.999976
413 0.999976
414 0.999976
415 0.999976
416 0.999975
417 0.999976
418 0.999976
419 0.999977
420 0.999977
421 0.999979
422 0.99998
423 0.99998
424 0.999979
425 0.999979
426 0.999979
427 0.99998
428 0.99998
429 0.999982
430 0.999982
431 0.999983
432 0.999983
433 0.999619
434 0.999619
435 0.984958
436 0.973601
437 0.960561
438 0.945288
439 0.929723
440 0.929723
441 0.897483
442 0.897483
443 0.866237
444 0.866237
445 0.835427
446 0.819384
447 0.803336
448 0.788283
449 0.788283
450 0.757094
451 0.740748
452 0.724769
453 0.709765
454 0.692737
455 0.677725
456 0.663747
457 0.646613
458 0.630727
459 0.615713
460 0.600378
461 0.584772
462 0.568765
463 0.553606
464 0.536699
465 0.522728
466 0.5076
467 0.491729
468 0.475726
469 0.458739
470 0.443643
471 0.428253
472 0.41323
473 0.398203
474 0.382222
475 0.366241
476 0.35
477 0.335239
478 0.319233
479 0.303247
480 0.287252
481 0.271241
482 0.256091
483 0.240713
484 0.225746
485 0.209759
486 0.193753
487 0.177727
488 0.164754
489 0.147616
490 0.130863
491 0.114853
492 0.0998382
493 0.0848801
494 0.0688893
495 0.0537562
496 0.0383522
497 0.0228603
498 0.0228603
499 0.00582774
500 0.00582774
501 0.000170506
502 0.000170506
503 -0.000743121
504 -0.000743121
505 -0.000704047
506 -0.000704047
507 -0.000641291
508 -0.000595586
509 -0.000556985
510 -0.000556985
511 -0.000400215
512 -0.000305253
513 -0.000221657
514 -0.000221657
515 -0.00014043
516 -0.00014043
517 -0.000100646
518 -0.000100646
519 -5.42303e-05
520 -5.42303e-05
521 -1.7761e-05
522 -1.7761e-05
523 -6.15715e-06
524 -6.15715e-06
525 -3.5522e-06
526 -1.42088e-06
527 2.60495e-06
528 2.60495e-06
529 8.05166e-06
530 8.28847e-06
531 8.05166e-06
532 7.57803e-06
533 7.57803e-06
534 7.81485e-06
535 7.81485e-06
536 9.94617e-06
537 1.06566e-05
538 1.04198e-05
539 9.23573e-06
540 8.05166e-06
541 8.05166e-06
542 7.57803e-06
543 7.57803e-06
544 8.99891e-06
545 9.23573e-06
546 9.23573e-06
547 8.28847e-06
548 7.34122e-06
549 7.34122e-06
550 6.15715e-06
551 6.15715e-06
552 6.63078e-06
553 6.63078e-06
554 6.86759e-06
555 6.86759e-06
556 5.92034e-06
557 5.92034e-06
558 4.73627e-06
559 4.73627e-06
560 4.49946e-06
561 5.44671e-06
562 0.00248891
563 0.00248891
564 0.0215751
565 0.0215751
566 0.0488314
567 0.0488314
568 0.0801922
569 0.0801922
570 0.11145
571 0.127567
572 0.143812
573 0.143812
574 0.175337
575 0.19038
576 0.205423
577 0.222497
578 0.238517
579 0.251745
580 0.269475
581 0.269475
582 0.299493
583 0.315487
584 0.331499
585 0.347626
586 0.363014
587 0.378034
588 0.393003
589 0.408977
590 0.424967
591 0.441121
592 0.455896
593 0.472899
594 0.485877
595 0.502878
596 0.51889
597 0.53487
598 0.549975
599 0.549975
600 0.581864
601 0.597904
602 0.612906
603 0.612906
604 0.643234
605 0.643234
606 0.674505
607 0.690497
608 0.706357
609 0.722483
610 0.737532
611 0.737532
612 0.768381
613 0.768381
614 0.79936
615 0.815386
616 0.831377
617 0.846496
618 0.861865
619 0.861865
620 0.893899
621 0.893899
622 0.925862
623 0.938861
624 0.95675
625 0.971885
626 0.98294
627 0.990912
628 0.996397
629 0.99898
630 1.00034
631 1.00075
632 1.00075
633 1.00076
634 1.00076
635 1.00069
636 1.00069
637 1.0006
638 1.0006
639 1.00045
640 1.00034
641 1.00023
642 1.00016
643 1.00012
644 1.00009
645 1.00007
646 1.00005
647 1.00003
648 1.00001
649 0.99999
650 0.999981
651 0.999977
652 0.999977
653 0.999976
654 0.999976
655 0.999974
656 0.999972
657 0.99997
658 0.999971
659 0.999971
660 0.999973
661 0.999973
662 0.999973
663 0.999973
664 0.999972
665 0.999972
666 0.999973
667 0.999973
668 0.999975
669 0.999975
670 0.999976
671 0.999976
672 0.999976
673 0.999976
674 0.999976
675 0.999976
676 0.999978
677 0.999979
678 0.99998
679 0.99998
680 0.99998
681 0.99998
682 0.999979
683 0.99998
684 0.99998
685 0.999982
686 0.999982
687 0.999982
688 0.999983
689 0.999982
690 0.999031
691 0.99284
692 0.983761
693 0.983761
694 0.95872
695 0.942857
696 0.927986
697 0.927986
698 0.894692
699 0.894692
700 0.864483
701 0.848262
702 0.8323
703 0.8323
704 0.801204
705 0.787155
706 0.770115
707 0.753965
708 0.737604
709 0.722649
710 0.722649
711 0.691621
712 0.691621
713 0.661368
714 0.645741
715 0.629728
716 0.629728
717 0.596733
718 0.583774
719 0.568767
720 0.553609
721 0.535327
722 0.520337
723 0.504356
724 0.488244
725 0.473243
726 0.459114
727 0.442513
728 0.425504
729 0.410487
730 0.393465
731 0.37945
732 0.36349
733 0.347252
734 0.331632
735 0.315488
736 0.301611
737 0.285627
738 0.268495
739 0.254349
740 0.237956
741 0.222987
742 0.207014
743 0.19201
744 0.174993
745 0.15984
746 0.147866
747 0.128114
748 0.115102
749 0.115102
750 0.0821073
751 0.0821073
752 0.0510113
753 0.0361164
754 0.0210937
755 0.0108716
756 0.00542658
757 0.00542658
758 -8.05166e-06
759 -8.05166e-06
760 -0.000749278
761 -0.000749278
762 -0.000702863
763 -0.000667577
764 -0.000634423
765 -0.000589666
766 -0.000544197
767 -0.000478126
768 -0.000378191
769 -0.000282045
770 -0.000205317
771 -0.000165059
772 -0.000133563
773 -0.000116039
774 -0.000116039
775 -7.55435e-05
776 -7.55435e-05
777 -3.12594e-05
778 -3.12594e-05
779 -8.05166e-06
780 -5.44671e-06
781 -4.02583e-06
782 -4.02583e-06
783 0
784 0
785 6.86759e-06
786 8.99891e-06
787 8.52529e-06
788 8.52529e-06
789 7.57803e-06
790 7.57803e-06
791 8.28847e-06
792 8.99891e-06
793 1.0183e-05
794 1.04198e-05
795 1.0183e-05
796 9.23573e-06
797 8.05166e-06
798 7.57803e-06
799 7.57803e-06
800 8.28847e-06
801 8.7621e-06
802 9.23573e-06
803 8.7621e-06
804 8.05166e-06
805 6.86759e-06
806 6.15715e-06
807 6.15715e-06
808 6.15715e-06
809 6.86759e-06
810 7.10441e-06
811 7.10441e-06
812 6.63078e-06
813 5.92034e-06
814 4.97308e-06
815 4.73627e-06
816 4.49946e-06
817 4.49946e-06
818 2.36814e-05
819 0.00244557
820 0.00995801
821 0.0208081
822 0.0338878
823 0.0488276
824 0.0630862
825 0.0810707
826 0.0951777
827 0.0951777
828 0.127187
829 0.127187
830 0.158141
831 0.174581
832 0.190631
833 0.190631
834 0.22175
835 0.22175
836 0.253626
837 0.253626
838 0.284586
839 0.284586
840 0.315612
841 0.331624
842 0.347751
843 0.361154
844 0.377155
845 0.394128
846 0.407094
847 0.424095
848 0.441246
849 0.455142
850 0.470015
851 0.487004
852 0.503995
853 0.516137
854 0.532994
855 0.550352
856 0.566467
857 0.580501
858 0.59653
859 0.611531
860 0.627511
861 0.643608
862 0.659009
863 0.675006
864 0.675006
865 0.706985
866 0.706985
867 0.738155
868 0.738155
869 0.767878
870 0.767878
871 0.799855
872 0.814885
873 0.831876
874 0.84411
875 0.863365
876 0.863365
877 0.891394
878 0.907376
879 0.925359
880 0.925359
881 0.956253
882 0.97126
883 0.983899
884 0.983899
885 0.996732
886 0.999156
887 1.00037
888 1.00076
889 1.00079
890 1.00077
891 1.00074
892 1.00069
893 1.00065
894 1.00065
895 1.00054
896 1.00054
897 1.00034
898 1.00023
899 1.00016
900 1.00012
901 1.00009
902 1.00007
903 1.00005
904 1.00003
905 1.00001
906 0.99999
907 0.999981
908 0.999978
909 0.999977
910 0.999977
911 0.999976
912 0.999974
913 0.999972
914 0.999971
915 0.999971
916 0.999972
917 0.999973
918 0.999973
919 0.999973
920 0.999973
921 0.999973
922 0.999972
923 0.999972
924 0.999973
925 0.999975
926 0.999976
927 0.999976
928 0.999976
929 0.999976
930 0.999976
931 0.999976
932 0.999977
933 0.999977
934 0.999979
935 0.999979
936 0.99998
937 0.99998
938 0.999979
939 0.999979
940 0.999979
941 0.999979
942 0.999981
943 0.999981
944 0.999982
945 0.999983
946 0.999982
947 0.999641
948 0.994701
949 0.985052
950 0.974534
951 0.974534
952 0.945661
953 0.929855
954 0.912755
955 0.912755
956 0.882491
957 0.882491
958 0.849765
959 0.849765
960 0.819637
961 0.819637
962 0.788531
963 0.773474
964 0.755589
965 0.741626
966 0.725645
967 0.725645
968 0.69461
969 0.69461
970 0.662497
971 0.662497
972 0.632097
973 0.632097
974 0.600126
975 0.586145
976 0.568018
977 0.568018
978 0.537198
979 0.537198
980 0.50922
981 0.494212
982 0.47436
983 0.45924
984 0.443893
985 0.428879
986 0.411861
987 0.398831
988 0.380835
989 0.366617
990 0.349999
991 0.33499
992 0.31898
993 0.303875
994 0.287873
995 0.272983
996 0.256713
997 0.242475
998 0.225498
999 0.209508
1000 0.194499
1001 0.177477
1002 0.163366
1003 0.146617
1004 0.130612
1005 0.116597
1006 0.10059
1007 0.0846272
1008 0.0846272
1009 0.0531338
1010 0.0381023
1011 0.0218598
1012 0.0218598
1013 0.00607071
1014 0.00607071
1015 0.000203896
1016 0.000203896
1017 -0.000752357
1018 -0.000752357
1019 -0.00071565
1020 -0.00071565
1021 -0.000647448
1022 -0.000647448
1023 -0.000549881
1024 -0.000549881
1025 -0.000396899
1026 -0.000294833
1027 -0.000217868
1028 -0.000168611
1029 -0.000143035
1030 -0.000116986
1031 -9.85144e-05
1032 -8.19375e-05
1033 -5.61248e-05
1034 -3.31539e-05
1035 -1.68138e-05
1036 -8.7621e-06
1037 -5.44671e-06
1038 -4.26264e-06
1039 -2.84176e-06
1040 -4.73627e-07
1041 3.5522e-06
1042 6.63078e-06
1043 8.52529e-06
1044 9.23573e-06
1045 8.7621e-06
1046 8.05166e-06
1047 8.05166e-06
1048 8.28847e-06
1049 8.28847e-06
1050 1.04198e-05
1051 1.08934e-05
1052 1.08934e-05
1053 1.08934e-05
1054 8.99891e-06
1055 8.99891e-06
1056 8.05166e-06
1057 8.05166e-06
1058 9.23573e-06
1059 9.23573e-06
1060 9.23573e-06
1061 9.23573e-06
1062 7.34122e-06
1063 7.34122e-06
1064 6.15715e-06
1065 6.15715e-06
1066 6.63078e-06
1067 7.10441e-06
1068 7.10441e-06
1069 6.86759e-06
1070 6.15715e-06
1071 5.2099e-06
1072 4.97308e-06
1073 4.73627e-06
1074 4.97308e-06
1075 9.23573e-06
1076 0.00248559
1077 0.00987986
1078 0.0215666
1079 0.0341056
1080 0.0489427
1081 0.0634494
1082 0.0794308
1083 0.0945438
1084 0.110687
1085 0.127691
1086 0.127691
1087 0.158896
1088 0.158896
1089 0.188992
1090 0.188992
1091 0.221126
1092 0.221126
1093 0.25187
1094 0.266846
1095 0.281862
1096 0.281862
1097 0.315862
1098 0.315862
1099 0.346122
1100 0.346122
1101 0.377284
1102 0.377284
1103 0.409231
1104 0.423352
1105 0.437505
1106 0.456651
1107 0.469636
1108 0.485625
1109 0.499654
1110 0.516639
1111 0.532745
1112 0.546592
1113 0.563585
1114 0.579632
1115 0.593645
1116 0.610527
1117 0.626631
1118 0.64075
1119 0.658636
1120 0.672501
1121 0.690623
1122 0.704477
1123 0.719749
1124 0.73778
1125 0.751392
1126 0.76637
1127 0.76637
1128 0.799359
1129 0.812377
1130 0.829498
1131 0.845492
1132 0.861865
1133 0.861865
1134 0.893524
1135 0.893524
1136 0.92448
1137 0.92448
1138 0.955382
1139 0.970386
1140 0.982778
1141 0.982778
1142 0.996285
1143 0.996285
1144 1.00038
1145 1.00075
1146 1.00079
1147 1.00077
1148 1.00073
1149 1.00069
1150 1.00064
1151 1.0006
1152 1.00055
1153 1.00047
1154 1.00034
1155 1.00024
1156 1.00024
1157 1.00012
1158 1.00012
1159 1.00008
1160 1.00006
1161 1.00004
1162 1.00004
1163 0.999993
1164 0.999993
1165 0.999978
1166 0.999978
1167 0.999977
1168 0.999976
1169 0.999974
1170 0.999972
1171 0.999971
1172 0.99997
1173 0.999971
1174 0.999973
1175 0.999973
1176 0.999973
1177 0.999973
1178 0.999972
1179 0.999972
1180 0.999972
1181 0.999972
1182 0.999975
1183 0.999976
1184 0.999976
1185 0.999976
1186 0.999976
1187 0.999976
1188 0.999976
1189 0.999976
1190 0.999976
1191 0.999979
1192 0.999979
1193 0.99998
1194 0.99998
1195 0.999979
1196 0.999979
1197 0.99998
1198 0.99998
1199 0.999982
1200 0.999982
1201 0.999983
1202 0.999982
1203 0.999983
1204 0.999243
1205 0.993283
1206 0.984284
1207 0.971963
1208 0.958022
1209 0.943714
1210 0.927863
1211 0.912754
1212 0.896852
1213 0.879716
1214 0.865485
1215 0.865485
1216 0.834549
1217 0.834549
1218 0.802585
1219 0.802585
1220 0.771236
1221 0.771236
1222 0.739365
1223 0.724396
1224 0.708265
1225 0.708265
1226 0.677224
1227 0.677224
1228 0.645491
1229 0.630476
1230 0.614466
1231 0.598489
1232 0.583524
1233 0.567396
1234 0.552486
1235 0.53545
1236 0.520462
1237 0.50548
1238 0.48949
1239 0.473492
1240 0.459365
1241 0.443141
1242 0.443141
1243 0.411112
1244 0.411112
1245 0.380082
1246 0.380082
1247 0.349002
1248 0.333126
1249 0.318106
1250 0.301987
1251 0.286003
1252 0.270863
1253 0.255594
1254 0.255594
1255 0.223365
1256 0.223365
1257 0.193378
1258 0.193378
1259 0.161723
1260 0.145863
1261 0.129862
1262 0.114604
1263 0.09884
1264 0.0857582
1265 0.0857582
1266 0.0511368
1267 0.0511368
1268 0.0218586
1269 0.0118423
1270 0.00542516
1271 0.00174887
1272 -1.1367e-05
1273 -0.000619741
1274 -0.000752593
1275 -0.000737911
1276 -0.000709493
1277 -0.000674208
1278 -0.000641765
1279 -0.000593218
1280 -0.000542777
1281 -0.000480968
1282 -0.000382454
1283 -0.000284176
1284 -0.000213606
1285 -0.000163875
1286 -0.000134747
1287 -0.000114855
1288 -9.63831e-05
1289 -7.53067e-05
1290 -7.53067e-05
1291 -3.00753e-05
1292 -1.46824e-05
1293 -7.34122e-06
1294 -7.34122e-06
1295 -3.78902e-06
1296 -3.78902e-06
1297 4.73627e-07
1298 4.73627e-07
1299 6.63078e-06
1300 6.63078e-06
1301 8.99891e-06
1302 8.28847e-06
1303 8.05166e-06
1304 7.81485e-06
1305 8.28847e-06
1306 9.23573e-06
1307 1.0183e-05
1308 1.08934e-05
1309 1.08934e-05
1310 9.70935e-06
1311 8.28847e-06
1312 7.81485e-06
1313 7.81485e-06
1314 8.28847e-06
1315 8.28847e-06
1316 9.23573e-06
1317 9.23573e-06
1318 8.28847e-06
1319 8.28847e-06
1320 6.39396e-06
1321 6.39396e-06
1322 6.39396e-06
1323 6.63078e-06
1324 7.34122e-06
1325 7.10441e-06
1326 6.63078e-06
1327 6.15715e-06
1328 5.2099e-06
1329 4.97308e-06
1330 4.73627e-06
1331 4.97308e-06
