0 0
1 0
2 0
3 0
4 0
5 0
6 0
7 0
8 0
9 0
10 0
11 0
12 0
13 0
14 0
15 0
16 0
17 0
18 0
19 0
20 0
21 0
22 0
23 0
24 0
25 0
26 0
27 0
28 0
29 0
30 0
31 0
32 0
33 0
34 0
35 0
36 0
37 0
38 0
39 0
40 0
41 0
42 0
43 0
44 0
45 0
46 0
47 0
48 0
49 0
50 0
51 0
52 0
53 0
54 0
55 0
56 0
57 0
58 0
59 0
60 0
61 0
62 0
63 0
64 0
65 0
66 0
67 0
68 0
69 0
70 0
71 0
72 0
73 0
74 0
75 0
76 0
77 0
78 0
79 0
80 0
81 0
82 0
83 0
84 0
85 0
86 0
87 0
88 0
89 0
90 0
91 0
92 0
93 0
94 0
95 0
96 0
97 0
98 0
99 0
100 0
101 0
102 0
103 0
104 0
105 0
106 0
107 0
108 0
109 0
110 0
111 0
112 0
113 0
114 0
115 0
116 0
117 0
118 0
119 0
120 0
121 0
122 0
123 0
124 0
125 0
126 0
127 0
128 0
129 0
130 0
131 0
132 0
133 0
134 0
135 0
136 0
137 0
138 0
139 0
140 0
141 0
142 0
143 0
144 0
145 0
146 0
147 0
148 0
149 0
150 0
151 0
152 0
153 0
154 0
155 0
156 0
157 0
158 0
159 0
160 0
161 0
162 0
163 0
164 0
165 0
166 0
167 0
168 0
169 0
170 0
171 0
172 0
173 0
174 0
175 0
176 0
177 0
178 0
179 0
180 0
181 0
182 0
183 0
184 0
185 0
186 0
187 0
188 0
189 0
190 0
191 0
192 0
193 0
194 0
195 0
196 0
197 0
198 0
199 0
200 0
201 0
202 0
203 0
204 0
205 0
206 0
207 0
208 0
209 0
210 0
211 0
212 0.00121
213 0.00121
214 0.00121
215 0.00121
216 0.00121
217 0.00121
218 0.00121
219 0.00121
220 0.00121
221 0.00121
222 0.00121
223 0.00121
224 0.00121
225 0.00121
226 0.00121
227 0.00121
228 0.00121
229 0.00121
230 0.00121
231 0.00121
232 0.00121
233 0.00121
234 0.00121
235 0.00121
236 0.00121
237 0.00121
238 0.00121
239 0.00242
240 0.00242
241 0.00121
242 0.00121
243 0.00242
244 0.00242
245 0.00121
246 0.00242
247 0.00242
248 0.00242
249 0.00242
250 0.00242
251 0.00242
252 0.00242
253 0.00242
254 0.00242
255 0.00242
256 0.00242
257 0.00242
258 0.00242
259 0.00242
260 0.00242
261 0.00242
262 0.00242
263 0.00242
264 0.00242
265 0.00242
266 0.00242
267 0.00242
268 0.00242
269 0.00242
270 0.00242
271 0.00242
272 0.00242
273 0.00242
274 0.00242
275 0.00242
276 0.00242
277 0.00242
278 0.00242
279 0.00242
280 0.00242
281 0.00242
282 0.00242
283 0.00242
284 0.00242
285 0.00242
286 0.00242
287 0.00242
288 0.00242
289 0.00242
290 0.00242
291 0.00242
292 0.00242
293 0.00242
294 0.00242
295 0.00242
296 0.00242
297 0.00242
298 0.00242
299 0.00242
300 0.00242
301 0.00242
302 0.00242
303 0.00242
304 0.00242
305 0.00242
306 0.00242
307 0.00242
308 0.00242
309 0.00242
310 0.00242
311 0.00242
312 0.00242
313 0.00242
314 0.00242
315 0.00242
316 0.00242
317 0.00242
318 0.00242
319 0.00242
320 0.00242
321 0.00242
322 0.00242
323 0.00242
324 0.00242
325 0.00242
326 0.00242
327 0.00242
328 0.00242
329 0.00242
330 0.00242
331 0.00242
332 0.00242
333 0.00242
334 0.00242
335 0.00242
336 0.00242
337 0.00242
338 0.00242
339 0.00242
340 0.00242
341 0.00242
342 0.00242
343 0.00242
344 0.00242
345 0.00242
346 0.00242
347 0.00242
348 0.00242
349 0.00242
350 0.00242
351 0.00242
352 0.00242
353 0.00242
354 0.00242
355 0.00242
356 0.00242
357 0.00242
358 0.00242
359 0.00242
360 0.00242
361 0.00242
362 0.00242
363 0.00242
364 0.00242
365 0.00242
366 0.00242
367 0.00242
368 0.00242
369 0.00242
370 0.00242
371 0.00242
372 0.00242
373 0.00242
374 0.00242
375 0.00242
376 0.00242
377 0.00242
378 0.00242
379 0.00242
380 0.00242
381 0.00242
382 0.00242
383 0.00242
384 0.00242
385 0.00242
386 0.00242
387 0.00242
388 0.00242
389 0.00242
390 0.00242
391 0.00242
392 0.00242
393 0.00242
394 0.00242
395 0.00242
396 0.00242
397 0.00242
398 0.00242
399 0.00242
400 0.00242
401 0.00242
402 0.00242
403 0.00242
404 0.00242
405 0.00242
406 0.00242
407 0.00242
408 0.00242
409 0.00242
410 0.00242
411 0.00242
412 0.00242
413 0.00242
414 0.00242
415 0.00242
416 0.00242
417 0.00242
418 0.00242
419 0.00242
420 0.00242
421 0.00242
422 0.00242
423 0.00242
424 0.00242
425 0.00242
426 0.00242
427 0.00242
428 0.00242
429 0.00242
430 0.00242
431 0.00242
432 0.00242
433 0.00242
434 0.00242
435 0.00242
436 0.00242
437 0.00242
438 0.00242
439 0.00242
440 0.00242
441 0.00242
442 0.00242
443 0.00242
444 0.00242
445 0.00242
446 0.00242
447 0.00242
448 0.00242
449 0.00242
450 0.00242
451 0.00242
452 0.00242
453 0.00242
454 0.00242
455 0.00242
456 0.00242
457 0.00242
458 0.00242
459 0.00242
460 0.00242
461 0.00242
462 0.00242
463 0.00242
464 0.00242
465 0.00242
466 0.00242
467 0.00242
468 0.00242
469 0.00242
470 0.00242
471 0.00242
472 0.00242
473 0.00242
474 0.00242
475 0.00242
476 0.00242
477 0.00242
478 0.00242
479 0.00242
480 0.00242
481 0.00242
482 0.00242
483 0.00242
484 0.00242
485 0.00242
486 0.00242
487 0.00242
488 0.00242
489 0.00242
490 0.00242
491 0.00242
492 0.00242
493 0.00242
494 0.00242
495 0.00242
496 0.00242
497 0.00242
498 0.00242
499 0.00242
500 0.00242
501 0.00242
502 0.00242
503 0.00242
504 0.00242
505 0.00242
506 0.00242
507 0.00242
508 0.00242
509 0.00242
510 0.00242
511 0.00242
512 0.00242
513 0.00242
514 0.00242
515 0.00242
516 0.00242
517 0.00242
518 0.00242
519 0.00242
520 0.00242
521 0.00242
522 0.00242
523 0.00242
524 0.00242
525 0.00242
526 0.00242
527 0.00242
528 0.00242
529 0.00242
530 0.00242
531 0.00242
532 0.00242
533 0.00242
534 0.00242
535 0.00242
536 0.00242
537 0.00242
538 0.00242
539 0.00242
540 0.00242
541 0.00242
542 0.00242
543 0.00242
544 0.00242
545 0.00242
546 0.00242
547 0.00242
548 0.00242
549 0.00242
550 0.00242
551 0.00242
552 0.00242
553 0.00242
554 0.00242
555 0.00242
556 0.00242
557 0.00242
558 0.00242
559 0.00242
560 0.00242
561 0.00242
562 0.00242
563 0.00242
564 0.00242
565 0.00242
566 0.00242
567 0.00242
568 0.00242
569 0.00242
570 0.00242
571 0.00242
572 0.00242
573 0.00242
574 0.00242
575 0.00242
576 0.00242
577 0.00242
578 0.00242
579 0.00242
580 0.00242
581 0.00242
582 0.00242
583 0.00242
584 0.00242
585 0.00242
586 0.00242
587 0.00242
588 0.00242
589 0.00242
590 0.00242
591 0.00242
592 0.00242
593 0.00242
594 0.00242
595 0.00242
596 0.00242
597 0.00242
598 0.00242
599 0.00242
600 0.00242
601 0.00242
602 0.00242
603 0.00242
604 0.00242
605 0.00242
606 0.00242
607 0.00242
608 0.00242
609 0.00242
610 0.00242
611 0.00242
612 0.00242
613 0.00242
614 0.00242
615 0.00242
616 0.00242
617 0.00242
618 0.00242
619 0.00242
620 0.00242
621 0.00242
622 0.00242
623 0.00242
624 0.00242
625 0.00242
626 0.00242
627 0.00242
628 0.00242
629 0.00242
630 0.00242
631 0.00242
632 0.00242
633 0.00242
634 0.00242
635 0.00242
636 0.00242
637 0.00242
638 0.00242
639 0.00242
640 0.00242
641 0.00242
642 0.00242
643 0.00242
644 0.00242
645 0.00242
646 0.00242
647 0.00242
648 0.00242
649 0.00242
650 0.00242
651 0.00242
652 0.00242
653 0.00242
654 0.00242
655 0.00242
656 0.00242
657 0.00242
658 0.00242
659 0.00242
660 0.00242
661 0.00242
662 0.00242
663 0.00242
664 0.00242
665 0.00242
666 0.00242
667 0.00242
668 0.00242
669 0.00242
670 0.00242
671 0.00242
672 0.00242
673 0.00242
674 0.00242
675 0.00242
676 0.00242
677 0.00242
678 0.00242
679 0.00242
680 0.00242
681 0.00242
682 0.00242
683 0.00242
684 0.00242
685 0.00242
686 0.00242
687 0.00242
688 0.00242
689 0.00242
690 0.00242
691 0.00242
692 0.00242
693 0.00242
694 0.00242
695 0.00242
696 0.00242
697 0.00242
698 0.00242
699 0.00242
700 0.00242
701 0.00242
702 0.00242
703 0.00242
704 0.00242
705 0.00242
706 0.00242
707 0.00242
708 0.00242
709 0.00242
710 0.00242
711 0.00242
712 0.00242
713 0.00242
714 0.00242
715 0.00242
716 0.00242
717 0.00242
718 0.00242
719 0.00242
720 0.00242
721 0.00242
722 0.00242
723 0.00242
724 0.00242
725 0.00242
726 0.00242
727 0.00242
728 0.00242
729 0.00242
730 0.00242
731 0.00242
732 0.00242
733 0.00242
734 0.00242
735 0.00242
736 0.00242
737 0.00242
738 0.00242
739 0.00242
740 0.00242
741 0.00242
742 0.00242
743 0.00242
744 0.00242
745 0.00242
746 0.00242
747 0.00242
748 0.00242
749 0.11132
750 0.11132
751 0.09196
752 0.09196
753 0.0726
754 0.07381
755 0.05929
756 0.05929
757 0.05445
758 0.05566
759 0.06413
760 0.0605
761 0.06776
762 0.06171
763 0.0605
764 0.06655
765 0.05929
766 0.06413
767 0.0605
768 0.06776
769 0.06655
770 0.06171
771 0.06171
772 0.05808
773 0.05808
774 0.05929
775 0.06292
776 0.06655
777 0.06655
778 0.06776
779 0.0605
780 0.04598
781 0.04598
782 -0.00726
783 -0.00726
784 0.01452
785 0.01452
786 0.0242
787 0.02299
788 0.00605
789 -0.01331
790 -0.02662
791 -0.02541
792 -0.02662
793 -0.02783
794 -0.02783
795 -0.02783
796 -0.02662
797 -0.02662
798 -0.02662
799 -0.02662
800 -0.02783
801 -0.02662
802 -0.02662
803 -0.02662
804 -0.02662
805 -0.02541
806 -0.02541
807 -0.0242
808 -0.0242
809 -0.0242
810 -0.02299
811 -0.02299
812 -0.02299
813 -0.02299
814 -0.02178
815 -0.02178
816 -0.02178
817 -0.02057
818 -0.02057
819 -0.02057
820 -0.02057
821 -0.02057
822 -0.01936
823 -0.01936
824 -0.01815
825 -0.01815
826 -0.01815
827 -0.01815
828 -0.01694
829 -0.01694
830 -0.01694
831 -0.01694
832 -0.01694
833 -0.01694
834 -0.01573
835 -0.01573
836 -0.01573
837 -0.01573
838 -0.01573
839 -0.01452
840 -0.01452
841 -0.01452
842 -0.01452
843 -0.01452
844 -0.01452
845 -0.01452
846 -0.01331
847 -0.01331
848 -0.01331
849 -0.01331
850 -0.01331
851 -0.01331
852 -0.01331
853 -0.01331
854 -0.01331
855 -0.01331
856 -0.0121
857 -0.0121
858 -0.0121
859 -0.0121
860 -0.0121
861 -0.0121
862 -0.0121
863 -0.0121
864 -0.0121
865 -0.0121
866 -0.0121
867 -0.0121
868 -0.0121
869 -0.01089
870 -0.01089
871 -0.0121
872 -0.01089
873 -0.01089
874 -0.01089
875 -0.01089
876 -0.02057
877 -0.08833
878 -0.10406
879 -0.10043
880 -0.10043
881 -0.07139
882 -0.07139
883 -0.05808
884 -0.06171
885 -0.05929
886 -0.05808
887 -0.06655
888 -0.05566
889 -0.06534
890 -0.05808
891 -0.0605
892 -0.06413
893 -0.05324
894 -0.06534
895 -0.05808
896 -0.06534
897 -0.06413
898 -0.06292
899 -0.06292
900 -0.06292
901 -0.06655
902 -0.06655
903 -0.06655
904 -0.05687
905 -0.0605
906 -0.05808
907 -0.0605
908 -0.06776
909 0.02057
910 0.0121
911 -0.00242
912 0.00121
913 -0.00968
914 -0.02299
915 -0.03267
916 -0.01694
917 -0.01694
918 0.01573
919 0.01573
920 0.0242
921 0.0242
922 0.02662
923 0.02662
924 0.02541
925 0.02541
926 0.02662
927 0.02783
928 0.02904
929 0.03025
930 0.03025
931 0.03025
932 0.02904
933 0.02783
934 0.02783
935 0.02783
936 0.02783
937 0.02783
938 0.02662
939 0.02662
940 0.02662
941 0.02662
942 0.02541
943 0.02541
944 0.02541
945 0.02541
946 0.02541
947 0.0242
948 0.0242
949 0.0242
950 0.0242
951 0.02299
952 0.02299
953 0.02299
954 0.02299
955 0.02299
956 0.02299
957 0.02178
958 0.02178
959 0.02178
960 0.02178
961 0.02178
962 0.02178
963 0.02057
964 0.02057
965 0.02057
966 0.02057
967 0.02057
968 0.02057
969 0.01936
970 0.01936
971 0.01936
972 0.01936
973 0.01936
974 0.01936
975 0.01936
976 0.01936
977 0.01936
978 0.01936
979 0.01815
980 0.01815
981 0.01815
982 0.01815
983 0.01815
984 0.01815
985 0.01815
986 0.01815
987 0.01815
988 0.01815
989 0.01815
990 0.01694
991 0.01694
992 0.01694
993 0.01694
994 0.01694
995 0.01694
996 0.01694
997 0.01694
998 0.01694
999 0.01694
1000 0.01694
1001 0.01694
1002 0.01694
1003 0.01694
1004 0.01694
