0 0
1 0.000757566
2 -0.000757566
3 0
4 0
5 0
6 0
7 -0.000757566
8 0
9 0.000378665
10 -0.000757566
11 -0.000757566
12 0
13 -0.00151537
14 -0.000378665
15 -0.000378665
16 0
17 -0.000378665
18 0.000378665
19 0.000378665
20 -0.000757566
21 -0.000757566
22 0
23 0
24 0.000757566
25 0.000378665
26 0
27 0
28 -0.000757566
29 -0.000378665
30 -0.000378665
31 -0.000378665
32 -0.000378665
33 0.000757566
34 0.000757566
35 -0.000378665
36 -0.000378665
37 0.000378665
38 -0.000757566
39 0
40 -0.000378665
41 0.000378665
42 0.000378665
43 0
44 -0.000378665
45 0.0011367
46 0.000378665
47 0
48 0.000757566
49 0
50 -0.000757566
51 0
52 0.000757566
53 0.0011367
54 -0.000378665
55 -0.000378665
56 0.000757566
57 -0.000378665
58 0
59 0
60 0
61 0
62 -0.000757566
63 -0.000757566
64 0
65 0
66 -0.000378665
67 0.000757566
68 0
69 -0.000378665
70 0.000378665
71 0.000378665
72 0
73 -0.000757566
74 0.000378665
75 0.000378665
76 0.000378665
77 0.0011367
78 0.000757566
79 -0.000378665
80 0.000378665
81 -0.000757566
82 0.000378665
83 -0.000757566
84 0
85 -0.000757566
86 -0.000757566
87 0
88 -0.000378665
89 0.000378665
90 0.000757566
91 0.00151537
92 0.000378665
93 -0.0011367
94 -0.0011367
95 -0.000378665
96 -0.000378665
97 -0.000378665
98 -0.000757566
99 0.000378665
100 0.000757566
101 0.000757566
102 -0.000378665
103 -0.000378665
104 0
105 0.000378665
106 0.000378665
107 0.000378665
108 0.000378665
109 0.000378665
110 0.000378665
111 0.000378665
112 0
113 0.000757566
114 -0.000378665
115 0
116 0
117 0
118 0.000378665
119 -0.0011367
120 0.000378665
121 -0.000378665
122 0.000757566
123 0
124 0
125 -0.000378665
126 -0.000378665
127 0.000378665
128 0.000757566
129 -0.00151537
130 0
131 -0.000378665
132 0.000378665
133 0
134 0
135 0
136 0
137 0
138 0.000378665
139 0
140 0
141 0
142 0.0011367
143 0.000378665
144 0
145 -0.000378665
146 -0.000378665
147 0.000757566
148 0.000757566
149 0
150 0
151 -0.000757566
152 -0.000757566
153 -0.000378665
154 -0.000378665
155 0.000757566
156 0
157 -0.000757566
158 -0.000757566
159 -0.000757566
160 -0.000378665
161 0
162 -0.000757566
163 0
164 0.000378665
165 -0.000378665
166 -0.000757566
167 0
168 0
169 0
170 -0.000757566
171 0.000378665
172 -0.0011367
173 0.000378665
174 -0.000378665
175 -0.0011367
176 0
177 -0.000378665
178 0.000378665
179 0
180 0
181 0.000378665
182 0
183 -0.000378665
184 0
185 0
186 0
187 0.00151537
188 0.00151537
189 0
190 0.000378665
191 -0.000378665
192 0
193 -0.000378665
194 0.000378665
195 0
196 0.000757566
197 0.000757566
198 0.000757566
199 0
200 -0.000757566
201 0
202 -0.000378665
203 0.00151537
204 -0.000378665
205 -0.000378665
206 0.000378665
207 0.000378665
208 0
209 0
210 -0.000378665
211 0.000378665
212 0
213 0
214 -0.000757566
215 -0.000378665
216 0.000757566
217 0.000757566
218 -0.00340988
219 -0.00340988
220 0.000757566
221 0.000757566
222 0
223 -0.000378665
224 -0.000757566
225 -0.000378665
226 -0.00151537
227 -0.000378665
228 0.000378665
229 0.000378665
230 0
231 -0.000378665
232 0.000378665
233 0.000378665
234 0
235 -0.000378665
236 -0.000378665
237 -0.000378665
238 -0.000378665
239 0.000378665
240 0.000378665
241 0.000378665
242 -0.000378665
243 0.000378665
244 0
245 -0.000378665
246 -0.000378665
247 -0.000378665
248 0.000378665
249 0.000378665
250 -0.000378665
251 0
252 0.000378665
253 0
254 -0.000378665
255 -0.000378665
256 0
257 0.000378665
258 0
259 -0.000378665
260 -0.000378665
261 0
262 0
263 0.000378665
264 0
265 0.000378665
266 0
267 -0.0011367
268 -0.000378665
269 0.000378665
270 0.000378665
271 -0.000378665
272 -0.000378665
273 -0.000378665
274 -0.000378665
275 0.000378665
276 0.000378665
277 0.103061
278 0.103061
279 0.685054
280 0.82449
281 0.916184
282 0.916184
283 0.997648
284 0.997648
285 0.995753
286 0.995753
287 1.01167
288 1.01167
289 0.993101
290 0.993101
291 0.994238
292 1.01129
293 0.998785
294 0.994238
295 0.987417
296 0.99348
297 1.01243
298 0.991964
299 0.980597
300 0.988933
301 0.988933
302 1.00901
303 0.988933
304 0.988933
305 1.00182
306 0.996132
307 1.00485
308 0.999921
309 0.999921
310 0.991206
311 0.999542
312 0.994617
313 1.00371
314 0.987038
315 1.01053
316 1.0075
317 0.990449
318 1.00371
319 1.00371
320 0.991964
321 1.01773
322 0.992722
323 0.992343
324 0.984765
325 1.00864
326 0.993859
327 0.989312
328 1.00674
329 1.00674
330 1.00219
331 0.98666
332 0.982871
333 0.985523
334 0.999542
335 0.999542
336 1.01053
337 0.994238
338 0.994238
339 0.996132
340 0.985523
341 0.828279
342 0.528947
343 0.330781
344 0.330781
345 0.0882838
346 0.0882838
347 0.00265207
348 -0.0011367
349 -0.00265207
350 -0.00265207
351 -0.00265207
352 -0.00303098
353 -0.00303098
354 -0.00303098
355 -0.00719889
356 -0.00606219
357 -0.00492572
358 -0.00303098
359 -0.00189427
360 -0.0011367
361 -0.00151537
362 -0.00151537
363 -0.00151537
364 -0.00151537
365 -0.00151537
366 -0.000378665
367 0
368 0
369 -0.000378665
370 0
371 0.000378665
372 0
373 0
374 0.000378665
375 0.000378665
376 0.000378665
377 -0.0011367
378 0.000757566
379 0.000378665
380 0.000378665
381 0
382 0.000757566
383 0.000378665
384 0
385 0
386 0
387 0
388 0
389 0
390 0
391 0
392 0
393 0.000378665
394 0
395 0
396 0
397 -0.000378665
398 0.000378665
399 0.000378665
400 0.000378665
401 0
402 0.000378665
403 0.000378665
404 -0.000757566
405 0
406 -0.342527
407 -0.342527
408 -0.749467
409 -0.749467
410 -0.953695
411 -0.953695
412 -1.01243
413 -1.01129
414 -1.00788
415 -1.01356
416 -1.02076
417 -1.00295
418 -0.99689
419 -0.990449
420 -1.01508
421 -1.01432
422 -1.01432
423 -0.998027
424 -0.984007
425 -1.01887
426 -0.998027
427 -1.00939
428 -0.989691
429 -1.00485
430 -1.01394
431 -1.00409
432 -0.988933
433 -0.991585
434 -0.991585
435 -1.00674
436 -1.00674
437 -0.982871
438 -0.982871
439 -1.01546
440 -0.996132
441 -0.998027
442 -1.01167
443 -1.00636
444 -1.00636
445 -0.998785
446 -0.998785
447 -0.97946
448 -0.993101
449 -1.00977
450 -1.00144
451 -1.00182
452 -0.983628
453 -1.00219
454 -1.00977
455 -0.990828
456 -0.990828
457 -0.999542
458 -0.99689
459 -1.0056
460 -1.00485
461 -1.00295
462 -1.00182
463 -1.02114
464 -1.00106
465 -1.00901
466 -0.995753
467 -0.989312
468 -1.01621
469 -0.999542
470 -0.636934
471 -0.636934
472 -0.253106
473 -0.253106
474 -0.0466047
475 -0.00985144
476 0.000378665
477 0.00151537
478 0.00189427
479 0.00227341
480 0.00303098
481 0.00227341
482 0.00378878
483 0.00606219
484 0.00644109
485 0.00454682
486 0.00454682
487 0.00227341
488 0.00227341
489 0.00151537
490 0.00151537
491 0.00227341
492 0.00189427
493 0.000757566
494 0.0011367
495 0.000757566
496 0
497 0
498 0.000757566
499 0.000378665
500 0
501 0
502 -0.000757566
503 -0.000378665
504 0
505 0.000378665
506 0.000757566
507 0.000757566
508 -0.000378665
509 -0.000378665
510 0
511 -0.000378665
512 0.000757566
513 0.000757566
514 0.000378665
515 0.000378665
516 0
517 -0.000378665
518 0
519 0.000378665
520 -0.000378665
521 0
522 0.000757566
523 0
524 0.000378665
525 0
526 0
527 0
528 0.000757566
529 0
530 0.000378665
531 0
532 0.000378665
533 0
534 0.176189
535 0.469838
536 0.660426
537 0.803271
538 0.917321
539 0.917321
540 1.01243
541 1.00144
542 1.01508
543 1.01887
544 1.01432
545 0.989691
546 0.982113
547 0.992722
548 0.992722
549 0.994238
550 0.994238
551 1.00333
552 1.00333
553 1.0003
554 1.0003
555 0.99689
556 0.99689
557 1.00636
558 1.00636
559 0.999164
560 0.999164
561 0.999542
562 0.985902
563 0.999921
564 1.00371
565 0.99689
566 1.01318
567 0.999542
568 0.999921
569 0.999921
570 0.997269
571 1.00144
572 1.00219
573 1.00977
574 0.987796
575 1.00523
576 0.991206
577 1.01546
578 0.990828
579 1.00219
580 0.990449
581 1.01243
582 1.0075
583 1.0075
584 0.998406
585 0.998406
586 1.00864
587 1.00864
588 0.997269
589 0.999921
590 1.00864
591 1.00864
592 0.999542
593 0.992722
594 0.994996
595 0.994996
596 0.998785
597 0.984007
598 0.957863
599 0.577825
600 0.331918
601 0.203091
602 0.0913151
603 0.029933
604 0.00416792
605 -0.0011367
606 -0.00265207
607 -0.00303098
608 -0.00265207
609 -0.00303098
610 -0.00303098
611 -0.00492572
612 -0.0075778
613 -0.00681999
614 -0.00568329
615 -0.00265207
616 -0.00151537
617 -0.00265207
618 -0.0011367
619 -0.00151537
620 -0.000378665
621 -0.00189427
622 -0.0011367
623 0.000757566
624 0
625 0
626 0.000378665
627 0.000378665
628 -0.000378665
629 -0.000757566
630 -0.000378665
631 -0.000378665
632 0
633 0
634 -0.000378665
635 -0.000378665
636 -0.000757566
637 0.000757566
638 0
639 0.000378665
640 0
641 0
642 -0.000378665
643 0
644 0
645 0
646 -0.000378665
647 -0.000378665
648 0
649 0
650 0.000378665
651 0
652 0.000378665
653 0.000378665
654 -0.000378665
655 -0.000378665
656 -0.000757566
657 -0.000378665
658 0.000378665
659 0.000378665
660 0.000378665
661 0.000378665
662 -0.000757566
663 -0.274325
664 -0.499013
665 -0.708546
666 -0.846845
667 -0.931719
668 -0.931719
669 -1.0003
670 -1.00106
671 -0.999164
672 -0.999164
673 -1.00901
674 -1.00901
675 -1.0003
676 -1.00447
677 -1.01205
678 -0.988175
679 -0.991964
680 -0.995375
681 -1.01811
682 -1.01432
683 -0.999164
684 -1.00295
685 -0.987038
686 -1.01584
687 -1.01584
688 -1.00219
689 -1.00219
690 -0.986281
691 -0.986281
692 -0.996511
693 -0.996511
694 -0.99348
695 -0.99348
696 -1.00182
697 -1.0056
698 -1.0056
699 -1.0056
700 -1.01015
701 -1.01015
702 -1.01129
703 -1.01129
704 -1.00106
705 -1.00106
706 -1.00257
707 -0.984386
708 -0.985144
709 -0.991585
710 -1.02152
711 -1.01167
712 -1.00144
713 -0.991206
714 -0.990828
715 -1.01735
716 -0.990449
717 -1.00409
718 -0.985902
719 -1.02644
720 -1.00182
721 -1.00106
722 -0.97946
723 -1.01015
724 -1.00977
725 -1.00523
726 -1.00523
727 -0.680128
728 -0.680128
729 -0.278493
730 -0.278493
731 -0.0594873
732 -0.0594873
733 0.000378665
734 0.00189427
735 0.00303098
736 0.00303098
737 0.00303098
738 0.00378878
739 0.00378878
740 0.00378878
741 0.00681999
742 0.00530439
743 0.00340988
744 0.00151537
745 0.0011367
746 0.00151537
747 0.000757566
748 0.0011367
749 0.00151537
750 0.0011367
751 0.000757566
752 0
753 0
754 0
755 0.000757566
756 0
757 0.000757566
758 0
759 0
760 0.000378665
761 -0.000378665
762 0.000378665
763 0
764 0.000378665
765 0
766 0
767 0.000378665
768 0
769 0
770 -0.000378665
771 -0.000378665
772 0.000378665
773 -0.000378665
774 0
775 0
776 0
777 0
778 0.000378665
779 0.000378665
780 -0.000757566
781 -0.000757566
782 0
783 0
784 -0.000378665
785 -0.000378665
786 -0.000378665
787 -0.000378665
788 -0.000378665
789 0
790 0
791 0
792 0.411866
793 0.411866
794 0.773338
795 0.898376
796 0.952558
797 0.983628
798 0.992722
799 1.02644
800 0.99689
801 1.0272
802 1.0272
803 1.01735
804 1.01735
805 1.01394
806 1.01394
807 0.989691
808 0.997269
809 1.00712
810 1.0075
811 1.0003
812 0.982871
813 1.01243
814 1.01243
815 1.00977
816 0.998027
817 0.999542
818 0.999542
819 0.987796
820 1.00295
821 0.97946
822 1.00371
823 0.987796
824 0.999542
825 1.01015
826 0.990828
827 1.01735
828 1.00864
829 1.00371
830 0.983249
831 0.985144
832 0.985144
833 1.01735
834 1.01735
835 0.99689
836 0.999542
837 0.998406
838 0.991585
839 1.00182
840 0.982871
841 0.998027
842 0.984765
843 1.00371
844 0.986281
845 0.994617
846 1.01697
847 1.00333
848 1.00333
849 0.993859
850 0.993859
851 0.999921
852 1.00295
853 0.996132
854 0.996132
855 0.929067
856 0.929067
857 0.399362
858 0.399362
859 0.0988931
860 0.0424367
861 0.00416792
862 0.00416792
863 -0.00189427
864 -0.00189427
865 -0.00151537
866 -0.00265207
867 -0.00340988
868 -0.00340988
869 -0.0075778
870 -0.0075778
871 -0.00492572
872 -0.00492572
873 -0.00265207
874 -0.00265207
875 -0.000378665
876 -0.000378665
877 -0.0011367
878 -0.0011367
879 -0.0011367
880 -0.0011367
881 0
882 0
883 -0.000378665
884 -0.000378665
885 0
886 0.000378665
887 0.000378665
888 0.000378665
889 0
890 -0.000378665
891 0
892 0
893 0.000378665
894 0.000378665
895 0.000378665
896 -0.000378665
897 0.000378665
898 0.000757566
899 0
900 0
901 0
902 0
903 -0.000378665
904 -0.000378665
905 0.000378665
906 0.000378665
907 -0.000378665
908 -0.000378665
909 0.000757566
910 0
911 -0.000378665
912 0.000378665
913 0.000378665
914 0
915 0
916 0.00151537
917 0.00151537
918 0.000757566
919 0.000757566
920 -0.308426
921 -0.308426
922 -0.729764
923 -0.860485
924 -0.952558
925 -0.952558
926 -0.997648
927 -0.997648
928 -0.992722
929 -0.992722
930 -1.01849
931 -1.01849
932 -0.998785
933 -1.00674
934 -1.02531
935 -1.00295
936 -1.00182
937 -0.99348
938 -1.00371
939 -0.997269
940 -1.00371
941 -0.993101
942 -0.993859
943 -1.00636
944 -1.00636
945 -1.00864
946 -1.00864
947 -0.986281
948 -1.01205
949 -0.987417
950 -0.987417
951 -0.983628
952 -0.983628
953 -1.00182
954 -0.996132
955 -1.00485
956 -0.987038
957 -0.99689
958 -1.00182
959 -0.980218
960 -0.999164
961 -0.993101
962 -1.02303
963 -0.994617
964 -0.994617
965 -1.01205
966 -0.995753
967 -1.02266
968 -0.99007
969 -0.983249
970 -0.992343
971 -0.990449
972 -0.988933
973 -1.01129
974 -0.984007
975 -0.984007
976 -1.0056
977 -1.0056
978 -1.01091
979 -0.990449
980 -1.0056
981 -1.0056
982 -1.01243
983 -1.01243
984 -0.669898
985 -0.669898
986 -0.278872
987 -0.138678
988 -0.0564561
989 -0.0147769
990 0.0011367
991 0.00265207
992 0.00227341
993 0.00265207
994 0.00189427
995 0.00189427
996 0.00340988
997 0.00492572
998 0.00606219
999 0.00492572
1000 0.00303098
1001 0.00227341
1002 0.0011367
1003 0.0011367
1004 0.0011367
1005 0.0011367
1006 0.0011367
1007 0.0011367
1008 0.000378665
1009 0.000757566
1010 0.000757566
1011 0.000757566
1012 0.000757566
1013 0.000378665
1014 0.000757566
1015 0
1016 0
1017 0
1018 -0.000378665
1019 -0.000378665
1020 -0.000378665
1021 0
1022 -0.000378665
1023 0.000378665
1024 0
1025 0.000378665
1026 0.000378665
1027 0
1028 0
1029 0.000378665
1030 0
1031 0.000378665
1032 0
1033 -0.000378665
1034 0.000378665
1035 -0.000378665
1036 0.000378665
1037 0
1038 0.000757566
1039 0
1040 0
1041 -0.000378665
1042 0.000757566
1043 0.000757566
1044 -0.000378665
1045 -0.000378665
1046 0.000378665
1047 0.000378665
1048 0.0500148
1049 0.0500148
1050 0.63125
1051 0.63125
1052 0.905954
1053 0.905954
1054 0.977566
1055 1.00219
1056 1.00106
1057 1.00106
1058 1.0147
1059 1.0147
1060 0.984007
1061 1.00333
1062 1.00219
1063 1.00219
1064 1.00447
1065 1.00447
1066 1.00219
1067 1.00219
1068 0.998027
1069 0.980218
1070 1.00864
1071 1.00219
1072 0.995753
1073 0.988554
1074 0.984765
1075 1.02303
1076 0.99689
1077 1.00485
1078 0.993859
1079 0.99689
1080 0.985902
1081 0.999542
1082 1.00257
1083 1.00257
1084 1.0056
1085 1.0056
1086 1.01129
1087 1.01129
1088 0.990828
1089 0.990828
1090 1.00674
1091 0.993859
1092 0.98666
1093 0.991206
1094 1.00333
1095 1.00333
1096 1.00106
1097 1.00106
1098 1.0056
1099 1.0056
1100 1.01356
1101 0.992722
1102 1.00182
1103 1.00182
1104 1.00977
1105 1.00977
1106 0.984765
1107 0.984765
1108 0.999921
1109 1.01053
1110 0.994238
1111 0.994238
1112 0.96582
1113 0.96582
1114 0.396331
1115 0.213321
1116 0.0977564
1117 0.0431945
1118 0.00871474
1119 -0.00151537
1120 -0.00189427
1121 -0.00265207
1122 -0.00227341
1123 -0.00340988
1124 -0.00340988
1125 -0.00416792
1126 -0.00416792
1127 -0.00681999
1128 -0.00530439
1129 -0.00378878
1130 -0.00151537
1131 -0.0011367
1132 -0.00151537
1133 -0.000757566
1134 -0.00227341
1135 -0.00189427
1136 -0.0011367
1137 -0.000378665
1138 -0.000378665
1139 0.000378665
1140 -0.000378665
1141 -0.000378665
1142 -0.000378665
1143 -0.000378665
1144 -0.000378665
1145 -0.000378665
1146 0
1147 0
1148 0.000378665
1149 0.000378665
1150 0
1151 -0.000378665
1152 0
1153 0
1154 0
1155 0
1156 0
1157 0
1158 0
1159 0
1160 -0.000378665
1161 -0.000378665
1162 0
1163 0.000378665
1164 0.000378665
1165 0.000757566
1166 -0.000757566
1167 0.000378665
1168 0.000378665
1169 0.000378665
1170 0.000378665
1171 -0.000378665
1172 0
1173 -0.000757566
1174 -0.000757566
1175 -0.000378665
1176 -0.000378665
1177 -0.272809
1178 -0.512654
1179 -0.702104
1180 -0.702104
1181 -0.939297
1182 -0.97946
1183 -1.0075
1184 -1.00826
1185 -1.00182
1186 -1.02531
1187 -1.00485
1188 -0.99007
1189 -1.00485
1190 -1.02417
1191 -0.997269
1192 -1.01129
1193 -0.991585
1194 -0.989312
1195 -1.00485
1196 -0.985523
1197 -0.985523
1198 -0.995375
1199 -1.00333
1200 -1.01053
1201 -1.01053
1202 -0.994617
1203 -0.994617
1204 -1.00674
1205 -1.00674
1206 -1.00939
1207 -0.997648
1208 -0.997648
1209 -1.00371
1210 -1.00788
1211 -1.00371
1212 -0.987038
1213 -1.00712
1214 -1.02
1215 -1.00295
1216 -1.00295
1217 -0.981734
1218 -0.983249
1219 -0.998406
1220 -0.998406
1221 -1.00788
1222 -1.00788
1223 -1.01318
1224 -1.01318
1225 -0.997648
1226 -0.997648
1227 -0.995753
1228 -0.995753
1229 -0.992343
1230 -0.992722
1231 -0.989691
1232 -1.00144
1233 -1.00371
1234 -1.00333
1235 -1.00182
1236 -1.00977
1237 -1.00523
1238 -0.996132
1239 -0.993101
1240 -0.993101
1241 -0.72105
1242 -0.479689
1243 -0.287586
1244 -0.287586
1245 -0.0678234
1246 -0.0181873
1247 0.000378665
1248 0.00151537
1249 0.00227341
1250 0.00265207
1251 0.00265207
1252 0.00265207
1253 0.00378878
1254 0.00378878
1255 0.00606219
1256 0.00606219
1257 0.00303098
1258 0.00227341
1259 0.00151537
1260 0.000757566
1261 0.0011367
1262 0.00227341
1263 0.00189427
1264 0.000757566
1265 0.0011367
1266 -0.000378665
1267 0
1268 -0.000378665
1269 0.000378665
1270 0.000378665
1271 0
1272 0.000757566
1273 -0.000378665
1274 -0.000378665
1275 0.000378665
1276 0
1277 0.000757566
1278 0.000757566
1279 0.000378665
1280 0.000378665
1281 0.000378665
1282 0.000378665
1283 0
1284 0
1285 0
1286 0
1287 0
1288 0
1289 0.000378665
1290 0.000378665
1291 0
1292 0.000757566
1293 -0.000378665
1294 -0.000378665
1295 0
1296 0.000378665
1297 -0.000378665
1298 -0.000378665
1299 -0.000378665
1300 -0.000378665
1301 0.000378665
1302 0
1303 0.000378665
1304 0
