0 0
1 0
2 0
3 0
4 0
5 0
6 0.000378665
7 0.000378665
8 -0.000378665
9 -0.000378665
10 0
11 0
12 0.000378665
13 0
14 0
15 0
16 0
17 0
18 0
19 0
20 0
21 -0.000378665
22 0
23 0
24 0
25 0
26 0
27 0.000378665
28 0
29 0
30 0
31 0.000378665
32 0.000378665
33 0.000378665
34 -0.000378665
35 -0.000378665
36 -0.000378665
37 0
38 0.000378665
39 -0.000378665
40 -0.000378665
41 0.000378665
42 0.000378665
43 0
44 0
45 0
46 0
47 0.000378665
48 -0.000378665
49 0
50 0.000378665
51 -0.000378665
52 0
53 -0.000378665
54 -0.000378665
55 0
56 0
57 -0.000378665
58 -0.000378665
59 -0.000378665
60 -0.000378665
61 -0.000378665
62 0
63 0.000378665
64 -0.000378665
65 0.000378665
66 -0.000378665
67 0
68 0
69 -0.000378665
70 0.000378665
71 -0.000378665
72 -0.000757566
73 0
74 -0.000378665
75 0
76 0
77 0
78 0.000378665
79 0.000378665
80 0.000757566
81 0.000757566
82 -0.000378665
83 -0.000378665
84 0
85 0
86 -0.000378665
87 0
88 0
89 0.000378665
90 0
91 -0.000378665
92 0.000757566
93 0.000378665
94 0.000378665
95 0.000378665
96 0.000378665
97 -0.000378665
98 -0.000378665
99 0
100 0.000378665
101 -0.000757566
102 -0.000378665
103 0.000378665
104 -0.000757566
105 0
106 0
107 -0.000378665
108 0.000378665
109 0.000378665
110 -0.000378665
111 0.000378665
112 -0.000378665
113 -0.000757566
114 0
115 0
116 0
117 0
118 0.000378665
119 -0.000378665
120 0.000378665
121 0.000757566
122 0.0011367
123 0.000378665
124 0
125 0
126 0
127 -0.000378665
128 0.000378665
129 0.000378665
130 -0.000378665
131 0.000378665
132 0.000378665
133 0.000378665
134 0
135 0.000378665
136 0
137 0
138 0.000378665
139 0.000378665
140 0
141 0
142 -0.000378665
143 -0.000378665
144 -0.000757566
145 0
146 0.000378665
147 0
148 0
149 0
150 0.000378665
151 0.000378665
152 0
153 -0.000378665
154 0.000378665
155 -0.000378665
156 0.000378665
157 0.000378665
158 0
159 0
160 0
161 0
162 0
163 -0.000378665
164 -0.000378665
165 0.000378665
166 -0.000378665
167 0
168 0.000378665
169 -0.000378665
170 0
171 0
172 -0.000378665
173 -0.000378665
174 -0.000378665
175 0.000378665
176 -0.000378665
177 0
178 0
179 -0.000378665
180 -0.000378665
181 0
182 0
183 0.000378665
184 0
185 0
186 0
187 0
188 0
189 -0.000378665
190 -0.000378665
191 0
192 0
