0 -7.48331e-05
1 -7.45963e-05
2 -7.45963e-05
3 -7.48331e-05
4 -7.45963e-05
5 -7.45963e-05
6 -7.48331e-05
7 -7.48331e-05
8 -7.45963e-05
9 -7.45963e-05
10 -7.48331e-05
11 -7.48331e-05
12 -7.48331e-05
13 -7.48331e-05
14 -7.45963e-05
15 -7.48331e-05
16 -7.48331e-05
17 -7.48331e-05
18 -7.45963e-05
19 -7.45963e-05
20 -7.48331e-05
21 -7.48331e-05
22 -7.45963e-05
23 -7.45963e-05
24 -7.48331e-05
25 -7.45963e-05
26 -7.45963e-05
27 -7.45963e-05
28 -7.48331e-05
29 -7.48331e-05
30 -7.48331e-05
31 -7.45963e-05
32 -7.48331e-05
33 -7.48331e-05
34 -7.48331e-05
35 -7.45963e-05
36 -7.48331e-05
37 -7.48331e-05
38 -7.48331e-05
39 -7.48331e-05
40 -7.45963e-05
41 -7.45963e-05
42 -7.48331e-05
43 -7.48331e-05
44 -7.45963e-05
45 -7.48331e-05
46 -7.48331e-05
47 -7.48331e-05
48 -7.48331e-05
49 -7.45963e-05
50 -7.48331e-05
51 -7.48331e-05
52 -7.48331e-05
53 -7.45963e-05
54 -7.48331e-05
55 -7.48331e-05
56 -7.45963e-05
57 -7.45963e-05
58 -7.45963e-05
59 -7.45963e-05
60 -7.48331e-05
61 -7.45963e-05
62 -7.48331e-05
63 -7.48331e-05
64 -7.45963e-05
65 -7.45963e-05
66 -7.48331e-05
67 -7.48331e-05
68 -7.48331e-05
69 -7.45963e-05
70 -7.48331e-05
71 -7.45963e-05
72 -7.48331e-05
73 -7.48331e-05
74 -7.48331e-05
75 -7.48331e-05
76 -7.48331e-05
77 -7.48331e-05
78 -7.48331e-05
79 -7.48331e-05
80 -7.48331e-05
81 -7.45963e-05
82 -7.48331e-05
83 -7.45963e-05
84 -7.45963e-05
85 -7.45963e-05
86 -7.45963e-05
87 -7.45963e-05
88 -7.45963e-05
89 -7.45963e-05
90 -7.48331e-05
91 -7.48331e-05
92 -7.48331e-05
93 -7.48331e-05
94 -7.48331e-05
95 -7.48331e-05
96 -7.45963e-05
97 -7.48331e-05
98 -7.48331e-05
99 -7.45963e-05
100 -7.45963e-05
101 -7.48331e-05
102 -7.48331e-05
103 -7.45963e-05
104 -7.45963e-05
105 -7.48331e-05
106 -7.45963e-05
107 -7.45963e-05
108 -7.48331e-05
109 -7.48331e-05
110 -7.48331e-05
111 -7.48331e-05
112 -7.48331e-05
113 -7.48331e-05
114 -7.48331e-05
115 -7.45963e-05
116 -7.48331e-05
117 -7.48331e-05
118 -7.48331e-05
119 -7.48331e-05
120 -7.48331e-05
121 -7.48331e-05
122 -7.48331e-05
123 -7.48331e-05
124 -7.48331e-05
125 -7.48331e-05
126 -7.48331e-05
127 -7.48331e-05
128 -7.48331e-05
129 -7.48331e-05
130 -7.48331e-05
131 -7.48331e-05
132 -7.48331e-05
133 -7.48331e-05
134 -7.48331e-05
135 -7.48331e-05
136 -7.45963e-05
137 -7.48331e-05
138 -7.48331e-05
139 -7.48331e-05
140 -7.48331e-05
141 -7.45963e-05
142 -7.48331e-05
143 -7.45963e-05
144 -7.45963e-05
145 -7.45963e-05
146 -7.48331e-05
147 -7.48331e-05
148 -7.48331e-05
149 -7.45963e-05
150 -7.45963e-05
151 -7.48331e-05
152 -7.48331e-05
153 -7.48331e-05
154 -7.48331e-05
155 -7.48331e-05
156 -7.48331e-05
157 -7.48331e-05
158 -7.48331e-05
159 -7.48331e-05
160 -7.45963e-05
161 -7.48331e-05
162 -7.48331e-05
163 -7.45963e-05
164 -7.45963e-05
165 -7.48331e-05
166 -7.45963e-05
167 -7.48331e-05
168 -7.48331e-05
169 -7.48331e-05
170 -7.48331e-05
171 -7.48331e-05
172 -7.48331e-05
173 -7.48331e-05
174 -7.45963e-05
175 -7.45963e-05
176 -7.45963e-05
177 -7.45963e-05
178 -7.48331e-05
179 -7.48331e-05
180 -7.48331e-05
181 -7.48331e-05
182 -7.48331e-05
183 -7.45963e-05
184 -7.48331e-05
185 -7.45963e-05
186 -7.48331e-05
187 -7.45963e-05
188 -7.48331e-05
189 -7.45963e-05
190 -7.45963e-05
191 -7.45963e-05
192 -7.48331e-05
193 -7.45963e-05
194 -7.48331e-05
195 -7.48331e-05
196 -7.48331e-05
197 -7.45963e-05
198 -7.48331e-05
199 -7.45963e-05
200 -7.48331e-05
201 -7.48331e-05
202 -7.48331e-05
203 -7.48331e-05
204 -7.22281e-05
205 -7.15177e-05
206 -7.43594e-05
207 -7.45963e-05
208 -7.45963e-05
209 -7.45963e-05
210 -7.45963e-05
211 -7.43594e-05
212 -7.45963e-05
213 -7.41226e-05
214 -7.43594e-05
215 -7.41226e-05
216 -7.41226e-05
217 -7.43594e-05
218 -7.43594e-05
219 -7.24649e-05
220 -7.41226e-05
221 -7.3649e-05
222 -7.3649e-05
223 -7.3649e-05
224 -7.3649e-05
225 -7.3649e-05
226 -7.3649e-05
227 -7.34122e-05
228 -7.34122e-05
229 -7.31754e-05
230 -7.34122e-05
231 -7.34122e-05
232 -7.34122e-05
233 -7.31754e-05
234 -7.31754e-05
235 -7.31754e-05
236 -7.29386e-05
237 -7.29386e-05
238 -7.29386e-05
239 -7.29386e-05
240 -7.31754e-05
241 -7.29386e-05
242 -7.29386e-05
243 -7.29386e-05
244 -7.29386e-05
245 -7.29386e-05
246 -7.27017e-05
247 -7.27017e-05
248 -7.29386e-05
249 -7.29386e-05
250 -7.27017e-05
251 -7.27017e-05
252 -7.24649e-05
253 -7.27017e-05
254 -7.24649e-05
255 -7.24649e-05
256 -7.24649e-05
257 -7.24649e-05
258 -7.24649e-05
259 -7.24649e-05
260 -7.24649e-05
261 -7.22281e-05
262 -7.24649e-05
263 -7.22281e-05
264 -7.24649e-05
265 -7.22281e-05
266 -7.24649e-05
267 -7.22281e-05
268 -7.22281e-05
269 -7.19913e-05
270 -7.22281e-05
271 -7.22281e-05
272 -7.22281e-05
273 -7.19913e-05
274 -7.19913e-05
275 -7.19913e-05
276 -7.19913e-05
277 -7.19913e-05
278 -7.19913e-05
279 -7.19913e-05
280 -7.19913e-05
281 -7.19913e-05
282 -7.19913e-05
283 -7.19913e-05
284 -7.19913e-05
285 -7.19913e-05
286 -7.19913e-05
287 -7.19913e-05
288 -7.19913e-05
289 -7.17545e-05
290 -7.19913e-05
291 -7.19913e-05
292 -7.17545e-05
293 -7.17545e-05
294 -7.19913e-05
295 -7.15177e-05
296 -7.19913e-05
297 -7.17545e-05
298 -7.17545e-05
299 -7.19913e-05
300 -7.17545e-05
301 -7.17545e-05
302 -7.19913e-05
303 -7.17545e-05
304 -7.19913e-05
305 -7.17545e-05
306 -7.17545e-05
307 -7.17545e-05
308 -7.17545e-05
309 -7.17545e-05
310 -7.17545e-05
311 -7.17545e-05
312 -7.15177e-05
313 -7.15177e-05
314 -7.17545e-05
315 -7.17545e-05
316 -7.15177e-05
317 -7.19913e-05
318 -7.15177e-05
319 -7.15177e-05
320 -7.17545e-05
321 -7.15177e-05
322 -7.17545e-05
323 -7.17545e-05
324 -7.15177e-05
325 -7.17545e-05
326 -7.15177e-05
327 -7.15177e-05
328 -7.17545e-05
329 -7.17545e-05
330 -7.17545e-05
331 -7.15177e-05
332 -7.15177e-05
333 -7.15177e-05
334 -7.15177e-05
335 -7.15177e-05
336 -7.15177e-05
337 -7.15177e-05
338 -7.15177e-05
339 -7.15177e-05
340 -7.15177e-05
341 -7.15177e-05
342 -7.15177e-05
343 -7.15177e-05
344 -7.17545e-05
345 -7.15177e-05
346 -7.17545e-05
347 -7.15177e-05
348 -7.15177e-05
349 -7.15177e-05
350 -7.15177e-05
351 -7.12809e-05
352 -7.15177e-05
353 -7.15177e-05
354 -7.15177e-05
355 -7.15177e-05
356 -7.17545e-05
357 -7.12809e-05
358 -7.15177e-05
359 -7.15177e-05
360 -7.15177e-05
361 -7.12809e-05
362 -7.15177e-05
363 -7.15177e-05
364 -7.12809e-05
365 -7.12809e-05
366 -7.15177e-05
367 -7.15177e-05
368 -7.15177e-05
369 -7.15177e-05
370 -7.17545e-05
371 -7.15177e-05
372 -7.17545e-05
373 -7.15177e-05
374 -7.15177e-05
375 -7.15177e-05
376 -7.15177e-05
377 -7.12809e-05
378 -7.15177e-05
379 -7.15177e-05
380 -7.12809e-05
381 -7.12809e-05
382 -7.15177e-05
383 -7.15177e-05
384 -7.12809e-05
385 -7.15177e-05
386 -7.15177e-05
387 -7.17545e-05
388 -7.15177e-05
389 -7.12809e-05
390 -7.12809e-05
391 -7.12809e-05
392 -7.15177e-05
393 -7.17545e-05
394 -7.15177e-05
395 -7.15177e-05
396 -7.15177e-05
397 -7.15177e-05
398 -7.15177e-05
399 -7.12809e-05
400 -7.12809e-05
401 -7.15177e-05
402 -7.15177e-05
403 -7.15177e-05
404 -7.15177e-05
405 -7.15177e-05
406 -7.15177e-05
407 -7.15177e-05
408 -7.15177e-05
409 -7.15177e-05
410 -7.15177e-05
411 -7.12809e-05
412 -7.17545e-05
413 -7.15177e-05
414 -7.12809e-05
415 -7.12809e-05
416 -7.15177e-05
417 -7.15177e-05
418 -7.12809e-05
419 -7.12809e-05
420 -7.15177e-05
421 -7.15177e-05
422 -7.15177e-05
423 -7.12809e-05
424 -7.15177e-05
425 -7.15177e-05
426 -7.15177e-05
427 -7.15177e-05
428 -7.12809e-05
429 -7.15177e-05
430 -7.12809e-05
431 -7.12809e-05
432 -7.15177e-05
433 -7.15177e-05
434 -7.15177e-05
435 -7.15177e-05
436 -7.15177e-05
437 -7.15177e-05
438 -7.15177e-05
439 -7.12809e-05
440 -7.17545e-05
441 -7.15177e-05
442 -7.15177e-05
443 -7.15177e-05
444 -7.15177e-05
445 -7.12809e-05
446 -7.15177e-05
447 -7.15177e-05
448 -7.12809e-05
449 -7.15177e-05
450 -7.17545e-05
451 -7.15177e-05
452 -7.15177e-05
453 -7.15177e-05
454 0.00913011
455 0.00913011
456 0.0509469
457 0.0769208
458 0.107032
459 0.140766
460 0.170587
461 0.20288
462 0.233394
463 0.261369
464 0.291532
465 0.321663
466 0.355766
467 0.386068
468 0.419397
469 0.450925
470 0.48295
471 0.48295
472 0.545176
473 0.574925
474 0.606897
475 0.639403
476 0.668889
477 0.702882
478 0.733133
479 0.762859
480 0.792852
481 0.827072
482 0.859066
483 0.859066
484 0.919539
485 0.919539
486 0.972763
487 0.986849
488 0.99517
489 0.99517
490 1.00098
491 1.00152
492 1.00153
493 1.00147
494 1.00137
495 1.00137
496 1.00096
497 1.00096
498 1.00056
499 1.00056
500 1.00029
501 1.00029
502 1.00012
503 1.00012
504 1.00005
505 1.00005
506 1.00002
507 1.00001
508 0.999999
509 0.999999
510 0.999984
511 0.999981
512 0.99998
513 0.999979
514 0.999978
515 0.999976
516 0.999974
517 0.999973
518 0.999973
519 0.999973
520 0.999973
521 0.999975
522 0.999975
523 0.999975
524 0.999975
525 0.999974
526 0.999974
527 0.999974
528 0.999974
529 0.999977
530 0.999977
531 0.999978
532 0.999978
533 0.999977
534 0.999977
535 0.999978
536 0.999978
537 0.999979
538 0.99998
539 0.99998
540 0.999981
541 0.999981
542 0.999981
543 0.999981
544 0.999981
545 0.999982
546 0.999982
547 0.999983
548 0.999983
549 0.999983
550 0.999983
551 0.999984
552 0.999984
553 0.999984
554 0.999984
555 0.999985
556 0.999985
557 0.999985
558 0.999986
559 0.999986
560 0.999987
561 0.999987
562 0.999987
563 0.999987
564 0.999987
565 0.999987
566 0.999987
567 0.999987
568 0.999987
569 0.999989
570 0.999989
571 0.999989
572 0.999989
573 0.999989
574 0.999989
575 0.999989
576 0.99999
577 0.99999
578 0.999991
579 0.999991
580 0.999991
581 0.999984
582 0.996356
583 0.984663
584 0.962634
585 0.938196
586 0.911357
587 0.911357
588 0.852816
589 0.82269
590 0.785847
591 0.785847
592 0.725866
593 0.69367
594 0.661561
595 0.631459
596 0.601151
597 0.56884
598 0.537286
599 0.503273
600 0.471253
601 0.44301
602 0.409001
603 0.378482
604 0.378482
605 0.312471
606 0.312471
607 0.253227
608 0.253227
609 0.19249
610 0.163996
611 0.133479
612 0.0994664
613 0.0674819
614 0.0375773
615 0.0219787
616 0.00936905
617 0.00306081
618 -0.000273993
619 -0.00129774
620 -0.00149761
621 -0.00144646
622 -0.00137257
623 -0.001275
624 -0.00107229
625 -0.000890656
626 -0.000684628
627 -0.000522647
628 -0.00037677
629 -0.000265705
630 -0.000183767
631 -0.000130484
632 -0.000102303
633 -8.85683e-05
634 -7.90957e-05
635 -6.70182e-05
636 -6.70182e-05
637 -3.36275e-05
638 -3.36275e-05
639 -2.36814e-07
640 -2.36814e-07
641 3.5522e-06
642 3.5522e-06
643 4.02583e-06
644 5.92034e-06
645 9.70935e-06
646 9.70935e-06
647 1.32616e-05
648 1.32616e-05
649 1.1367e-05
650 1.1367e-05
651 9.70935e-06
652 1.06566e-05
653 1.16039e-05
654 1.25511e-05
655 1.25511e-05
656 1.25511e-05
657 1.04198e-05
658 8.7621e-06
659 8.05166e-06
660 8.05166e-06
661 9.23573e-06
662 9.94617e-06
663 1.0183e-05
664 9.70935e-06
665 8.99891e-06
666 7.57803e-06
667 7.57803e-06
668 6.15715e-06
669 6.39396e-06
670 7.10441e-06
671 7.34122e-06
672 7.34122e-06
673 6.63078e-06
674 6.63078e-06
675 5.2099e-06
676 5.2099e-06
677 4.73627e-06
678 4.97308e-06
679 4.73627e-06
680 4.73627e-06
681 4.49946e-06
682 4.49946e-06
683 3.5522e-06
684 3.5522e-06
685 3.5522e-06
686 3.5522e-06
687 3.31539e-06
688 3.31539e-06
689 2.36814e-06
690 2.13132e-06
691 1.89451e-06
692 1.65769e-06
693 2.13132e-06
694 2.13132e-06
695 1.89451e-06
696 1.65769e-06
697 1.65769e-06
698 2.36814e-07
699 -2.36814e-07
700 0
701 2.36814e-07
702 4.73627e-07
703 4.73627e-07
704 4.73627e-07
705 0
706 -7.10441e-07
707 -9.47254e-07
708 -1.18407e-06
709 -9.47254e-07
710 7.34122e-05
711 0.00747881
712 0.00747881
713 0.0473433
714 0.0734858
715 0.103361
716 0.132703
717 0.164712
718 0.195466
719 0.224742
720 0.260042
721 0.288204
722 0.322378
723 0.350463
724 0.386557
725 0.416639
726 0.447173
727 0.478228
728 0.508226
729 0.542239
730 0.542239
731 0.600246
732 0.600246
733 0.666746
734 0.666746
735 0.724752
736 0.75852
737 0.790755
738 0.818509
739 0.853008
740 0.853008
741 0.915014
742 0.944963
743 0.970197
744 0.970197
745 0.993868
746 0.993868
747 1.0008
748 1.0008
749 1.00156
750 1.00149
751 1.00138
752 1.00138
753 1.00103
754 1.0008
755 1.0006
756 1.00044
757 1.00031
758 1.0002
759 1.00013
760 1.00013
761 1.00006
762 1.00004
763 1.00003
764 1.00002
765 1
766 0.99999
767 0.999982
768 0.999978
769 0.999978
770 0.999978
771 0.999977
772 0.999976
773 0.999974
774 0.999972
775 0.999972
776 0.999972
777 0.999973
778 0.999974
779 0.999975
780 0.999974
781 0.999974
782 0.999973
783 0.999973
784 0.999974
785 0.999975
786 0.999976
787 0.999977
788 0.999978
789 0.999978
790 0.999978
791 0.999977
792 0.999977
793 0.999978
794 0.999979
795 0.99998
796 0.99998
797 0.999981
798 0.999981
799 0.999981
800 0.999981
801 0.999981
802 0.999981
803 0.999982
804 0.999982
805 0.999983
806 0.999983
807 0.999983
808 0.999983
809 0.999984
810 0.999984
811 0.999984
812 0.999984
813 0.999985
814 0.999985
815 0.999985
816 0.999985
817 0.999986
818 0.999987
819 0.999987
820 0.999987
821 0.999987
822 0.999987
823 0.999987
824 0.999987
825 0.999988
826 0.999989
827 0.999989
828 0.99999
829 0.999989
830 0.999989
831 0.999989
832 0.999989
833 0.999989
834 0.99999
835 0.999991
836 0.999991
837 0.999991
838 0.999991
839 0.999079
840 0.989875
841 0.970536
842 0.947457
843 0.917648
844 0.89108
845 0.89108
846 0.829485
847 0.829485
848 0.765166
849 0.765166
850 0.70072
851 0.70072
852 0.640487
853 0.640487
854 0.578091
855 0.543304
856 0.515261
857 0.515261
858 0.453249
859 0.424764
860 0.38676
861 0.38676
862 0.328742
863 0.328742
864 0.266744
865 0.266744
866 0.208746
867 0.208746
868 0.139726
869 0.139726
870 0.0817206
871 0.0817206
872 0.0255136
873 0.0255136
874 0.00527265
875 0.000674208
876 -0.00112179
877 -0.00112179
878 -0.00150495
879 -0.00141046
880 -0.00131124
881 -0.00114594
882 -0.000971409
883 -0.000756619
884 -0.000756619
885 -0.000418686
886 -0.000300516
887 -0.000206265
888 -0.000146824
889 -0.00011296
890 -9.33045e-05
891 -8.1227e-05
892 -6.96232e-05
893 -5.5888e-05
894 -3.78902e-05
895 -3.78902e-05
896 -5.2099e-06
897 -5.2099e-06
898 2.13132e-06
899 2.13132e-06
900 2.84176e-06
901 5.2099e-06
902 7.34122e-06
903 7.34122e-06
904 1.25511e-05
905 1.20775e-05
906 1.1367e-05
907 9.94617e-06
908 9.94617e-06
909 9.94617e-06
910 1.08934e-05
911 1.08934e-05
912 1.20775e-05
913 1.18407e-05
914 1.06566e-05
915 1.06566e-05
916 8.28847e-06
917 8.05166e-06
918 8.52529e-06
919 9.23573e-06
920 9.94617e-06
921 9.94617e-06
922 9.23573e-06
923 9.23573e-06
924 6.63078e-06
925 6.15715e-06
926 6.15715e-06
927 6.86759e-06
928 6.86759e-06
929 7.34122e-06
930 7.34122e-06
931 6.15715e-06
932 6.15715e-06
933 4.97308e-06
934 4.97308e-06
935 4.73627e-06
936 4.73627e-06
937 4.73627e-06
938 4.73627e-06
939 4.02583e-06
940 4.02583e-06
941 3.5522e-06
942 3.5522e-06
943 3.31539e-06
944 3.31539e-06
945 3.31539e-06
946 3.31539e-06
947 2.13132e-06
948 2.13132e-06
949 1.65769e-06
950 1.65769e-06
951 1.89451e-06
952 1.89451e-06
953 1.65769e-06
954 1.42088e-06
955 4.73627e-07
956 4.73627e-07
957 0
958 0
959 4.73627e-07
960 4.73627e-07
961 7.10441e-07
962 7.10441e-07
963 -2.36814e-07
964 -2.36814e-07
965 -1.18407e-06
966 -9.47254e-07
