0 0
1 0
2 0
3 0
4 0
5 0
6 0
7 0
8 0
9 0
10 0
11 0
12 0
13 0
14 0
15 0
16 0
17 0
18 0
19 0
20 0
21 0
22 0
23 0
24 0
25 0
26 0
27 0
28 0
29 0
30 0
31 0
32 0
33 0
34 0
35 0
36 0
37 0
38 0
39 0
40 0
41 0
42 0
43 0
44 0
45 0
46 0
47 0
48 0
49 0
50 0
51 0
52 0
53 0
54 0
55 0
56 0
57 0
58 0
59 0
60 0
61 0
62 0
63 0
64 0
65 0
66 0
67 0
68 0
69 0
70 0
71 0
72 0
73 0
74 0
75 0
76 0
77 0
78 0
79 0
80 0
81 0
82 0
83 0
84 0
85 0
86 0
87 0
88 0
89 0
90 0
91 0
92 0
93 0
94 0
95 0
96 0
97 0
98 0
99 0
100 0
101 0
102 0
103 0
104 0
105 0
106 0
107 0
108 0
109 0
110 0
111 0
112 0
113 0
114 0
115 0
116 0
117 0
118 0
119 0
120 0
121 0
122 0
123 0
124 0
125 0
126 0
127 0
128 0
129 0
130 0
131 0
132 0
133 0
134 0
135 0
136 0
137 0
138 0
139 0
140 0
141 0
142 0
143 0
144 0
145 0
146 0
147 0
148 0
149 0
150 0
151 0
152 0
153 0
154 0
155 0
156 0
157 0
158 0
159 0
160 0
161 0
162 0
163 0
164 0
165 0
166 0
167 0
168 0
169 0
170 0
171 0
172 0
173 0
174 0
175 0
176 0
177 0
178 0
179 0
180 0
181 0
182 0
183 0
184 0
185 0
186 0
187 0
188 0
189 0
190 0
191 0
192 0
193 0
194 0
195 0
196 0
197 0
198 0
199 0
200 0
201 0
202 0
203 0
204 0
205 0
206 0
207 0
208 0
209 0.00121
210 0.00121
211 0
212 0.00121
213 0.00121
214 0.00121
215 0.00121
216 0.00121
217 0.00121
218 0.00121
219 0.00121
220 0.00121
221 0.00121
222 0.00121
223 0.00121
224 0.00121
225 0.00121
226 0.00121
227 0.00121
228 0.00121
229 0.00121
230 0.00121
231 0.00121
232 0.00121
233 0.00121
234 0.00121
235 0.00121
236 0.00121
237 0.00121
238 0.00121
239 0.00121
240 0.00121
241 0.00121
242 0.00121
243 0.00121
244 0.00121
245 0.00121
246 0.00121
247 0.00121
248 0.00121
249 0.00121
250 0.00121
251 0.00121
252 0.00121
253 0.00242
254 0.00242
255 0.00121
256 0.00242
257 0.00242
258 0.00242
259 0.00242
260 0.00242
261 0.00242
262 0.00242
263 0.00242
264 0.00242
265 0.00242
266 0.00242
267 0.00242
268 0.00242
269 0.00242
270 0.00242
271 0.00242
272 0.00242
273 0.00242
274 0.00242
275 0.00242
276 0.00242
277 0.00242
278 0.00242
279 0.00242
280 0.00242
281 0.00242
282 0.00242
283 0.00242
284 0.00242
285 0.00242
286 0.00242
287 0.02541
288 0.07139
289 0.06292
290 0.0605
291 0.05687
292 0.06171
293 0.05929
294 0.04598
295 0.04356
296 0.04477
297 0.04961
298 0.05445
299 0.0484
300 0.04961
301 0.04477
302 0.05566
303 0.04598
304 0.04477
305 0.04598
306 0.04961
307 0.04961
308 0.04961
309 0.04719
310 0.04598
311 0.05445
312 0.05808
313 0.04719
314 0.04961
315 0.04598
316 0.0605
317 0.05445
318 0.04477
319 0.04477
320 0.04719
321 0.05445
322 0.05082
323 0.04719
324 0.04961
325 0.05808
326 0.05929
327 0.04719
328 0.04719
329 0.04598
330 0.0605
331 0.05324
332 0.04719
333 0.04961
334 0.04961
335 0.05445
336 0.04598
337 0.04477
338 0.04477
339 0.05082
340 0.05687
341 0.04961
342 0.04961
343 0.0484
344 0.05808
345 0.05566
346 0.04961
347 0.05082
348 0.04719
349 0.05687
350 0.0484
351 0.04356
352 0.00605
353 0.01089
354 0.02178
355 0.02299
356 0.0242
357 0.02904
358 0.02783
359 0.01815
360 0.00847
361 -0.00242
362 -0.01089
363 -0.01936
364 -0.0242
365 -0.0242
366 -0.02299
367 -0.02299
368 -0.02299
369 -0.02299
370 -0.02541
371 -0.02541
372 -0.02541
373 -0.0242
374 -0.0242
375 -0.02299
376 -0.02299
377 -0.02178
378 -0.02178
379 -0.02178
380 -0.02178
381 -0.02057
382 -0.02057
383 -0.01936
384 -0.01936
385 -0.01936
386 -0.01936
387 -0.01815
388 -0.01815
389 -0.01815
390 -0.01694
391 -0.01694
392 -0.01694
393 -0.01694
394 -0.01694
395 -0.01573
396 -0.01573
397 -0.01573
398 -0.01573
399 -0.01452
400 -0.01452
401 -0.01452
402 -0.01452
403 -0.01331
404 -0.01331
405 -0.01331
406 -0.01331
407 -0.01331
408 -0.0121
409 -0.0121
410 -0.0121
411 -0.0121
412 -0.0121
413 -0.0121
414 -0.01089
415 -0.01089
416 -0.06897
417 -0.06655
418 -0.06655
419 -0.06534
420 -0.05082
421 -0.05687
422 -0.05324
423 -0.05203
424 -0.04235
425 -0.04356
426 -0.05445
427 -0.05566
428 -0.05566
429 -0.04356
430 -0.04719
431 -0.04961
432 -0.04961
433 -0.04235
434 -0.04477
435 -0.05445
436 -0.05082
437 -0.0484
438 -0.04114
439 -0.04356
440 -0.05082
441 -0.05445
442 -0.05203
443 -0.04356
444 -0.05445
445 -0.05445
446 -0.05445
447 -0.04356
448 -0.03872
449 -0.05082
450 -0.05445
451 -0.05687
452 -0.04356
453 -0.0484
454 -0.05445
455 -0.05082
456 -0.05203
457 -0.04114
458 -0.04356
459 -0.05203
460 -0.05445
461 -0.05082
462 -0.04114
463 -0.05203
464 -0.05082
465 -0.05566
466 -0.04356
467 -0.04235
468 -0.05445
469 -0.05203
470 -0.04598
471 -0.04356
472 -0.04961
473 -0.05082
474 -0.05324
475 -0.04719
476 -0.04598
477 -0.04719
478 -0.05324
479 -0.05566
480 -0.05566
481 -0.01815
482 -0.00484
483 -0.00484
484 -0.01815
485 -0.02783
486 -0.03146
487 -0.0242
488 -0.01452
489 -0.01452
490 0.00363
491 0.0121
492 0.01815
493 0.02178
494 0.02057
495 0.02057
496 0.02178
497 0.02299
498 0.0242
499 0.02541
500 0.02541
501 0.02541
502 0.02541
503 0.0242
504 0.0242
505 0.0242
506 0.0242
507 0.0242
508 0.0242
509 0.0242
510 0.0242
511 0.02299
512 0.02299
513 0.02299
514 0.02299
515 0.02299
516 0.02178
517 0.02178
518 0.02178
519 0.02178
520 0.02178
521 0.02057
522 0.02057
523 0.02057
524 0.02057
525 0.02057
526 0.02057
527 0.02057
528 0.01936
529 0.01936
530 0.01936
531 0.01936
532 0.01936
533 0.01936
534 0.01815
535 0.01815
536 0.01815
537 0.01815
538 0.01815
539 0.01815
540 0.01815
541 0.01815
542 0.01815
543 0.01694
544 0.06413
545 0.06776
546 0.06171
547 0.06776
548 0.05929
549 0.05324
550 0.06292
551 0.04719
552 0.04719
553 0.04598
554 0.05324
555 0.05687
556 0.05082
557 0.04961
558 0.05324
559 0.05445
560 0.0484
561 0.04598
562 0.04719
563 0.04719
564 0.0605
565 0.05324
566 0.04961
567 0.04598
568 0.05445
569 0.05566
570 0.0484
571 0.04961
572 0.05082
573 0.05687
574 0.05445
575 0.04719
576 0.04598
577 0.05203
578 0.05203
579 0.05082
580 0.05082
581 0.05082
582 0.05082
583 0.0605
584 0.0484
585 0.04598
586 0.04961
587 0.0605
588 0.05687
589 0.04961
590 0.04961
591 0.04961
592 0.05808
593 0.0484
594 0.04598
595 0.04719
596 0.05203
597 0.06292
598 0.05082
599 0.05324
600 0.04961
601 0.05808
602 0.05929
603 0.0484
604 0.05203
605 0.04961
606 0.04961
607 0.05082
608 0.05082
609 0.00726
610 0.01089
611 0.02299
612 0.02299
613 0.0242
614 0.02904
615 0.02783
616 0.02783
617 0.00847
618 -0.00242
619 -0.0121
620 -0.0121
621 -0.0242
622 -0.0242
623 -0.02299
624 -0.02178
625 -0.02299
626 -0.0242
627 -0.02541
628 -0.02541
629 -0.02541
630 -0.0242
631 -0.02299
632 -0.02299
633 -0.02299
634 -0.02178
635 -0.02178
636 -0.02178
637 -0.02178
638 -0.02057
639 -0.02057
640 -0.01936
641 -0.01936
642 -0.01936
643 -0.01936
644 -0.01815
645 -0.01815
646 -0.01694
647 -0.01694
648 -0.01694
649 -0.01694
650 -0.01573
651 -0.01573
652 -0.01573
653 -0.01573
654 -0.01573
655 -0.01452
656 -0.01452
657 -0.01452
658 -0.01452
659 -0.01452
660 -0.01331
661 -0.01331
662 -0.01331
663 -0.01331
664 -0.0121
665 -0.0121
666 -0.0121
667 -0.0121
668 -0.0121
669 -0.0121
670 -0.0121
671 -0.01089
672 -0.01089
673 -0.06776
674 -0.06413
675 -0.06655
676 -0.06655
677 -0.05808
678 -0.05808
679 -0.05687
680 -0.04598
681 -0.04114
682 -0.05203
683 -0.05445
684 -0.05808
685 -0.04961
686 -0.04961
687 -0.05203
688 -0.05445
689 -0.05203
690 -0.04235
691 -0.04477
692 -0.05324
693 -0.05203
694 -0.05203
695 -0.04114
696 -0.04477
697 -0.05203
698 -0.04961
699 -0.05324
700 -0.04356
701 -0.05566
702 -0.05324
703 -0.05445
704 -0.04356
705 -0.04114
706 -0.05203
707 -0.05445
708 -0.05324
709 -0.04356
710 -0.04719
711 -0.05324
712 -0.05445
713 -0.04356
714 -0.04477
715 -0.04961
716 -0.05445
717 -0.05808
718 -0.04719
719 -0.04598
720 -0.05445
721 -0.05445
722 -0.05324
723 -0.05324
724 -0.04477
725 -0.04477
726 -0.05324
727 -0.05203
728 -0.04356
729 -0.04719
730 -0.05203
731 -0.05324
732 -0.04477
733 -0.04235
734 -0.05566
735 -0.05566
736 -0.05566
737 0.01573
738 -0.01573
739 -0.00605
740 -0.01089
741 -0.01694
742 -0.02662
743 -0.03146
744 -0.0242
745 -0.01331
746 -0.00484
747 0.00484
748 0.0121
749 0.01815
750 0.01815
751 0.02057
752 0.02057
753 0.02178
754 0.02299
755 0.02541
756 0.02541
757 0.02662
758 0.02662
759 0.02541
760 0.02541
761 0.0242
762 0.0242
763 0.0242
764 0.0242
765 0.0242
766 0.0242
767 0.0242
768 0.0242
769 0.02299
770 0.02299
771 0.02299
772 0.02299
773 0.02178
774 0.02178
775 0.02178
776 0.02178
777 0.02178
778 0.02178
779 0.02057
780 0.02057
781 0.02057
782 0.02057
783 0.02057
784 0.02057
785 0.01936
786 0.01936
787 0.01936
788 0.01936
789 0.01936
790 0.01936
791 0.01936
792 0.01815
793 0.01815
794 0.01815
795 0.01815
796 0.01815
797 0.01815
798 0.01815
799 0.01815
800 0.01694
801 0.02783
802 0.06897
803 0.0605
804 0.0605
805 0.0605
806 0.06413
807 0.05808
808 0.0484
809 0.0484
810 0.04598
811 0.06171
812 0.05445
813 0.05082
814 0.05082
815 0.04719
816 0.05808
817 0.05082
818 0.04719
819 0.0484
820 0.05324
821 0.06413
822 0.05324
823 0.05082
824 0.04961
825 0.05566
826 0.05687
827 0.0484
828 0.05203
829 0.05324
830 0.05324
831 0.04961
832 0.04961
833 0.0484
834 0.0484
835 0.06171
836 0.05082
837 0.05082
838 0.05324
839 0.05929
840 0.06171
841 0.0484
842 0.04961
843 0.04719
844 0.06292
845 0.05082
846 0.04961
847 0.04961
848 0.05566
849 0.05929
850 0.0484
851 0.0484
852 0.04719
853 0.04719
854 0.05324
855 0.05324
856 0.05203
857 0.05203
858 0.06171
859 0.05687
860 0.05203
861 0.04961
862 0.05082
863 0.06534
864 0.05082
865 0.05082
866 0.00726
867 0.00726
868 0.02178
869 0.02178
870 0.0242
871 0.0242
872 0.02783
873 0.02783
874 0.00726
875 0.00726
876 -0.01089
877 -0.01936
878 -0.0242
879 -0.0242
880 -0.02299
881 -0.02299
882 -0.02299
883 -0.02299
884 -0.02541
885 -0.02541
886 -0.02541
887 -0.02541
888 -0.02299
889 -0.02299
890 -0.02178
891 -0.02178
892 -0.02178
893 -0.02178
894 -0.02057
895 -0.02057
896 -0.01936
897 -0.01936
898 -0.01936
899 -0.01936
900 -0.01815
901 -0.01815
902 -0.01815
903 -0.01694
904 -0.01694
905 -0.01694
906 -0.01694
907 -0.01573
908 -0.01573
909 -0.01573
910 -0.01573
911 -0.01452
912 -0.01452
913 -0.01452
914 -0.01452
915 -0.01452
916 -0.01331
917 -0.01331
918 -0.01331
919 -0.01331
920 -0.01331
921 -0.0121
922 -0.0121
923 -0.0121
924 -0.0121
925 -0.0121
926 -0.0121
927 -0.01089
928 -0.01089
929 -0.01089
930 -0.08349
931 -0.06655
932 -0.06776
933 -0.0605
934 -0.05929
935 -0.05929
936 -0.05687
937 -0.04598
938 -0.04598
939 -0.05324
940 -0.05566
941 -0.05687
942 -0.04598
943 -0.05082
944 -0.05324
945 -0.05324
946 -0.05324
947 -0.03993
948 -0.0484
949 -0.05566
950 -0.05566
951 -0.04477
952 -0.04235
953 -0.05324
954 -0.05203
955 -0.05445
956 -0.04235
957 -0.0484
958 -0.05687
959 -0.05687
960 -0.05445
961 -0.04235
962 -0.04598
963 -0.05203
964 -0.05566
965 -0.05566
966 -0.04598
967 -0.04598
968 -0.05324
969 -0.05324
970 -0.04235
971 -0.04235
972 -0.05324
973 -0.05445
974 -0.05445
975 -0.04235
976 -0.05082
977 -0.05566
978 -0.05445
979 -0.05445
980 -0.04114
981 -0.05203
982 -0.05445
983 -0.05687
984 -0.04356
985 -0.04356
986 -0.05082
987 -0.05082
988 -0.05445
989 -0.05445
990 -0.04961
991 -0.05566
992 -0.05566
993 -0.04598
994 0.01936
995 -0.01573
996 -0.00726
997 -0.00726
998 -0.01573
999 -0.02662
1000 -0.03146
1001 -0.02541
1002 -0.01573
1003 -0.01573
1004 0.00363
1005 0.00363
1006 0.01694
1007 0.01694
1008 0.02057
1009 0.02057
1010 0.02178
1011 0.02299
1012 0.0242
1013 0.02541
1014 0.02662
1015 0.02662
1016 0.02541
1017 0.0242
1018 0.0242
1019 0.0242
1020 0.0242
1021 0.0242
1022 0.0242
1023 0.0242
1024 0.0242
1025 0.02299
1026 0.02299
1027 0.02299
1028 0.02299
1029 0.02299
1030 0.02178
1031 0.02178
1032 0.02178
1033 0.02178
1034 0.02178
1035 0.02178
1036 0.02057
1037 0.02057
1038 0.02057
1039 0.02057
1040 0.01936
1041 0.01936
1042 0.01936
1043 0.01936
1044 0.01936
1045 0.01936
1046 0.01936
1047 0.01936
1048 0.01815
1049 0.01815
1050 0.01815
1051 0.01815
1052 0.01815
1053 0.01815
1054 0.01815
1055 0.01815
1056 0.01694
1057 0.01694
