0 -5.92034e-05
1 -5.92034e-05
2 -5.92034e-05
3 -5.92034e-05
4 -5.92034e-05
5 -5.92034e-05
6 -5.92034e-05
7 -5.92034e-05
8 -5.92034e-05
9 -5.92034e-05
10 -5.92034e-05
11 -5.92034e-05
12 -5.92034e-05
13 -5.92034e-05
14 -5.92034e-05
15 -5.92034e-05
16 -5.92034e-05
17 -5.92034e-05
18 -5.92034e-05
19 -5.92034e-05
20 -5.92034e-05
21 -5.92034e-05
22 -5.92034e-05
23 -5.92034e-05
24 -5.92034e-05
25 -5.92034e-05
26 -5.92034e-05
27 -5.92034e-05
28 -5.92034e-05
29 -5.92034e-05
30 -5.92034e-05
31 -5.92034e-05
32 -5.92034e-05
33 -5.92034e-05
34 -5.92034e-05
35 -5.92034e-05
36 -5.92034e-05
37 -5.92034e-05
38 -5.92034e-05
39 -5.92034e-05
40 -5.92034e-05
41 -5.92034e-05
42 -5.92034e-05
43 -5.92034e-05
44 -5.92034e-05
45 -5.92034e-05
46 -5.92034e-05
47 -5.92034e-05
48 -5.92034e-05
49 -5.92034e-05
50 -5.92034e-05
51 -5.92034e-05
52 -5.92034e-05
53 -5.92034e-05
54 -5.92034e-05
55 -5.92034e-05
56 -5.92034e-05
57 -5.92034e-05
58 -5.92034e-05
59 -5.92034e-05
60 -5.92034e-05
61 -5.92034e-05
62 -5.92034e-05
63 -5.92034e-05
64 -5.92034e-05
65 -5.92034e-05
66 -5.92034e-05
67 -5.92034e-05
68 -5.92034e-05
69 -5.92034e-05
70 -5.92034e-05
71 -5.92034e-05
72 -5.92034e-05
73 -5.92034e-05
74 -5.92034e-05
75 -5.92034e-05
76 -5.92034e-05
77 -5.92034e-05
78 -5.92034e-05
79 -5.92034e-05
80 -5.92034e-05
81 -5.92034e-05
82 -5.92034e-05
83 -5.92034e-05
84 -5.92034e-05
85 -5.92034e-05
86 -5.92034e-05
87 -5.92034e-05
88 -5.92034e-05
89 -5.92034e-05
90 -5.92034e-05
91 -5.92034e-05
92 -5.92034e-05
93 -5.92034e-05
94 -5.92034e-05
95 -5.92034e-05
96 -5.92034e-05
97 -5.92034e-05
98 -5.92034e-05
99 -5.92034e-05
100 -5.92034e-05
101 -5.92034e-05
102 -5.92034e-05
103 -5.92034e-05
104 -5.92034e-05
105 -5.92034e-05
106 -5.92034e-05
107 -5.92034e-05
108 -5.92034e-05
109 -5.92034e-05
110 -5.92034e-05
111 -5.92034e-05
112 -5.92034e-05
113 -5.92034e-05
114 -5.92034e-05
115 -5.92034e-05
116 -5.92034e-05
117 -5.92034e-05
118 -5.92034e-05
119 -5.92034e-05
120 -5.92034e-05
121 -5.92034e-05
122 -5.92034e-05
123 -5.92034e-05
124 -5.92034e-05
125 -5.92034e-05
126 -5.92034e-05
127 -5.92034e-05
128 -5.92034e-05
129 -5.92034e-05
130 -5.92034e-05
131 -5.92034e-05
132 -5.92034e-05
133 -5.92034e-05
134 -5.92034e-05
135 -5.92034e-05
136 -5.92034e-05
137 -5.92034e-05
138 -5.92034e-05
139 -5.92034e-05
140 -5.92034e-05
141 -5.92034e-05
142 -5.92034e-05
143 -5.92034e-05
144 -5.92034e-05
145 -5.92034e-05
146 -5.92034e-05
147 -5.92034e-05
148 -5.92034e-05
149 -5.92034e-05
150 -5.92034e-05
151 -5.92034e-05
152 -5.92034e-05
153 -5.92034e-05
154 -5.92034e-05
155 -5.92034e-05
156 -5.92034e-05
157 -5.92034e-05
158 -5.92034e-05
159 -5.92034e-05
160 -5.92034e-05
161 -5.92034e-05
162 -5.92034e-05
163 -5.92034e-05
164 -5.92034e-05
165 -5.92034e-05
166 -5.92034e-05
167 -5.92034e-05
168 -5.92034e-05
169 -5.92034e-05
170 -5.92034e-05
171 -5.92034e-05
172 -5.92034e-05
173 -5.92034e-05
174 -5.92034e-05
175 -5.92034e-05
176 -5.92034e-05
177 -5.92034e-05
178 -5.92034e-05
179 -5.92034e-05
180 -5.92034e-05
181 -5.92034e-05
182 -5.92034e-05
183 -5.92034e-05
184 -5.92034e-05
185 -5.92034e-05
186 -5.92034e-05
187 -5.92034e-05
188 -5.92034e-05
189 -5.92034e-05
190 -5.92034e-05
191 -5.92034e-05
192 -5.92034e-05
193 -5.92034e-05
194 -5.92034e-05
195 -5.92034e-05
196 -5.92034e-05
197 -5.92034e-05
198 -5.92034e-05
199 -5.92034e-05
200 -5.92034e-05
201 -5.92034e-05
202 -5.92034e-05
203 -5.92034e-05
204 -5.92034e-05
205 -5.92034e-05
206 -5.92034e-05
207 -5.92034e-05
208 -5.92034e-05
209 -5.92034e-05
210 -5.92034e-05
211 -5.92034e-05
212 -5.92034e-05
213 -5.92034e-05
214 -5.92034e-05
215 -5.92034e-05
216 -5.92034e-05
217 -5.92034e-05
218 -5.92034e-05
219 -5.92034e-05
220 -5.92034e-05
221 -5.92034e-05
222 -5.92034e-05
223 -5.92034e-05
224 -5.92034e-05
225 -5.92034e-05
226 -5.92034e-05
227 -5.92034e-05
228 -5.92034e-05
229 -5.92034e-05
230 -5.92034e-05
231 -5.92034e-05
232 -5.92034e-05
233 -5.92034e-05
234 -5.92034e-05
235 -5.92034e-05
236 -5.92034e-05
237 -5.92034e-05
238 -5.92034e-05
239 -5.92034e-05
240 -5.92034e-05
241 -5.92034e-05
242 -5.92034e-05
243 -5.92034e-05
244 -5.92034e-05
245 -5.92034e-05
246 -5.92034e-05
247 -5.92034e-05
248 -5.92034e-05
249 -5.92034e-05
250 -5.92034e-05
251 -5.92034e-05
252 -5.92034e-05
253 -5.92034e-05
254 -5.92034e-05
255 -5.92034e-05
256 -5.92034e-05
257 -5.92034e-05
258 -5.92034e-05
259 -5.92034e-05
260 -5.92034e-05
261 -5.92034e-05
262 -5.92034e-05
263 -5.92034e-05
264 -5.92034e-05
265 -5.92034e-05
266 -5.92034e-05
267 -5.92034e-05
268 -5.92034e-05
269 -5.92034e-05
270 -5.92034e-05
271 -5.92034e-05
272 -5.92034e-05
273 -5.92034e-05
274 -5.92034e-05
275 -5.92034e-05
276 -5.92034e-05
277 -5.92034e-05
278 -5.92034e-05
279 -5.92034e-05
280 -5.92034e-05
281 -5.92034e-05
282 -5.92034e-05
283 -5.92034e-05
284 -5.92034e-05
285 -5.92034e-05
286 -5.92034e-05
287 -5.92034e-05
288 -5.92034e-05
289 -5.92034e-05
290 -5.92034e-05
291 -5.92034e-05
292 -5.92034e-05
293 -5.92034e-05
294 -5.92034e-05
295 -5.92034e-05
296 -5.92034e-05
297 -5.92034e-05
298 -5.92034e-05
299 -5.92034e-05
300 -5.92034e-05
301 -5.92034e-05
302 -5.92034e-05
303 -5.92034e-05
304 -5.92034e-05
305 -5.92034e-05
306 -5.92034e-05
307 -5.92034e-05
308 -5.92034e-05
309 -5.92034e-05
310 -5.92034e-05
311 -5.92034e-05
312 -5.92034e-05
313 -5.92034e-05
314 -5.92034e-05
315 -5.92034e-05
316 -5.68352e-05
317 -5.68352e-05
318 -5.63616e-05
319 -5.63616e-05
320 -5.92034e-05
321 -5.87298e-05
322 -5.87298e-05
323 -5.87298e-05
324 -5.84929e-05
325 -5.84929e-05
326 -5.87298e-05
327 -5.87298e-05
328 -5.87298e-05
329 -5.87298e-05
330 -5.87298e-05
331 -5.87298e-05
332 -5.84929e-05
333 -5.84929e-05
334 -5.87298e-05
335 -5.84929e-05
336 -5.84929e-05
337 -5.82561e-05
338 -5.82561e-05
339 -5.82561e-05
340 -5.73089e-05
341 -5.73089e-05
342 -5.77825e-05
343 -5.77825e-05
344 -5.77825e-05
345 -5.77825e-05
346 -5.75457e-05
347 -5.75457e-05
348 -5.75457e-05
349 -5.75457e-05
350 -5.75457e-05
351 -5.75457e-05
352 -5.75457e-05
353 -5.75457e-05
354 -5.75457e-05
355 -5.73089e-05
356 -5.73089e-05
357 -5.75457e-05
358 -5.75457e-05
359 -5.75457e-05
360 -5.73089e-05
361 -5.73089e-05
362 -5.75457e-05
363 -5.75457e-05
364 -5.73089e-05
365 -5.73089e-05
366 -5.70721e-05
367 -5.70721e-05
368 -5.73089e-05
369 -5.73089e-05
370 -5.73089e-05
371 -5.70721e-05
372 -5.70721e-05
373 -5.70721e-05
374 -5.70721e-05
375 -5.70721e-05
376 -5.68352e-05
377 -5.70721e-05
378 -5.70721e-05
379 -5.68352e-05
380 -5.68352e-05
381 -5.68352e-05
382 -5.65984e-05
383 -5.65984e-05
384 -5.68352e-05
385 -5.68352e-05
386 -5.68352e-05
387 -5.65984e-05
388 -5.65984e-05
389 -5.65984e-05
390 -5.65984e-05
391 -5.68352e-05
392 -5.68352e-05
393 -5.65984e-05
394 -5.65984e-05
395 -5.65984e-05
396 -5.65984e-05
397 -5.65984e-05
398 -5.65984e-05
399 -5.65984e-05
400 -5.65984e-05
401 -5.65984e-05
402 -5.65984e-05
403 -5.65984e-05
404 -5.65984e-05
405 -5.65984e-05
406 -5.63616e-05
407 -5.65984e-05
408 -5.65984e-05
409 -5.63616e-05
410 -5.63616e-05
411 -5.63616e-05
412 -5.63616e-05
413 -5.63616e-05
414 -5.63616e-05
415 -5.65984e-05
416 -5.63616e-05
417 -5.63616e-05
418 -5.63616e-05
419 -5.63616e-05
420 -5.63616e-05
421 -5.61248e-05
422 -5.61248e-05
423 -5.63616e-05
424 -5.63616e-05
425 -5.63616e-05
426 -5.61248e-05
427 -5.63616e-05
428 -5.63616e-05
429 -5.61248e-05
430 -5.61248e-05
431 -5.61248e-05
432 -5.63616e-05
433 -5.63616e-05
434 -5.61248e-05
435 -5.61248e-05
436 -5.61248e-05
437 -5.61248e-05
438 -5.61248e-05
439 -5.61248e-05
440 -5.61248e-05
441 -5.61248e-05
442 -5.61248e-05
443 -5.63616e-05
444 -5.63616e-05
445 -5.61248e-05
446 -5.61248e-05
447 -5.61248e-05
448 -5.5888e-05
449 -5.61248e-05
450 -5.61248e-05
451 -5.61248e-05
452 -5.61248e-05
453 -5.61248e-05
454 -5.61248e-05
455 -5.61248e-05
456 -5.61248e-05
457 -5.61248e-05
458 -5.61248e-05
459 -5.5888e-05
460 -5.61248e-05
461 -5.61248e-05
462 -5.61248e-05
463 -5.61248e-05
464 -5.61248e-05
465 -5.56512e-05
466 -5.5888e-05
467 -5.5888e-05
468 -5.5888e-05
469 -5.5888e-05
470 -5.56512e-05
471 -5.5888e-05
472 -5.5888e-05
473 -5.61248e-05
474 -5.5888e-05
475 -5.5888e-05
476 -5.5888e-05
477 -5.5888e-05
478 -5.5888e-05
479 -5.5888e-05
480 -5.5888e-05
481 -5.5888e-05
482 -5.5888e-05
483 -5.5888e-05
484 -5.61248e-05
485 -5.5888e-05
486 -5.5888e-05
487 -5.5888e-05
488 -5.5888e-05
489 -5.56512e-05
490 -5.56512e-05
491 -5.5888e-05
492 -5.5888e-05
493 -5.5888e-05
494 -5.56512e-05
495 -5.56512e-05
496 -5.56512e-05
497 -5.5888e-05
498 -5.5888e-05
499 -5.5888e-05
500 -5.5888e-05
501 -5.56512e-05
502 -5.56512e-05
503 -5.56512e-05
504 -5.56512e-05
505 -5.56512e-05
506 -5.5888e-05
507 -5.56512e-05
508 -5.56512e-05
509 -5.5888e-05
510 -5.56512e-05
511 -5.56512e-05
512 -5.56512e-05
513 -5.56512e-05
514 0.000110829
515 0.00330473
516 0.00330473
517 0.0116444
518 0.0228549
519 0.0348625
520 0.0348625
521 0.0494436
522 0.0494436
523 0.0643472
524 0.079863
525 0.079863
526 0.096627
527 0.096627
528 0.113154
529 0.127876
530 0.141998
531 0.141998
532 0.15807
533 0.15807
534 0.174761
535 0.190679
536 0.190679
537 0.206344
538 0.219917
539 0.219917
540 0.237927
541 0.237927
542 0.253911
543 0.268751
544 0.268751
545 0.283375
546 0.299518
547 0.299518
548 0.315506
549 0.331638
550 0.331638
551 0.346503
552 0.362645
553 0.362645
554 0.377909
555 0.377909
556 0.393877
557 0.409854
558 0.409854
559 0.424835
560 0.440986
561 0.440986
562 0.453995
563 0.471997
564 0.471997
565 0.488734
566 0.502094
567 0.502094
568 0.520218
569 0.533957
570 0.533957
571 0.549939
572 0.549939
573 0.565674
574 0.580706
575 0.580706
576 0.596734
577 0.612852
578 0.612852
579 0.627827
580 0.627827
581 0.64467
582 0.659811
583 0.659811
584 0.675069
585 0.690434
586 0.690434
587 0.707294
588 0.722539
589 0.722539
590 0.737578
591 0.752564
592 0.752564
593 0.768545
594 0.768545
595 0.783511
596 0.80113
597 0.80113
598 0.815042
599 0.830156
600 0.830156
601 0.845018
602 0.86314
603 0.86314
604 0.878285
605 0.878285
606 0.894168
607 0.907891
608 0.907891
609 0.924993
610 0.939984
611 0.939984
612 0.95601
613 0.971013
614 0.971013
615 0.983888
616 0.991961
617 0.991961
618 0.996719
619 0.996719
620 0.999229
621 1.00029
622 1.00029
623 1.00072
624 1.00075
625 1.00075
626 1.00073
627 1.0007
628 1.0007
629 1.00066
630 1.00063
631 1.00063
632 1.00058
633 1.00058
634 1.00053
635 1.00045
636 1.00045
637 1.00032
638 1.00023
639 1.00023
640 1.00016
641 1.00012
642 1.00012
643 1.0001
644 1.00008
645 1.00008
646 1.00006
647 1.00006
648 1.00004
649 1.00001
650 1.00001
651 0.999995
652 0.999983
653 0.999983
654 0.999978
655 0.999978
656 0.999977
657 0.999977
658 0.999976
659 0.999976
660 0.999974
661 0.999974
662 0.999972
663 0.999971
664 0.999971
665 0.999971
666 0.999971
667 0.999971
668 0.999972
669 0.999973
670 0.999973
671 0.999973
672 0.999973
673 0.999973
674 0.999972
675 0.999972
676 0.999972
677 0.999973
678 0.999973
679 0.999973
680 0.999975
681 0.999975
682 0.999976
683 0.999977
684 0.999977
685 0.999976
686 0.999976
687 0.999976
688 0.999976
689 0.999976
690 0.999976
691 0.999976
692 0.999976
693 0.999978
694 0.999979
695 0.999979
696 0.99998
697 0.99998
698 0.99998
699 0.99998
700 0.99998
701 0.99998
702 0.99998
703 0.99998
704 0.99998
705 0.999981
706 0.999981
707 0.999981
708 0.999982
709 0.999982
710 0.999983
711 0.999983
712 0.999983
713 0.999983
714 0.999983
715 0.999121
716 0.993134
717 0.993134
718 0.984247
719 0.971193
720 0.971193
721 0.960651
722 0.94551
723 0.94551
724 0.928588
725 0.928588
726 0.91148
727 0.897092
728 0.897092
729 0.88097
730 0.865731
731 0.865731
732 0.849759
733 0.833667
734 0.833667
735 0.820015
736 0.802711
737 0.802711
738 0.786658
739 0.786658
740 0.770738
741 0.755715
742 0.755715
743 0.739619
744 0.725643
745 0.725643
746 0.707896
747 0.692988
748 0.692988
749 0.677981
750 0.677981
751 0.660865
752 0.645115
753 0.645115
754 0.631973
755 0.614592
756 0.614592
757 0.59849
758 0.584525
759 0.584525
760 0.568394
761 0.568394
762 0.552366
763 0.538207
764 0.538207
765 0.520085
766 0.50598
767 0.50598
768 0.490113
769 0.472872
770 0.472872
771 0.457988
772 0.44352
773 0.44352
774 0.428006
775 0.428006
776 0.411612
777 0.39633
778 0.39633
779 0.379954
780 0.364992
781 0.364992
782 0.351124
783 0.351124
784 0.333004
785 0.317858
786 0.302871
787 0.302871
788 0.286007
789 0.286007
790 0.271865
791 0.257833
792 0.257833
793 0.239833
794 0.224621
795 0.224621
796 0.208637
797 0.208637
798 0.192013
799 0.176733
800 0.176733
801 0.160973
802 0.147118
803 0.147118
804 0.130112
805 0.114976
806 0.114976
807 0.101466
808 0.0846255
809 0.0846255
810 0.0700115
811 0.0700115
812 0.0516391
813 0.0374845
814 0.0374845
815 0.0214745
816 0.0126181
817 0.0126181
818 0.00576025
819 0.00195371
820 0.00195371
821 0.000260495
822 -0.000554617
823 -0.000554617
824 -0.000729386
825 -0.000729386
826 -0.000715887
827 -0.000689364
828 -0.000689364
829 -0.000654553
830 -0.000622346
831 -0.000622346
832 -0.000582324
833 -0.000536856
834 -0.000536856
835 -0.000482389
836 -0.000382454
837 -0.000382454
838 -0.000278019
839 -0.000278019
840 -0.000216448
841 -0.000164349
842 -0.000164349
843 -0.000133326
844 -0.000115091
845 -0.000115091
846 -9.7804e-05
847 -8.07534e-05
848 -8.07534e-05
849 -5.56512e-05
850 -3.64693e-05
851 -3.64693e-05
852 -1.94187e-05
853 -1.94187e-05
854 -1.11302e-05
855 -7.57803e-06
856 -7.57803e-06
857 -5.92034e-06
858 -4.49946e-06
859 -4.49946e-06
860 -2.60495e-06
861 1.18407e-06
862 1.18407e-06
863 4.73627e-06
864 6.86759e-06
865 6.86759e-06
866 7.34122e-06
867 7.34122e-06
868 6.63078e-06
869 6.39396e-06
870 6.39396e-06
871 6.15715e-06
872 6.63078e-06
873 6.63078e-06
874 7.81485e-06
875 7.81485e-06
876 8.99891e-06
877 9.94617e-06
878 9.94617e-06
879 9.70935e-06
880 8.52529e-06
881 8.52529e-06
882 7.57803e-06
883 7.10441e-06
884 7.10441e-06
885 7.10441e-06
886 7.57803e-06
887 7.57803e-06
888 8.28847e-06
889 8.28847e-06
890 8.7621e-06
891 8.52529e-06
892 8.52529e-06
893 8.05166e-06
894 6.86759e-06
895 6.86759e-06
896 5.92034e-06
897 5.68352e-06
898 5.68352e-06
899 5.68352e-06
900 6.15715e-06
901 6.15715e-06
902 6.63078e-06
903 6.63078e-06
904 6.63078e-06
905 6.63078e-06
906 6.63078e-06
907 5.68352e-06
908 5.2099e-06
909 5.2099e-06
910 4.49946e-06
911 4.26264e-06
912 4.26264e-06
913 4.49946e-06
914 4.49946e-06
915 5.2099e-06
916 0.00306697
917 0.00306697
918 0.0105676
919 0.0201708
920 0.0201708
921 0.0343534
922 0.0478986
923 0.0478986
924 0.0643271
925 0.0786903
926 0.0786903
927 0.0949366
928 0.109048
929 0.109048
930 0.126065
931 0.126065
932 0.141447
933 0.157263
934 0.157263
935 0.173328
936 0.190004
937 0.190004
938 0.203182
939 0.220381
940 0.220381
941 0.236259
942 0.236259
943 0.250992
944 0.266093
945 0.266093
946 0.28223
947 0.298369
948 0.298369
949 0.314362
950 0.330493
951 0.330493
952 0.346499
953 0.358542
954 0.358542
955 0.37766
956 0.37766
957 0.391879
958 0.408976
959 0.408976
960 0.422108
961 0.44025
962 0.44025
963 0.455016
964 0.470139
965 0.470139
966 0.4855
967 0.4855
968 0.501763
969 0.518394
970 0.518394
971 0.531497
972 0.546464
973 0.546464
974 0.563459
975 0.58062
976 0.58062
977 0.595901
978 0.610778
979 0.610778
980 0.626884
981 0.626884
982 0.642116
983 0.657891
984 0.657891
985 0.671625
986 0.688993
987 0.688993
988 0.70535
989 0.70535
990 0.721485
991 0.733766
992 0.749512
993 0.749512
994 0.766497
995 0.766497
996 0.781854
997 0.796755
998 0.796755
999 0.813003
1000 0.827871
1001 0.827871
1002 0.843984
1003 0.859875
1004 0.859875
1005 0.876152
1006 0.876152
1007 0.890644
1008 0.905494
1009 0.905494
1010 0.922472
1011 0.937498
1012 0.937498
1013 0.952499
1014 0.968758
1015 0.968758
1016 0.982191
1017 0.990635
1018 0.990635
1019 0.996238
1020 0.996238
1021 0.998823
1022 1.00013
1023 1.00013
1024 1.00071
1025 1.00077
1026 1.00077
1027 1.00075
1028 1.00075
1029 1.00071
1030 1.00068
1031 1.00068
1032 1.00064
1033 1.00059
1034 1.00059
1035 1.00054
1036 1.00047
1037 1.00047
1038 1.00035
1039 1.00023
1040 1.00023
1041 1.00017
1042 1.00012
1043 1.00012
1044 1.0001
1045 1.0001
1046 1.00008
1047 1.00006
1048 1.00006
1049 1.00004
1050 1.00001
1051 1.00001
1052 0.99999
1053 0.99998
1054 0.99998
1055 0.999976
1056 0.999976
1057 0.999975
1058 0.999976
1059 0.999976
1060 0.999975
1061 0.999974
1062 0.999974
1063 0.999972
1064 0.999971
1065 0.999971
1066 0.999971
1067 0.999971
1068 0.999971
1069 0.999972
1070 0.999972
1071 0.999973
1072 0.999973
1073 0.999973
1074 0.999973
1075 0.999973
1076 0.999973
1077 0.999973
1078 0.999973
1079 0.999973
1080 0.999974
1081 0.999974
1082 0.999975
1083 0.999976
1084 0.999976
1085 0.999977
1086 0.999977
1087 0.999977
1088 0.999976
1089 0.999976
1090 0.999976
1091 0.999976
1092 0.999976
1093 0.999976
1094 0.999978
1095 0.999978
1096 0.999979
1097 0.99998
1098 0.99998
1099 0.99998
1100 0.99998
1101 0.99998
1102 0.99998
1103 0.99998
1104 0.99998
1105 0.99998
1106 0.999981
1107 0.999981
1108 0.999982
1109 0.999982
1110 0.999983
1111 0.999983
1112 0.999983
1113 0.999983
1114 0.999983
1115 0.999983
1116 0.999908
1117 0.999908
1118 0.995189
1119 0.98693
1120 0.98693
1121 0.974818
1122 0.96158
1123 0.96158
1124 0.945405
1125 0.931703
1126 0.931703
1127 0.916151
1128 0.899515
1129 0.899515
1130 0.884246
1131 0.884246
1132 0.868242
1133 0.852134
1134 0.852134
1135 0.835931
1136 0.821902
1137 0.821902
1138 0.805967
1139 0.789531
1140 0.789531
1141 0.773595
1142 0.758475
1143 0.758475
1144 0.741499
1145 0.727635
1146 0.727635
1147 0.712876
1148 0.712876
1149 0.696864
1150 0.680002
1151 0.680002
1152 0.666749
1153 0.648987
1154 0.648987
1155 0.635075
1156 0.635075
1157 0.61771
1158 0.602382
1159 0.602382
1160 0.587267
1161 0.570264
1162 0.570264
1163 0.555229
1164 0.540222
1165 0.540222
1166 0.524106
1167 0.510594
1168 0.510594
1169 0.493712
1170 0.478724
1171 0.478724
1172 0.463642
1173 0.463642
1174 0.447771
1175 0.431629
1176 0.431629
1177 0.415598
1178 0.399462
1179 0.399462
1180 0.384481
1181 0.384481
1182 0.367487
1183 0.352612
1184 0.352612
1185 0.337475
1186 0.32351
1187 0.32351
1188 0.305882
1189 0.289997
1190 0.289997
1191 0.274976
1192 0.259962
1193 0.259962
1194 0.24386
1195 0.24386
1196 0.228988
1197 0.210879
1198 0.210879
1199 0.197359
1200 0.180355
1201 0.180355
1202 0.16601
1203 0.149245
1204 0.149245
1205 0.134355
1206 0.119334
1207 0.119334
1208 0.103227
1209 0.103227
1210 0.0883802
1211 0.0703859
1212 0.0703859
1213 0.0553734
1214 0.0423579
1215 0.0423579
1216 0.0236986
1217 0.0145306
1218 0.0145306
1219 0.00633381
1220 0.00633381
1221 0.00281595
1222 0.000492809
1223 0.000492809
1224 -0.000533067
1225 -0.000723702
1226 -0.000723702
1227 -0.000726307
1228 -0.000699784
1229 -0.000699784
1230 -0.00066734
1231 -0.00066734
1232 -0.000633239
1233 -0.000595823
1234 -0.000595823
1235 -0.000557459
1236 -0.000498966
1237 -0.000498966
1238 -0.000405188
1239 -0.000300753
1240 -0.000300753
1241 -0.00022521
1242 -0.00017169
1243 -0.00017169
1244 -0.000137115
1245 -0.000119591
1246 -0.000119591
1247 -0.000103251
1248 -0.000103251
1249 -8.54897e-05
1250 -6.32292e-05
1251 -6.32292e-05
1252 -3.8127e-05
1253 -2.155e-05
1254 -2.155e-05
1255 -9.47254e-06
1256 -5.92034e-06
1257 -5.92034e-06
1258 -4.26264e-06
1259 -4.26264e-06
1260 -3.07858e-06
1261 -1.42088e-06
1262 -1.42088e-06
1263 1.65769e-06
1264 4.97308e-06
1265 4.97308e-06
1266 7.81485e-06
1267 8.28847e-06
1268 8.28847e-06
1269 7.57803e-06
1270 7.57803e-06
1271 7.34122e-06
1272 7.10441e-06
1273 7.10441e-06
1274 7.57803e-06
1275 8.05166e-06
1276 8.05166e-06
1277 9.23573e-06
1278 9.94617e-06
1279 9.94617e-06
1280 1.0183e-05
1281 9.23573e-06
1282 9.23573e-06
1283 8.05166e-06
1284 8.05166e-06
1285 7.34122e-06
1286 7.10441e-06
1287 7.10441e-06
1288 7.81485e-06
1289 8.28847e-06
1290 8.28847e-06
1291 8.7621e-06
1292 8.7621e-06
1293 8.7621e-06
1294 8.05166e-06
1295 7.34122e-06
1296 7.34122e-06
1297 6.15715e-06
1298 6.15715e-06
1299 5.92034e-06
1300 5.92034e-06
1301 5.92034e-06
1302 6.39396e-06
1303 6.39396e-06
1304 6.39396e-06
1305 6.63078e-06
1306 6.39396e-06
1307 6.39396e-06
1308 5.92034e-06
1309 5.92034e-06
1310 5.44671e-06
1311 4.73627e-06
1312 4.73627e-06
1313 4.26264e-06
1314 4.49946e-06
1315 4.49946e-06
1316 4.49946e-06
1317 0.000804219
1318 0.000804219
1319 0.00740397
1320 0.00740397
1321 0.0166913
1322 0.0318223
1323 0.0435592
1324 0.0568291
1325 0.0568291
1326 0.0726542
1327 0.087963
1328 0.087963
1329 0.103135
1330 0.103135
1331 0.1203
1332 0.136405
1333 0.136405
1334 0.150461
1335 0.16853
1336 0.16853
1337 0.184729
1338 0.20019
1339 0.20019
1340 0.215236
1341 0.215236
1342 0.232256
1343 0.246108
1344 0.246108
1345 0.261258
1346 0.277373
1347 0.277373
1348 0.293237
1349 0.307212
1350 0.307212
1351 0.325223
1352 0.340278
1353 0.340278
1354 0.357288
1355 0.371275
1356 0.371275
1357 0.38749
1358 0.38749
1359 0.400747
1360 0.41675
1361 0.41675
1362 0.43374
1363 0.449742
1364 0.449742
1365 0.462751
1366 0.48003
1367 0.48003
1368 0.496787
1369 0.496787
1370 0.510886
1371 0.528865
1372 0.528865
1373 0.540862
1374 0.558867
1375 0.558867
1376 0.572872
1377 0.589004
1378 0.589004
1379 0.605252
1380 0.620275
1381 0.620275
1382 0.635273
1383 0.635273
1384 0.652133
1385 0.666229
1386 0.666229
1387 0.684343
1388 0.699118
1389 0.699118
1390 0.715132
1391 0.731264
1392 0.731264
1393 0.747131
1394 0.747131
1395 0.761741
1396 0.778137
1397 0.778137
1398 0.793378
1399 0.809123
1400 0.809123
1401 0.824105
1402 0.840239
1403 0.840239
1404 0.857272
1405 0.870265
1406 0.870265
1407 0.885376
1408 0.885376
1409 0.903236
1410 0.917131
1411 0.917131
1412 0.934257
1413 0.948235
1414 0.948235
1415 0.9641
1416 0.979942
1417 0.979942
1418 0.988433
1419 0.988433
1420 0.995042
1421 0.998346
1422 0.998346
1423 0.999857
1424 1.00065
1425 1.00065
1426 1.00078
1427 1.00076
1428 1.00076
1429 1.00073
1430 1.0007
1431 1.0007
1432 1.00065
1433 1.00065
1434 1.0006
1435 1.00056
1436 1.00056
1437 1.0005
1438 1.00039
1439 1.00039
1440 1.00027
1441 1.00019
1442 1.00019
1443 1.00014
1444 1.00014
1445 1.0001
1446 1.00008
1447 1.00008
1448 1.00007
1449 1.00004
1450 1.00004
1451 1.00002
1452 0.999997
1453 0.999997
1454 0.999985
1455 0.999978
1456 0.999978
1457 0.999977
1458 0.999977
1459 0.999977
1460 0.999977
1461 0.999977
1462 0.999975
1463 0.999973
1464 0.999973
1465 0.999971
1466 0.999971
1467 0.999971
1468 0.999971
1469 0.999971
1470 0.999972
1471 0.999973
1472 0.999973
1473 0.999973
1474 0.999973
1475 0.999973
1476 0.999973
1477 0.999972
1478 0.999972
1479 0.999973
1480 0.999973
1481 0.999973
1482 0.999974
1483 0.999974
1484 0.999976
1485 0.999977
1486 0.999977
1487 0.999977
1488 0.999976
1489 0.999976
1490 0.999976
1491 0.999976
1492 0.999976
1493 0.999976
1494 0.999976
1495 0.999977
1496 0.999978
1497 0.999978
1498 0.99998
1499 0.99998
1500 0.99998
1501 0.99998
1502 0.99998
1503 0.99998
1504 0.99998
1505 0.99998
1506 0.99998
1507 0.99998
1508 0.999981
1509 0.999981
1510 0.999982
1511 0.999982
1512 0.999983
1513 0.999983
1514 0.999983
1515 0.999983
1516 0.999978
1517 0.999978
1518 0.99673
1519 0.988954
1520 0.988954
1521 0.977032
1522 0.977032
1523 0.963505
1524 0.947583
1525 0.947583
1526 0.933812
1527 0.918692
1528 0.918692
1529 0.902802
1530 0.887645
1531 0.887645
1532 0.870499
1533 0.870499
1534 0.85439
1535 0.840358
1536 0.840358
1537 0.824289
1538 0.808101
1539 0.808101
1540 0.792528
1541 0.777492
1542 0.777492
1543 0.760495
1544 0.745499
1545 0.745499
1546 0.729506
1547 0.729506
1548 0.715369
1549 0.698626
1550 0.698626
1551 0.682639
1552 0.682639
1553 0.665621
1554 0.65147
1555 0.638581
1556 0.638581
1557 0.619465
1558 0.619465
1559 0.60475
1560 0.589632
1561 0.589632
1562 0.574738
1563 0.558734
1564 0.558734
1565 0.540726
1566 0.527726
1567 0.527726
1568 0.510593
1569 0.494829
1570 0.494829
1571 0.478847
1572 0.478847
1573 0.462888
1574 0.447896
1575 0.447896
1576 0.431879
1577 0.417721
1578 0.417721
1579 0.401353
1580 0.401353
1581 0.38436
1582 0.369358
1583 0.369358
1584 0.354103
1585 0.339352
1586 0.339352
1587 0.323385
1588 0.306504
1589 0.306504
1590 0.292487
1591 0.275472
1592 0.275472
1593 0.259459
1594 0.245491
1595 0.245491
1596 0.229488
1597 0.229488
1598 0.213368
1599 0.196984
1600 0.196984
1601 0.181991
1602 0.16701
1603 0.16701
1604 0.149995
1605 0.135969
1606 0.135969
1607 0.118835
1608 0.118835
1609 0.103101
1610 0.0891274
1611 0.0891274
1612 0.0721296
1613 0.0581079
1614 0.0581079
1615 0.0421078
1616 0.0261909
1617 0.0261909
1618 0.0150391
1619 0.0150391
1620 0.00767749
1621 0.00297059
1622 0.00297059
1623 0.00077367
1624 -0.000380323
1625 -0.000380323
1626 -0.000723939
1627 -0.000731754
1628 -0.000731754
1629 -0.000705467
1630 -0.000678471
1631 -0.000678471
1632 -0.000643896
1633 -0.000609321
1634 -0.000609321
1635 -0.000562432
1636 -0.000562432
1637 -0.000511044
1638 -0.000426028
1639 -0.000426028
1640 -0.000310463
1641 -0.000227578
1642 -0.000227578
1643 -0.000175242
1644 -0.000175242
1645 -0.000140904
1646 -0.000119828
1647 -0.000119828
1648 -0.000103488
1649 -8.64369e-05
1650 -8.64369e-05
1651 -6.18083e-05
1652 -3.59957e-05
1653 -3.59957e-05
1654 -2.01291e-05
1655 -9.47254e-06
1656 -9.47254e-06
1657 -5.44671e-06
1658 -5.44671e-06
1659 -3.78902e-06
1660 -3.07858e-06
1661 -3.07858e-06
1662 -1.65769e-06
1663 1.42088e-06
1664 1.42088e-06
1665 5.2099e-06
1666 8.05166e-06
1667 8.05166e-06
1668 8.7621e-06
1669 8.7621e-06
1670 8.28847e-06
1671 7.81485e-06
1672 7.81485e-06
1673 7.10441e-06
1674 7.81485e-06
1675 7.81485e-06
1676 8.28847e-06
1677 9.47254e-06
1678 9.47254e-06
1679 1.0183e-05
1680 1.0183e-05
1681 1.0183e-05
1682 9.23573e-06
1683 9.23573e-06
1684 8.28847e-06
1685 7.10441e-06
1686 7.10441e-06
1687 7.34122e-06
1688 7.34122e-06
1689 7.34122e-06
1690 8.05166e-06
1691 8.7621e-06
1692 8.7621e-06
1693 8.7621e-06
1694 8.7621e-06
1695 8.28847e-06
1696 7.34122e-06
1697 7.34122e-06
1698 6.39396e-06
1699 5.68352e-06
1700 5.68352e-06
1701 5.68352e-06
1702 6.15715e-06
1703 6.15715e-06
1704 6.39396e-06
1705 6.63078e-06
1706 6.63078e-06
1707 6.39396e-06
1708 6.39396e-06
1709 5.68352e-06
1710 5.44671e-06
1711 5.44671e-06
1712 4.26264e-06
1713 4.02583e-06
1714 4.02583e-06
1715 4.02583e-06
