0 0
1 0
2 0
3 0
4 0
5 0
6 0
7 0
8 0
9 0
10 0
11 0
12 0
13 0
14 0
15 0
16 0
17 0
18 0
19 0
20 0
21 0
22 0
23 0
24 0
25 0
26 0
27 0
28 0
29 0
30 0
31 0
32 0
33 0
34 0
35 0
36 0
37 0
38 0
39 0
40 0
41 0
42 0
43 0
44 0
45 0
46 0
47 0
48 0
49 0
50 0
51 0
52 0
53 0
54 0
55 0
56 0
57 0
58 0
59 0
60 0
61 0
62 0
63 0
64 0
65 0
66 0
67 0
68 0
69 0
70 0
71 0
72 0
73 0
74 0
75 0
76 0
77 0
78 0
79 0
80 0
81 0
82 0
83 0
84 0
85 0
86 0
87 0
88 0
89 0
90 0
91 0
92 0
93 0
94 0
95 0
96 0
97 0
98 0
99 0
100 0
101 0
102 0
103 0
104 0
105 0
106 0
107 0
108 0
109 0
110 0
111 0
112 0
113 0
114 0
115 0
116 0
117 0
118 0
119 0
120 0
121 0
122 0
123 0
124 0
125 0
126 0
127 0
128 0
129 0
130 0
131 0
132 0
133 0
134 0
135 0
136 0
137 0
138 0
139 0
140 0
141 0
142 0
143 0
144 0
145 0
146 0
147 0
148 0
149 0
150 0
151 0
152 0
153 0
154 0
155 0
156 0
157 0
158 0
159 0
160 0
161 0
162 0
163 0
164 0
165 0
166 0
167 0
168 0
169 0
170 0
171 0
172 0
173 0
174 0
175 0
176 0
177 0
178 0
179 0
180 0
181 0
182 0
183 0
184 0
185 0
186 0
187 0
188 0
189 0
190 0
191 0
192 0
193 0
194 0
195 0
196 0
197 0
198 0
199 0
200 0
201 0
202 0
203 0
204 0
205 0
206 0
207 0
208 0
209 0
210 0.00121
211 0
212 0
213 0.00121
214 0.00121
215 0.00121
216 0.00121
217 0.00121
218 0.00121
219 0.00121
220 0.00121
221 0.00121
222 0.00121
223 0.00121
224 0.00121
225 0.00121
226 0.00121
227 0.00121
228 0.00121
229 0.00121
230 0.00121
231 0.00121
232 0.00121
233 0.00121
234 0.00121
235 0.00121
236 0.00121
237 0.00121
238 0.00121
239 0.00121
240 0.00121
241 0.00121
242 0.00121
243 0.00121
244 0.00121
245 0.00121
246 0.00242
247 0.00242
248 0.00121
249 0.00121
250 0.00121
251 0.00121
252 0.00121
253 0.00242
254 0.00242
255 0.00242
256 0.00242
257 0.00242
258 0.00242
259 0.00242
260 0.00242
261 0.00242
262 0.00242
263 0.00242
264 0.00242
265 0.00242
266 0.00242
267 0.00242
268 0.00242
269 0.00242
270 0.00242
271 0.00242
272 0.00242
273 0.00242
274 0.00242
275 0.00242
276 0.00242
277 0.09922
278 0.09438
279 0.09196
280 0.0847
281 0.08349
282 0.06655
283 0.06171
284 0.05687
285 0.05929
286 0.06534
287 0.05324
288 0.05324
289 0.05808
290 0.06655
291 0.06171
292 0.05808
293 0.06655
294 0.05445
295 0.06655
296 0.05808
297 0.06292
298 0.05808
299 0.05929
300 0.06897
301 0.06897
302 0.06655
303 0.05929
304 0.05929
305 0.05929
306 0.05929
307 0.06534
308 0.05687
309 -0.00968
310 0
311 -0.00363
312 0.01331
313 0.01936
314 0.02662
315 0.01452
316 -0.00726
317 -0.02299
318 -0.0242
319 -0.02662
320 -0.02783
321 -0.02783
322 -0.02783
323 -0.02783
324 -0.02662
325 -0.02662
326 -0.02662
327 -0.02783
328 -0.02783
329 -0.02783
330 -0.02662
331 -0.02662
332 -0.02541
333 -0.02541
334 -0.02541
335 -0.0242
336 -0.0242
337 -0.0242
338 -0.02299
339 -0.02299
340 -0.02299
341 -0.02178
342 -0.02178
343 -0.02178
344 -0.02178
345 -0.02057
346 -0.02057
347 -0.02057
348 -0.01936
349 -0.01936
350 -0.01936
351 -0.01936
352 -0.01936
353 -0.01936
354 -0.01815
355 -0.01815
356 -0.01815
357 -0.01815
358 -0.01694
359 -0.01694
360 -0.01694
361 -0.01694
362 -0.01573
363 -0.01573
364 -0.01573
365 -0.01573
366 -0.01573
367 -0.01573
368 -0.01573
369 -0.01452
370 -0.01452
371 -0.01452
372 -0.01452
373 -0.01452
374 -0.01331
375 -0.01452
376 -0.01331
377 -0.01331
378 -0.01331
379 -0.01331
380 -0.01331
381 -0.01331
382 -0.01331
383 -0.01331
384 -0.01331
385 -0.01331
386 -0.01331
387 -0.01331
388 -0.0121
389 -0.0121
390 -0.0121
391 -0.0121
392 -0.0121
393 -0.0121
394 -0.0121
395 -0.0121
396 -0.0121
397 -0.0121
398 -0.0121
399 -0.0121
400 -0.0121
401 -0.0121
402 -0.0121
403 -0.0121
404 -0.10406
405 -0.10406
406 -0.09559
407 -0.08591
408 -0.07139
409 -0.07139
410 -0.05445
411 -0.0605
412 -0.05929
413 -0.05566
414 -0.06413
415 -0.05324
416 -0.06776
417 -0.06171
418 -0.06171
419 -0.06292
420 -0.05808
421 -0.06292
422 -0.05566
423 -0.06534
424 -0.06171
425 -0.06655
426 -0.06292
427 -0.06292
428 -0.06292
429 -0.06292
430 -0.06776
431 -0.06776
432 -0.05929
433 -0.05929
434 -0.05566
435 0.04477
436 0.00605
437 0.00121
438 0.00242
439 -0.00968
440 -0.01936
441 -0.03025
442 -0.0242
443 -0.00605
444 0.00968
445 0.01815
446 0.02299
447 0.02541
448 0.02662
449 0.02541
450 0.02541
451 0.02541
452 0.02541
453 0.02541
454 0.02783
455 0.02783
456 0.03025
457 0.03025
458 0.02904
459 0.02783
460 0.02783
461 0.02662
462 0.02783
463 0.02783
464 0.02662
465 0.02662
466 0.02662
467 0.02541
468 0.02541
469 0.02541
470 0.02541
471 0.02541
472 0.0242
473 0.0242
474 0.0242
475 0.0242
476 0.0242
477 0.02299
478 0.02299
479 0.02299
480 0.02299
481 0.02178
482 0.02178
483 0.02178
484 0.02178
485 0.02178
486 0.02178
487 0.02178
488 0.02057
489 0.02178
490 0.02057
491 0.02057
492 0.02057
493 0.02057
494 0.01936
495 0.01936
496 0.01936
497 0.01936
498 0.01936
499 0.01936
500 0.01936
501 0.01936
502 0.01815
503 0.01936
504 0.01815
505 0.01815
506 0.01815
507 0.01815
508 0.01815
509 0.01815
510 0.01815
511 0.01815
512 0.01815
513 0.01815
514 0.01815
515 0.01694
516 0.01694
517 0.01694
518 0.01694
519 0.01694
520 0.01694
521 0.01694
522 0.01694
523 0.01694
524 0.01694
525 0.01694
526 0.01694
527 0.01694
528 0.01694
529 0.01694
530 0.01694
531 0.01694
532 0.1089
533 0.0968
534 0.09438
535 0.09438
536 0.08228
537 0.07502
538 0.07018
539 0.05687
540 0.06776
541 0.05687
542 0.0605
543 0.06292
544 0.0605
545 0.07139
546 0.06171
547 0.06171
548 0.05808
549 0.0605
550 0.0605
551 0.06534
552 0.07139
553 0.0605
554 0.06776
555 0.0605
556 0.06292
557 0.06534
558 0.0605
559 0.07018
560 0.06171
561 0.06897
562 0.06292
563 0.06292
564 -0.01573
565 -0.00484
566 -0.00484
567 0.01089
568 0.02057
569 0.02057
570 0.02057
571 0.01331
572 -0.00363
573 -0.02057
574 -0.02057
575 -0.02541
576 -0.02783
577 -0.02783
578 -0.02783
579 -0.02662
580 -0.02541
581 -0.02662
582 -0.02662
583 -0.02783
584 -0.02783
585 -0.02783
586 -0.02662
587 -0.02541
588 -0.02541
589 -0.02541
590 -0.0242
591 -0.0242
592 -0.0242
593 -0.0242
594 -0.02299
595 -0.02299
596 -0.02178
597 -0.02178
598 -0.02178
599 -0.02178
600 -0.02057
601 -0.02057
602 -0.02057
603 -0.02057
604 -0.01936
605 -0.01936
606 -0.01936
607 -0.01815
608 -0.01815
609 -0.01815
610 -0.01815
611 -0.01815
612 -0.01694
613 -0.01694
614 -0.01694
615 -0.01694
616 -0.01694
617 -0.01573
618 -0.01573
619 -0.01573
620 -0.01573
621 -0.01573
622 -0.01452
623 -0.01452
624 -0.01452
625 -0.01452
626 -0.01452
627 -0.01452
628 -0.01452
629 -0.01331
630 -0.01331
631 -0.01331
632 -0.01331
633 -0.01331
634 -0.01331
635 -0.01331
636 -0.01331
637 -0.01331
638 -0.01331
639 -0.01331
640 -0.0121
641 -0.0121
642 -0.0121
643 -0.0121
644 -0.0121
645 -0.0121
646 -0.0121
647 -0.0121
648 -0.0121
649 -0.0121
650 -0.0121
651 -0.0121
652 -0.0121
653 -0.0121
654 -0.0121
655 -0.0121
656 -0.0121
657 -0.0121
658 -0.0121
659 -0.01331
660 -0.01331
661 -0.10164
662 -0.10164
663 -0.07865
664 -0.07865
665 -0.0605
666 -0.0605
667 -0.05566
668 -0.06292
669 -0.06292
670 -0.06292
671 -0.06292
672 -0.05808
673 -0.06776
674 -0.05929
675 -0.06413
676 -0.0605
677 -0.05687
678 -0.06655
679 -0.06655
680 -0.06776
681 -0.06776
682 -0.06292
683 -0.06534
684 -0.06171
685 -0.06897
686 -0.0605
687 -0.0605
688 -0.06413
689 -0.05808
690 -0.0605
691 -0.0605
692 0.00605
693 0.00605
694 -0.00121
695 0.00121
696 -0.01694
697 -0.02783
698 -0.02783
699 -0.0121
700 0.00605
701 0.01815
702 0.02057
703 0.0242
704 0.02541
705 0.02662
706 0.02541
707 0.02541
708 0.02541
709 0.02662
710 0.02783
711 0.02904
712 0.02904
713 0.03025
714 0.03025
715 0.02904
716 0.02783
717 0.02783
718 0.02783
719 0.02783
720 0.02783
721 0.02662
722 0.02662
723 0.02662
724 0.02662
725 0.02541
726 0.02541
727 0.02541
728 0.02541
729 0.02541
730 0.0242
731 0.0242
732 0.0242
733 0.02299
734 0.02299
735 0.02299
736 0.02299
737 0.02299
738 0.02299
739 0.02178
740 0.02178
741 0.02178
742 0.02178
743 0.02178
744 0.02178
745 0.02178
746 0.02178
747 0.02057
748 0.02057
749 0.02057
750 0.02057
751 0.02057
752 0.02057
753 0.02057
754 0.01936
755 0.01936
756 0.01936
757 0.01936
758 0.01936
759 0.01936
760 0.01936
761 0.01936
762 0.01936
763 0.01815
764 0.01815
765 0.01815
766 0.01815
767 0.01815
768 0.01815
769 0.01815
770 0.01815
771 0.01815
772 0.01815
773 0.01815
774 0.01815
775 0.01815
776 0.01815
777 0.01815
778 0.01694
779 0.01694
780 0.01694
781 0.01694
782 0.01694
783 0.01694
784 0.01694
785 0.01694
786 0.01694
787 0.01694
