0 -0.000757566
1 -0.000757566
2 0
3 -0.000757566
4 -0.000757566
5 0.000378665
6 -0.000378665
7 -0.000378665
8 0.000757566
9 -0.000757566
10 0.000378665
11 0.000378665
12 0.000378665
13 0
14 -0.000378665
15 -0.000378665
16 0.000378665
17 0.000757566
18 0
19 -0.000378665
20 0
21 -0.000378665
22 0.000757566
23 0.000378665
24 -0.000378665
25 0
26 0
27 0
28 0.000378665
29 0
30 -0.000378665
31 0.000378665
32 0.000757566
33 0
34 0
35 0.000378665
36 0.0011367
37 -0.000378665
38 0.000757566
39 -0.000378665
40 0.000378665
41 -0.000378665
42 0.000378665
43 0.000378665
44 -0.000378665
45 0
46 0
47 0.000757566
48 0.000378665
49 0
50 0.000378665
51 0.000757566
52 0.000378665
53 0.000378665
54 0
55 -0.000378665
56 -0.000378665
57 -0.000757566
58 0
59 0.000378665
60 -0.000378665
61 0.000378665
62 -0.000378665
63 0.000378665
64 -0.000378665
65 0.000378665
66 0.000378665
67 0.000378665
68 -0.000378665
69 0
70 0.000378665
71 0
72 0.000757566
73 -0.000378665
74 0
75 -0.000378665
76 0.000378665
77 0.000378665
78 0.000378665
79 -0.000378665
80 -0.000757566
81 -0.000757566
82 0.000378665
83 0.000378665
84 0
85 -0.000378665
86 0
87 0
88 -0.000757566
89 0
90 -0.000378665
91 -0.000378665
92 0.000378665
93 -0.000757566
94 0.000757566
95 0
96 -0.000378665
97 0.000757566
98 0.000757566
99 0
100 -0.000757566
101 -0.000378665
102 0.000378665
103 -0.0011367
104 0.000757566
105 0
106 0
107 0
108 0
109 0.000378665
110 0.000378665
111 0.000378665
112 0.000757566
113 0
114 0
115 0.000378665
116 0
117 0.000378665
118 0
119 0
120 0
121 0
122 0
123 0
124 0
125 0
126 0.000378665
127 0
128 -0.000378665
129 0
130 0
131 0
132 -0.000378665
133 0
134 -0.000378665
135 0
136 0.000757566
137 0
138 -0.000757566
139 0.000378665
140 0
141 0.000378665
142 0
143 -0.000757566
144 -0.000378665
145 0
146 0.000378665
147 -0.000757566
148 0
149 0
150 0.000378665
151 0
152 0.000378665
153 0
154 0.000378665
155 0
156 0
157 0.000378665
158 0
159 0
160 0.000378665
161 -0.000757566
162 0
163 -0.000378665
164 -0.000378665
165 0.000378665
166 0
167 0.000378665
168 0.000757566
169 0.000757566
170 0
171 -0.000378665
172 -0.000378665
173 0.000378665
174 0.000757566
175 0.000378665
176 0.000378665
177 0.000757566
178 0.000378665
179 0
180 0
181 -0.000757566
182 -0.000757566
183 0
184 0.000378665
185 0.000378665
186 0
187 0.000378665
188 -0.000757566
189 0.000378665
190 0
191 -0.000378665
192 0.000378665
193 0
194 0
195 0
196 -0.000378665
197 -0.000378665
198 -0.000757566
199 0.000378665
200 0.000378665
201 0.000378665
202 -0.000378665
203 -0.000757566
204 0
205 0
206 0
207 -0.000378665
208 0
209 -0.000378665
210 -0.000378665
211 0
212 0
213 0
214 -0.000378665
215 -0.000757566
216 0
217 -0.000757566
218 0.000378665
219 -0.00492572
220 0
221 0.000757566
222 0
223 -0.000378665
224 -0.000378665
225 -0.000378665
226 0
227 0
228 0.000757566
229 0
230 -0.000757566
231 0
232 0.000757566
233 0.000378665
234 -0.000757566
235 0.000378665
236 0
237 0
238 -0.000757566
239 0
240 0
241 -0.000378665
242 -0.000378665
243 0.0011367
244 0
245 0
246 0
247 0
248 -0.000378665
249 0
250 -0.000378665
251 -0.000378665
252 0
253 0
254 0
255 0
256 -0.000378665
257 0
258 -0.000378665
259 -0.000378665
260 0
261 0
262 0
263 -0.000378665
264 0
265 0.000757566
266 0
267 -0.000378665
268 0
269 0
270 0
271 0.000757566
272 0.000757566
273 0
274 0
275 0.000378665
276 0
277 0.000757566
278 -0.000378665
279 0.000378665
280 0
281 0
282 0
283 0
284 0
285 0.0011367
286 -0.000378665
287 -0.000757566
288 0
289 0.000378665
290 0
291 0
292 0.000757566
293 0.000378665
294 0
295 0
296 0
297 0
298 -0.000378665
299 0
300 0
301 0
302 0
303 -0.000378665
304 -0.000378665
305 0.000757566
306 0
307 -0.000757566
308 0.000378665
309 0
310 0
311 -0.0011367
312 -0.000757566
313 0
314 -0.000378665
315 0
316 0
317 0
318 -0.000378665
319 0
320 0
321 0.000378665
322 -0.000378665
323 0.000378665
324 0
325 -0.000378665
326 0.000757566
327 0
328 0
329 -0.000757566
330 0.000757566
331 0.000378665
332 0
333 -0.000757566
334 0.000757566
335 -0.000378665
336 -0.000378665
337 0.000378665
338 -0.000378665
339 0
340 0.000378665
341 -0.000757566
342 0.000378665
343 0
344 -0.000378665
345 -0.000378665
346 0.000757566
347 0
348 0
349 -0.000378665
350 0.000378665
351 0.000757566
352 -0.000757566
353 0
354 -0.000378665
355 0
356 -0.000378665
357 0.000378665
358 0.000378665
359 0.000378665
360 0.000757566
361 0.000378665
362 0.000378665
363 0.000378665
364 0.000757566
365 -0.000378665
366 -0.000378665
367 -0.000378665
368 -0.000378665
369 0
370 0.000378665
371 0
372 -0.000378665
373 0.000378665
374 0
375 0
376 0.000378665
377 -0.000378665
378 0.000378665
379 0.0011367
380 0
381 0
382 -0.000757566
383 -0.000378665
384 -0.000757566
385 0.000378665
386 -0.000378665
387 0
388 -0.000378665
389 0
390 -0.000378665
391 0
392 0
393 -0.000757566
394 -0.000378665
395 0
396 -0.000378665
397 0
398 0
399 0
400 0.000378665
401 -0.000378665
402 0.000757566
403 -0.000757566
404 0.000378665
405 0
406 -0.000378665
407 0
408 0
409 0.000378665
410 -0.000757566
411 0
412 0.000378665
413 -0.000378665
414 0.000757566
415 0.000757566
416 0
417 0
418 0.000378665
419 0
420 0
421 0.000378665
422 0
423 -0.000378665
424 -0.000378665
425 0.000378665
426 -0.000378665
427 0
428 0.000378665
429 0
430 0
431 0
432 -0.000378665
433 0.000378665
434 -0.0011367
435 0
436 0
437 -0.000757566
438 -0.000378665
439 0
440 0.000378665
441 0.000378665
442 -0.000378665
443 0
444 -0.000378665
445 0
446 -0.000378665
447 -0.0011367
448 0
449 0.000378665
450 -0.000378665
451 0
452 0.000378665
453 0.000757566
454 0.000378665
455 0
456 -0.000378665
457 0
458 0
459 0.000757566
460 0.000757566
461 0
462 0.000757566
463 -0.000378665
464 -0.0011367
465 0.000378665
466 0.000378665
467 0.000378665
468 0
469 0
470 -0.000757566
471 0.000378665
472 -0.000378665
473 -0.000757566
474 0
475 0
476 0.000757566
477 0
478 0
479 0
480 0.000378665
481 0
482 0.000378665
483 0
484 0.000378665
485 0
486 0.000757566
487 0
488 0.000378665
489 0.000757566
490 -0.000378665
491 0
492 0
493 0
494 -0.000378665
495 -0.000378665
496 -0.000378665
497 0.000378665
498 -0.000378665
499 0
500 0
501 0
502 -0.000378665
503 0.000378665
504 0.000378665
505 -0.000378665
506 -0.000757566
507 -0.000378665
508 0
509 -0.000378665
510 0
511 0.000378665
512 0
513 -0.000378665
514 0
515 -0.000378665
516 0.000757566
517 0
518 0.000378665
519 0.000378665
520 -0.000378665
521 0.000757566
522 0.000378665
523 -0.000378665
524 0.000757566
525 0
526 0
527 0.000378665
528 0.000757566
529 -0.000378665
530 0.000757566
531 0.000378665
532 0
533 0.000378665
534 -0.000378665
535 0.000378665
536 -0.000378665
537 0.000378665
538 -0.000378665
539 -0.000378665
540 0
541 -0.000378665
542 -0.000378665
543 -0.000378665
544 0
545 -0.000378665
546 0
547 0
548 0
549 0
550 -0.000378665
551 0.000757566
552 -0.000378665
553 0
554 0.000757566
555 0
556 0
557 -0.000757566
558 0.000378665
559 -0.000378665
560 0
561 0
562 -0.000757566
563 -0.000757566
564 0
565 0
566 0
567 0.000378665
568 -0.000378665
569 0.000757566
570 -0.000757566
571 -0.000378665
572 0.000378665
573 0
574 0.000378665
575 0
576 0
577 0.000757566
578 0
579 -0.0011367
580 -0.000378665
581 -0.000378665
582 -0.000757566
583 0.000378665
584 0
585 -0.000378665
586 0
587 -0.000378665
588 -0.000378665
589 0.000378665
590 -0.000378665
591 0.000378665
592 0
593 -0.000378665
594 0
595 0.000378665
596 0
597 -0.000378665
598 -0.000378665
599 0
600 0.000378665
601 -0.000378665
602 0.000378665
603 0.000378665
604 -0.000378665
605 -0.000378665
606 0
607 -0.000378665
608 -0.000378665
609 0
610 0
611 0.000378665
612 0
613 0
614 -0.000378665
615 -0.000378665
616 0.000757566
617 0.000757566
618 0.000378665
619 -0.000378665
620 0.000757566
621 0.000378665
622 -0.000378665
623 0
624 0
625 0.000757566
626 0
627 0
628 0
629 0
630 0
631 0.000378665
632 0.000378665
633 -0.000378665
634 0.000378665
635 0.000757566
636 0.000378665
637 -0.000378665
638 0.000378665
639 0
640 0
641 0.000378665
642 -0.000378665
643 -0.000378665
644 -0.000378665
645 -0.000757566
646 0.000757566
647 -0.000757566
648 0
649 -0.000757566
650 0
651 -0.000378665
652 0
653 0.000757566
654 0
655 0.000378665
656 0
657 0
658 -0.000378665
659 -0.000378665
660 -0.000378665
661 0.000757566
662 0
663 0
664 0.000378665
665 0.000378665
666 -0.000378665
667 -0.000378665
668 0
669 0
670 0
671 -0.000757566
672 -0.000378665
673 -0.000378665
674 0
675 0.000757566
676 0
677 0
678 0
679 -0.000378665
680 0
681 0
682 0.000757566
683 0
684 0
685 0
686 0
687 0.000378665
688 0
689 0.000378665
690 0.000757566
691 0
692 0.00151537
693 0.000378665
694 0.000378665
695 -0.000757566
696 0.000378665
697 0
698 0
699 0
700 -0.000378665
701 0.000378665
702 -0.000378665
703 0.000378665
704 0.000378665
705 0.000378665
706 0.000757566
707 0.000378665
708 0
709 0.000378665
710 -0.000378665
711 0
712 0.000757566
713 0
714 0
715 0
716 -0.000378665
717 0.000378665
718 0.000378665
719 0
720 0.000378665
721 -0.000378665
722 -0.000378665
723 -0.000378665
724 -0.000378665
725 0.000378665
726 0
727 0.000378665
728 0.000378665
729 0
730 0.000378665
731 0
732 0.000378665
733 0.000757566
734 -0.0011367
735 0
736 0
737 0.000378665
738 -0.000378665
739 0.000378665
740 0
741 0
742 0.000378665
743 0.000757566
744 0.000378665
745 -0.000378665
746 -0.000757566
747 0
748 0
749 0
750 0
751 0
752 -0.000757566
753 -0.000378665
754 -0.000378665
755 -0.000378665
756 0
757 -0.0011367
758 -0.000757566
759 0
760 0.000378665
761 -0.000378665
762 0
763 0
764 0.000757566
765 0
766 0.000378665
767 0
768 -0.000757566
769 0.000378665
770 -0.000378665
771 -0.000378665
772 -0.000378665
773 0
774 0.000378665
775 0
776 0.000378665
777 0
778 0.000757566
779 -0.000378665
780 -0.000378665
781 0
782 0.000378665
783 -0.000378665
784 0
785 0
786 0
787 0
788 -0.000378665
789 -0.000378665
790 -0.000378665
791 0.000378665
792 0.000757566
793 -0.000757566
794 0.000757566
795 0
796 0
797 0.000757566
798 0
799 0
800 0.000757566
801 0.000378665
802 -0.000378665
803 0
804 0
805 -0.000757566
806 0.000378665
807 -0.000757566
808 0.000378665
809 0
810 -0.000378665
811 -0.000378665
812 -0.000757566
813 0.000378665
814 -0.000757566
815 0.000378665
816 0
817 0
818 0
819 -0.000378665
820 -0.000378665
821 0
822 0.000378665
823 0.000378665
824 -0.000378665
825 0.000378665
826 0
827 0.000378665
828 0.000757566
829 0.000378665
830 0
831 0.000378665
832 0
833 -0.000378665
834 0.000757566
835 0.000378665
836 0
837 -0.000378665
838 0
839 -0.000378665
840 0
841 0.000757566
842 0
843 0
844 0
845 -0.000378665
846 0
847 -0.000378665
848 0
849 0
850 0.000378665
851 0.000378665
852 0
853 0
854 0.000378665
855 -0.000378665
856 0.000757566
857 -0.000378665
858 -0.000378665
859 -0.000378665
860 0.000378665
861 0
862 -0.000378665
863 0
864 0.000378665
865 0.000378665
866 0
867 0
868 -0.0011367
869 0.000378665
870 0
871 0
872 -0.000378665
873 0
874 0
875 -0.000378665
876 0
877 0.000757566
878 -0.000378665
879 0
880 0
881 0
882 0
883 -0.000378665
884 0.000378665
885 -0.000378665
886 0.000378665
887 -0.000378665
888 0.000757566
889 0
890 0
891 0.0011367
892 -0.000378665
893 0
894 0
895 0
896 0.000378665
897 0.000378665
898 0
899 0
900 0.000378665
901 0
902 0.000378665
903 -0.000378665
904 -0.000378665
905 0
906 -0.000378665
907 -0.000378665
908 0.000378665
909 -0.000378665
910 -0.000378665
911 0.000757566
912 0.000378665
913 0
914 -0.000378665
915 0.000378665
916 -0.000757566
917 -0.000378665
918 -0.000378665
919 0
920 0.000757566
921 0
922 0.000378665
923 0
924 0.00151537
925 0
926 -0.0011367
927 -0.000378665
928 0
929 -0.000378665
930 0
931 0.000378665
932 -0.000378665
933 -0.000378665
934 0.000378665
935 0
936 0
937 -0.000378665
938 -0.000378665
939 0.000378665
940 0
941 0
942 -0.000378665
943 0
944 0
945 0
946 0.000378665
947 -0.000378665
948 0
949 0
950 0.000757566
951 -0.000378665
952 -0.0011367
953 0.000378665
954 0
955 -0.000378665
956 0
957 0
958 -0.000378665
959 0
960 -0.000378665
961 -0.000378665
962 0
963 0
964 0
965 0.000378665
966 0.000378665
967 -0.000378665
968 0
969 0.000378665
970 0
971 -0.000378665
972 0.000378665
973 0
974 -0.000757566
975 0.000378665
976 0
977 0
978 -0.000757566
979 0
980 0
981 0
982 0.000757566
983 -0.000378665
984 -0.000757566
985 0.000378665
986 -0.000378665
987 0.000378665
988 -0.000378665
989 0.000378665
990 0.000378665
991 -0.000378665
992 -0.000378665
993 0
994 0
995 0.000378665
996 0
997 0.000757566
998 -0.000378665
999 -0.000378665
1000 -0.000378665
1001 0
1002 0
1003 -0.000757566
1004 0
1005 0
1006 0.000757566
1007 -0.000757566
1008 0
1009 0.000378665
1010 -0.000378665
1011 -0.000378665
1012 -0.000757566
1013 0.000378665
1014 0
1015 0.000757566
1016 0
1017 0.000378665
1018 -0.000757566
1019 0.000378665
1020 -0.000378665
1021 -0.0011367
1022 0
1023 -0.000378665
1024 0.000378665
1025 -0.000378665
1026 0.000757566
1027 -0.000378665
1028 0
1029 -0.00568329
1030 -0.326613
1031 -0.518337
1032 -0.678234
1033 -0.871852
1034 -0.948012
1035 -0.977187
1036 -1.01053
1037 -0.993101
1038 -1.01129
1039 -1.01243
1040 -0.994996
1041 -0.998027
1042 -1.00674
1043 -1.01584
1044 -1.01243
1045 -1.00864
1046 -1.0056
1047 -1.00144
1048 -0.992343
1049 -0.998785
1050 -1.01394
1051 -0.998785
1052 -0.988175
1053 -0.991585
1054 -1.01584
1055 -0.994996
1056 -0.992343
1057 -0.995753
1058 -0.991206
1059 -1.00409
1060 -0.996511
1061 -1.00939
1062 -0.982871
1063 -1.01129
1064 -0.993101
1065 -1.00409
1066 -0.987038
1067 -1.01394
1068 -1.01849
1069 -1.00674
1070 -1.00712
1071 -0.993859
1072 -1.0056
1073 -1.00977
1074 -0.999921
1075 -1.00788
1076 -0.988175
1077 -0.999921
1078 -1.0003
1079 -1.01129
1080 -0.990449
1081 -1.00977
1082 -1.00674
1083 -0.99689
1084 -0.99689
1085 -0.982871
1086 -1.01849
1087 -0.995375
1088 -0.988933
1089 -1.00182
1090 -0.995753
1091 -1.02266
1092 -0.990449
1093 -0.980976
1094 -0.674824
1095 -0.464533
1096 -0.306531
1097 -0.115944
1098 -0.0617607
1099 -0.0238706
1100 0.00151537
1101 0.00151537
1102 0.00189427
1103 0.00227341
1104 0.00151537
1105 0.00265207
1106 0.00303098
1107 0.00681999
1108 0.00568329
1109 0.00606219
1110 0.00416792
1111 0.000757566
1112 0.00151537
1113 0.00151537
1114 0.00151537
1115 0.00189427
1116 0.00151537
1117 0.000757566
1118 0.0011367
1119 0.000378665
1120 0.000757566
1121 0
1122 0.000378665
1123 0
1124 -0.000378665
1125 -0.000378665
1126 0
1127 -0.000378665
1128 -0.000378665
1129 0.000378665
1130 -0.000378665
1131 0
1132 0
1133 0.000757566
1134 0.000378665
1135 -0.000378665
1136 -0.000378665
1137 0.000378665
1138 0
1139 0
1140 0
1141 0.000757566
1142 0.000378665
1143 0.000378665
1144 -0.000378665
1145 0
1146 -0.000378665
1147 0
1148 0.000378665
1149 0.000378665
1150 0
1151 0.000378665
1152 0
1153 0
1154 0
1155 0
1156 -0.000757566
1157 -0.000757566
