0 -5.92034e-05
1 -5.92034e-05
2 -5.92034e-05
3 -5.92034e-05
4 -5.92034e-05
5 -5.92034e-05
6 -5.92034e-05
7 -5.92034e-05
8 -5.92034e-05
9 -5.92034e-05
10 -5.92034e-05
11 -5.92034e-05
12 -5.92034e-05
13 -5.92034e-05
14 -5.92034e-05
15 -5.92034e-05
16 -5.92034e-05
17 -5.92034e-05
18 -5.92034e-05
19 -5.92034e-05
20 -5.92034e-05
21 -5.92034e-05
22 -5.92034e-05
23 -5.92034e-05
24 -5.92034e-05
25 -5.92034e-05
26 -5.92034e-05
27 -5.92034e-05
28 -5.92034e-05
29 -5.92034e-05
30 -5.92034e-05
31 -5.92034e-05
32 -5.92034e-05
33 -5.92034e-05
34 -5.92034e-05
35 -5.92034e-05
36 -5.92034e-05
37 -5.92034e-05
38 -5.92034e-05
39 -5.92034e-05
40 -5.92034e-05
41 -5.92034e-05
42 -5.92034e-05
43 -5.92034e-05
44 -5.92034e-05
45 -5.92034e-05
46 -5.92034e-05
47 -5.92034e-05
48 -5.92034e-05
49 -5.92034e-05
50 -5.92034e-05
51 -5.92034e-05
52 -5.92034e-05
53 -5.92034e-05
54 -5.92034e-05
55 -5.92034e-05
56 -5.92034e-05
57 -5.92034e-05
58 -5.92034e-05
59 -5.92034e-05
60 -5.92034e-05
61 -5.92034e-05
62 -5.92034e-05
63 -5.92034e-05
64 -5.92034e-05
65 -5.92034e-05
66 -5.92034e-05
67 -5.92034e-05
68 -5.92034e-05
69 -5.92034e-05
70 -5.92034e-05
71 -5.92034e-05
72 -5.92034e-05
73 -5.92034e-05
74 -5.92034e-05
75 -5.92034e-05
76 -5.92034e-05
77 -5.92034e-05
78 -5.92034e-05
79 -5.92034e-05
80 -5.92034e-05
81 -5.92034e-05
82 -5.92034e-05
83 -5.92034e-05
84 -5.92034e-05
85 -5.92034e-05
86 -5.92034e-05
87 -5.92034e-05
88 -5.92034e-05
89 -5.92034e-05
90 -5.92034e-05
91 -5.92034e-05
92 -5.92034e-05
93 -5.92034e-05
94 -5.92034e-05
95 -5.92034e-05
96 -5.92034e-05
97 -5.92034e-05
98 -5.92034e-05
99 -5.92034e-05
100 -5.92034e-05
101 -5.92034e-05
102 -5.92034e-05
103 -5.92034e-05
104 -5.92034e-05
105 -5.92034e-05
106 -5.92034e-05
107 -5.92034e-05
108 -5.92034e-05
109 -5.92034e-05
110 -5.92034e-05
111 -5.92034e-05
112 -5.92034e-05
113 -5.92034e-05
114 -5.92034e-05
115 -5.92034e-05
116 -5.92034e-05
117 -5.92034e-05
118 -5.92034e-05
119 -5.92034e-05
120 -5.92034e-05
121 -5.92034e-05
122 -5.92034e-05
123 -5.92034e-05
124 -5.92034e-05
125 -5.92034e-05
126 -5.92034e-05
127 -5.92034e-05
128 -5.92034e-05
129 -5.92034e-05
130 -5.92034e-05
131 -5.92034e-05
132 -5.92034e-05
133 -5.92034e-05
134 -5.92034e-05
135 -5.92034e-05
136 -5.92034e-05
137 -5.92034e-05
138 -5.92034e-05
139 -5.92034e-05
140 -5.92034e-05
141 -5.92034e-05
142 -5.92034e-05
143 -5.92034e-05
144 -5.92034e-05
145 -5.92034e-05
146 -5.92034e-05
147 -5.92034e-05
148 -5.92034e-05
149 -5.92034e-05
150 -5.92034e-05
151 -5.92034e-05
152 -5.92034e-05
153 -5.92034e-05
154 -5.92034e-05
155 -5.92034e-05
156 -5.92034e-05
157 -5.92034e-05
158 -5.92034e-05
159 -5.92034e-05
160 -5.92034e-05
161 -5.92034e-05
162 -5.92034e-05
163 -5.92034e-05
164 -5.92034e-05
165 -5.92034e-05
166 -5.92034e-05
167 -5.92034e-05
168 -5.92034e-05
169 -5.92034e-05
170 -5.92034e-05
171 -5.92034e-05
172 -5.92034e-05
173 -5.92034e-05
174 -5.92034e-05
175 -5.92034e-05
176 -5.92034e-05
177 -5.92034e-05
178 -5.92034e-05
179 -5.92034e-05
180 -5.92034e-05
181 -5.92034e-05
182 -5.92034e-05
183 -5.92034e-05
184 -5.92034e-05
185 -5.92034e-05
186 -5.92034e-05
187 -5.92034e-05
188 -5.92034e-05
189 -5.92034e-05
190 -5.92034e-05
191 -5.92034e-05
192 -5.92034e-05
193 -5.92034e-05
194 -5.92034e-05
195 -5.92034e-05
196 -5.92034e-05
197 -5.92034e-05
198 -5.92034e-05
199 -5.92034e-05
200 -5.92034e-05
201 -5.92034e-05
202 -5.92034e-05
203 -5.92034e-05
204 -5.92034e-05
205 -5.92034e-05
206 -5.92034e-05
207 -5.92034e-05
208 -5.92034e-05
209 -5.92034e-05
210 -5.92034e-05
211 -5.92034e-05
212 -5.92034e-05
213 -5.92034e-05
214 -5.92034e-05
215 -5.92034e-05
216 -5.92034e-05
217 -5.92034e-05
218 -5.92034e-05
219 -5.92034e-05
220 -5.92034e-05
221 -5.92034e-05
222 -5.92034e-05
223 -5.92034e-05
224 -5.92034e-05
225 -5.92034e-05
226 -5.92034e-05
227 -5.92034e-05
228 -5.92034e-05
229 -5.92034e-05
230 -5.92034e-05
231 -5.92034e-05
232 -5.92034e-05
233 -5.92034e-05
234 -5.92034e-05
235 -5.92034e-05
236 -5.92034e-05
237 -5.92034e-05
238 -5.92034e-05
239 -5.92034e-05
240 -5.92034e-05
241 -5.92034e-05
242 -5.92034e-05
243 -5.92034e-05
244 -5.92034e-05
245 -5.92034e-05
246 -5.92034e-05
247 -5.92034e-05
248 -5.92034e-05
249 -5.92034e-05
250 -5.92034e-05
251 -5.92034e-05
252 -5.92034e-05
253 -5.92034e-05
254 -5.92034e-05
255 -5.92034e-05
256 -5.92034e-05
257 -5.92034e-05
258 -5.92034e-05
259 -5.92034e-05
260 -5.92034e-05
261 -5.92034e-05
262 -5.92034e-05
263 -5.92034e-05
264 -5.92034e-05
265 -5.92034e-05
266 -5.92034e-05
267 -5.92034e-05
268 -5.92034e-05
269 -5.92034e-05
270 -5.92034e-05
271 -5.92034e-05
272 -5.92034e-05
273 -5.92034e-05
274 -5.92034e-05
275 -5.92034e-05
276 -5.92034e-05
277 -5.92034e-05
278 -5.92034e-05
279 -5.92034e-05
280 -5.92034e-05
281 -5.92034e-05
282 -5.92034e-05
283 -5.92034e-05
284 -5.92034e-05
285 -5.92034e-05
286 -5.92034e-05
287 -5.92034e-05
288 -5.92034e-05
289 -5.92034e-05
290 -5.92034e-05
291 -5.92034e-05
292 -5.92034e-05
293 -5.92034e-05
294 -5.92034e-05
295 -5.92034e-05
296 -5.92034e-05
297 -5.92034e-05
298 -5.92034e-05
299 -5.92034e-05
300 -5.92034e-05
301 -5.92034e-05
302 -5.92034e-05
303 -5.92034e-05
304 -5.92034e-05
305 -5.92034e-05
306 -5.92034e-05
307 -5.92034e-05
308 -5.92034e-05
309 -5.92034e-05
310 -5.92034e-05
311 -5.92034e-05
312 -5.92034e-05
313 -5.92034e-05
314 -5.92034e-05
315 -5.92034e-05
316 -5.92034e-05
317 -5.92034e-05
318 -5.92034e-05
319 -5.92034e-05
320 -5.92034e-05
321 -5.92034e-05
322 -5.92034e-05
323 -5.92034e-05
324 -5.92034e-05
325 -5.92034e-05
326 -5.92034e-05
327 -5.92034e-05
328 -5.92034e-05
329 -5.92034e-05
330 -5.92034e-05
331 -5.92034e-05
332 -5.92034e-05
333 -5.92034e-05
334 -5.92034e-05
335 -5.92034e-05
336 -5.92034e-05
337 -5.92034e-05
338 -5.92034e-05
339 -5.92034e-05
340 -5.92034e-05
341 -5.92034e-05
342 -5.92034e-05
343 -5.92034e-05
344 -5.92034e-05
345 -5.92034e-05
346 -5.92034e-05
347 -5.92034e-05
348 -5.92034e-05
349 -5.92034e-05
350 -5.92034e-05
351 -5.92034e-05
352 -5.92034e-05
353 -5.92034e-05
354 -5.92034e-05
355 -5.92034e-05
356 -5.92034e-05
357 -5.92034e-05
358 -5.92034e-05
359 -5.92034e-05
360 -5.92034e-05
361 -5.92034e-05
362 -5.92034e-05
363 -5.92034e-05
364 -5.92034e-05
365 -5.92034e-05
366 -5.92034e-05
367 -5.92034e-05
368 -5.92034e-05
369 -5.92034e-05
370 -5.92034e-05
371 -5.92034e-05
372 -5.92034e-05
373 -5.92034e-05
374 -5.92034e-05
375 -5.92034e-05
376 -5.92034e-05
377 -5.92034e-05
378 -5.92034e-05
379 -5.92034e-05
380 -5.92034e-05
381 -5.92034e-05
382 -5.92034e-05
383 -5.92034e-05
384 -5.92034e-05
385 -5.92034e-05
386 -5.92034e-05
387 -5.92034e-05
388 -5.92034e-05
389 -5.92034e-05
390 -5.92034e-05
391 -5.92034e-05
392 -5.92034e-05
393 -5.92034e-05
394 -5.92034e-05
395 -5.92034e-05
396 -5.92034e-05
397 -5.92034e-05
398 -5.92034e-05
399 -5.92034e-05
400 -5.92034e-05
401 -5.92034e-05
402 -5.92034e-05
403 -5.92034e-05
404 -5.92034e-05
405 -5.92034e-05
406 -5.92034e-05
407 -5.92034e-05
408 -5.92034e-05
409 -5.92034e-05
410 -5.92034e-05
411 -5.92034e-05
412 -5.92034e-05
413 -5.92034e-05
414 -5.92034e-05
415 -5.92034e-05
416 -5.92034e-05
417 -5.92034e-05
418 -5.92034e-05
419 -5.92034e-05
420 -5.92034e-05
421 -5.92034e-05
422 -5.92034e-05
423 -5.92034e-05
424 -5.92034e-05
425 -5.92034e-05
426 -5.92034e-05
427 -5.92034e-05
428 -5.92034e-05
429 -5.92034e-05
430 -5.92034e-05
431 -5.92034e-05
432 -5.92034e-05
433 -5.92034e-05
434 -5.92034e-05
435 -5.92034e-05
436 -5.92034e-05
437 -5.92034e-05
438 -5.92034e-05
439 -5.92034e-05
440 -5.92034e-05
441 -5.92034e-05
442 -5.92034e-05
443 -5.92034e-05
444 -5.92034e-05
445 -5.92034e-05
446 -5.92034e-05
447 -5.92034e-05
448 -5.92034e-05
449 -5.92034e-05
450 -5.92034e-05
451 -5.92034e-05
452 -5.92034e-05
453 -5.92034e-05
454 -5.92034e-05
455 -5.92034e-05
456 -5.92034e-05
457 -5.92034e-05
458 -5.92034e-05
459 -5.92034e-05
460 -5.92034e-05
461 -5.92034e-05
462 -5.92034e-05
463 -5.92034e-05
464 -5.92034e-05
465 -5.92034e-05
466 -5.92034e-05
467 -5.92034e-05
468 -5.92034e-05
469 -5.92034e-05
470 -5.92034e-05
471 -5.92034e-05
472 -5.92034e-05
473 -5.92034e-05
474 -5.92034e-05
475 -5.92034e-05
476 -5.92034e-05
477 -5.92034e-05
478 -5.92034e-05
479 -5.92034e-05
480 -5.92034e-05
481 -5.92034e-05
482 -5.92034e-05
483 -5.92034e-05
484 -5.92034e-05
485 -5.92034e-05
486 -5.92034e-05
487 -5.92034e-05
488 -5.92034e-05
489 -5.92034e-05
490 -5.92034e-05
491 -5.92034e-05
492 -5.92034e-05
493 -5.92034e-05
494 -5.92034e-05
495 -5.92034e-05
496 -5.92034e-05
497 -5.92034e-05
498 -5.92034e-05
499 -5.92034e-05
500 -5.92034e-05
501 -5.92034e-05
502 -5.92034e-05
503 -5.92034e-05
504 -5.92034e-05
505 -5.92034e-05
506 -5.92034e-05
507 -5.92034e-05
508 -5.92034e-05
509 -5.92034e-05
510 -5.92034e-05
511 -5.92034e-05
512 -5.92034e-05
513 -5.92034e-05
514 -5.92034e-05
515 -5.92034e-05
516 -5.92034e-05
517 -5.92034e-05
518 -5.92034e-05
519 -5.92034e-05
520 -5.92034e-05
521 -5.92034e-05
522 -5.92034e-05
523 -5.92034e-05
524 -5.92034e-05
525 -5.92034e-05
526 -5.92034e-05
527 -5.92034e-05
528 -5.92034e-05
529 -5.92034e-05
530 -5.92034e-05
531 -5.92034e-05
532 -5.92034e-05
533 -5.92034e-05
534 -5.92034e-05
535 -5.92034e-05
536 -5.92034e-05
537 -5.92034e-05
538 -5.92034e-05
539 -5.92034e-05
540 -5.92034e-05
541 -5.92034e-05
542 -5.92034e-05
543 -5.92034e-05
544 -5.92034e-05
545 -5.92034e-05
546 -5.92034e-05
547 -5.92034e-05
548 -5.92034e-05
549 -5.92034e-05
550 -5.92034e-05
551 -5.92034e-05
552 -5.92034e-05
553 -5.92034e-05
554 -5.92034e-05
555 -5.92034e-05
556 -5.92034e-05
557 -5.92034e-05
558 -5.92034e-05
559 -5.92034e-05
560 -5.92034e-05
561 -5.92034e-05
562 -5.92034e-05
563 -5.92034e-05
564 -5.92034e-05
565 -5.92034e-05
566 -5.92034e-05
567 -5.92034e-05
568 -5.92034e-05
569 -5.92034e-05
570 -5.92034e-05
571 -5.92034e-05
572 -5.92034e-05
573 -5.92034e-05
574 -5.92034e-05
575 -5.92034e-05
576 -5.92034e-05
577 -5.92034e-05
578 -5.92034e-05
579 -5.92034e-05
580 -5.92034e-05
581 -5.92034e-05
582 -5.92034e-05
583 -5.92034e-05
584 -5.92034e-05
585 -5.92034e-05
586 -5.92034e-05
587 -5.92034e-05
588 -5.92034e-05
589 -5.92034e-05
590 -5.92034e-05
591 -5.92034e-05
592 -5.92034e-05
593 -5.92034e-05
594 -5.92034e-05
595 -5.92034e-05
596 -5.92034e-05
597 -5.92034e-05
598 -5.92034e-05
599 -5.92034e-05
600 -5.92034e-05
601 -5.92034e-05
602 -5.92034e-05
603 -5.92034e-05
604 -5.92034e-05
605 -5.92034e-05
606 -5.92034e-05
607 -5.92034e-05
608 -5.92034e-05
609 -5.92034e-05
610 -5.92034e-05
611 -5.92034e-05
612 -5.92034e-05
613 -5.92034e-05
614 -5.92034e-05
615 -5.92034e-05
616 -5.92034e-05
617 -5.92034e-05
618 -5.92034e-05
619 -5.92034e-05
620 -5.92034e-05
621 -5.92034e-05
622 -5.92034e-05
623 -5.92034e-05
624 -5.92034e-05
625 -5.92034e-05
626 -5.92034e-05
627 -5.92034e-05
628 -5.92034e-05
629 -5.92034e-05
630 -5.92034e-05
631 -5.92034e-05
632 -5.92034e-05
633 -5.92034e-05
634 -5.92034e-05
635 -5.92034e-05
636 -5.92034e-05
637 -5.92034e-05
638 -5.92034e-05
639 -5.92034e-05
640 -5.92034e-05
641 -5.92034e-05
642 -5.92034e-05
643 -5.92034e-05
644 -5.92034e-05
645 -5.92034e-05
646 -5.92034e-05
647 -5.92034e-05
648 -5.92034e-05
649 -5.92034e-05
650 -5.92034e-05
651 -5.92034e-05
652 -5.92034e-05
653 -5.92034e-05
654 -5.92034e-05
655 -5.92034e-05
656 -5.92034e-05
657 -5.92034e-05
658 -5.92034e-05
659 -5.92034e-05
660 -5.92034e-05
661 -5.92034e-05
662 -5.92034e-05
663 -5.92034e-05
664 -5.92034e-05
665 -5.92034e-05
666 -5.92034e-05
667 -5.92034e-05
668 -5.92034e-05
669 -5.92034e-05
670 -5.92034e-05
671 -5.92034e-05
672 -5.92034e-05
673 -5.92034e-05
674 -5.92034e-05
675 -5.92034e-05
676 -5.92034e-05
677 -5.92034e-05
678 -5.92034e-05
679 -5.92034e-05
680 -5.92034e-05
681 -5.92034e-05
682 -5.92034e-05
683 -5.92034e-05
684 -5.92034e-05
685 -5.92034e-05
686 -5.92034e-05
687 -5.92034e-05
688 -5.92034e-05
689 -5.92034e-05
690 -5.92034e-05
691 -5.92034e-05
692 -5.92034e-05
693 -5.92034e-05
694 -5.92034e-05
695 -5.92034e-05
