0 1.00001
1 1.00001
2 1.00001
3 1.00001
4 1.00001
5 1.00001
6 1.00001
7 1.00001
8 1.00001
9 1.00001
10 1.00001
11 1.00001
12 1.00001
13 1.00001
14 1.00001
15 1.00001
16 1.00001
17 1.00001
18 1.00001
19 1.00001
20 1.00001
21 1.00001
22 1.00001
23 1.00001
24 1.00001
25 1.00001
26 1.00001
27 1.00001
28 1.00001
29 1.00001
30 1.00001
31 1.00001
32 1.00001
33 1.00001
34 1.00001
35 1.00001
36 1.00001
37 1.00001
38 1.00001
39 1.00001
40 1.00001
41 1.00001
42 1.00001
43 1.00001
44 1.00001
45 1.00001
46 1.00001
47 1.00001
48 1.00001
49 1.00001
50 1.00001
51 1.00001
52 1.00001
53 1.00001
54 1.00001
55 1.00001
56 1.00001
57 1.00001
58 1.00001
59 1.00001
60 1.00001
61 1.00001
62 1.00001
63 1.00001
64 1.00001
65 1.00001
66 1.00001
67 1.00001
68 1.00001
69 1.00001
70 1.00001
71 1.00001
72 1.00001
73 1.00001
74 1.00001
75 1.00001
76 1.00001
77 1.00001
78 1.00001
79 1.00001
80 1.00001
81 1.00001
82 1.00001
83 1.00001
84 1.00001
85 1.00001
86 1.00001
87 1.00001
88 1.00001
89 1.00001
90 1.00001
91 1.00001
92 1.00001
93 1.00001
94 1.00001
95 1.00001
96 1.00001
97 1.00001
98 1.00001
99 1.00001
100 1.00001
101 1.00001
102 1.00001
103 1.00001
104 1.00001
105 1.00001
106 1.00001
107 1.00001
108 1.00001
109 1.00001
110 1.00001
111 1.00001
112 1.00001
113 1.00001
114 1.00001
115 1.00001
116 1.00001
117 1.00001
118 1.00001
119 1.00001
120 1.00001
121 1.00001
122 1.00001
123 1.00001
124 1.00001
125 1.00001
126 1.00001
127 1.00001
128 1.00001
129 1.00001
130 1.00001
131 1.00001
132 1.00001
133 1.00001
134 1.00001
135 1.00001
136 1.00001
137 1.00001
138 1.00001
139 1.00001
140 1.00001
141 1.00001
142 1.00001
143 1.00001
144 1.00001
145 1.00001
146 1.00001
147 1.00001
148 1.00001
149 1.00001
150 1.00001
151 1.00001
152 1.00001
153 1.00001
154 1.00001
155 1.00001
156 1.00001
157 1.00001
158 1.00001
159 1.00001
160 1.00001
161 1.00001
162 1.00001
163 1.00001
164 1.00001
165 1.00001
166 1.00001
167 1.00001
168 1.00001
169 1.00001
170 1.00001
171 1.00001
172 1.00001
173 1.00001
174 1.00001
175 1.00001
176 1.00001
177 1.00001
178 1.00001
179 1.00001
180 1.00001
181 1.00001
182 1.00001
183 1.00001
184 1.00001
185 1.00001
186 1.00001
187 1.00001
188 1.00001
189 1.00001
190 1.00001
191 1.00001
192 1.00001
193 1.00001
194 1.00001
195 1.00001
196 1.00001
197 1.00001
198 1.00001
199 1.00001
200 1.00001
201 1.00001
202 1.00001
203 1.00001
204 1.00001
205 1.00001
206 1.00001
207 1.00001
208 1.00001
209 1.00001
210 1.00001
211 1.00001
212 1.00001
213 1.00001
214 1.00001
215 1.00001
216 1.00001
217 1.00001
218 1.00001
219 1.00001
220 1.00002
221 1.00002
222 1.00002
223 1.00002
224 1.00002
225 1.00002
226 1.00002
227 1.00002
228 1.00002
229 1.00002
230 1.00002
231 1.00002
232 1.00002
233 1.00002
234 1.00001
235 1.00002
236 1.00002
237 1.00001
238 1.00001
239 1.00001
240 1.00001
241 1.00001
242 1.00001
243 1.00001
244 1.00001
245 1.00001
246 1.00001
247 1.00001
248 1.00001
249 1.00001
250 1.00001
251 1.00001
252 1.00001
253 1.00001
254 1.00001
255 1.00001
256 1.00001
257 1.00001
258 1.00001
259 1.00001
260 1.00001
261 1.00001
262 1.00001
263 1.00001
264 1.00001
265 1.00001
266 1.00001
267 1.00001
268 1.00001
269 1.00001
270 1.00001
271 1.00001
272 1.00001
273 1.00001
274 1.00001
275 1.00001
276 1.00001
277 1.00001
278 1.00001
279 1.00001
280 1.00001
281 1.00001
282 1.00001
283 1.00001
284 1.00001
285 1.00001
286 1.00001
287 1.00001
288 1.00001
289 1.00001
290 1.00001
291 1.00001
292 1.00001
293 1.00001
294 1.00001
295 1.00001
296 1.00001
297 1.00001
298 1.00001
299 1.00001
300 1.00001
301 1.00001
302 1.00001
303 1.00001
304 1.00001
305 1.00001
306 1.00001
307 1.00001
308 1.00001
309 1.00001
310 1.00001
311 1.00001
312 1.00001
313 1.00001
314 1.00001
315 1.00001
316 1.00001
317 1.00001
318 1.00001
319 1.00001
320 1.00001
321 1.00001
322 1.00001
323 1.00001
324 1.00001
325 1.00001
326 1.00001
327 1.00001
328 1.00001
329 1.00001
330 1.00001
331 1.00001
332 1.00001
333 1.00001
334 1.00001
335 1.00001
336 1.00001
337 1.00001
338 1.00001
339 1.00001
340 1.00001
341 1.00001
342 1.00001
343 1.00001
344 1.00001
345 1.00001
346 1.00001
347 1.00001
348 1.00001
349 1.00001
350 1.00001
351 1.00001
352 1.00001
353 1.00001
354 1.00001
355 1.00001
356 1.00001
357 1.00001
358 1.00001
359 1.00001
360 1.00001
361 1.00001
362 1.00001
363 1.00001
364 1.00001
365 1.00001
366 1.00001
367 1.00001
368 1.00001
369 1.00001
370 1.00001
371 1.00001
372 1.00001
373 1.00001
374 1.00001
375 1.00001
376 1.00001
377 1.00001
378 1.00001
379 1.00001
380 1.00001
381 1.00001
382 1.00001
383 1.00001
384 1.00001
385 1.00001
386 1.00001
387 1.00001
388 1.00001
389 1.00001
390 1.00001
391 1.00001
392 1.00001
393 1.00001
394 1.00001
395 1.00001
396 1.00001
397 1.00001
398 1.00001
399 1.00001
400 1.00001
401 1.00001
402 1.00001
403 1.00001
404 1.00001
405 1.00001
406 1.00001
407 1.00001
408 1.00001
409 1.00001
410 1.00001
411 1.00001
412 1.00001
413 1.00001
414 1.00001
415 1.00001
416 1.00001
417 1.00001
418 1.00001
419 1.00001
420 1.00001
421 1.00001
422 1.00001
423 1.00001
424 1.00001
425 1.00001
426 1.00001
427 1.00001
428 1.00001
429 1.00001
430 1.00001
431 1.00001
432 1.00001
433 1.00001
434 1.00001
435 1.00001
436 1.00001
437 1.00001
438 1.00001
439 1.00001
440 1.00001
441 1.00001
442 1.00001
443 1.00001
444 1.00001
445 1.00001
446 1.00001
447 1.00001
448 1.00001
449 1.00001
450 1.00001
451 1.00001
452 1.00001
453 1.00001
454 1.00001
455 1.00001
456 1.00001
457 1.00001
458 1.00001
459 1.00001
460 1.00001
461 1.00001
462 1.00001
463 1.00001
464 1.00001
465 1.00001
466 1.00001
467 1.00001
468 1.00001
469 1.00001
470 1.00001
471 1.00001
472 1.00001
473 1.00001
474 1.00001
475 1.00001
476 1.00001
477 1.00001
478 1.00001
479 1.00001
480 1.00001
481 1.00001
482 1.00001
483 1.00001
484 1.00001
485 1.00001
486 1.00001
487 1.00001
488 1.00001
489 1.00001
490 1.00001
491 1.00001
492 1.00001
493 1.00001
494 1.00001
495 1.00001
496 1.00001
497 1.00001
498 1.00001
499 1.00001
500 1.00001
501 1.00001
502 1.00001
503 1.00001
504 1.00001
505 1.00001
506 1.00001
507 1.00001
508 1.00001
509 1.00001
510 1.00001
511 1.00001
512 1.00001
513 1.00001
514 1.00001
515 1.00001
516 1.00001
517 1.00001
518 1.00001
519 1.00001
520 1.00001
521 1.00001
522 1.00001
523 1.00001
524 1.00001
525 1.00001
526 1.00001
527 1.00001
528 1.00001
529 1.00001
530 1.00001
531 1.00001
532 1.00001
533 1.00001
534 1.00001
535 1.00001
536 1.00001
537 1.00001
538 1.00001
539 1.00001
540 1.00001
541 1.00001
542 1.00001
543 1.00001
544 1.00001
545 1.00001
546 1.00001
547 1.00001
548 1.00001
549 1.00001
550 1.00001
551 1.00001
552 1.00001
553 1.00001
554 1.00001
555 1.00001
556 1.00001
557 1.00001
558 1.00001
559 1.00001
560 1.00001
561 1.00001
562 1.00001
563 1.00001
564 1.00001
565 1.00001
566 1.00001
567 1.00001
568 1.00001
569 1.00001
570 1.00001
571 1.00001
572 1.00001
573 1.00001
574 1.00001
575 1.00001
576 1.00001
577 1.00001
578 1.00001
579 1.00001
580 1.00001
581 1.00001
582 1.00001
583 1.00001
584 1.00001
585 1.00001
586 1.00001
587 1.00001
588 1.00001
589 1.00001
590 1.00001
591 1.00001
592 1.00001
593 1.00001
594 1.00001
595 1.00001
596 1.00001
597 1.00001
598 1.00001
599 1.00001
600 1.00001
601 1.00001
602 1.00001
603 1.00001
604 1.00001
605 1.00001
606 1.00001
607 1.00001
608 1.00001
609 1.00001
610 1.00001
611 1.00001
612 1.00001
613 1.00001
614 1.00001
615 1.00001
616 1.00001
617 1.00001
618 1.00001
619 1.00001
620 1.00001
621 1.00001
622 1.00001
623 1.00001
624 1.00001
625 1.00001
626 1.00001
627 1.00001
628 1.00001
629 1.00001
630 1.00001
631 1.00001
632 1.00001
633 1.00001
634 1.00001
635 1.00001
636 1.00001
637 1.00001
638 1.00001
639 1.00001
640 1.00001
641 1.00001
642 1.00001
643 1.00001
644 1.00001
645 1.00001
646 1.00001
647 1.00001
648 1.00001
649 1.00001
650 1.00001
651 1.00001
652 1.00001
653 1.00001
654 1.00001
655 1.00001
656 1.00001
657 1.00001
658 1.00001
659 1.00001
660 1.00001
661 1.00001
662 1.00001
663 1.00001
664 1.00001
665 1.00001
666 1.00001
667 1.00001
668 1.00001
669 1.00001
670 1.00001
671 1.00001
672 1.00001
673 1.00001
674 1.00001
675 1.00001
676 1.00001
677 1.00001
678 1.00001
679 1.00001
680 1.00001
681 1.00001
682 1.00001
683 1.00001
684 1.00001
685 1.00001
686 1.00001
687 1.00001
688 1.00001
689 1.00001
690 1.00001
691 1.00001
692 1.00001
693 1.00001
694 1.00001
695 1.00001
696 1.00001
697 1.00001
698 1.00001
699 1.00001
700 1.00001
701 1.00001
702 1.00001
703 1.00001
704 1.00001
705 1.00001
706 1.00001
707 1.00001
708 1.00001
709 1.00001
710 1.00001
711 1.00001
712 1.00001
713 1.00001
714 1.00001
715 1.00001
716 1.00001
717 1.00001
718 1.00001
719 1.00001
720 1.00001
721 1.00001
722 1.00001
723 1.00001
724 1.00001
725 1.00001
726 1.00001
727 1.00001
728 1.00001
729 1.00001
730 1.00001
731 1.00001
732 1.00001
733 1.00001
734 1.00001
735 1.00001
736 1.00001
737 1.00001
738 1.00001
739 1.00001
740 1.00001
741 1.00001
742 1.00001
743 1.00001
744 1.00001
745 1.00001
746 1.00001
747 1.00001
748 1.00001
749 1.00001
750 1.00001
751 1.00001
752 1.00001
753 1.00001
754 1.00001
755 1.00001
756 1.00001
757 1.00001
758 1.00001
759 1.00001
760 1.00001
761 1.00001
762 1.00001
763 1.00001
764 1.00001
765 1.00001
766 1.00001
767 1.00001
768 1.00001
769 1.00001
770 1.00001
771 1.00001
772 1.00001
773 1.00001
774 1.00001
775 1.00001
776 1.00001
777 1.00001
778 1.00001
779 1.00001
780 1.00001
781 1.00001
782 1.00001
783 1.00001
784 1.00001
785 1.00001
786 1.00001
787 1.00001
788 1.00001
789 1.00001
790 1.00001
791 1.00001
792 1.00001
793 1.00001
794 1.00001
795 1.00001
796 1.00001
797 1.00001
798 1.00001
799 1.00001
800 1.00001
801 1.00001
802 1.00001
803 1.00001
804 1.00001
805 1.00001
806 1.00001
807 1.00001
808 1.00001
809 1.00001
810 1.00001
811 1.00001
812 1.00001
813 1.00001
814 1.00001
815 1.00001
816 1.00001
817 1.00001
818 1.00001
819 1.00001
820 1.00001
821 1.00001
822 1.00001
823 1.00001
824 1.00001
825 1.00001
826 1.00001
827 1.00001
828 1.00001
829 1.00001
830 1.00001
831 1.00001
832 1.00001
833 1.00001
834 1.00001
835 1.00001
836 1.00001
837 1.00001
838 1.00001
839 1.00001
840 1.00001
841 1.00001
842 1.00001
843 1.00001
844 1.00001
845 1.00001
846 1.00001
847 1.00001
848 1.00001
849 1.00001
850 1.00001
851 1.00001
852 1.00001
853 1.00001
854 1.00001
855 1.00001
856 1.00001
857 1.00001
858 1.00001
859 1.00001
860 1.00001
861 1.00001
862 1.00001
863 1.00001
864 1.00001
865 1.00001
866 1.00001
867 1.00001
868 1.00001
869 1.00001
870 1.00001
871 1.00001
872 1.00001
873 1.00001
874 1.00001
875 1.00001
876 1.00001
877 1.00001
878 1.00001
879 1.00001
880 1.00001
881 1.00001
882 1.00001
883 1.00001
884 1.00001
885 1.00001
886 1.00001
887 1.00001
888 1.00001
889 1.00001
890 1.00001
891 1.00001
892 1.00001
893 1.00001
894 1.00001
895 1.00001
896 1.00001
897 1.00001
898 1.00001
899 1.00001
900 1.00001
901 1.00001
902 1.00001
903 1.00001
904 1.00001
905 1.00001
906 1.00001
907 1.00001
908 1.00001
909 1.00001
910 1.00001
911 1.00001
912 1.00001
913 1.00001
914 1.00001
915 1.00001
916 1.00001
917 1.00001
918 1
919 1
920 1
921 1
922 1
923 1
924 1
925 1
926 1
927 1
928 1
929 1
930 1
931 1
932 1
933 1
934 1
935 0.999999
936 0.999999
937 0.999999
938 0.999998
939 0.999998
940 0.999998
941 0.999998
942 0.999997
943 0.999997
944 0.999997
945 0.999997
946 0.999997
947 0.999996
948 0.999996
949 0.999996
950 0.999996
951 0.999996
952 0.999996
953 0.999996
954 0.999996
955 0.999996
956 0.999996
957 0.999995
958 0.999995
959 0.999995
960 0.999995
961 0.999995
962 0.999995
963 0.999995
964 0.999995
965 0.999994
966 0.999994
967 0.999994
968 0.999994
969 0.999994
970 0.999994
971 0.999994
972 0.999994
973 0.999994
974 0.999994
975 0.999994
976 0.999994
977 0.999994
978 0.999994
979 0.999994
980 0.999994
981 0.999994
982 0.999994
983 0.999994
984 0.999994
985 0.999994
986 0.999993
987 0.999993
988 0.999993
989 0.999993
990 0.999993
991 0.999993
992 0.999993
993 0.999993
994 0.999993
995 0.999993
996 0.999993
997 0.999993
998 0.999993
999 0.999993
1000 0.999993
1001 0.999993
1002 0.999993
1003 0.999993
1004 0.999993
1005 0.999993
1006 0.999993
1007 0.999993
1008 0.999993
1009 0.999993
1010 0.999993
1011 0.999993
1012 0.999993
1013 0.999993
1014 0.999993
1015 0.999993
1016 0.999993
1017 0.999993
1018 0.999993
1019 0.999993
1020 0.999993
1021 0.999993
1022 0.999993
1023 0.999993
1024 0.999993
1025 0.999993
1026 0.999993
1027 0.999993
1028 0.999993
1029 0.99999
1030 0.997961
1031 0.992398
1032 0.984521
1033 0.967127
1034 0.955267
1035 0.943671
1036 0.920942
1037 0.908835
1038 0.887765
1039 0.874508
1040 0.862469
1041 0.840602
1042 0.828793
1043 0.816849
1044 0.794644
1045 0.781648
1046 0.767623
1047 0.75559
1048 0.732243
1049 0.720897
1050 0.700007
1051 0.689123
1052 0.676085
1053 0.651972
1054 0.640856
1055 0.628863
1056 0.60601
1057 0.593866
1058 0.581896
1059 0.558852
1060 0.547619
1061 0.533958
1062 0.512848
1063 0.500733
1064 0.488504
1065 0.466395
1066 0.453622
1067 0.441372
1068 0.420223
1069 0.407365
1070 0.397329
1071 0.374348
1072 0.361361
1073 0.340113
1074 0.328885
1075 0.316974
1076 0.29484
1077 0.282857
1078 0.270863
1079 0.249374
1080 0.236225
1081 0.213873
1082 0.203885
1083 0.191134
1084 0.168
1085 0.157091
1086 0.144608
1087 0.121593
1088 0.109623
1089 0.0985949
1090 0.0747469
1091 0.0627362
1092 0.0506336
1093 0.0286258
1094 0.0185283
1095 0.0106545
1096 0.00530036
1097 0.000898707
1098 -6.55973e-05
1099 -0.000563853
1100 -0.000720387
1101 -0.000704757
1102 -0.000668761
1103 -0.000641291
1104 -0.000620925
1105 -0.000565984
1106 -0.000528331
1107 -0.000431001
1108 -0.000350247
1109 -0.000281808
1110 -0.000221657
1111 -0.000156771
1112 -0.000136641
1113 -0.000104908
1114 -8.85683e-05
1115 -7.29386e-05
1116 -3.90742e-05
1117 -2.48654e-05
1118 -1.46824e-05
1119 -4.26264e-06
1120 -2.60495e-06
1121 -1.89451e-06
1122 2.13132e-06
1123 4.02583e-06
1124 7.81485e-06
1125 1.04198e-05
1126 1.11302e-05
1127 1.11302e-05
1128 1.0183e-05
1129 1.04198e-05
1130 1.0183e-05
1131 1.06566e-05
1132 1.1367e-05
1133 1.23143e-05
1134 1.20775e-05
1135 1.1367e-05
1136 9.70935e-06
1137 9.47254e-06
1138 8.99891e-06
1139 9.70935e-06
1140 1.0183e-05
1141 1.0183e-05
1142 1.0183e-05
1143 9.70935e-06
1144 8.28847e-06
1145 7.34122e-06
1146 7.34122e-06
1147 7.34122e-06
1148 7.57803e-06
1149 7.57803e-06
1150 7.81485e-06
1151 7.10441e-06
1152 6.86759e-06
1153 5.92034e-06
1154 5.44671e-06
1155 5.44671e-06
1156 5.44671e-06
1157 5.44671e-06
