0 0
1 0.000378665
2 0.000378665
3 -0.000378665
4 0
5 0
6 -0.000378665
7 0.000378665
8 0.000378665
9 0.000378665
10 0
11 0
12 0
13 0
14 0.000378665
15 -0.000378665
16 -0.000378665
17 0
18 0.000757566
19 0
20 0
21 -0.000378665
22 0
23 0.000378665
24 0
25 0
26 0.000378665
27 0
28 -0.000757566
29 -0.000757566
30 0
31 0.000378665
32 -0.000378665
33 -0.000378665
34 -0.000757566
35 0.000378665
36 -0.000378665
37 0
38 0
39 0
40 0.000378665
41 0
42 -0.000378665
43 0
44 0
45 -0.000378665
46 0.000378665
47 -0.000757566
48 0
49 0.000378665
50 0
51 0
52 -0.000378665
53 0.000757566
54 0.000378665
55 0.000378665
56 0.000757566
57 0.000757566
58 0
59 0
60 0
61 0.000378665
62 -0.000378665
63 -0.000378665
64 0
65 0
66 -0.000378665
67 0
68 0
69 0.000378665
70 -0.000378665
71 0.000378665
72 0.000378665
73 0.000378665
74 0
75 -0.000378665
76 0
77 0.000378665
78 0
79 -0.000757566
80 -0.000378665
81 0.000378665
82 -0.000378665
83 0.000378665
84 0.000378665
85 0.000378665
86 0.000378665
87 0.000378665
88 0.000378665
89 0.000378665
90 0
91 0
92 0
93 0.000378665
94 0.000378665
95 -0.000378665
96 0.000757566
97 0
98 -0.000378665
99 0
100 0
101 0
102 0
103 0
104 0
105 0
106 0
107 0.000378665
108 0
109 -0.000378665
110 -0.000378665
111 0
112 0
113 -0.000378665
114 -0.000378665
115 0.000378665
116 0
117 0.000378665
118 0.000378665
119 -0.000378665
120 -0.000378665
121 -0.000378665
122 0
123 0
124 0
125 0
126 0.000378665
127 0
128 0
129 0
130 0.000378665
131 0
132 -0.000378665
133 0
134 0
135 0
136 0.000378665
137 0
138 -0.000378665
139 0.000378665
140 0
141 0
142 -0.000757566
143 0.000378665
144 0.000378665
145 0.000757566
146 -0.000378665
147 0.000378665
148 0.000378665
149 0.000378665
150 0.000378665
151 0
152 0
153 0
154 0
155 -0.000378665
156 -0.000378665
157 -0.000378665
158 -0.000378665
159 0
160 0.000378665
161 0
162 -0.000757566
163 0.000378665
164 0
165 0
166 0
167 0
168 0
169 0
170 0.000378665
171 0.000378665
172 0
173 0
174 0.000378665
175 0.000378665
176 0.000378665
177 0.000757566
178 0
179 0
180 0
181 0
182 0
183 0
184 -0.000378665
185 0.000378665
186 0.000378665
187 0.000378665
188 -0.000378665
189 0.000378665
190 0.000378665
191 0.000378665
192 0.000378665
193 0.000378665
194 0
195 -0.000378665
196 0
197 0.000378665
198 0
199 0.000378665
200 -0.000378665
201 -0.000378665
202 -0.000378665
203 0
204 0
205 -0.000378665
206 0
207 0
208 0
209 0.000378665
210 0.000378665
211 0
212 -0.000378665
213 -0.000378665
214 0.000378665
215 0
216 0
217 0.000378665
218 0.000378665
219 0.0439523
220 -0.00340988
221 0.000378665
222 0.000378665
223 -0.000378665
224 -0.000378665
225 0
226 0
227 0
228 0
229 0
230 0
231 0.000378665
232 0
233 0
234 0.000378665
235 0.000757566
236 -0.000757566
237 0
238 0.00151537
239 -0.000378665
240 -0.000757566
241 -0.000378665
242 0
243 -0.000757566
244 0.000378665
245 0.000378665
246 0.000378665
247 0.000378665
248 0.000378665
249 0.000378665
250 0.000378665
251 0.000378665
252 0
253 -0.000378665
254 0
255 -0.000378665
256 -0.000378665
257 -0.000378665
258 0
259 -0.000757566
260 0
261 0.000378665
262 0
263 -0.000378665
264 0
265 0
266 -0.000378665
267 0.000378665
268 0.000378665
269 0
270 0
271 0
272 0
273 0.000378665
274 0.000378665
275 0
276 0
277 0
278 0
279 0.000378665
280 0
281 0
282 0
283 0.000757566
284 0.000757566
285 0
286 0
287 0
288 0
289 0.000378665
290 -0.000378665
291 0
292 0
293 0.000378665
294 0.000378665
295 0.000378665
296 0
297 0.000378665
298 0.000378665
299 -0.000757566
300 -0.000378665
301 -0.000378665
302 0.000378665
303 -0.000378665
304 -0.000378665
305 0.000378665
306 0
307 -0.000378665
308 -0.000378665
309 0
310 0
311 0
312 0
313 -0.000378665
314 0.000378665
315 0.000378665
316 -0.000378665
317 0
318 0
319 -0.000757566
320 -0.000757566
321 0
322 -0.000378665
323 0
324 0.000378665
325 0.000378665
326 0.000378665
327 -0.000378665
328 -0.000378665
329 -0.000378665
330 0.000757566
331 -0.000757566
332 0
333 0.000378665
334 0
335 0.000757566
336 -0.000378665
337 0.000378665
338 0.000757566
339 0.000757566
340 -0.000378665
341 0.000378665
342 -0.000757566
343 0
344 0.000378665
345 -0.000378665
346 0.000757566
347 0
348 0.000757566
349 0.000378665
350 0
351 0
352 -0.000378665
353 -0.000378665
354 0.000378665
355 0.000378665
356 -0.000378665
357 0.000378665
358 0.000378665
359 0.000378665
360 -0.000378665
361 0
362 0.000757566
363 -0.000378665
364 0
365 0
366 -0.000378665
367 0
368 0
369 0
370 0
371 0
372 -0.000378665
373 0
374 0
375 0
376 0
377 0
378 0.000378665
379 0
380 0.000757566
381 0.000757566
382 0.000378665
383 0.000378665
384 0.0011367
385 0
386 -0.000378665
387 -0.000378665
388 0
389 0
390 0
391 -0.000378665
392 0
393 0
394 0
395 0.000757566
396 0.000757566
397 0
398 0
399 0
400 0
401 0.000378665
402 0.000378665
403 0.000378665
404 0.000378665
405 0.000378665
406 0
407 0
408 -0.000378665
409 0
410 0.000757566
411 0.000757566
412 -0.000378665
413 0.000757566
414 -0.000757566
415 -0.000757566
416 -0.000378665
417 -0.000378665
418 0
419 0
420 0
421 -0.000757566
422 0
423 -0.000378665
424 0
425 -0.000378665
426 0.000378665
427 -0.000378665
428 0
429 0
430 0.000757566
431 -0.000757566
432 -0.000757566
433 0
434 0
435 0
436 0
437 0
438 -0.000378665
439 0.000757566
440 -0.000757566
441 -0.000378665
442 0
443 0
444 0
445 0
446 0.000378665
447 -0.000378665
448 0
449 0
450 0.000378665
451 0
452 0.000378665
453 -0.000378665
454 0.869579
455 0.869579
456 1.64709
457 1.83047
458 1.93657
459 1.99113
460 2.01348
461 2.02523
462 2.01765
463 2.01651
464 2.03205
465 1.99151
466 2.0203
467 1.98507
468 2.01083
469 2.01121
470 1.98507
471 1.98507
472 1.99189
473 1.99454
474 2.00856
475 1.99113
476 1.99757
477 1.98393
478 1.99492
479 1.98848
480 2.00553
481 2.00022
482 1.99264
483 1.99643
484 1.98734
485 1.75583
486 1.10488
487 0.685054
488 0.362988
489 0.201197
490 0.0674445
491 0.0125035
492 -0.00303098
493 -0.00606219
494 -0.00681999
495 -0.00681999
496 -0.0147769
497 -0.0147769
498 -0.0109879
499 -0.0109879
500 -0.00681999
501 -0.00530439
502 -0.00340988
503 -0.00340988
504 -0.0011367
505 -0.0011367
506 -0.000757566
507 -0.000757566
508 -0.0011367
509 -0.0011367
510 -0.000378665
511 -0.000378665
512 -0.000378665
513 0.000378665
514 0.000757566
515 -0.000378665
516 0
517 -0.000378665
518 -0.000757566
519 0.000757566
520 0.000757566
521 0
522 0
523 -0.000757566
524 -0.000757566
525 0
526 0
527 0.000378665
528 0.000378665
529 0
530 -0.000378665
531 -0.000378665
532 0
533 -0.000757566
534 -0.000378665
535 0
536 0.000378665
537 0.000378665
538 0
539 0
540 0
541 0
542 -0.000378665
543 -0.000378665
544 -0.000378665
545 0.000757566
546 -0.000378665
547 0
548 0
549 0
550 0.000757566
551 -0.000378665
552 0
553 -0.000757566
554 -0.000757566
555 -0.000378665
556 -0.000757566
557 0.000378665
558 -0.000378665
559 0
560 0.000378665
561 0.000378665
562 0
563 0.000378665
564 0.000378665
565 -0.000378665
566 -0.000378665
567 -0.000378665
568 -0.000378665
569 0
570 0
571 -0.000378665
572 0.000757566
573 -0.000757566
574 -0.000757566
575 0
576 0
577 0
578 -0.000378665
579 0.000378665
580 0
581 -0.010609
582 -0.610411
583 -1.04236
584 -1.47658
585 -1.74712
586 -1.86798
587 -1.86798
588 -2.01614
589 -2.00098
590 -1.99946
591 -2.03015
592 -2.01159
593 -2.00704
594 -2.01992
595 -2.00591
596 -1.99226
597 -2.00553
598 -2.0078
599 -2.0025
600 -2.00553
601 -2.01045
602 -1.99605
603 -2.00742
604 -2.00742
605 -1.99302
606 -1.99302
607 -1.98885
608 -1.98885
609 -1.99643
610 -2.00174
611 -2.00704
612 -1.99189
613 -1.99984
614 -1.35419
615 -0.954832
616 -0.544103
617 -0.292133
618 -0.115186
619 -0.0348589
620 0.00151537
621 0.00416792
622 0.00530439
623 0.0075778
624 0.0128824
625 0.0117457
626 0.0125035
627 0.00947254
628 0.00719889
629 0.00681999
630 0.00606219
631 0.00265207
632 0.0011367
633 0.000757566
634 0.000757566
635 0.000757566
636 0.000757566
637 0.00151537
638 0.00151537
639 0.000378665
640 0.000378665
641 -0.000378665
642 -0.000378665
643 0.000378665
644 -0.000378665
645 -0.000378665
646 -0.000378665
647 0
648 0
649 -0.000378665
650 -0.000378665
651 0
652 0
653 -0.000757566
654 0.0011367
655 0.000757566
656 0.000757566
657 0.000378665
658 -0.000378665
659 0.000378665
660 0
661 -0.000757566
662 -0.000378665
663 -0.000378665
664 0
665 -0.000378665
666 0
667 0
668 -0.000378665
669 0
670 0.000378665
671 0
672 0.0011367
673 0
674 0
675 0
676 0
677 0.000378665
678 0
679 0
680 0
681 0
682 0
683 0
684 0
685 0.000757566
686 0.000757566
687 0
688 0.000378665
689 0.000378665
690 0.000378665
691 0
692 0
693 0
694 0.000378665
695 0.000378665
696 0
697 0
698 0.000378665
699 0.00151537
700 -0.000378665
701 -0.000378665
702 0
703 0
704 0
705 0.000378665
706 -0.000378665
707 0.000378665
708 0
709 -0.000757566
710 0.0738858
711 0.800998
712 0.800998
713 1.56638
714 1.79789
715 1.92861
716 1.98128
717 1.99833
718 2.01197
719 2.00628
720 2.01348
721 2.00439
722 2.01538
723 2.00628
724 2.00287
725 1.99643
726 1.99605
727 1.99605
728 2.01576
729 1.98544
730 1.98544
731 1.98393
732 1.98393
733 2.01765
734 1.99454
735 2.00818
736 1.9881
737 1.99454
738 1.99037
739 2.00363
740 2.00363
741 2.00022
742 1.95741
743 1.17459
744 1.17459
745 0.41717
746 0.41717
747 0.0822216
748 0.0822216
749 -0.00265207
750 -0.00530439
751 -0.00681999
752 -0.0121246
753 -0.0147769
754 -0.0136402
755 -0.0117457
756 -0.00909364
757 -0.00833584
758 -0.00530439
759 -0.00378878
760 -0.00378878
761 -0.000757566
762 -0.00151537
763 -0.000757566
764 -0.000757566
765 -0.00151537
766 0
767 -0.000378665
768 -0.0011367
769 0
770 0
771 0
772 0
773 -0.000757566
774 0.000378665
775 0
776 0
777 -0.000757566
778 0.000757566
779 0
780 0
781 -0.000378665
782 0.000378665
783 0.000378665
784 0
785 -0.000378665
786 -0.000757566
787 0
788 0
789 -0.000378665
790 -0.000378665
791 0.0011367
792 0.000378665
793 0.000757566
794 0
795 0
796 0
797 -0.000378665
798 -0.000757566
799 -0.000378665
800 -0.0011367
801 -0.000757566
802 -0.000757566
803 0
804 0
805 0.000757566
806 0.000757566
807 0
808 -0.000378665
809 0
810 0
811 0.000378665
812 0.000378665
813 0
814 0.000757566
815 0.000378665
816 0.000378665
817 -0.000378665
818 0
819 0
820 0
821 0
822 0.000378665
823 0.000378665
824 0.000378665
825 0.000378665
826 0
827 0.000378665
828 0
829 -0.000757566
830 0
831 -0.000378665
832 -0.000757566
833 -0.000757566
834 0
835 -0.000757566
836 0
837 0
838 0
839 -0.367534
840 -0.876399
841 -1.33108
842 -1.64292
843 -1.86306
844 -1.94414
845 -1.94414
846 -2.00363
847 -2.00363
848 -2.01841
849 -2.01841
850 -2.0275
851 -2.0275
852 -2.01045
853 -2.01045
854 -2.01197
855 -2.0078
856 -2.01727
857 -2.01727
858 -1.99492
859 -1.99871
860 -2.00098
861 -2.00098
862 -1.99378
863 -1.99378
864 -2.00174
865 -2.00174
866 -2.01159
867 -2.01159
868 -2.00325
869 -2.00325
870 -2.00098
871 -1.67853
872 -1.05865
873 -1.05865
874 -0.39671
875 -0.170884
876 -0.0541827
877 -0.0541827
878 -0.00303098
879 0.00606219
880 0.00681999
881 0.0140191
882 0.0117457
883 0.0136402
884 0.010609
885 0.00795693
886 0.00681999
887 0.00492572
888 0.00303098
889 0.00151537
890 0.0011367
891 0.0011367
892 0.0011367
893 0.000757566
894 0.000378665
895 0.000378665
896 0.000378665
897 0.000378665
898 0.000757566
899 0.000757566
900 -0.000757566
901 0.000757566
902 0.000757566
903 0.000757566
904 0.000378665
905 0.000378665
906 0.000378665
907 -0.000378665
908 -0.000378665
909 0
910 0
911 0.000378665
912 0
913 -0.00151537
914 0
915 0
916 0
917 -0.000378665
918 0
919 0.000378665
920 0
921 0
922 0
923 -0.000378665
924 0.000378665
925 0.000378665
926 0.000378665
927 0.000378665
928 0
929 0
930 0
931 0
932 0
933 0
934 0
935 0
936 0.000757566
937 0
938 0
939 -0.000757566
940 -0.000378665
941 -0.000378665
942 -0.000378665
943 0
944 0
945 0
946 0
947 0
948 0
949 0
950 0
951 -0.000378665
952 -0.000378665
953 0.000757566
954 0
955 0
956 0
957 0
958 0
959 0
960 0
961 0.000378665
962 0.000378665
963 0
964 0
965 0
966 -0.000378665
