0 0
1 0
2 0
3 0
4 0
5 0
6 0
7 0
8 0
9 0
10 0
11 0
12 0
13 0
14 0
15 0
16 0
17 0
18 0
19 0
20 0
21 0
22 0
23 0
24 0
25 0
26 0
27 0
28 0
29 0
30 0
31 0
32 0
33 0
34 0
35 0
36 0
37 0
38 0
39 0
40 0
41 0
42 0
43 0
44 0
45 0
46 0
47 0
48 0
49 0
50 0
51 0
52 0
53 0
54 0
55 0
56 0
57 0
58 0
59 0
60 0
61 0
62 0
63 0
64 0
65 0
66 0
67 0
68 0
69 0
70 0
71 0
72 0
73 0
74 0
75 0
76 0
77 0
78 0
79 0
80 0
81 0
82 0
83 0
84 0
85 0
86 0
87 0
88 0
89 0
90 0
91 0
92 0
93 0
94 0
95 0
96 0
97 0
98 0
99 0
100 0
101 0
102 0
103 0
104 0
105 0
106 0
107 0
108 0
109 0
110 0
111 0
112 0
113 0
114 0
115 0
116 0
117 0
118 0
119 0
120 0
121 0
122 0
123 0
124 0
125 0
126 0
127 0
128 0
129 0
130 0
131 0
132 0
133 0
134 0
135 0
136 0
137 0
138 0
139 0
140 0
141 0
142 0
143 0
144 0
145 0
146 0
147 0
148 0
149 0
150 0
151 0
152 0
153 0
154 0
155 0
156 0
157 0
158 0
159 0
160 0
161 0
162 0
163 0
164 0
165 0
166 0
167 0
168 0
169 0
170 0
171 0
172 0
173 0
174 0
175 0
176 0
177 0
178 0
179 0
180 0
181 0
182 0
183 0
184 0
185 0
186 0
187 0
188 0
189 0
190 0
191 0
192 0
193 0
194 0
195 0
196 0
197 0
198 0
199 0
200 0
201 0
202 0
203 0
204 0
205 0
206 0
207 0
208 0
209 0
210 0
211 0
212 0
213 0
214 0.00121
215 0.00121
216 0.00121
217 0.00121
218 0.00121
219 0.00121
220 0.00121
221 0.00121
222 0.00121
223 0.00121
224 0.00121
225 0.00121
226 0.00121
227 0.00121
228 0.00121
229 0.00121
230 0.00121
231 0.00121
232 0.00121
233 0.00121
234 0.00121
235 0.00121
236 0.00121
237 0.00121
238 0.00121
239 0.00121
240 0.00121
241 0.00121
242 0.00121
243 0.00121
244 0.00121
245 0.00121
246 0.00121
247 0.00242
248 0.00121
249 0.00121
250 0.00121
251 0.00121
252 0.00121
253 0.00121
254 0.00242
255 0.00121
256 0.00121
257 0.00242
258 0.00242
259 0.00242
260 0.00242
261 0.00242
262 0.00242
263 0.00242
264 0.00242
265 0.00242
266 0.00242
267 0.00242
268 0.00242
269 0.00242
270 0.00242
271 0.00242
272 0.00242
273 0.00242
274 0.00242
275 0.00242
276 0.00242
277 0.00242
278 0.00242
279 0.00242
280 0.00242
281 0.00242
282 0.00242
283 0.00242
284 0.00242
285 0.00242
286 0.00242
287 0.00242
288 0.00242
289 0.00242
290 0.00242
291 0.00242
292 0.00242
293 0.00242
294 0.00242
295 0.00242
296 0.00242
297 0.00242
298 0.00242
299 0.00242
300 0.00242
301 0.00242
302 0.00242
303 0.00242
304 0.00242
305 0.00242
306 0.00242
307 0.00242
308 0.00242
309 0.00242
310 0.00242
311 0.00242
312 0.00242
313 0.00242
314 0.00242
315 0.00242
316 0.00242
317 0.00242
318 0.00242
319 0.00242
320 0.00242
321 0.00242
322 0.00242
323 0.00242
324 0.00242
325 0.00242
326 0.00242
327 0.00242
328 0.00242
329 0.00242
330 0.00242
331 0.00242
332 0.00242
333 0.00242
334 0.00242
335 0.00242
336 0.00242
337 0.00242
338 0.00242
339 0.00242
340 0.00242
341 0.00242
342 0.00242
343 0.00242
344 0.00242
345 0.00242
346 0.00242
347 0.00242
348 0.00242
349 0.00242
350 0.00242
351 0.00242
352 0.00242
353 0.00242
354 0.00242
355 0.00242
356 0.00242
357 0.00242
358 0.00242
359 0.00242
360 0.00242
361 0.00242
362 0.00242
363 0.00242
364 0.00242
365 0.00242
366 0.00242
367 0.00242
368 0.00242
369 0.00242
370 0.00242
371 0.00242
372 0.00242
373 0.00242
374 0.00242
375 0.00242
376 0.00242
377 0.00242
378 0.00242
379 0.00242
380 0.00242
381 0.00242
382 0.00242
383 0.00242
384 0.00242
385 0.00242
386 0.00242
387 0.00242
388 0.00242
389 0.00242
390 0.00242
391 0.00242
392 0.00242
393 0.00242
394 0.00242
395 0.00242
396 0.00242
397 0.00242
398 0.00242
399 0.00242
400 0.00242
401 0.00242
402 0.00242
403 0.00242
404 0.00242
405 0.00242
406 0.00242
407 0.00242
408 0.00242
409 0.00242
410 0.00242
411 0.00242
412 0.00242
413 0.00242
414 0.00242
415 0.00242
416 0.00242
417 0.00242
418 0.00242
419 0.00242
420 0.00242
421 0.00242
422 0.00242
423 0.00242
424 0.00242
425 0.00242
426 0.00242
427 0.00242
428 0.00242
429 0.00242
430 0.00242
431 0.00242
432 0.00242
433 0.00242
434 0.00242
435 0.00242
436 0.00242
437 0.00242
438 0.00242
439 0.00242
440 0.00242
441 0.00242
442 0.00242
443 0.00242
444 0.00242
445 0.00242
446 0.00242
447 0.00242
448 0.00242
449 0.00242
450 0.00242
451 0.00242
452 0.00242
453 0.00242
454 0.00242
455 0.00242
456 0.00242
457 0.00242
458 0.00242
459 0.00242
460 0.00242
461 0.00242
462 0.00242
463 0.00242
464 0.00242
465 0.00242
466 0.00242
467 0.00242
468 0.00242
469 0.00242
470 0.00242
471 0.00242
472 0.00242
473 0.00242
474 0.00242
475 0.00242
476 0.00242
477 0.00242
478 0.00242
479 0.00242
480 0.00242
481 0.00242
482 0.00242
483 0.00242
484 0.00242
485 0.00242
486 0.00242
487 0.00242
488 0.00242
489 0.00242
490 0.00242
491 0.00242
492 0.00242
493 0.00242
494 0.00242
495 0.00242
496 0.00242
497 0.00242
498 0.00242
499 0.00242
500 0.00242
501 0.00242
502 0.00242
503 0.00242
504 0.00242
505 0.00242
506 0.00242
507 0.00242
508 0.00242
509 0.00242
510 0.00242
511 0.00242
512 0.00242
513 0.00242
514 0.00242
515 0.00242
516 0.00242
517 0.00242
518 0.00242
519 0.00242
520 0.00242
521 0.0484
522 0.07139
523 0.07139
524 0.06413
525 0.05445
526 0.04961
527 0.04961
528 0.05203
529 0.05203
530 0.04477
531 0.04477
532 0.05566
533 0.05082
534 0.04598
535 0.04235
536 0.04598
537 0.0484
538 0.04235
539 0.04356
540 0.04356
541 0.05082
542 0.05324
543 0.04598
544 0.04477
545 0.04356
546 0.05566
547 0.05203
548 0.04598
549 0.04356
550 0.04356
551 0.05687
552 0.04719
553 0.04235
554 0.04235
555 0.04961
556 0.05808
557 0.04477
558 0.04477
559 0.04356
560 0.04356
561 0.05082
562 0.04477
563 0.04598
564 0.04598
565 0.05687
566 0.05687
567 0.04356
568 0.04356
569 0.04961
570 0.05687
571 0.05082
572 0.04719
573 0.04356
574 0.05324
575 0.05324
576 0.04477
577 0.04598
578 0.04356
579 0.04356
580 0.05082
581 0.05082
582 0.04598
583 0.04598
584 0.05687
585 -0.02057
586 0.00968
587 0.01089
588 0.02299
589 0.02299
590 0.02299
591 0.03025
592 0.02662
593 0.01573
594 0.00605
595 0.00605
596 -0.0121
597 -0.0121
598 -0.0242
599 -0.0242
600 -0.02299
601 -0.02178
602 -0.02299
603 -0.02299
604 -0.02541
605 -0.02541
606 -0.02541
607 -0.0242
608 -0.02299
609 -0.02299
610 -0.02299
611 -0.02299
612 -0.02178
613 -0.02178
614 -0.02178
615 -0.02057
616 -0.02057
617 -0.01936
618 -0.01936
619 -0.01936
620 -0.01936
621 -0.01936
622 -0.01815
623 -0.01815
624 -0.01815
625 -0.01694
626 -0.01694
627 -0.01694
628 -0.01694
629 -0.01694
630 -0.01573
631 -0.01573
632 -0.01573
633 -0.01452
634 -0.01452
635 -0.01452
636 -0.01452
637 -0.01452
638 -0.01452
639 -0.01331
640 -0.01331
641 -0.01331
642 -0.01331
643 -0.01331
644 -0.0121
645 -0.0121
646 -0.0121
647 -0.0121
648 -0.0121
649 -0.0121
650 -0.0121
651 -0.0121
652 -0.01089
653 -0.01089
654 -0.01089
655 -0.01089
656 -0.01089
657 -0.01089
658 -0.01089
659 -0.01089
660 -0.00968
661 -0.00968
662 -0.00968
663 -0.00968
664 -0.00968
665 -0.00968
666 -0.00968
667 -0.00968
668 -0.00968
669 -0.00968
670 -0.00968
671 -0.00968
672 -0.00968
673 -0.00968
674 -0.00968
675 -0.00968
676 -0.00968
677 -0.00847
678 -0.00847
679 -0.00847
680 -0.00847
681 -0.00847
682 -0.00847
683 -0.00847
684 -0.00847
685 -0.00847
686 -0.00847
687 -0.00847
688 -0.00847
689 -0.00847
690 -0.00847
691 -0.00847
692 -0.00847
693 -0.00847
694 -0.00847
695 -0.00847
696 -0.00847
697 -0.00847
698 -0.00847
699 -0.00847
700 -0.00847
701 -0.00847
702 -0.00847
703 -0.00847
704 -0.00847
705 -0.00847
706 -0.00847
707 -0.00847
708 -0.00847
709 -0.00847
710 -0.00847
711 -0.00847
712 -0.00847
713 -0.00847
714 -0.01452
715 -0.06776
716 -0.06776
717 -0.06534
718 -0.06534
719 -0.04719
720 -0.04719
721 -0.04961
722 -0.04961
723 -0.03872
724 -0.05324
725 -0.05324
726 -0.05445
727 -0.04356
728 -0.04235
729 -0.04719
730 -0.05324
731 -0.05082
732 -0.05082
733 -0.04719
734 -0.05203
735 -0.05445
736 -0.05082
737 -0.03872
738 -0.03872
739 -0.05324
740 -0.05324
741 -0.04235
742 -0.04235
743 -0.05203
744 -0.05203
745 -0.03993
746 -0.03993
747 -0.05203
748 -0.05445
749 -0.04477
750 -0.04477
751 -0.0484
752 -0.05203
753 -0.05324
754 -0.04114
755 -0.04235
756 -0.05082
757 -0.05324
758 -0.05203
759 -0.04356
760 -0.04477
761 -0.05082
762 -0.05445
763 -0.05445
764 -0.04477
765 -0.04477
766 -0.05203
767 -0.05203
768 -0.04356
769 -0.04356
770 -0.0484
771 -0.05203
772 -0.04598
773 -0.04598
774 -0.04598
775 -0.04598
776 -0.05082
777 -0.01573
778 -0.01815
779 -0.01815
780 -0.01452
781 -0.01452
782 -0.02904
783 -0.03146
784 -0.02299
785 -0.02299
786 -0.00363
787 0.00484
788 0.01331
789 0.01815
790 0.02299
791 0.02057
792 0.02057
793 0.02299
794 0.0242
795 0.02541
796 0.02662
797 0.02662
798 0.02662
799 0.02541
800 0.02541
801 0.02541
802 0.02541
803 0.02541
804 0.02541
805 0.02541
806 0.0242
807 0.0242
808 0.0242
809 0.0242
810 0.0242
811 0.0242
812 0.02299
813 0.02299
814 0.02299
815 0.02299
816 0.02178
817 0.02178
818 0.02178
819 0.02178
820 0.02178
821 0.02178
822 0.02057
823 0.02057
824 0.02057
825 0.02057
826 0.02057
827 0.02057
828 0.02057
829 0.02057
830 0.01936
831 0.01936
832 0.01936
833 0.01936
834 0.01936
835 0.01936
836 0.01936
837 0.01936
838 0.01815
839 0.01815
840 0.01815
841 0.01815
842 0.01815
843 0.01815
844 0.01815
845 0.01815
846 0.01815
847 0.01815
848 0.01694
849 0.01815
850 0.01694
851 0.01694
852 0.01694
853 0.01694
854 0.01694
855 0.01694
856 0.01694
857 0.01694
858 0.01694
859 0.01694
860 0.01694
861 0.01573
862 0.01573
863 0.01573
864 0.01573
865 0.01573
866 0.01573
867 0.01573
868 0.01573
869 0.01573
870 0.01573
871 0.01573
872 0.01573
873 0.01573
874 0.01573
875 0.01573
876 0.01573
877 0.01573
878 0.01573
879 0.01452
880 0.01573
881 0.01573
882 0.01452
883 0.01452
884 0.01452
885 0.01452
886 0.01452
887 0.01452
888 0.01452
889 0.01452
890 0.01452
891 0.01452
892 0.01452
893 0.01452
894 0.01452
895 0.01452
896 0.01452
897 0.01452
898 0.01452
899 0.01452
900 0.01452
901 0.01452
902 0.01452
903 0.01452
904 0.01452
905 0.0605
906 0.06897
907 0.05687
908 0.06655
909 0.05808
910 0.05324
911 0.06171
912 0.05082
913 0.04356
914 0.04598
915 0.05566
916 0.0605
917 0.05082
918 0.04961
919 0.04477
920 0.05203
921 0.05445
922 0.04477
923 0.04598
924 0.04598
925 0.06171
926 0.05566
927 0.0484
928 0.04598
929 0.04598
930 0.05929
931 0.04961
932 0.04719
933 0.04719
934 0.05445
935 0.05687
936 0.04598
937 0.04598
938 0.0484
939 0.05445
940 0.05445
941 0.0484
942 0.04961
943 0.0484
944 0.0605
945 0.05324
946 0.04719
947 0.0484
948 0.05082
949 0.05445
950 0.04961
951 0.04961
952 0.04598
953 0.05445
954 0.05203
955 0.04719
956 0.04961
957 0.05687
958 0.05929
959 0.05324
960 0.05324
961 0.04598
962 0.05445
963 0.06171
964 0.06171
965 0.04961
966 0.0484
967 0.05687
968 0.05566
969 -0.00242
970 0.00605
971 0.01089
972 0.02299
973 0.0242
974 0.0242
975 0.03025
976 0.02783
977 0.01694
978 0.00726
979 -0.00242
980 -0.0121
981 -0.01936
982 -0.0242
983 -0.02541
984 -0.02299
985 -0.02178
986 -0.02299
987 -0.0242
988 -0.0242
989 -0.02541
990 -0.02541
991 -0.0242
992 -0.0242
993 -0.02299
994 -0.02299
995 -0.02178
996 -0.02178
997 -0.02178
998 -0.02178
999 -0.02057
1000 -0.02057
1001 -0.01936
1002 -0.01936
1003 -0.01936
1004 -0.01936
1005 -0.01815
1006 -0.01815
1007 -0.01815
1008 -0.01694
1009 -0.01694
1010 -0.01694
1011 -0.01694
1012 -0.01694
1013 -0.01573
1014 -0.01573
1015 -0.01573
1016 -0.01452
1017 -0.01452
1018 -0.01452
1019 -0.01452
1020 -0.01452
1021 -0.01452
1022 -0.01331
1023 -0.01331
1024 -0.01331
1025 -0.01331
1026 -0.01331
1027 -0.0121
1028 -0.0121
1029 -0.0121
1030 -0.0121
1031 -0.0121
1032 -0.0121
1033 -0.01089
1034 -0.01089
1035 -0.01089
1036 -0.01089
1037 -0.01089
1038 -0.01089
1039 -0.01089
1040 -0.01089
1041 -0.01089
1042 -0.01089
1043 -0.00968
1044 -0.00968
1045 -0.00968
1046 -0.00968
1047 -0.00968
1048 -0.00968
1049 -0.00968
1050 -0.00968
1051 -0.00968
1052 -0.00968
1053 -0.00968
1054 -0.00847
1055 -0.00847
1056 -0.00847
1057 -0.00847
1058 -0.00847
1059 -0.00847
1060 -0.00847
1061 -0.00847
1062 -0.00847
1063 -0.00847
1064 -0.00847
1065 -0.00847
1066 -0.00847
1067 -0.00847
1068 -0.00847
1069 -0.00847
1070 -0.00847
1071 -0.00847
1072 -0.00847
1073 -0.00847
1074 -0.00847
1075 -0.00847
1076 -0.00847
1077 -0.00847
1078 -0.00847
1079 -0.00847
1080 -0.00847
1081 -0.00847
1082 -0.00847
1083 -0.00726
1084 -0.00726
1085 -0.00726
1086 -0.00726
1087 -0.00726
1088 -0.00726
1089 -0.00726
1090 -0.00726
1091 -0.00726
1092 -0.00726
1093 -0.00726
1094 -0.00726
1095 -0.00847
1096 -0.00847
1097 -0.00847
1098 -0.00847
1099 -0.06897
1100 -0.07018
1101 -0.06776
1102 -0.05445
1103 -0.05929
1104 -0.05929
1105 -0.05324
1106 -0.04598
1107 -0.0484
1108 -0.05687
1109 -0.05808
1110 -0.05687
1111 -0.05687
1112 -0.05687
1113 -0.05687
1114 -0.05929
1115 -0.05929
1116 -0.05808
1117 -0.06655
1118 -0.06534
1119 -0.06171
1120 -0.05324
1121 -0.06292
1122 -0.07139
1123 -0.07139
1124 -0.07381
1125 -0.07018
1126 -0.06897
1127 -0.07381
1128 -0.07744
1129 -0.06776
1130 -0.06776
1131 -0.07139
1132 -0.06897
1133 -0.06776
1134 -0.06776
1135 -0.06534
1136 -0.06534
1137 -0.07381
1138 -0.07381
1139 -0.05929
1140 -0.05929
1141 -0.07623
1142 -0.07623
1143 -0.06655
1144 -0.06897
1145 -0.07018
1146 -0.07139
1147 -0.0726
1148 -0.06171
1149 -0.06534
1150 -0.0726
1151 -0.07018
1152 -0.07018
1153 -0.05929
1154 -0.06897
1155 -0.07139
1156 -0.07139
1157 -0.06655
1158 -0.05445
1159 -0.06897
1160 -0.0726
1161 -0.0726
1162 -0.00847
1163 -0.03025
1164 -0.02057
1165 -0.0242
1166 -0.0242
1167 -0.0363
1168 -0.03993
1169 -0.03146
1170 -0.03146
1171 -0.00968
1172 0
1173 0.00847
1174 0.00847
1175 0.01815
1176 0.01694
1177 0.01815
1178 0.01815
1179 0.02057
1180 0.02057
1181 0.02178
1182 0.02299
1183 0.02299
1184 0.02299
1185 0.02299
1186 0.02299
1187 0.02299
1188 0.02299
1189 0.0242
1190 0.02299
1191 0.02299
1192 0.02299
1193 0.02299
1194 0.02299
1195 0.02299
1196 0.02178
1197 0.02178
1198 0.02178
1199 0.02178
1200 0.02057
1201 0.02178
1202 0.02178
1203 0.02057
1204 0.02057
1205 0.02057
1206 0.02057
1207 0.02057
1208 0.01936
1209 0.01936
1210 0.01936
1211 0.01936
1212 0.01936
1213 0.01936
1214 0.01936
1215 0.01936
1216 0.01936
1217 0.01936
1218 0.01936
1219 0.01936
1220 0.01936
1221 0.01936
1222 0.01815
1223 0.01815
1224 0.01815
1225 0.01815
1226 0.01815
1227 0.01815
1228 0.01815
1229 0.01815
1230 0.01815
1231 0.01815
1232 0.01815
1233 0.01815
1234 0.01815
1235 0.01815
1236 0.01815
1237 0.01815
1238 0.01815
1239 0.01815
1240 0.01694
1241 0.01694
1242 0.01815
1243 0.01694
1244 0.01694
1245 0.01694
1246 0.01694
1247 0.01694
1248 0.01694
1249 0.01694
1250 0.01694
1251 0.01694
1252 0.01694
1253 0.01694
1254 0.01694
1255 0.01694
1256 0.01694
1257 0.01694
1258 0.01694
1259 0.01694
1260 0.01694
1261 0.01694
1262 0.01694
1263 0.01694
1264 0.01694
1265 0.01694
1266 0.01694
1267 0.01694
1268 0.01573
1269 0.01573
1270 0.01573
1271 0.01573
1272 0.01573
1273 0.01573
1274 0.01573
1275 0.01573
1276 0.01573
1277 0.01573
1278 0.01573
1279 0.01573
1280 0.01573
1281 0.01573
1282 0.01573
1283 0.01573
1284 0.01573
1285 0.01573
1286 0.01573
1287 0.01573
1288 0.01573
1289 0.01573
