0 0.000378665
1 0
2 0
3 -0.000378665
4 0
5 0.000378665
6 0.000757566
7 -0.000378665
8 0
9 -0.000378665
10 0.000378665
11 -0.000378665
12 0
13 0.000378665
14 0.000378665
15 -0.000378665
16 -0.000378665
17 -0.000378665
18 -0.000378665
19 0
20 0
21 0.000378665
22 0.000378665
23 0.000378665
24 0.000757566
25 0
26 0.000378665
27 0
28 0.000757566
29 0.000378665
30 0.000378665
31 0
32 0
33 0
34 0
35 0.000378665
36 -0.000378665
37 -0.000378665
38 0
39 0
40 0
41 0
42 0
43 0
44 0.000378665
45 0.000378665
46 -0.000378665
47 -0.000378665
48 -0.000378665
49 -0.000757566
50 -0.000757566
51 0.000757566
52 0.000757566
53 0.000378665
54 0.000378665
55 0
56 -0.000378665
57 -0.000378665
58 0
59 0
60 0
61 0.000757566
62 0
63 0
64 -0.000378665
65 0.000378665
66 -0.000378665
67 -0.000378665
68 -0.000378665
69 -0.000378665
70 0.000378665
71 -0.000378665
72 0
73 -0.000378665
74 0.000378665
75 0.000378665
76 -0.000378665
77 0
78 -0.000378665
79 0
80 0
81 0
82 0
83 -0.000378665
84 0
85 -0.000378665
86 0.000378665
87 0
88 0
89 0.000378665
90 0.000378665
91 -0.000378665
92 -0.000378665
93 -0.000378665
94 0
95 0.000757566
96 -0.000378665
97 -0.000378665
98 0.000378665
99 0.000378665
100 0
101 -0.000378665
102 -0.000378665
103 -0.000378665
104 0.000757566
105 0.000757566
106 -0.000378665
107 -0.000378665
108 0.000757566
109 0.000757566
110 -0.000378665
111 0
112 0
113 0
114 0.000378665
115 -0.000378665
116 0
117 0
118 -0.000378665
119 0.000378665
120 -0.000378665
121 -0.000378665
122 0.000757566
123 -0.000757566
124 0
125 -0.000378665
126 0
127 0
128 0
129 0
130 0
131 0
132 0.000757566
133 0.000378665
134 0
135 -0.000378665
136 0
137 0.000378665
138 -0.000757566
139 0.000378665
140 0.000378665
141 0
142 -0.000378665
143 -0.000378665
144 0.000378665
145 0.000378665
146 -0.000757566
147 0.000378665
148 -0.000378665
149 0.000378665
150 0.000378665
151 0.000378665
152 0
153 0.000378665
154 0.000378665
155 -0.000378665
156 0
157 -0.000378665
158 0
159 -0.000378665
160 0
161 -0.000378665
162 -0.000378665
163 0.000378665
164 0.000378665
165 0.0011367
166 0.0011367
167 0
168 0
169 0.000378665
170 0
171 0.000378665
172 0
173 0
174 -0.000757566
175 0.000757566
176 0
177 -0.000378665
178 0.000378665
179 0.000757566
180 0
181 -0.000757566
182 0
183 0
184 0
185 -0.000378665
186 0
187 -0.000378665
188 0
189 0.000378665
190 0
191 0.000378665
192 0.000378665
193 0.000378665
194 0
195 0
196 -0.000378665
197 0
198 -0.000378665
199 0
200 0.000378665
201 0
202 -0.000378665
203 0.000378665
204 0
205 -0.0011367
206 -0.000378665
207 -0.000757566
208 -0.000378665
209 0.000757566
210 0.000378665
211 0
212 0.000757566
213 0
214 0.000378665
215 0.000378665
216 0
217 0
218 -0.000378665
219 0.00454682
220 -0.000378665
221 -0.000757566
222 0.000378665
223 0.000378665
224 -0.000378665
225 0
226 0.000757566
227 0.000757566
228 0.000378665
229 0.000378665
230 0.000378665
231 0
232 0.000378665
233 0.000757566
234 0
235 0.000757566
236 0
237 0.000378665
238 0.000757566
239 0
240 0.000378665
241 0.000378665
242 0
243 -0.000378665
244 -0.000378665
245 0
246 -0.0011367
247 0
248 -0.000378665
249 -0.000757566
250 -0.000757566
251 -0.000757566
252 -0.000757566
253 0.00151537
254 0.00151537
255 0
256 0
257 0.000378665
258 0.000378665
259 -0.000378665
260 -0.000378665
261 -0.000757566
262 -0.000757566
263 0.000378665
264 0.000378665
265 0.000757566
266 0.0011367
267 0
268 0
269 -0.000378665
270 -0.000378665
271 0
272 0.000378665
273 -0.000378665
274 -0.000378665
275 -0.000757566
276 -0.000757566
277 -0.000378665
278 0
279 0
280 -0.000378665
281 0
282 0.000378665
283 0
284 -0.000378665
285 -0.000378665
286 -0.000378665
287 0.0204607
288 0.387995
289 0.610789
290 0.774854
291 0.905954
292 0.941949
293 0.97264
294 0.991964
295 1.01432
296 1.01053
297 1.00371
298 0.993859
299 1.00788
300 0.990828
301 1.00447
302 0.993101
303 0.995753
304 1.00409
305 1.00257
306 0.994617
307 0.994617
308 1.00409
309 1.00144
310 0.997269
311 1.0075
312 1.00068
313 0.990449
314 1.01053
315 0.989312
316 1.00447
317 0.996511
318 1.01621
319 1.01621
320 1.01243
321 0.987417
322 0.991585
323 1.0056
324 1.01129
325 0.99007
326 0.984386
327 0.981734
328 1.01887
329 1.02
330 1.00106
331 0.991206
332 1.00182
333 0.982871
334 0.988933
335 1.00674
336 0.984765
337 1.00598
338 1.00598
339 0.991585
340 0.988933
341 1.00068
342 1.00068
343 1.00939
344 1.00939
345 0.985523
346 0.992343
347 1.00712
348 1.00371
349 1.00219
350 0.991964
351 0.99689
352 0.570247
353 0.398604
354 0.195134
355 0.108366
356 0.0397847
357 0.0102303
358 -0.000757566
359 -0.00189427
360 -0.00227341
361 -0.00227341
362 -0.00340988
363 -0.00265207
364 -0.00416792
365 -0.00416792
366 -0.00719889
367 -0.00719889
368 -0.00378878
369 -0.00378878
370 -0.0011367
371 -0.0011367
372 -0.0011367
373 -0.0011367
374 -0.00151537
375 -0.00151537
376 0.000378665
377 0
378 0
379 -0.000757566
380 0.000378665
381 0
382 -0.000378665
383 0.000378665
384 0
385 0.000378665
386 0.000378665
387 0.000378665
388 0.000378665
389 0
390 0.000378665
391 0.000757566
392 0.000757566
393 0.000378665
394 0.000378665
395 0.000378665
396 0.000378665
397 0.000378665
398 0.000378665
399 0
400 0
401 0.000757566
402 0.000757566
403 0.000757566
404 -0.000378665
405 -0.0011367
406 0
407 -0.000378665
408 -0.000757566
409 -0.000757566
410 0
411 0.000378665
412 0.000378665
413 0
414 -0.000378665
415 0.000757566
416 -0.253485
417 -0.499771
418 -0.722186
419 -0.841161
420 -0.942707
421 -0.99689
422 -0.996132
423 -1.0056
424 -1.00788
425 -1.0219
426 -1.01053
427 -0.995375
428 -0.995375
429 -0.994617
430 -1.00712
431 -1.00371
432 -1.00371
433 -0.998027
434 -1.0056
435 -0.998785
436 -1.00106
437 -0.997269
438 -1.00257
439 -1.02228
440 -1.00826
441 -0.990828
442 -0.986281
443 -1.00864
444 -1.00598
445 -0.980597
446 -0.995753
447 -0.992722
448 -0.991964
449 -0.995753
450 -0.985523
451 -1.0003
452 -0.996132
453 -1.00106
454 -1.00636
455 -0.983249
456 -0.992722
457 -1.0003
458 -1.01659
459 -1.00068
460 -1.01432
461 -0.99689
462 -1.01849
463 -0.999921
464 -1.01432
465 -0.993859
466 -0.998027
467 -0.992722
468 -1.00864
469 -0.990449
470 -0.990828
471 -1.00371
472 -0.998785
473 -0.993101
474 -0.998785
475 -0.987796
476 -0.998406
477 -1.00636
478 -0.994996
479 -0.994996
480 -0.994996
481 -0.47249
482 -0.293649
483 -0.293649
484 -0.0572139
485 -0.0162928
486 0.000378665
487 0.00227341
488 0.00227341
489 0.00227341
490 0.00303098
491 0.00227341
492 0.00303098
493 0.00530439
494 0.00681999
495 0.00416792
496 0.00303098
497 0.00265207
498 0.00189427
499 0.00189427
500 0.00151537
501 0.00189427
502 0.00151537
503 0.00151537
504 0.00151537
505 0
506 0
507 0.000378665
508 0.000378665
509 0.000378665
510 0.000378665
511 0
512 0.000378665
513 0.000378665
514 0
515 -0.000378665
516 -0.000757566
517 0
518 0.0011367
519 0.000378665
520 -0.000378665
521 -0.000757566
522 0
523 0
524 -0.000378665
525 -0.000378665
526 0.000757566
527 0.000757566
528 0.000378665
529 0.000378665
530 -0.000378665
531 -0.000378665
532 -0.000378665
533 -0.000378665
534 -0.000378665
535 -0.000378665
536 0
537 0.000378665
538 -0.000378665
539 0
540 0.000757566
541 -0.000378665
542 0.000378665
543 0.000378665
544 0.0503937
545 0.372081
546 0.6142
547 0.792662
548 0.892692
549 0.960894
550 0.985523
551 0.997648
552 1.02076
553 1.00144
554 1.01053
555 0.997269
556 1.01697
557 0.991585
558 1.00219
559 1.00674
560 1.00182
561 1.01318
562 0.987796
563 1.00523
564 1.00977
565 1.00068
566 1.01735
567 1.00523
568 1.00182
569 0.979082
570 1.00106
571 1.01129
572 0.999921
573 0.993101
574 1.00257
575 1.01432
576 1.02
577 0.998027
578 0.998027
579 1.00219
580 0.992722
581 0.990449
582 0.990449
583 0.997648
584 0.986281
585 0.989691
586 1.00523
587 1.00219
588 0.985902
589 0.991206
590 1.0003
591 1.00068
592 0.985144
593 0.996511
594 1.00295
595 1.00939
596 0.994996
597 0.995375
598 1.01167
599 0.994996
600 0.996132
601 1.00219
602 0.997648
603 1.00712
604 1.00371
605 1.01091
606 1.01091
607 0.990449
608 0.990449
609 0.572899
610 0.377386
611 0.210669
612 0.108366
613 0.0450891
614 0.00871474
615 -0.00151537
616 -0.00151537
617 -0.00227341
618 -0.00227341
619 -0.00303098
620 -0.00303098
621 -0.00416792
622 -0.00416792
623 -0.00644109
624 -0.00568329
625 -0.00378878
626 -0.00189427
627 -0.00151537
628 -0.000757566
629 -0.00151537
630 -0.0011367
631 -0.000757566
632 -0.000757566
633 -0.000757566
634 -0.000378665
635 0.000378665
636 0
637 -0.000757566
638 0
639 0
640 0
641 0.000378665
642 0.000378665
643 0.000378665
644 0
645 0.000378665
646 0
647 0
648 0.0011367
649 0
650 0
651 0.000378665
652 -0.000378665
653 0
654 -0.000378665
655 0.000378665
656 -0.000757566
657 0.000378665
658 -0.000378665
659 0
660 0.000378665
661 -0.000378665
662 -0.000757566
663 0
664 -0.000378665
665 0.000757566
666 0.000378665
667 -0.000757566
668 0
669 0.000378665
670 0.000757566
671 0
672 0
673 -0.256137
674 -0.513412
675 -0.716503
676 -0.716503
677 -0.934371
678 -0.977945
679 -1.0056
680 -1.00788
681 -1.02455
682 -1.0128
683 -1.01015
684 -0.992343
685 -0.992722
686 -1.02152
687 -1.01205
688 -1.0128
689 -0.991585
690 -0.981734
691 -0.988175
692 -1.01356
693 -0.999921
694 -0.984765
695 -1.01053
696 -1.00219
697 -0.992343
698 -1.0003
699 -0.983249
700 -1.0128
701 -1.00636
702 -1.00295
703 -0.983628
704 -0.991206
705 -1.01887
706 -0.989312
707 -1.00295
708 -0.991585
709 -0.998406
710 -1.00901
711 -1.00485
712 -0.990828
713 -0.995375
714 -0.996132
715 -1.0075
716 -1.0003
717 -1.00826
718 -1.00598
719 -1.00712
720 -1.00409
721 -1.00409
722 -1.00068
723 -1.00068
724 -0.995375
725 -0.995375
726 -1.00523
727 -0.990828
728 -1.0056
729 -1.01773
730 -1.00371
731 -0.993101
732 -1.01015
733 -0.998785
734 -0.989312
735 -0.992343
736 -0.992343
737 -0.77258
738 -0.49674
739 -0.28304
740 -0.150045
741 -0.0704757
742 -0.0227339
743 -0.000378665
744 0.00151537
745 0.00265207
746 0.00340988
747 0.00416792
748 0.00303098
749 0.00416792
750 0.00416792
751 0.00644109
752 0.00644109
753 0.00378878
754 0.00189427
755 0.00151537
756 0.00151537
757 0.00151537
758 0.00151537
759 0.00189427
760 0.00189427
761 0.000378665
762 0.000378665
763 0.000378665
764 0.000378665
765 0
766 0
767 -0.000378665
768 -0.000378665
769 0
770 -0.000757566
771 -0.000378665
772 -0.000757566
773 -0.000378665
774 -0.000378665
775 0.000378665
776 0.000378665
777 0
778 0
779 -0.000378665
780 0
781 0.000378665
782 0
783 -0.000378665
784 -0.000378665
785 0
786 0.000378665
787 -0.000378665
788 0
789 -0.000378665
790 0.000757566
791 0.000757566
792 -0.000378665
793 0
794 0
795 0
796 0.0011367
797 -0.000378665
798 0.000757566
799 0.000378665
800 0
801 0.00985144
802 0.373597
803 0.634281
804 0.771065
805 0.874126
806 0.951043
807 0.976429
808 0.991206
809 1.02417
810 1.00295
811 1.00939
812 0.998406
813 1.01659
814 0.987796
815 1.00182
816 0.994238
817 0.982113
818 0.99689
819 0.989691
820 1.00864
821 0.980597
822 0.991964
823 1.00788
824 0.997648
825 1.00788
826 1.01015
827 0.994617
828 1.00864
829 0.993859
830 0.993859
831 0.994238
832 0.994238
833 1.01053
834 1.01053
835 0.996132
836 0.986281
837 1.0056
838 1.0147
839 0.994996
840 0.984007
841 0.984007
842 0.991964
843 0.997269
844 1.00598
845 0.991964
846 1.01925
847 1.00409
848 1.00295
849 1.00636
850 1.01205
851 1.01205
852 1.00826
853 1.00826
854 0.991585
855 0.991585
856 0.988554
857 0.988554
858 0.992722
859 0.973398
860 0.992722
861 0.99007
862 0.999542
863 0.993101
864 0.981355
865 0.981355
866 0.598665
867 0.598665
868 0.209532
869 0.209532
870 0.0443313
871 0.0443313
872 -0.0011367
873 -0.0011367
874 -0.00340988
875 -0.00340988
876 -0.00265207
877 -0.00303098
878 -0.00378878
879 -0.00378878
880 -0.0075778
881 -0.0075778
882 -0.00265207
883 -0.00265207
884 -0.00189427
885 -0.00189427
886 -0.00265207
887 -0.00265207
888 -0.00227341
889 -0.00227341
890 0
891 0
892 -0.000757566
893 0.000378665
894 -0.000378665
895 0
896 0
897 0
898 -0.000378665
899 -0.000757566
900 0.000378665
901 0
902 -0.000378665
903 0.000757566
904 0.000378665
905 0
906 0.000757566
907 0.000378665
908 0.000757566
909 -0.000757566
910 0.000757566
911 0
912 -0.000378665
913 0.000378665
914 0
915 -0.000378665
916 0.0011367
917 0
918 0
919 -0.000378665
920 -0.000378665
921 0
922 0
923 0
924 -0.000378665
925 0
926 0.000757566
927 0
928 0
929 0
930 -0.232266
931 -0.484236
932 -0.673308
933 -0.822216
934 -0.941949
935 -0.959379
936 -1.0003
937 -0.994238
938 -1.00636
939 -0.999164
940 -1.00257
941 -1.01394
942 -0.995753
943 -0.992722
944 -0.998406
945 -1.00598
946 -0.992343
947 -0.987417
948 -1.0056
949 -0.998027
950 -1.00182
951 -0.985902
952 -1.02114
953 -0.992722
954 -1.00219
955 -1.00144
956 -0.995753
957 -0.997269
958 -1.00409
959 -1.00219
960 -1.00371
961 -0.989691
962 -1.01735
963 -0.995375
964 -0.982492
965 -0.982492
966 -1.00977
967 -1.00977
968 -0.99007
969 -0.99007
970 -0.991964
971 -1.01015
972 -0.991206
973 -0.987796
974 -0.994238
975 -1.00712
976 -0.988554
977 -1.00523
978 -0.987038
979 -0.987038
980 -1.01015
981 -0.989312
982 -0.995375
983 -0.985144
984 -1.00219
985 -1.00219
986 -1.01584
987 -1.01584
988 -0.991585
989 -0.991585
990 -1.01584
991 -1.00485
992 -0.993101
993 -0.996132
994 -0.79683
995 -0.516064
996 -0.316383
997 -0.175431
998 -0.0803271
999 -0.0238706
1000 0.000757566
1001 0.00227341
1002 0.00227341
1003 0.00227341
1004 0.00303098
1005 0.00303098
1006 0.00378878
1007 0.00378878
1008 0.00644109
1009 0.00644109
1010 0.00378878
1011 0.00340988
1012 0.00227341
1013 0.0011367
1014 0.00151537
1015 0.00151537
1016 0.00189427
1017 0.000378665
1018 0.0011367
1019 0.000757566
1020 0.000757566
1021 0
1022 0
1023 0
1024 0
1025 0.000378665
1026 0.000378665
1027 -0.000378665
1028 0.000378665
1029 0.000378665
1030 0
1031 0
1032 -0.000378665
1033 -0.000378665
1034 0.000757566
1035 0
1036 0
1037 0.000757566
1038 -0.000378665
1039 0.000378665
1040 0.000378665
1041 0.0011367
1042 0.000757566
1043 0.000757566
1044 -0.000378665
1045 -0.000378665
1046 0.000757566
1047 0
1048 0
1049 0
1050 -0.000757566
1051 -0.000757566
1052 -0.000378665
1053 -0.000378665
1054 0
1055 0
1056 -0.000378665
1057 -0.000378665
