0 -7.43594e-05
1 -7.43594e-05
2 -7.43594e-05
3 -7.43594e-05
4 -7.43594e-05
5 -7.43594e-05
6 -7.43594e-05
7 -7.43594e-05
8 -7.43594e-05
9 -7.43594e-05
10 -7.43594e-05
11 -7.43594e-05
12 -7.43594e-05
13 -7.43594e-05
14 -7.43594e-05
15 -7.43594e-05
16 -7.43594e-05
17 -7.43594e-05
18 -7.43594e-05
19 -7.43594e-05
20 -7.43594e-05
21 -7.43594e-05
22 -7.43594e-05
23 -7.43594e-05
24 -7.43594e-05
25 -7.43594e-05
26 -7.43594e-05
27 -7.43594e-05
28 -7.43594e-05
29 -7.43594e-05
30 -7.43594e-05
31 -7.43594e-05
32 -7.43594e-05
33 -7.43594e-05
34 -7.43594e-05
35 -7.43594e-05
36 -7.43594e-05
37 -7.43594e-05
38 -7.43594e-05
39 -7.43594e-05
40 -7.43594e-05
41 -7.43594e-05
42 -7.43594e-05
43 -7.43594e-05
44 -7.43594e-05
45 -7.43594e-05
46 -7.43594e-05
47 -7.43594e-05
48 -7.43594e-05
49 -7.43594e-05
50 -7.43594e-05
51 -7.43594e-05
52 -7.43594e-05
53 -7.43594e-05
54 -7.43594e-05
55 -7.43594e-05
56 -7.43594e-05
57 -7.43594e-05
58 -7.43594e-05
59 -7.43594e-05
60 -7.43594e-05
61 -7.43594e-05
62 -7.43594e-05
63 -7.43594e-05
64 -7.43594e-05
65 -7.43594e-05
66 -7.43594e-05
67 -7.43594e-05
68 -7.43594e-05
69 -7.43594e-05
70 -7.43594e-05
71 -7.43594e-05
72 -7.43594e-05
73 -7.43594e-05
74 -7.43594e-05
75 -7.43594e-05
76 -7.43594e-05
77 -7.43594e-05
78 -7.43594e-05
79 -7.43594e-05
80 -7.43594e-05
81 -7.43594e-05
82 -7.43594e-05
83 -7.43594e-05
84 -7.43594e-05
85 -7.43594e-05
86 -7.43594e-05
87 -7.43594e-05
88 -7.43594e-05
89 -7.43594e-05
90 -7.43594e-05
91 -7.43594e-05
92 -7.43594e-05
93 -7.43594e-05
94 -7.43594e-05
95 -7.43594e-05
96 -7.43594e-05
97 -7.43594e-05
98 -7.43594e-05
99 -7.43594e-05
100 -7.43594e-05
101 -7.43594e-05
102 -7.43594e-05
103 -7.43594e-05
104 -7.43594e-05
105 -7.43594e-05
106 -7.43594e-05
107 -7.43594e-05
108 -7.43594e-05
109 -7.43594e-05
110 -7.43594e-05
111 -7.43594e-05
112 -7.43594e-05
113 -7.43594e-05
114 -7.43594e-05
115 -7.43594e-05
116 -7.43594e-05
117 -7.43594e-05
118 -7.43594e-05
119 -7.43594e-05
120 -7.43594e-05
121 -7.43594e-05
122 -7.43594e-05
123 -7.43594e-05
124 -7.43594e-05
125 -7.43594e-05
126 -7.43594e-05
127 -7.43594e-05
128 -7.43594e-05
129 -7.43594e-05
130 -7.43594e-05
131 -7.43594e-05
132 -7.43594e-05
133 -7.43594e-05
134 -7.43594e-05
135 -7.43594e-05
136 -7.43594e-05
137 -7.43594e-05
138 -7.43594e-05
139 -7.43594e-05
140 -7.43594e-05
141 -7.43594e-05
142 -7.43594e-05
143 -7.43594e-05
144 -7.43594e-05
145 -7.43594e-05
146 -7.43594e-05
147 -7.43594e-05
148 -7.43594e-05
149 -7.43594e-05
150 -7.43594e-05
151 -7.43594e-05
152 -7.43594e-05
153 -7.43594e-05
154 -7.43594e-05
155 -7.43594e-05
156 -7.43594e-05
157 -7.43594e-05
158 -7.43594e-05
159 -7.43594e-05
160 -7.43594e-05
161 -7.43594e-05
162 -7.43594e-05
163 -7.43594e-05
164 -7.43594e-05
165 -7.43594e-05
166 -7.43594e-05
167 -7.43594e-05
168 -7.43594e-05
169 -7.43594e-05
170 -7.43594e-05
171 -7.43594e-05
172 -7.43594e-05
173 -7.43594e-05
174 -7.43594e-05
175 -7.43594e-05
176 -7.43594e-05
177 -7.43594e-05
178 -7.43594e-05
179 -7.43594e-05
180 -7.43594e-05
181 -7.43594e-05
182 -7.43594e-05
183 -7.43594e-05
184 -7.43594e-05
185 -7.43594e-05
186 -7.43594e-05
187 -7.43594e-05
188 -7.43594e-05
189 -7.43594e-05
190 -7.43594e-05
191 -7.43594e-05
192 -7.43594e-05
193 -7.43594e-05
194 -7.43594e-05
195 -7.43594e-05
196 -7.43594e-05
197 -7.43594e-05
198 -7.43594e-05
199 -7.43594e-05
200 -7.43594e-05
201 -7.43594e-05
202 -7.43594e-05
203 -7.43594e-05
204 -7.43594e-05
205 -7.29386e-05
206 -7.38858e-05
207 -7.45963e-05
208 -7.45963e-05
209 -7.43594e-05
210 -7.43594e-05
211 -7.43594e-05
212 -7.43594e-05
213 -7.43594e-05
214 -7.43594e-05
215 -7.43594e-05
216 -7.41226e-05
217 -7.41226e-05
218 -7.41226e-05
219 -7.38858e-05
220 -7.3649e-05
221 -7.3649e-05
222 -7.3649e-05
223 -7.3649e-05
224 -7.3649e-05
225 -7.3649e-05
226 -7.34122e-05
227 -7.34122e-05
228 -7.34122e-05
229 -7.31754e-05
230 -7.31754e-05
231 -7.31754e-05
232 -7.31754e-05
233 -7.34122e-05
234 -7.29386e-05
235 -7.31754e-05
236 -7.31754e-05
237 -7.29386e-05
238 -7.29386e-05
239 -7.29386e-05
240 -7.29386e-05
241 -7.27017e-05
242 -7.27017e-05
243 -7.27017e-05
244 -7.27017e-05
245 -7.27017e-05
246 -7.27017e-05
247 -7.27017e-05
248 -7.27017e-05
249 -7.24649e-05
250 -7.24649e-05
251 -7.24649e-05
252 -7.24649e-05
253 -7.24649e-05
254 -7.24649e-05
255 -7.24649e-05
256 -7.24649e-05
257 -7.24649e-05
258 -7.24649e-05
259 -7.24649e-05
260 -7.22281e-05
261 -7.22281e-05
262 -7.19913e-05
263 -7.19913e-05
264 -7.22281e-05
265 -7.22281e-05
266 -7.19913e-05
267 -7.19913e-05
268 -7.19913e-05
269 -7.19913e-05
270 -7.19913e-05
271 -7.19913e-05
272 -7.19913e-05
273 -7.19913e-05
274 -7.19913e-05
275 -7.17545e-05
276 -7.17545e-05
277 -7.22281e-05
278 -7.22281e-05
279 -7.19913e-05
280 -7.19913e-05
281 -7.19913e-05
282 -7.17545e-05
283 -7.19913e-05
284 -7.17545e-05
285 -7.17545e-05
286 -7.17545e-05
287 -7.17545e-05
288 -7.17545e-05
289 -7.17545e-05
290 -7.17545e-05
291 -7.17545e-05
292 -7.17545e-05
293 -7.17545e-05
294 -7.15177e-05
295 -7.15177e-05
296 -7.15177e-05
297 -7.15177e-05
298 -7.17545e-05
299 -7.17545e-05
300 -7.17545e-05
301 -7.17545e-05
302 -7.17545e-05
303 -7.12809e-05
304 -7.17545e-05
305 -7.15177e-05
306 -7.15177e-05
307 -7.15177e-05
308 -7.15177e-05
309 -7.15177e-05
310 -7.15177e-05
311 -7.15177e-05
312 -7.12809e-05
313 -7.15177e-05
314 -7.15177e-05
315 -7.12809e-05
316 -7.12809e-05
317 -7.12809e-05
318 -7.12809e-05
319 -7.15177e-05
320 -7.15177e-05
321 -7.12809e-05
322 -7.12809e-05
323 -7.15177e-05
324 -7.12809e-05
325 -7.15177e-05
326 -7.12809e-05
327 -7.12809e-05
328 -7.12809e-05
329 -7.12809e-05
330 -7.10441e-05
331 -7.15177e-05
332 -7.15177e-05
333 -7.15177e-05
334 -7.12809e-05
335 -7.12809e-05
336 -7.12809e-05
337 -7.15177e-05
338 -7.12809e-05
339 -7.15177e-05
340 -7.15177e-05
341 -7.15177e-05
342 -7.15177e-05
343 -7.12809e-05
344 -7.12809e-05
345 -7.12809e-05
346 -7.12809e-05
347 -7.12809e-05
348 -7.12809e-05
349 -7.12809e-05
350 -7.12809e-05
351 -7.12809e-05
352 -7.12809e-05
353 -7.12809e-05
354 -7.12809e-05
355 -7.12809e-05
356 -7.12809e-05
357 -7.12809e-05
358 -7.12809e-05
359 -7.12809e-05
360 -7.15177e-05
361 -7.12809e-05
362 -7.12809e-05
363 -7.12809e-05
364 -7.15177e-05
365 -7.15177e-05
366 -7.12809e-05
367 -7.12809e-05
368 -7.12809e-05
369 -7.12809e-05
370 -7.12809e-05
371 -7.12809e-05
372 -7.12809e-05
373 -7.12809e-05
374 -7.12809e-05
375 -7.12809e-05
376 -7.12809e-05
377 -7.12809e-05
378 -7.12809e-05
379 -7.10441e-05
380 -7.12809e-05
381 -7.12809e-05
382 -7.15177e-05
383 -7.12809e-05
384 -7.12809e-05
385 -7.12809e-05
386 -7.12809e-05
387 -7.12809e-05
388 -7.12809e-05
389 -7.12809e-05
390 -7.12809e-05
391 -7.12809e-05
392 -7.12809e-05
393 -7.12809e-05
394 -7.12809e-05
395 -7.12809e-05
396 -7.12809e-05
397 -7.12809e-05
398 -7.12809e-05
399 -7.12809e-05
400 -7.12809e-05
401 -7.15177e-05
402 -7.15177e-05
403 -7.12809e-05
404 -7.12809e-05
405 -7.15177e-05
406 -7.15177e-05
407 -7.12809e-05
408 -7.12809e-05
409 -7.12809e-05
410 -7.12809e-05
411 -7.12809e-05
412 -7.12809e-05
413 -7.12809e-05
414 -7.12809e-05
415 -7.12809e-05
416 -7.12809e-05
417 -7.12809e-05
418 -7.12809e-05
419 -7.10441e-05
420 -7.12809e-05
421 -7.12809e-05
422 -7.10441e-05
423 -7.15177e-05
424 -7.12809e-05
425 -7.15177e-05
426 -7.15177e-05
427 -7.12809e-05
428 -7.10441e-05
429 -7.10441e-05
430 -7.10441e-05
431 -7.10441e-05
432 -7.12809e-05
433 -7.12809e-05
434 -7.15177e-05
435 -7.12809e-05
436 -7.12809e-05
437 -7.12809e-05
438 -7.12809e-05
439 -7.12809e-05
440 -7.10441e-05
441 -7.10441e-05
442 -7.12809e-05
443 -7.12809e-05
444 -7.12809e-05
445 -7.12809e-05
446 -7.10441e-05
447 -7.10441e-05
448 -7.12809e-05
449 -7.10441e-05
450 -7.12809e-05
451 -7.12809e-05
452 -7.10441e-05
453 -7.10441e-05
454 -7.10441e-05
455 -7.12809e-05
456 -7.10441e-05
457 -7.12809e-05
458 -7.12809e-05
459 -7.12809e-05
460 -7.12809e-05
461 -7.12809e-05
462 -7.12809e-05
463 -7.12809e-05
464 -7.12809e-05
465 -7.12809e-05
466 -7.10441e-05
467 -7.12809e-05
468 -7.12809e-05
469 -7.12809e-05
470 -7.12809e-05
471 -7.10441e-05
472 -7.10441e-05
473 -7.12809e-05
474 -7.12809e-05
475 -7.12809e-05
476 -7.12809e-05
477 -7.12809e-05
478 -7.12809e-05
479 -7.10441e-05
480 -7.12809e-05
481 -7.12809e-05
482 -7.12809e-05
483 -7.12809e-05
484 -7.12809e-05
485 -7.12809e-05
486 -7.12809e-05
487 -7.12809e-05
488 -7.12809e-05
489 -7.12809e-05
490 -7.12809e-05
491 -7.12809e-05
492 -7.15177e-05
493 -7.15177e-05
494 -7.12809e-05
495 -7.12809e-05
496 -7.12809e-05
497 -7.12809e-05
498 -7.10441e-05
499 -7.12809e-05
500 -7.10441e-05
501 -7.12809e-05
502 -7.12809e-05
503 -7.12809e-05
504 -7.12809e-05
505 -7.12809e-05
506 -7.12809e-05
507 -7.12809e-05
508 -7.12809e-05
509 -7.12809e-05
510 -7.12809e-05
511 -7.12809e-05
512 -7.10441e-05
513 -7.12809e-05
514 -7.12809e-05
515 -7.12809e-05
516 -7.12809e-05
517 -7.10441e-05
518 -7.10441e-05
519 -7.10441e-05
520 -7.10441e-05
521 -7.12809e-05
522 -7.12809e-05
523 -7.10441e-05
524 -7.10441e-05
525 -7.10441e-05
526 -7.10441e-05
527 -7.10441e-05
528 -7.10441e-05
529 -7.10441e-05
530 -7.10441e-05
531 -7.10441e-05
532 -7.10441e-05
533 -7.10441e-05
534 -7.12809e-05
535 -7.12809e-05
536 -7.12809e-05
537 -7.10441e-05
538 -7.10441e-05
539 -7.12809e-05
540 -7.10441e-05
541 -7.12809e-05
542 -7.10441e-05
543 -7.10441e-05
544 -7.12809e-05
545 -7.12809e-05
546 -7.12809e-05
547 -7.12809e-05
548 -7.10441e-05
549 -7.10441e-05
550 -7.10441e-05
551 -7.10441e-05
552 -7.12809e-05
553 -7.12809e-05
554 -7.12809e-05
555 -7.12809e-05
556 -7.12809e-05
557 -7.12809e-05
558 -7.12809e-05
559 -7.12809e-05
560 -7.10441e-05
561 -7.12809e-05
562 -7.12809e-05
563 -7.12809e-05
564 -7.12809e-05
565 -7.12809e-05
566 -7.12809e-05
567 -7.12809e-05
568 -7.10441e-05
569 -7.12809e-05
570 -7.15177e-05
571 -7.12809e-05
572 -7.12809e-05
573 -7.12809e-05
574 -7.12809e-05
575 -7.12809e-05
576 -7.12809e-05
577 -7.12809e-05
578 -7.12809e-05
579 -7.12809e-05
580 -7.12809e-05
581 -7.12809e-05
582 -7.12809e-05
583 -7.10441e-05
584 -7.10441e-05
585 -7.12809e-05
586 -7.12809e-05
587 -7.12809e-05
588 -7.12809e-05
589 -7.12809e-05
590 -7.12809e-05
591 -7.10441e-05
592 -7.12809e-05
593 -7.10441e-05
594 -7.10441e-05
595 -7.10441e-05
596 -7.10441e-05
597 -7.12809e-05
598 -7.12809e-05
599 -7.15177e-05
600 -7.12809e-05
601 -7.12809e-05
602 -7.10441e-05
603 -7.12809e-05
604 -7.12809e-05
605 -7.12809e-05
606 -7.15177e-05
607 -7.15177e-05
608 -7.12809e-05
609 -7.12809e-05
610 -7.12809e-05
611 -7.12809e-05
612 -7.12809e-05
613 -7.12809e-05
614 -7.12809e-05
615 -7.12809e-05
616 -7.12809e-05
617 -7.12809e-05
618 -7.12809e-05
619 -7.12809e-05
620 -7.12809e-05
621 -7.12809e-05
622 -7.10441e-05
623 -7.10441e-05
624 -7.12809e-05
625 -7.12809e-05
626 -7.12809e-05
627 -7.12809e-05
628 -7.12809e-05
629 -7.10441e-05
630 -7.12809e-05
631 -7.10441e-05
632 -7.15177e-05
633 -7.12809e-05
634 -7.12809e-05
635 -7.12809e-05
636 -7.12809e-05
637 -7.12809e-05
638 -7.12809e-05
639 -7.12809e-05
640 -7.12809e-05
641 -7.12809e-05
642 -7.10441e-05
643 -7.15177e-05
644 -7.12809e-05
645 -7.12809e-05
646 -7.12809e-05
647 -7.12809e-05
648 -7.12809e-05
649 -7.12809e-05
650 -7.12809e-05
651 -7.12809e-05
652 -7.12809e-05
653 -7.12809e-05
654 -7.12809e-05
655 -7.15177e-05
656 -7.12809e-05
657 -7.12809e-05
658 -7.12809e-05
659 -7.10441e-05
660 -7.12809e-05
661 -7.12809e-05
662 -7.12809e-05
663 -7.12809e-05
664 -7.12809e-05
665 -7.12809e-05
666 -7.15177e-05
667 -7.10441e-05
668 -7.12809e-05
669 -7.12809e-05
670 -7.12809e-05
671 -7.12809e-05
672 -7.12809e-05
673 -7.10441e-05
674 -7.15177e-05
675 -7.15177e-05
676 -7.12809e-05
677 -7.12809e-05
678 -7.12809e-05
679 -7.12809e-05
680 -7.12809e-05
681 -7.12809e-05
682 -7.15177e-05
683 -7.10441e-05
684 -7.12809e-05
685 -7.12809e-05
686 -7.12809e-05
687 -7.12809e-05
688 -7.12809e-05
689 -7.12809e-05
690 -7.12809e-05
691 -7.15177e-05
692 -7.12809e-05
693 -7.12809e-05
694 -7.15177e-05
695 -7.12809e-05
696 -7.12809e-05
697 -7.12809e-05
698 -7.12809e-05
699 -7.10441e-05
700 -7.12809e-05
701 -7.12809e-05
702 -7.12809e-05
703 -7.12809e-05
704 -7.10441e-05
705 -7.12809e-05
706 -7.10441e-05
707 -7.12809e-05
708 -7.12809e-05
709 -7.12809e-05
710 -7.12809e-05
711 -7.12809e-05
712 -7.12809e-05
713 -7.10441e-05
714 -7.12809e-05
715 -7.12809e-05
716 -7.12809e-05
717 -7.12809e-05
718 -7.12809e-05
719 -7.12809e-05
720 -7.12809e-05
721 -7.12809e-05
722 -7.12809e-05
723 -7.15177e-05
724 -7.15177e-05
725 -7.12809e-05
726 -7.12809e-05
727 -7.12809e-05
728 -7.12809e-05
729 -7.15177e-05
730 -7.12809e-05
731 -7.10441e-05
732 -7.10441e-05
733 -7.12809e-05
734 -7.12809e-05
735 -7.15177e-05
736 -7.15177e-05
737 -7.12809e-05
738 -7.12809e-05
739 -7.12809e-05
740 -7.12809e-05
741 -7.12809e-05
742 -7.12809e-05
743 -7.12809e-05
744 -7.12809e-05
745 -7.10441e-05
746 -7.10441e-05
747 -7.12809e-05
748 -7.12809e-05
749 0.0071423
750 0.0071423
751 0.0447715
752 0.0447715
753 0.101505
754 0.130806
755 0.163312
756 0.163312
757 0.221051
758 0.257339
759 0.2855
760 0.319653
761 0.34998
762 0.38207
763 0.414128
764 0.445913
765 0.473951
766 0.509949
767 0.540197
768 0.56941
769 0.603395
770 0.633396
771 0.633396
772 0.695401
773 0.695401
774 0.757881
775 0.790351
776 0.822327
777 0.822327
778 0.882287
779 0.916295
780 0.944491
781 0.944491
782 0.985076
783 0.985076
784 0.998588
785 0.998588
786 1.00149
787 1.00155
788 1.00149
789 1.00139
790 1.00128
791 1.00104
792 1.0008
793 1.00062
794 1.00045
795 1.0003
796 1.00021
797 1.00013
798 1.00009
799 1.00006
800 1.00004
801 1.00003
802 1.00001
803 0.999999
804 0.999988
805 0.999981
806 0.999978
807 0.999977
808 0.999977
809 0.999976
810 0.999975
811 0.999973
812 0.999971
813 0.999971
814 0.999971
815 0.999973
816 0.999973
817 0.999974
818 0.999974
819 0.999973
820 0.999973
821 0.999973
822 0.999973
823 0.999973
824 0.999976
825 0.999976
826 0.999978
827 0.999977
828 0.999977
829 0.999977
830 0.999977
831 0.999977
832 0.999978
833 0.999979
834 0.99998
835 0.99998
836 0.99998
837 0.99998
838 0.99998
839 0.99998
840 0.999981
841 0.999982
842 0.999982
843 0.999982
844 0.999983
845 0.999983
846 0.999983
847 0.999983
848 0.999984
849 0.999984
850 0.999984
851 0.999984
852 0.999985
853 0.999985
854 0.999986
855 0.999986
856 0.999987
857 0.999987
858 0.999987
859 0.999987
860 0.999987
861 0.999987
862 0.999988
863 0.999988
864 0.999989
865 0.999989
866 0.99999
867 0.999989
868 0.999989
869 0.999989
870 0.999989
871 0.99999
872 0.99999
873 0.999991
874 0.999991
875 0.999991
876 0.999985
877 0.996289
878 0.984545
879 0.964465
880 0.964465
881 0.912069
882 0.912069
883 0.851323
884 0.851323
885 0.787105
886 0.756835
887 0.7226
888 0.692416
889 0.660054
890 0.630959
891 0.596881
892 0.568841
893 0.53478
894 0.504773
895 0.476747
896 0.442511
897 0.411
898 0.411
899 0.349238
900 0.349238
901 0.28698
902 0.28698
903 0.225239
904 0.197231
905 0.160987
906 0.135229
907 0.100973
908 0.0672321
909 0.0382662
910 0.0216189
911 0.00984884
912 0.00308805
913 0.00013451
914 -0.0012795
915 -0.0015085
916 -0.0014609
917 -0.0014609
918 -0.00128021
919 -0.00128021
920 -0.000905338
921 -0.000905338
922 -0.000530936
923 -0.000530936
924 -0.000267599
925 -0.000267599
926 -0.000130011
927 -0.00010183
928 -9.06996e-05
929 -7.95693e-05
930 -6.91495e-05
931 -5.3283e-05
932 -3.57588e-05
933 -1.32616e-05
934 4.73627e-07
935 4.49946e-06
936 4.97308e-06
937 4.49946e-06
938 4.73627e-06
939 6.86759e-06
940 9.70935e-06
941 1.27879e-05
942 1.3972e-05
943 1.37352e-05
944 1.20775e-05
945 1.08934e-05
946 1.0183e-05
947 1.06566e-05
948 1.18407e-05
949 1.25511e-05
950 1.32616e-05
951 1.25511e-05
952 1.16039e-05
953 1.16039e-05
954 8.28847e-06
955 8.7621e-06
956 9.23573e-06
957 9.94617e-06
958 1.04198e-05
959 1.0183e-05
960 9.23573e-06
961 7.81485e-06
962 6.63078e-06
963 6.39396e-06
964 6.39396e-06
965 7.10441e-06
966 7.10441e-06
967 7.57803e-06
968 7.34122e-06
969 6.39396e-06
970 6.39396e-06
971 4.73627e-06
972 4.73627e-06
973 4.49946e-06
974 4.49946e-06
975 4.97308e-06
976 4.73627e-06
977 4.02583e-06
978 4.02583e-06
979 3.31539e-06
980 3.31539e-06
981 3.31539e-06
982 3.31539e-06
983 3.07858e-06
984 2.60495e-06
985 2.13132e-06
986 1.65769e-06
987 1.65769e-06
988 1.65769e-06
989 1.89451e-06
990 1.89451e-06
991 1.65769e-06
992 1.18407e-06
993 2.36814e-07
994 2.36814e-07
995 -2.36814e-07
996 0
997 2.36814e-07
998 4.73627e-07
999 2.36814e-07
1000 0
1001 -2.36814e-07
1002 -9.47254e-07
1003 -9.47254e-07
1004 -1.42088e-06
