0 -7.48331e-05
1 -7.48331e-05
2 -7.48331e-05
3 -7.48331e-05
4 -7.48331e-05
5 -7.48331e-05
6 -7.48331e-05
7 -7.48331e-05
8 -7.48331e-05
9 -7.48331e-05
10 -7.48331e-05
11 -7.48331e-05
12 -7.48331e-05
13 -7.48331e-05
14 -7.48331e-05
15 -7.48331e-05
16 -7.48331e-05
17 -7.48331e-05
18 -7.48331e-05
19 -7.48331e-05
20 -7.48331e-05
21 -7.48331e-05
22 -7.48331e-05
23 -7.48331e-05
24 -7.48331e-05
25 -7.48331e-05
26 -7.48331e-05
27 -7.48331e-05
28 -7.48331e-05
29 -7.48331e-05
30 -7.48331e-05
31 -7.48331e-05
32 -7.48331e-05
33 -7.48331e-05
34 -7.48331e-05
35 -7.48331e-05
36 -7.48331e-05
37 -7.48331e-05
38 -7.48331e-05
39 -7.48331e-05
40 -7.48331e-05
41 -7.48331e-05
42 -7.48331e-05
43 -7.48331e-05
44 -7.48331e-05
45 -7.48331e-05
46 -7.48331e-05
47 -7.48331e-05
48 -7.48331e-05
49 -7.48331e-05
50 -7.48331e-05
51 -7.48331e-05
52 -7.48331e-05
53 -7.48331e-05
54 -7.48331e-05
55 -7.48331e-05
56 -7.48331e-05
57 -7.48331e-05
58 -7.48331e-05
59 -7.48331e-05
60 -7.48331e-05
61 -7.48331e-05
62 -7.48331e-05
63 -7.48331e-05
64 -7.48331e-05
65 -7.48331e-05
66 -7.48331e-05
67 -7.48331e-05
68 -7.48331e-05
69 -7.48331e-05
70 -7.48331e-05
71 -7.48331e-05
72 -7.48331e-05
73 -7.48331e-05
74 -7.48331e-05
75 -7.48331e-05
76 -7.48331e-05
77 -7.48331e-05
78 -7.48331e-05
79 -7.48331e-05
80 -7.48331e-05
81 -7.48331e-05
82 -7.48331e-05
83 -7.48331e-05
84 -7.48331e-05
85 -7.48331e-05
86 -7.48331e-05
87 -7.48331e-05
88 -7.48331e-05
89 -7.48331e-05
90 -7.48331e-05
91 -7.48331e-05
92 -7.48331e-05
93 -7.48331e-05
94 -7.48331e-05
95 -7.48331e-05
96 -7.48331e-05
97 -7.48331e-05
98 -7.48331e-05
99 -7.48331e-05
100 -7.48331e-05
101 -7.48331e-05
102 -7.48331e-05
103 -7.48331e-05
104 -7.48331e-05
105 -7.48331e-05
106 -7.48331e-05
107 -7.48331e-05
108 -7.48331e-05
109 -7.48331e-05
110 -7.48331e-05
111 -7.48331e-05
112 -7.48331e-05
113 -7.48331e-05
114 -7.48331e-05
115 -7.48331e-05
116 -7.48331e-05
117 -7.48331e-05
118 -7.48331e-05
119 -7.48331e-05
120 -7.48331e-05
121 -7.48331e-05
122 -7.48331e-05
123 -7.48331e-05
124 -7.48331e-05
125 -7.48331e-05
126 -7.48331e-05
127 -7.48331e-05
128 -7.48331e-05
129 -7.48331e-05
130 -7.48331e-05
131 -7.48331e-05
132 -7.48331e-05
133 -7.48331e-05
134 -7.48331e-05
135 -7.48331e-05
136 -7.48331e-05
137 -7.48331e-05
138 -7.48331e-05
139 -7.48331e-05
140 -7.48331e-05
141 -7.48331e-05
142 -7.48331e-05
143 -7.48331e-05
144 -7.48331e-05
145 -7.48331e-05
146 -7.48331e-05
147 -7.48331e-05
148 -7.48331e-05
149 -7.48331e-05
150 -7.48331e-05
151 -7.48331e-05
152 -7.48331e-05
153 -7.48331e-05
154 -7.48331e-05
155 -7.48331e-05
156 -7.48331e-05
157 -7.48331e-05
158 -7.48331e-05
159 -7.48331e-05
160 -7.48331e-05
161 -7.48331e-05
162 -7.48331e-05
163 -7.48331e-05
164 -7.48331e-05
165 -7.48331e-05
166 -7.48331e-05
167 -7.48331e-05
168 -7.48331e-05
169 -7.48331e-05
170 -7.48331e-05
171 -7.48331e-05
172 -7.48331e-05
173 -7.48331e-05
174 -7.48331e-05
175 -7.48331e-05
176 -7.48331e-05
177 -7.48331e-05
178 -7.48331e-05
179 -7.48331e-05
180 -7.48331e-05
181 -7.48331e-05
182 -7.48331e-05
183 -7.48331e-05
184 -7.48331e-05
185 -7.48331e-05
186 -7.48331e-05
187 -7.48331e-05
188 -7.48331e-05
189 -7.48331e-05
190 -7.48331e-05
191 -7.48331e-05
192 -7.48331e-05
193 -7.48331e-05
194 -7.48331e-05
195 -7.48331e-05
196 -7.48331e-05
197 -7.48331e-05
198 -7.48331e-05
199 -7.48331e-05
200 -7.48331e-05
201 -7.48331e-05
202 -7.48331e-05
203 -7.48331e-05
204 -7.12809e-05
205 -7.24649e-05
206 -7.41226e-05
207 -7.45963e-05
208 -7.45963e-05
209 -7.45963e-05
210 -7.43594e-05
211 -7.45963e-05
212 -7.43594e-05
213 -7.43594e-05
214 -7.43594e-05
215 -7.43594e-05
216 -7.43594e-05
217 -7.41226e-05
218 -7.43594e-05
219 -7.43594e-05
220 -7.38858e-05
221 -7.3649e-05
222 -7.3649e-05
223 -7.3649e-05
224 -7.3649e-05
225 -7.3649e-05
226 -7.3649e-05
227 -7.34122e-05
228 -7.34122e-05
229 -7.3649e-05
230 -7.3649e-05
231 -7.34122e-05
232 -7.34122e-05
233 -7.34122e-05
234 -7.34122e-05
235 -7.31754e-05
236 -7.31754e-05
237 -7.31754e-05
238 -7.31754e-05
239 -7.29386e-05
240 -7.31754e-05
241 -7.31754e-05
242 -7.31754e-05
243 -7.29386e-05
244 -7.29386e-05
245 -7.29386e-05
246 -7.24649e-05
247 -7.24649e-05
248 -7.24649e-05
249 -7.24649e-05
250 -7.29386e-05
251 -7.29386e-05
252 -7.27017e-05
253 -7.24649e-05
254 -7.24649e-05
255 -7.27017e-05
256 -7.27017e-05
257 -7.24649e-05
258 -7.24649e-05
259 -7.27017e-05
260 -7.24649e-05
261 -7.24649e-05
262 -7.24649e-05
263 -7.24649e-05
264 -7.24649e-05
265 -7.22281e-05
266 -7.24649e-05
267 -7.22281e-05
268 -7.22281e-05
269 -7.22281e-05
270 -7.22281e-05
271 -7.22281e-05
272 -7.22281e-05
273 -7.22281e-05
274 -7.22281e-05
275 -7.22281e-05
276 -7.19913e-05
277 -7.19913e-05
278 0.0170267
279 0.0390494
280 0.0614216
281 0.0912622
282 0.119719
283 0.155269
284 0.18245
285 0.213725
286 0.248006
287 0.278228
288 0.278228
289 0.339471
290 0.370788
291 0.403355
292 0.435165
293 0.435165
294 0.496718
295 0.527442
296 0.559687
297 0.590908
298 0.618161
299 0.653397
300 0.685633
301 0.685633
302 0.746117
303 0.779115
304 0.779115
305 0.837329
306 0.837329
307 0.901285
308 0.933788
309 0.96204
310 0.979386
311 0.991076
312 0.997038
313 1.00013
314 1.00156
315 1.00152
316 1.00143
317 1.00132
318 1.00111
319 1.00088
320 1.00067
321 1.0005
322 1.00035
323 1.00035
324 1.00015
325 1.0001
326 1.00007
327 1.00005
328 1.00003
329 1.00003
330 1
331 1
332 0.999985
333 0.999985
334 0.999979
335 0.999978
336 0.999978
337 0.999976
338 0.999975
339 0.999973
340 0.999972
341 0.999972
342 0.999973
343 0.999973
344 0.999975
345 0.999975
346 0.999974
347 0.999973
348 0.999973
349 0.999974
350 0.999975
351 0.999976
352 0.999977
353 0.999977
354 0.999977
355 0.999977
356 0.999977
357 0.999977
358 0.999978
359 0.999979
360 0.999981
361 0.999981
362 0.999981
363 0.999981
364 0.99998
365 0.999981
366 0.999981
367 0.999982
368 0.999982
369 0.999983
370 0.999983
371 0.999983
372 0.999983
373 0.999984
374 0.999984
375 0.999984
376 0.999984
377 0.999985
378 0.999985
379 0.999985
380 0.999986
381 0.999987
382 0.999987
383 0.999987
384 0.999987
385 0.999987
386 0.999987
387 0.999987
388 0.999988
389 0.999988
390 0.999989
391 0.999989
392 0.999989
393 0.999989
394 0.999989
395 0.999989
396 0.999989
397 0.999989
398 0.99999
399 0.99999
400 0.999991
401 0.999991
402 0.999991
403 0.999991
404 0.989423
405 0.989423
406 0.949084
407 0.922235
408 0.894949
409 0.863065
410 0.832745
411 0.798464
412 0.767929
413 0.736174
414 0.70349
415 0.673583
416 0.673583
417 0.610161
418 0.610161
419 0.547815
420 0.51777
421 0.487763
422 0.453994
423 0.423759
424 0.390992
425 0.363995
426 0.329981
427 0.329981
428 0.269983
429 0.269983
430 0.205997
431 0.205997
432 0.140228
433 0.140228
434 0.0784615
435 0.0500465
436 0.0264506
437 0.0264506
438 0.00552652
439 0.00094607
440 -0.000899181
441 -0.0014905
442 -0.00147937
443 -0.00141022
444 -0.00132426
445 -0.00132426
446 -0.000958621
447 -0.000958621
448 -0.000596533
449 -0.000444499
450 -0.000312594
451 -0.000312594
452 -0.000146351
453 -0.000146351
454 -9.37782e-05
455 -9.37782e-05
456 -7.3649e-05
457 -5.9677e-05
458 -4.40473e-05
459 -2.155e-05
460 -4.49946e-06
461 3.31539e-06
462 4.49946e-06
463 3.78902e-06
464 4.49946e-06
465 5.2099e-06
466 8.28847e-06
467 1.16039e-05
468 1.32616e-05
469 1.32616e-05
470 1.18407e-05
471 1.08934e-05
472 9.70935e-06
473 1.0183e-05
474 1.0183e-05
475 1.23143e-05
476 1.23143e-05
477 1.25511e-05
478 1.25511e-05
479 9.47254e-06
480 8.52529e-06
481 7.81485e-06
482 8.7621e-06
483 9.47254e-06
484 9.94617e-06
485 9.94617e-06
486 9.47254e-06
487 8.28847e-06
488 6.86759e-06
489 6.15715e-06
490 6.15715e-06
491 6.15715e-06
492 7.10441e-06
493 7.10441e-06
494 6.86759e-06
495 6.86759e-06
496 5.92034e-06
497 4.97308e-06
498 4.73627e-06
499 4.73627e-06
500 4.97308e-06
501 4.97308e-06
502 4.49946e-06
503 4.49946e-06
504 4.02583e-06
505 3.5522e-06
506 3.31539e-06
507 3.5522e-06
508 3.5522e-06
509 3.07858e-06
510 2.84176e-06
511 2.13132e-06
512 1.89451e-06
513 1.42088e-06
514 1.89451e-06
515 2.13132e-06
516 2.13132e-06
517 1.65769e-06
518 1.18407e-06
519 7.10441e-07
520 0
521 0
522 0
523 2.36814e-07
524 2.36814e-07
525 2.36814e-07
526 2.36814e-07
527 2.36814e-07
528 -7.10441e-07
529 -1.18407e-06
530 -1.42088e-06
531 -1.42088e-06
532 0.00229662
533 0.0138382
534 0.0347154
535 0.0347154
536 0.0860647
537 0.113031
538 0.147648
539 0.179328
540 0.209591
541 0.237612
542 0.27413
543 0.304297
544 0.304297
545 0.36801
546 0.401352
547 0.401352
548 0.460211
549 0.492983
550 0.520994
551 0.550232
552 0.585726
553 0.617002
554 0.647737
555 0.680263
556 0.71076
557 0.742757
558 0.773018
559 0.803994
560 0.837011
561 0.866993
562 0.89901
563 0.929261
564 0.960284
565 0.977404
566 0.989691
567 0.996238
568 0.999929
569 1.00121
570 1.00121
571 1.00152
572 1.00145
573 1.00134
574 1.00134
575 1.00093
576 1.0007
577 1.00052
578 1.00037
579 1.00025
580 1.00016
581 1.0001
582 1.00007
583 1.00005
584 1.00002
585 1.00002
586 0.999997
587 0.999986
588 0.999979
589 0.999979
590 0.999977
591 0.999977
592 0.999976
593 0.999976
594 0.999973
595 0.999972
596 0.999971
597 0.999972
598 0.999973
599 0.999974
600 0.999974
601 0.999974
602 0.999973
603 0.999973
604 0.999973
605 0.999974
606 0.999976
607 0.999977
608 0.999978
609 0.999978
610 0.999977
611 0.999977
612 0.999977
613 0.999977
614 0.999977
615 0.999979
616 0.999979
617 0.999981
618 0.999981
619 0.999981
620 0.999981
621 0.999981
622 0.999981
623 0.999981
624 0.999982
625 0.999983
626 0.999983
627 0.999983
628 0.999983
629 0.999984
630 0.999984
631 0.999984
632 0.999985
633 0.999985
634 0.999985
635 0.999985
636 0.999986
637 0.999986
638 0.999987
639 0.999987
640 0.999987
641 0.999987
642 0.999987
643 0.999987
644 0.999987
645 0.999988
646 0.999989
647 0.999989
648 0.99999
649 0.99999
650 0.999989
651 0.999989
652 0.999989
653 0.999989
654 0.999989
655 0.99999
656 0.99999
657 0.999991
658 0.999991
659 0.99999
660 0.99999
661 0.97939
662 0.97939
663 0.930988
664 0.930988
665 0.871732
666 0.871732
667 0.811339
668 0.780062
669 0.748035
670 0.717823
671 0.687659
672 0.655276
673 0.623197
674 0.591864
675 0.560575
676 0.531026
677 0.495745
678 0.46701
679 0.46701
680 0.403504
681 0.403504
682 0.341484
683 0.341484
684 0.279469
685 0.24724
686 0.219476
687 0.219476
688 0.150742
689 0.119473
690 0.0934703
691 0.0934703
692 0.0322182
693 0.0322182
694 0.00709304
695 0.00204015
696 -0.000648869
697 -0.00142064
698 -0.00149785
699 -0.00144054
700 -0.00135292
701 -0.00125132
702 -0.00104979
703 -0.000870053
704 -0.000668761
705 -0.000486889
706 -0.000362561
707 -0.000238471
708 -0.000170506
709 -0.000121959
710 -9.68567e-05
711 -9.68567e-05
712 -7.45963e-05
713 -6.15715e-05
714 -4.71259e-05
715 -2.93649e-05
716 -1.1367e-05
717 -7.10441e-07
718 3.31539e-06
719 3.5522e-06
720 3.5522e-06
721 4.49946e-06
722 6.86759e-06
723 9.94617e-06
724 9.94617e-06
725 1.30247e-05
726 1.23143e-05
727 1.08934e-05
728 1.0183e-05
729 9.70935e-06
730 9.70935e-06
731 1.16039e-05
732 1.27879e-05
733 1.25511e-05
734 1.11302e-05
735 1.04198e-05
736 8.52529e-06
737 8.28847e-06
738 8.7621e-06
739 9.47254e-06
740 9.70935e-06
741 9.70935e-06
742 9.70935e-06
743 8.52529e-06
744 7.34122e-06
745 6.15715e-06
746 6.15715e-06
747 6.63078e-06
748 6.63078e-06
749 7.10441e-06
750 6.63078e-06
751 6.39396e-06
752 5.68352e-06
753 4.73627e-06
754 4.73627e-06
755 4.49946e-06
756 4.49946e-06
757 4.73627e-06
758 4.73627e-06
759 4.26264e-06
760 4.02583e-06
761 3.31539e-06
762 3.31539e-06
763 3.31539e-06
764 3.31539e-06
765 2.84176e-06
766 2.60495e-06
767 2.36814e-06
768 1.89451e-06
769 1.89451e-06
770 1.89451e-06
771 2.13132e-06
772 2.13132e-06
773 1.65769e-06
774 1.42088e-06
775 4.73627e-07
776 2.36814e-07
777 -2.36814e-07
778 2.36814e-07
779 2.36814e-07
780 4.73627e-07
781 4.73627e-07
782 0
783 -2.36814e-07
784 -9.47254e-07
785 -9.47254e-07
786 -1.18407e-06
787 -1.18407e-06
