0 -7.17545e-05
1 -7.19913e-05
2 -7.17545e-05
3 -7.17545e-05
4 -7.17545e-05
5 -7.19913e-05
6 -7.19913e-05
7 -7.19913e-05
8 -7.19913e-05
9 -7.19913e-05
10 -7.17545e-05
11 -7.19913e-05
12 -7.19913e-05
13 -7.19913e-05
14 -7.19913e-05
15 -7.19913e-05
16 -7.17545e-05
17 -7.19913e-05
18 -7.19913e-05
19 -7.17545e-05
20 -7.17545e-05
21 -7.17545e-05
22 -7.19913e-05
23 -7.17545e-05
24 -7.17545e-05
25 -7.19913e-05
26 -7.19913e-05
27 -7.19913e-05
28 -7.19913e-05
29 -7.17545e-05
30 -7.17545e-05
31 -7.17545e-05
32 -7.17545e-05
33 -7.17545e-05
34 -7.19913e-05
35 -7.19913e-05
36 -7.19913e-05
37 -7.19913e-05
38 -7.19913e-05
39 -7.17545e-05
40 -7.19913e-05
41 -7.19913e-05
42 -7.17545e-05
43 -7.17545e-05
44 -7.17545e-05
45 -7.19913e-05
46 -7.19913e-05
47 -7.19913e-05
48 -7.17545e-05
49 -7.19913e-05
50 -7.17545e-05
51 -7.17545e-05
52 -7.17545e-05
53 -7.19913e-05
54 -7.19913e-05
55 -7.19913e-05
56 -7.19913e-05
57 -7.19913e-05
58 -7.19913e-05
59 -7.19913e-05
60 -7.17545e-05
61 -7.19913e-05
62 -7.19913e-05
63 -7.17545e-05
64 -7.19913e-05
65 -7.17545e-05
66 -7.17545e-05
67 -7.19913e-05
68 -7.19913e-05
69 -7.19913e-05
70 -7.19913e-05
71 -7.17545e-05
72 -7.17545e-05
73 -7.17545e-05
74 -7.19913e-05
75 -7.17545e-05
76 -7.19913e-05
77 -7.19913e-05
78 -7.19913e-05
79 -7.17545e-05
80 -7.17545e-05
81 -7.19913e-05
82 -7.19913e-05
83 -7.19913e-05
84 -7.19913e-05
85 -7.19913e-05
86 -7.19913e-05
87 -7.17545e-05
88 -7.17545e-05
89 -7.19913e-05
90 -7.19913e-05
91 -7.17545e-05
92 -7.19913e-05
93 -7.19913e-05
94 -7.19913e-05
95 -7.17545e-05
96 -7.19913e-05
97 -7.19913e-05
98 -7.19913e-05
99 -7.19913e-05
100 -7.19913e-05
101 -7.19913e-05
102 -7.17545e-05
103 -7.17545e-05
104 -7.19913e-05
105 -7.19913e-05
106 -7.19913e-05
107 -7.19913e-05
108 -7.19913e-05
109 -7.17545e-05
110 -7.17545e-05
111 -7.19913e-05
112 -7.17545e-05
113 -7.19913e-05
114 -7.19913e-05
115 -7.19913e-05
116 -7.19913e-05
117 -7.19913e-05
118 -7.19913e-05
119 -7.17545e-05
120 -7.17545e-05
121 -7.19913e-05
122 -7.19913e-05
123 -7.19913e-05
124 -7.17545e-05
125 -7.19913e-05
126 -7.19913e-05
127 -7.19913e-05
128 -7.19913e-05
129 -7.17545e-05
130 -7.19913e-05
131 -7.19913e-05
132 -7.19913e-05
133 -7.19913e-05
134 -7.17545e-05
135 -7.17545e-05
136 -7.17545e-05
137 -7.19913e-05
138 -7.19913e-05
139 -7.19913e-05
140 -7.19913e-05
141 -7.19913e-05
142 -7.19913e-05
143 -7.19913e-05
144 -7.19913e-05
145 -7.17545e-05
146 -7.17545e-05
147 -7.17545e-05
148 -7.17545e-05
149 -7.17545e-05
150 -7.17545e-05
151 -7.19913e-05
152 -7.19913e-05
153 -7.19913e-05
154 -7.19913e-05
155 -7.19913e-05
156 -7.19913e-05
157 -7.19913e-05
158 -7.17545e-05
159 -7.19913e-05
160 -7.19913e-05
161 -7.19913e-05
162 -7.19913e-05
163 -7.19913e-05
164 -7.19913e-05
165 -7.19913e-05
166 -7.17545e-05
167 -7.19913e-05
168 -7.19913e-05
169 -7.19913e-05
170 -7.19913e-05
171 -7.19913e-05
172 -7.19913e-05
173 -7.19913e-05
174 -7.19913e-05
175 -7.19913e-05
176 -7.19913e-05
177 -7.19913e-05
178 -7.19913e-05
179 -7.19913e-05
180 -7.19913e-05
181 -7.17545e-05
182 -7.19913e-05
183 -7.19913e-05
184 -7.19913e-05
185 -7.19913e-05
186 -7.17545e-05
187 -7.19913e-05
188 -7.19913e-05
189 -7.19913e-05
190 -7.19913e-05
191 -7.19913e-05
192 -7.17545e-05
193 -7.19913e-05
194 -7.19913e-05
195 -7.17545e-05
196 -7.19913e-05
197 -7.19913e-05
198 -7.19913e-05
199 -7.17545e-05
200 -7.19913e-05
201 -7.19913e-05
202 -7.19913e-05
203 -7.19913e-05
204 -7.19913e-05
205 -6.986e-05
206 -7.12809e-05
207 -7.22281e-05
208 -7.24649e-05
209 -7.22281e-05
210 -7.22281e-05
211 -7.22281e-05
212 -7.22281e-05
213 -7.22281e-05
214 -7.22281e-05
215 -7.22281e-05
216 -7.22281e-05
217 -7.22281e-05
218 -7.19913e-05
219 -7.19913e-05
220 -7.19913e-05
221 -7.17545e-05
222 -7.15177e-05
223 -7.15177e-05
224 -7.12809e-05
225 -7.12809e-05
226 -7.12809e-05
227 -7.12809e-05
228 -7.12809e-05
229 -7.10441e-05
230 -7.12809e-05
231 -7.10441e-05
232 -7.12809e-05
233 -7.10441e-05
234 -7.10441e-05
235 -7.10441e-05
236 -7.10441e-05
237 -7.10441e-05
238 -7.05704e-05
239 -7.08072e-05
240 -7.05704e-05
241 -7.08072e-05
242 -7.08072e-05
243 -7.05704e-05
244 -7.05704e-05
245 -7.05704e-05
246 -7.05704e-05
247 -7.05704e-05
248 -7.05704e-05
249 -7.08072e-05
250 -7.05704e-05
251 -7.08072e-05
252 -7.05704e-05
253 -7.03336e-05
254 -7.03336e-05
255 -7.03336e-05
256 -7.05704e-05
257 -7.05704e-05
258 -7.03336e-05
259 -7.03336e-05
260 -7.00968e-05
261 -7.00968e-05
262 -7.00968e-05
263 -7.03336e-05
264 -7.00968e-05
265 -7.00968e-05
266 -7.00968e-05
267 -7.00968e-05
268 -7.00968e-05
269 -7.00968e-05
270 -7.00968e-05
271 -7.00968e-05
272 -7.00968e-05
273 -7.00968e-05
274 -7.00968e-05
275 -7.00968e-05
276 -7.00968e-05
277 -6.986e-05
278 -6.986e-05
279 -7.00968e-05
280 -7.00968e-05
281 -6.986e-05
282 -6.986e-05
283 -6.986e-05
284 -6.986e-05
285 -6.96232e-05
286 -7.00968e-05
287 -6.986e-05
288 -7.00968e-05
289 -6.986e-05
290 -6.96232e-05
291 -6.986e-05
292 -6.986e-05
293 -6.96232e-05
294 -6.96232e-05
295 -6.986e-05
296 -6.96232e-05
297 -6.96232e-05
298 -6.986e-05
299 -6.96232e-05
300 -6.986e-05
301 -6.96232e-05
302 -6.986e-05
303 -6.96232e-05
304 -6.986e-05
305 -6.96232e-05
306 -6.93864e-05
307 -6.96232e-05
308 -6.96232e-05
309 -6.93864e-05
310 -6.96232e-05
311 -6.986e-05
312 -6.96232e-05
313 -6.96232e-05
314 -6.93864e-05
315 -6.93864e-05
316 -6.96232e-05
317 -6.96232e-05
318 -6.96232e-05
319 -6.96232e-05
320 -6.93864e-05
321 -6.93864e-05
322 -6.93864e-05
323 -6.93864e-05
324 -6.96232e-05
325 -6.93864e-05
326 -6.96232e-05
327 -6.96232e-05
328 -6.96232e-05
329 -6.96232e-05
330 -6.96232e-05
331 -6.96232e-05
332 -6.93864e-05
333 -6.93864e-05
334 -6.96232e-05
335 -6.93864e-05
336 -6.93864e-05
337 -6.93864e-05
338 -6.96232e-05
339 -6.96232e-05
340 -6.96232e-05
341 -6.93864e-05
342 -6.93864e-05
343 -6.96232e-05
344 -6.96232e-05
345 -6.96232e-05
346 -6.96232e-05
347 -6.93864e-05
348 -6.93864e-05
349 -6.93864e-05
350 -6.93864e-05
351 -6.93864e-05
352 -6.93864e-05
353 -6.93864e-05
354 -6.96232e-05
355 -6.93864e-05
356 -6.93864e-05
357 -6.93864e-05
358 -6.93864e-05
359 -6.93864e-05
360 -6.93864e-05
361 -6.93864e-05
362 -6.93864e-05
363 -6.93864e-05
364 -6.96232e-05
365 -6.93864e-05
366 -6.96232e-05
367 -6.96232e-05
368 -6.93864e-05
369 -6.96232e-05
370 -6.93864e-05
371 -6.96232e-05
372 -6.93864e-05
373 -6.93864e-05
374 -6.93864e-05
375 -6.93864e-05
376 -6.93864e-05
377 -6.93864e-05
378 -6.93864e-05
379 -6.93864e-05
380 -6.93864e-05
381 -6.93864e-05
382 -6.96232e-05
383 -6.93864e-05
384 -6.91495e-05
385 -6.93864e-05
386 -6.96232e-05
387 -6.93864e-05
388 -6.93864e-05
389 -6.91495e-05
390 -6.93864e-05
391 -6.91495e-05
392 -6.91495e-05
393 -6.96232e-05
394 -6.96232e-05
395 -6.93864e-05
396 -6.93864e-05
397 -6.96232e-05
398 -6.96232e-05
399 -6.91495e-05
400 -6.91495e-05
401 -6.93864e-05
402 -6.93864e-05
403 -6.93864e-05
404 -6.93864e-05
405 -6.93864e-05
406 -6.93864e-05
407 -6.93864e-05
408 -6.93864e-05
409 -6.93864e-05
410 -6.91495e-05
411 -6.91495e-05
412 -6.93864e-05
413 -6.93864e-05
414 -6.93864e-05
415 -6.93864e-05
416 -6.93864e-05
417 -6.93864e-05
418 -6.91495e-05
419 -6.91495e-05
420 -6.91495e-05
421 -6.91495e-05
422 -6.91495e-05
423 -6.91495e-05
424 -6.93864e-05
425 -6.93864e-05
426 -6.93864e-05
427 -6.93864e-05
428 -6.93864e-05
429 -6.93864e-05
430 -6.93864e-05
431 -6.93864e-05
432 -6.93864e-05
433 -6.91495e-05
434 -6.96232e-05
435 -6.96232e-05
436 -6.93864e-05
437 -6.93864e-05
438 -6.91495e-05
439 -6.91495e-05
440 -6.91495e-05
441 -6.93864e-05
442 -6.93864e-05
443 -6.93864e-05
444 -6.91495e-05
445 -6.93864e-05
446 -6.91495e-05
447 -6.91495e-05
448 -6.93864e-05
449 -6.93864e-05
450 -6.93864e-05
451 -6.91495e-05
452 -6.93864e-05
453 -6.93864e-05
454 -6.91495e-05
455 -6.93864e-05
456 -6.93864e-05
457 -6.93864e-05
458 -6.93864e-05
459 -6.93864e-05
460 -6.93864e-05
461 -6.91495e-05
462 -6.91495e-05
463 -6.91495e-05
464 -6.96232e-05
465 -6.96232e-05
466 -6.96232e-05
467 -6.93864e-05
468 -6.93864e-05
469 -6.93864e-05
470 -6.89127e-05
471 -6.93864e-05
472 -6.93864e-05
473 -6.93864e-05
474 -6.96232e-05
475 -6.93864e-05
476 -6.96232e-05
477 -6.96232e-05
478 -6.96232e-05
479 -6.93864e-05
480 -6.93864e-05
481 -6.93864e-05
482 -6.96232e-05
483 -6.96232e-05
484 -6.93864e-05
485 -6.93864e-05
486 -6.93864e-05
487 -6.96232e-05
488 -6.93864e-05
489 -6.96232e-05
490 -6.93864e-05
491 -6.93864e-05
492 -6.93864e-05
493 -6.93864e-05
494 -6.91495e-05
495 -6.93864e-05
496 -6.96232e-05
497 -6.96232e-05
498 -6.93864e-05
499 -6.93864e-05
500 -6.91495e-05
501 -6.91495e-05
502 -6.91495e-05
503 -6.91495e-05
504 -6.93864e-05
505 -6.93864e-05
506 -6.93864e-05
507 -6.93864e-05
508 -6.91495e-05
509 -6.93864e-05
510 -6.93864e-05
511 -6.93864e-05
512 -6.96232e-05
513 -6.96232e-05
514 -6.96232e-05
515 -6.91495e-05
516 -6.93864e-05
517 -6.93864e-05
518 -6.93864e-05
519 -6.93864e-05
520 -6.93864e-05
521 -1.61033e-05
522 0.00458282
523 0.00458282
524 0.0246277
525 0.038575
526 0.0537792
527 0.0537792
528 0.0846028
529 0.0846028
530 0.115912
531 0.115912
532 0.145466
533 0.162439
534 0.178637
535 0.192552
536 0.209593
537 0.22463
538 0.241158
539 0.256897
540 0.271872
541 0.288972
542 0.303848
543 0.317997
544 0.335882
545 0.352263
546 0.366484
547 0.382492
548 0.398493
549 0.41348
550 0.42947
551 0.444583
552 0.460497
553 0.476502
554 0.491738
555 0.507458
556 0.524433
557 0.538586
558 0.538586
559 0.570073
560 0.570073
561 0.599967
562 0.615978
563 0.630952
564 0.64805
565 0.664159
566 0.664159
567 0.695194
568 0.695194
569 0.726171
570 0.742295
571 0.758681
572 0.772675
573 0.787651
574 0.804632
575 0.820645
576 0.836675
577 0.851922
578 0.866655
579 0.866655
580 0.89765
581 0.89765
582 0.929629
583 0.929629
584 0.960107
585 0.975887
586 0.986737
587 0.99369
588 0.997479
589 0.997479
590 1.00048
591 1.00076
592 1.00075
593 1.00073
594 1.00069
595 1.00069
596 1.00061
597 1.00061
598 1.00051
599 1.00051
600 1.00031
601 1.00022
602 1.00015
603 1.00015
604 1.00009
605 1.00007
606 1.00005
607 1.00003
608 1.00001
609 0.999992
610 0.999982
611 0.999979
612 0.999978
613 0.999978
614 0.999976
615 0.999975
616 0.999973
617 0.999972
618 0.999972
619 0.999973
620 0.999973
621 0.999974
622 0.999974
623 0.999973
624 0.999973
625 0.999973
626 0.999974
627 0.999975
628 0.999976
629 0.999977
630 0.999977
631 0.999977
632 0.999976
633 0.999976
634 0.999977
635 0.999978
636 0.999979
637 0.99998
638 0.99998
639 0.99998
640 0.99998
641 0.99998
642 0.99998
643 0.99998
644 0.999981
645 0.999982
646 0.999983
647 0.999983
648 0.999983
649 0.999983
650 0.999983
651 0.999983
652 0.999983
653 0.999984
654 0.999984
655 0.999985
656 0.999985
657 0.999985
658 0.999985
659 0.999986
660 0.999986
661 0.999987
662 0.999987
663 0.999987
664 0.999987
665 0.999987
666 0.999987
667 0.999988
668 0.999988
669 0.999989
670 0.999989
671 0.999989
672 0.999989
673 0.999989
674 0.999989
675 0.99999
676 0.99999
677 0.99999
678 0.99999
679 0.999991
680 0.99999
681 0.99999
682 0.99999
683 0.99999
684 0.999991
685 0.999991
686 0.999991
687 0.999991
688 0.999991
689 0.999991
690 0.999991
691 0.999991
692 0.999991
693 0.999991
694 0.999991
695 0.999992
696 0.999992
697 0.999992
698 0.999992
699 0.999992
700 0.999992
701 0.999992
702 0.999992
703 0.999992
704 0.999992
705 0.999992
706 0.999992
707 0.999992
708 0.999992
709 0.999992
710 0.999992
711 0.999992
712 0.999992
713 0.999992
714 0.999988
715 0.990736
716 0.980161
717 0.970499
718 0.970499
719 0.937795
720 0.937795
721 0.90973
722 0.90973
723 0.876408
724 0.860962
725 0.843377
726 0.831178
727 0.814221
728 0.798055
729 0.783277
730 0.768248
731 0.751103
732 0.751103
733 0.720139
734 0.70427
735 0.688264
736 0.672235
737 0.656966
738 0.638212
739 0.609244
740 0.609244
741 0.578242
742 0.578242
743 0.549
744 0.531978
745 0.518959
746 0.518959
747 0.485005
748 0.471001
749 0.455857
750 0.455857
751 0.422496
752 0.406497
753 0.391476
754 0.376453
755 0.361479
756 0.34638
757 0.327635
758 0.312617
759 0.297589
760 0.282613
761 0.266623
762 0.251371
763 0.251371
764 0.221733
765 0.221733
766 0.190761
767 0.190761
768 0.157593
769 0.157593
770 0.124862
771 0.108866
772 0.0968465
773 0.0968465
774 0.0638767
775 0.0638767
776 0.0320008
777 0.0181908
778 0.010353
779 0.010353
780 0.00130603
781 0.00130603
782 -0.00067776
783 -0.00067776
784 -0.000713282
785 -0.000713282
786 -0.000649343
787 -0.000614057
788 -0.000572378
789 -0.000530699
790 -0.000472206
791 -0.000361851
792 -0.000267836
793 -0.000201055
794 -0.000161507
795 -0.000136405
796 -0.000136405
797 -9.94617e-05
798 -9.94617e-05
799 -5.39935e-05
800 -5.39935e-05
801 -1.68138e-05
802 -1.68138e-05
803 -5.68352e-06
804 -4.26264e-06
805 -3.07858e-06
806 -3.07858e-06
807 2.84176e-06
808 5.44671e-06
809 7.34122e-06
810 7.34122e-06
811 7.10441e-06
812 6.63078e-06
813 7.10441e-06
814 7.34122e-06
815 8.28847e-06
816 8.99891e-06
817 9.23573e-06
818 9.23573e-06
819 8.05166e-06
820 7.57803e-06
821 7.10441e-06
822 7.34122e-06
823 8.05166e-06
824 8.52529e-06
825 8.52529e-06
826 8.05166e-06
827 7.34122e-06
828 6.15715e-06
829 5.68352e-06
830 5.2099e-06
831 5.2099e-06
832 6.39396e-06
833 6.39396e-06
834 6.39396e-06
835 6.39396e-06
836 5.44671e-06
837 5.44671e-06
838 4.02583e-06
839 4.02583e-06
840 4.02583e-06
841 4.02583e-06
842 4.73627e-06
843 4.73627e-06
844 3.78902e-06
845 3.5522e-06
846 3.07858e-06
847 2.84176e-06
848 3.07858e-06
849 3.07858e-06
850 3.31539e-06
851 2.84176e-06
852 2.36814e-06
853 2.36814e-06
854 2.13132e-06
855 2.13132e-06
856 1.89451e-06
857 1.89451e-06
858 1.65769e-06
859 1.65769e-06
860 1.18407e-06
861 1.18407e-06
862 7.10441e-07
863 7.10441e-07
864 9.47254e-07
865 4.73627e-07
866 4.73627e-07
867 2.36814e-07
868 2.36814e-07
869 -4.73627e-07
870 -4.73627e-07
871 -4.73627e-07
872 -2.36814e-07
873 0
874 -4.73627e-07
875 -4.73627e-07
876 -7.10441e-07
877 -1.18407e-06
878 -1.42088e-06
879 -1.65769e-06
880 -1.42088e-06
881 -1.18407e-06
882 -1.18407e-06
883 -1.18407e-06
884 -1.18407e-06
885 -1.65769e-06
886 -1.89451e-06
887 -1.65769e-06
888 -2.13132e-06
889 -1.89451e-06
890 -1.65769e-06
891 -1.65769e-06
892 -1.65769e-06
893 -1.65769e-06
894 -1.89451e-06
895 -1.89451e-06
896 -2.36814e-06
897 -2.36814e-06
898 -2.13132e-06
899 -2.13132e-06
900 -2.13132e-06
901 -2.13132e-06
902 -2.13132e-06
903 -2.13132e-06
904 -2.36814e-06
905 5.02045e-05
906 0.00478766
907 0.0124649
908 0.023895
909 0.0367838
910 0.0514726
911 0.067152
912 0.0832021
913 0.099357
914 0.115498
915 0.129585
916 0.145934
917 0.160278
918 0.17634
919 0.19139
920 0.208434
921 0.225483
922 0.237642
923 0.256887
924 0.270861
925 0.285832
926 0.30285
927 0.315862
928 0.332873
929 0.350132
930 0.364747
931 0.380775
932 0.396763
933 0.411746
934 0.427732
935 0.442984
936 0.458277
937 0.458277
938 0.488255
939 0.488255
940 0.522238
941 0.53638
942 0.552114
943 0.567981
944 0.58386
945 0.600013
946 0.615028
947 0.63101
948 0.647106
949 0.661363
950 0.67838
951 0.69338
952 0.708372
953 0.725365
954 0.73964
955 0.7564
956 0.772382
957 0.78435
958 0.803342
959 0.818378
960 0.818378
961 0.847502
962 0.864871
963 0.88186
964 0.88186
965 0.912879
966 0.927865
967 0.942972
968 0.958733
969 0.974539
970 0.985407
971 0.992878
972 0.997007
973 0.999398
974 1.00046
975 1.00046
976 1.00077
977 1.00074
978 1.00071
979 1.00067
980 1.00063
981 1.00058
982 1.00052
983 1.00044
984 1.00032
985 1.00022
986 1.00015
987 1.00011
988 1.00011
989 1.00007
990 1.00007
991 1.00003
992 1.00003
993 0.999994
994 0.999994
995 0.999977
996 0.999977
997 0.999975
998 0.999975
999 0.999974
1000 0.999973
1001 0.999972
1002 0.999972
1003 0.999972
1004 0.999973
1005 0.999973
1006 0.999973
1007 0.999973
1008 0.999973
1009 0.999973
1010 0.999973
1011 0.999974
1012 0.999975
1013 0.999976
1014 0.999976
1015 0.999976
1016 0.999976
1017 0.999976
1018 0.999976
1019 0.999977
1020 0.999978
1021 0.999978
1022 0.99998
1023 0.99998
1024 0.99998
1025 0.99998
1026 0.99998
1027 0.99998
1028 0.999981
1029 0.999982
1030 0.999982
1031 0.999983
1032 0.999983
1033 0.999983
1034 0.999983
1035 0.999983
1036 0.999983
1037 0.999984
1038 0.999984
1039 0.999985
1040 0.999985
1041 0.999985
1042 0.999985
1043 0.999985
1044 0.999986
1045 0.999986
1046 0.999987
1047 0.999987
1048 0.999987
1049 0.999987
1050 0.999987
1051 0.999988
1052 0.999988
1053 0.999988
1054 0.999988
1055 0.999989
1056 0.999989
1057 0.999989
1058 0.999989
1059 0.999989
1060 0.99999
1061 0.99999
1062 0.99999
1063 0.999991
1064 0.99999
1065 0.99999
1066 0.99999
1067 0.999991
1068 0.999991
1069 0.999991
1070 0.999991
1071 0.999991
1072 0.999991
1073 0.999991
1074 0.999991
1075 0.999991
1076 0.999991
1077 0.999991
1078 0.999991
1079 0.999992
1080 0.999992
1081 0.999991
1082 0.999991
1083 0.999991
1084 0.999991
1085 0.999991
1086 0.999991
1087 0.999992
1088 0.999992
1089 0.999994
1090 0.999994
1091 0.999995
1092 0.999995
1093 0.999994
1094 0.999994
1095 0.999995
1096 0.999995
1097 0.999997
1098 0.999997
1099 0.992848
1100 0.985026
1101 0.970422
1102 0.956856
1103 0.941646
1104 0.941646
1105 0.910641
1106 0.894462
1107 0.87833
1108 0.864098
1109 0.847988
1110 0.830896
1111 0.830896
1112 0.801971
1113 0.801971
1114 0.769927
1115 0.769927
1116 0.737828
1117 0.737828
1118 0.705945
1119 0.691891
1120 0.674859
1121 0.659782
1122 0.645941
1123 0.629933
1124 0.611934
1125 0.599949
1126 0.580938
1127 0.566928
1128 0.550685
1129 0.53541
1130 0.53541
1131 0.504371
1132 0.488331
1133 0.471291
1134 0.471291
1135 0.442847
1136 0.442847
1137 0.410894
1138 0.410894
1139 0.377835
1140 0.377835
1141 0.349027
1142 0.349027
1143 0.317886
1144 0.302009
1145 0.284858
1146 0.270834
1147 0.253847
1148 0.238448
1149 0.221465
1150 0.206499
1151 0.191482
1152 0.191482
1153 0.160316
1154 0.144624
1155 0.128639
1156 0.113632
1157 0.0965969
1158 0.0965969
1159 0.0665946
1160 0.0504969
1161 0.0351119
1162 0.0211051
1163 0.0123489
1164 0.0123489
1165 0.00157315
1166 0.00157315
1167 -0.000697416
1168 -0.000820322
1169 -0.000805403
1170 -0.000805403
1171 -0.00073578
1172 -0.000694811
1173 -0.00065029
1174 -0.00065029
1175 -0.000517201
1176 -0.000410635
1177 -0.000302648
1178 -0.000227578
1179 -0.000176426
1180 -0.000149193
1181 -0.00012338
1182 -0.000102303
1183 -8.40688e-05
1184 -6.74918e-05
1185 -4.831e-05
1186 -3.59957e-05
1187 -2.55759e-05
1188 -1.87083e-05
1189 -1.56297e-05
1190 -1.27879e-05
1191 -1.0183e-05
1192 -7.34122e-06
1193 -3.5522e-06
1194 -4.73627e-07
1195 2.13132e-06
1196 3.5522e-06
1197 5.2099e-06
1198 6.39396e-06
1199 7.57803e-06
1200 8.7621e-06
1201 7.81485e-06
1202 7.34122e-06
1203 6.86759e-06
1204 6.86759e-06
1205 6.63078e-06
1206 6.63078e-06
1207 6.63078e-06
1208 7.10441e-06
1209 7.10441e-06
1210 7.81485e-06
1211 7.81485e-06
1212 3.07858e-06
1213 3.07858e-06
1214 0
1215 0
1216 1.18407e-06
1217 1.18407e-06
1218 2.13132e-06
1219 2.13132e-06
1220 2.13132e-06
1221 2.13132e-06
1222 1.18407e-06
1223 1.18407e-06
1224 7.10441e-07
1225 4.73627e-07
1226 4.73627e-07
1227 4.73627e-07
1228 4.73627e-07
1229 9.47254e-07
1230 7.10441e-07
1231 9.47254e-07
1232 7.10441e-07
1233 0
1234 0
1235 -4.73627e-07
1236 -2.36814e-07
1237 -4.73627e-07
1238 0
1239 0
1240 0
1241 0
1242 -7.10441e-07
1243 -4.73627e-07
1244 -9.47254e-07
1245 -7.10441e-07
1246 -4.73627e-07
1247 -7.10441e-07
1248 -2.36814e-07
1249 -4.73627e-07
1250 -4.73627e-07
1251 -9.47254e-07
1252 -9.47254e-07
1253 -1.42088e-06
1254 -1.42088e-06
1255 -1.18407e-06
1256 -1.18407e-06
1257 -1.18407e-06
1258 -1.18407e-06
1259 -1.42088e-06
1260 -1.42088e-06
1261 -1.65769e-06
1262 -1.65769e-06
1263 -1.89451e-06
1264 -1.65769e-06
1265 -1.89451e-06
1266 -1.89451e-06
1267 -1.89451e-06
1268 -1.89451e-06
1269 -2.13132e-06
1270 -2.36814e-06
1271 -2.13132e-06
1272 -2.36814e-06
1273 -2.13132e-06
1274 -2.36814e-06
1275 -2.60495e-06
1276 -2.36814e-06
1277 -2.60495e-06
1278 -2.36814e-06
1279 -2.60495e-06
1280 -2.36814e-06
1281 -2.60495e-06
1282 -2.60495e-06
1283 -2.36814e-06
1284 -2.60495e-06
1285 -2.60495e-06
1286 -2.84176e-06
1287 -2.36814e-06
1288 -2.60495e-06
1289 -2.36814e-06
