0 0
1 0
2 0
3 0
4 0
5 0
6 0
7 0
8 0
9 0
10 0
11 0
12 0
13 0
14 0
15 0
16 0
17 0
18 0
19 0
20 0
21 0
22 0
23 0
24 0
25 0
26 0
27 0
28 0
29 0
30 0
31 0
32 0
33 0
34 0
35 0
36 0
37 0
38 0
39 0
40 0
41 0
42 0
43 0
44 0
45 0
46 0
47 0
48 0
49 0
50 0
51 0
52 0
53 0
54 0
55 0
56 0
57 0
58 0
59 0
60 0
61 0
62 0
63 0
64 0
65 0
66 0
67 0
68 0
69 0
70 0
71 0
72 0
73 0
74 0
75 0
76 0
77 0
78 0
79 0
80 0
81 0
82 0
83 0
84 0
85 0
86 0
87 0
88 0
89 0
90 0
91 0
92 0
93 0
94 0
95 0
96 0
97 0
98 0
99 0
100 0
101 0
102 0
103 0
104 0
105 0
106 0
107 0
108 0
109 0
110 0
111 0
112 0
113 0
114 0
115 0
116 0
117 0
118 0
119 0
120 0
121 0
122 0
123 0
124 0
125 0
126 0
127 0
128 0
129 0
130 0
131 0
132 0
133 0
134 0
135 0
136 0
137 0
138 0
139 0
140 0
141 0
142 0
143 0
144 0
145 0
146 0
147 0
148 0
149 0
150 0
151 0
152 0
153 0
154 0
155 0
156 0
157 0
158 0
159 0
160 0
161 0
162 0
163 0
164 0
165 0
166 0
167 0
168 0
169 0
170 0
171 0
172 0
173 0
174 0
175 0
176 0
177 0
178 0
179 0
180 0
181 0
182 0
183 0
184 0
185 0
186 0
187 0
188 0
189 0
190 0
191 0
192 0
193 0
194 0
195 0
196 0
197 0
198 0
199 0
200 0
201 0
202 0
203 0
204 0
205 0
206 0
207 0
208 0
209 0
210 0
211 0
212 0
213 0
214 0
215 0.00121
216 0.00121
217 0
218 0.00121
219 0
220 0.00121
221 0
222 0.00121
223 0.00121
224 0.00121
225 0.00121
226 0.00121
227 0.00121
228 0.00121
229 0.00121
230 0.00121
231 0.00121
232 0.00121
233 0.00121
234 0.00121
235 0.00121
236 0.00121
237 0.00121
238 0.00121
239 0.00121
240 0.00121
241 0.00121
242 0.00121
243 0.00121
244 0.00121
245 0.00121
246 0.00121
247 0.00121
248 0.00121
249 0.00121
250 0.00121
251 0.00121
252 0.00121
253 0.00121
254 0.00121
255 0.00121
256 0.00121
257 0.00121
258 0.00121
259 0.00121
260 0.00121
261 0.00121
262 0.00121
263 0.00121
264 0.00121
265 0.00121
266 0.00121
267 0.00121
268 0.00121
269 0.00121
270 0.17303
271 0.10043
272 0.09801
273 0.0847
274 0.07381
275 0.07139
276 0.06655
277 0.06292
278 0.05445
279 0.05203
280 0.05687
281 0.06655
282 0.06655
283 0.06171
284 0.05929
285 0.06534
286 0.0605
287 0.05566
288 0.05566
289 0.05566
290 0.06413
291 0.06534
292 0.0605
293 0.05445
294 0.05808
295 0.06292
296 0.06171
297 0.0605
298 0.05808
299 0.05929
300 0.06655
301 0.06171
302 -0.07502
303 -0.01573
304 -0.00605
305 0.00121
306 0.01452
307 0.01694
308 0.02299
309 0.01694
310 0.00363
311 -0.01089
312 -0.0242
313 -0.0242
314 -0.02662
315 -0.02783
316 -0.02662
317 -0.02541
318 -0.02541
319 -0.02541
320 -0.02662
321 -0.02541
322 -0.02662
323 -0.02662
324 -0.02541
325 -0.0242
326 -0.0242
327 -0.0242
328 -0.0242
329 -0.0242
330 -0.02299
331 -0.02299
332 -0.02299
333 -0.02178
334 -0.02057
335 -0.02057
336 -0.02057
337 -0.02057
338 -0.02057
339 -0.01936
340 -0.01936
341 -0.01815
342 -0.01815
343 -0.01815
344 -0.01815
345 -0.01815
346 -0.01694
347 -0.01694
348 -0.01694
349 -0.01573
350 -0.01573
351 -0.01573
352 -0.01573
353 -0.01573
354 -0.01573
355 -0.01452
356 -0.01452
357 -0.01452
358 -0.01452
359 -0.01452
360 -0.01331
361 -0.01331
362 -0.01331
363 -0.01331
364 -0.01331
365 -0.01331
366 -0.01331
367 -0.0121
368 -0.0121
369 -0.0121
370 -0.0121
371 -0.0121
372 -0.0121
373 -0.0121
374 -0.0121
375 -0.01089
376 -0.01089
377 -0.01089
378 -0.01089
379 -0.0121
380 -0.01089
381 -0.01089
382 -0.01089
383 -0.01089
384 -0.01089
385 -0.01089
386 -0.01089
387 -0.01089
388 -0.01089
389 -0.01089
390 -0.01089
391 -0.01089
392 -0.01089
393 -0.01089
394 -0.01089
395 -0.00968
396 -0.00968
397 -0.00968
398 -0.00968
399 -0.16093
400 -0.10406
401 -0.10285
402 -0.07865
403 -0.0726
404 -0.0605
405 -0.06292
406 -0.06413
407 -0.05929
408 -0.05566
409 -0.05808
410 -0.06413
411 -0.06413
412 -0.05445
413 -0.05687
414 -0.06292
415 -0.0605
416 -0.05445
417 -0.05929
418 -0.06655
419 -0.0605
420 -0.05808
421 -0.05324
422 -0.06171
423 -0.06534
424 -0.06292
425 -0.06171
426 -0.05929
427 -0.06413
428 -0.06171
429 -0.05687
430 -0.05445
431 0.0121
432 0.00968
433 -0.00121
434 0.00121
435 -0.00968
436 -0.02662
437 -0.03267
438 -0.02178
439 0.00363
440 0.01573
441 0.01936
442 0.0242
443 0.02541
444 0.02662
445 0.02541
446 0.02541
447 0.02541
448 0.02662
449 0.02783
450 0.02783
451 0.02904
452 0.02904
453 0.02904
454 0.02783
455 0.02783
456 0.02662
457 0.02662
458 0.02662
459 0.02662
460 0.02662
461 0.02541
462 0.02541
463 0.0242
464 0.0242
465 0.0242
466 0.0242
467 0.0242
468 0.02299
469 0.02299
470 0.02299
471 0.02178
472 0.02178
473 0.02178
474 0.02178
475 0.02178
476 0.02057
477 0.02057
478 0.02057
479 0.02057
480 0.02057
481 0.02057
482 0.01936
483 0.01936
484 0.01936
485 0.01936
486 0.01936
487 0.01815
488 0.01815
489 0.01815
490 0.01815
491 0.01815
492 0.01815
493 0.01815
494 0.01815
495 0.01694
496 0.01694
497 0.01694
498 0.01694
499 0.01694
500 0.01694
501 0.01694
502 0.01694
503 0.01694
504 0.01694
505 0.01694
506 0.01694
507 0.01573
508 0.01573
509 0.01573
510 0.01573
511 0.01573
512 0.01573
513 0.01573
514 0.01573
515 0.01573
516 0.01573
517 0.01573
518 0.01573
519 0.01573
520 0.01573
521 0.01573
522 0.01573
523 0.01573
524 0.01452
525 0.01452
526 0.01452
527 0.13189
528 0.10769
529 0.09559
530 0.10043
531 0.09196
532 0.08107
533 0.07623
534 0.05808
535 0.05687
536 0.06413
537 0.06776
538 0.0605
539 0.0605
540 0.06292
541 0.06776
542 0.06776
543 0.05808
544 0.05929
545 0.06534
546 0.06171
547 0.05687
548 0.0605
549 0.06897
550 0.06897
551 0.07018
552 0.05808
553 0.05929
554 0.06292
555 0.07018
556 0.06776
557 0.05808
558 0.05929
559 0.06171
560 -0.01452
561 0
562 -0.00121
563 0.01452
564 0.01573
565 0.02299
566 0.02057
567 0.00605
568 -0.00726
569 -0.02541
570 -0.0242
571 -0.02662
572 -0.02783
573 -0.02783
574 -0.02662
575 -0.02541
576 -0.0242
577 -0.02541
578 -0.02541
579 -0.02662
580 -0.02662
581 -0.02662
582 -0.02541
583 -0.0242
584 -0.0242
585 -0.0242
586 -0.0242
587 -0.02299
588 -0.02299
589 -0.02299
590 -0.02178
591 -0.02178
592 -0.02057
593 -0.02057
594 -0.02057
595 -0.02057
596 -0.02057
597 -0.01936
598 -0.01936
599 -0.01815
600 -0.01815
601 -0.01815
602 -0.01815
603 -0.01694
604 -0.01694
605 -0.01694
606 -0.01694
607 -0.01573
608 -0.01573
609 -0.01573
610 -0.01573
611 -0.01573
612 -0.01452
613 -0.01452
614 -0.01452
615 -0.01452
616 -0.01452
617 -0.01331
618 -0.01331
619 -0.01331
620 -0.01331
621 -0.01331
622 -0.01331
623 -0.0121
624 -0.0121
625 -0.0121
626 -0.0121
627 -0.0121
628 -0.0121
629 -0.0121
630 -0.0121
631 -0.0121
632 -0.0121
633 -0.01089
634 -0.01089
635 -0.01089
636 -0.01089
637 -0.01089
638 -0.01089
639 -0.01089
640 -0.01089
641 -0.01089
642 -0.01089
643 -0.01089
644 -0.01089
645 -0.01089
646 -0.01089
647 -0.01089
648 -0.01089
649 -0.01089
650 -0.01089
651 -0.01089
652 -0.00968
653 -0.00968
654 -0.00968
655 -0.00968
656 -0.09196
657 -0.10164
658 -0.09922
659 -0.09438
660 -0.08591
661 -0.07139
662 -0.05808
663 -0.05445
664 -0.05929
665 -0.06413
666 -0.05929
667 -0.05566
668 -0.05687
669 -0.06534
670 -0.06534
671 -0.06413
672 -0.05929
673 -0.05445
674 -0.05808
675 -0.05929
676 -0.06655
677 -0.06292
678 -0.05929
679 -0.05324
680 -0.05687
681 -0.06413
682 -0.06655
683 -0.06534
684 -0.05687
685 -0.05687
686 -0.06292
687 -0.06534
688 0.06534
689 0.00968
690 -0.00121
691 0.00484
692 -0.01089
693 -0.02178
694 -0.03146
695 -0.01452
696 0
697 0.01089
698 0.02057
699 0.02299
700 0.02662
701 0.02662
702 0.02541
703 0.02541
704 0.02541
705 0.02662
706 0.02783
707 0.02783
708 0.02904
709 0.02904
710 0.02904
711 0.02783
712 0.02783
713 0.02662
714 0.02662
715 0.02662
716 0.02662
717 0.02662
718 0.02662
719 0.02541
720 0.02541
721 0.02541
722 0.0242
723 0.0242
724 0.0242
725 0.0242
726 0.0242
727 0.02299
728 0.02299
729 0.02299
730 0.02178
731 0.02178
732 0.02178
733 0.02178
734 0.02178
735 0.02057
736 0.02057
737 0.02057
738 0.02057
739 0.02057
740 0.02057
741 0.01936
742 0.01936
743 0.01936
744 0.01936
745 0.01936
746 0.01936
747 0.01936
748 0.01815
749 0.01815
750 0.01815
751 0.01815
752 0.01815
753 0.01815
754 0.01815
755 0.01815
756 0.01815
757 0.01694
758 0.01694
759 0.01694
760 0.01694
761 0.01694
762 0.01694
763 0.01694
764 0.01694
765 0.01694
766 0.01694
767 0.01694
768 0.01573
769 0.01573
770 0.01573
771 0.01573
772 0.01573
773 0.01573
774 0.01573
775 0.01573
776 0.01573
777 0.01573
778 0.01573
779 0.01573
780 0.01573
781 0.01573
782 0.01573
783 0.01573
