0 0.000378665
1 0
2 0.000757566
3 0.000757566
4 0.000378665
5 -0.000378665
6 -0.000378665
7 0
8 0
9 -0.000378665
10 0.000757566
11 0
12 0
13 -0.000378665
14 -0.000757566
15 0
16 0
17 0
18 0
19 0
20 0.0011367
21 0.000378665
22 -0.000757566
23 0
24 0
25 -0.000378665
26 -0.000378665
27 0
28 0
29 0
30 0.000757566
31 0.000378665
32 -0.000378665
33 0
34 0.000378665
35 0.000378665
36 -0.000378665
37 -0.000378665
38 0
39 0.000757566
40 0
41 -0.000378665
42 0.000757566
43 0.000757566
44 0.000378665
45 0.000378665
46 -0.000378665
47 -0.000378665
48 0.000378665
49 -0.000378665
50 0.000757566
51 -0.000378665
52 0.000378665
53 -0.000757566
54 0
55 0
56 0
57 -0.000378665
58 -0.000378665
59 0
60 0.000378665
61 0.000378665
62 0
63 0.000378665
64 -0.000378665
65 0.000757566
66 0.000757566
67 -0.000757566
68 0.000378665
69 0
70 0
71 0.000378665
72 0.000378665
73 0.000378665
74 0
75 0.000757566
76 0
77 0
78 -0.000378665
79 0.000378665
80 0.000378665
81 0
82 0.000378665
83 -0.000378665
84 -0.000757566
85 0.000378665
86 0
87 -0.000378665
88 0.000378665
89 -0.000378665
90 -0.000378665
91 0.000378665
92 -0.000378665
93 -0.000378665
94 -0.000757566
95 0
96 0
97 0
98 0
99 0
100 0
101 0
102 0
103 -0.000757566
104 -0.000378665
105 0
106 0.000378665
107 0
108 -0.000757566
109 0.000378665
110 0.000378665
111 -0.000378665
112 0.000378665
113 -0.000378665
114 -0.000378665
115 -0.000378665
116 -0.000378665
117 -0.000378665
118 -0.000378665
119 0.000378665
120 0.000378665
121 -0.000378665
122 -0.000378665
123 -0.000378665
124 0.000378665
125 0
126 0
127 -0.000757566
128 -0.000757566
129 0.000757566
130 0.000378665
131 0
132 0.000378665
133 0.000378665
134 0.000378665
135 0.000378665
136 0.000378665
137 -0.000378665
138 -0.000378665
139 -0.000378665
140 0
141 -0.000378665
142 0.000378665
143 0
144 0
145 0.000757566
146 0.000757566
147 0.000378665
148 0.000378665
149 0
150 -0.000378665
151 0
152 0
153 0
154 -0.000378665
155 -0.000378665
156 0
157 0.000757566
158 0.000378665
159 0.000378665
160 -0.000378665
161 0
162 -0.000378665
163 -0.000378665
164 -0.000378665
165 0
166 0.000378665
167 -0.000378665
168 -0.000378665
169 -0.000757566
170 0
171 0.000378665
172 0
173 -0.000378665
174 -0.000378665
175 0
176 0
177 0.000378665
178 -0.000757566
179 0
180 0
181 0.000378665
182 0
183 0.000378665
184 -0.000378665
185 0
186 0.000378665
187 0
188 0
189 -0.000378665
190 0.000378665
191 -0.000378665
192 0.000757566
193 0
194 0.000378665
195 0
196 0
197 0
198 -0.000378665
199 0.000757566
200 -0.000378665
201 0.000378665
202 0.000378665
203 -0.000378665
204 0
205 0
206 -0.00227341
207 0
208 -0.000757566
209 -0.000378665
210 -0.000378665
211 -0.000378665
212 -0.000757566
213 0
214 -0.000378665
215 -0.000378665
216 -0.000378665
217 -0.000378665
218 -0.000378665
219 -0.000378665
220 -0.00568329
221 -0.00265207
222 -0.000378665
223 -0.000378665
224 0.0011367
225 0.000757566
226 -0.0011367
227 -0.000378665
228 0.0011367
229 0
230 -0.000757566
231 0.000378665
232 0
233 0
234 -0.000378665
235 -0.000378665
236 0.000757566
237 -0.000757566
238 0
239 -0.000378665
240 0.000378665
241 0
242 0
243 -0.000378665
244 -0.000378665
245 0
246 0
247 -0.000378665
248 0
249 0.000378665
250 0
251 -0.000757566
252 -0.000378665
253 0.000378665
254 -0.000378665
255 0.000757566
256 0
257 0.000378665
258 0.000378665
259 0
260 -0.000757566
261 -0.000378665
262 -0.000378665
263 0.000378665
264 -0.000378665
265 0.000378665
266 0.000378665
267 0
268 0.000757566
269 -0.000378665
270 -0.000757566
271 -0.000378665
272 0
273 0.000378665
274 0.000378665
275 0
276 0
277 -0.000378665
278 0
279 0.000378665
280 0.000378665
281 0
282 0
283 -0.000378665
284 -0.000378665
285 0
286 0.000757566
287 0
288 0
289 0
290 0.000757566
291 -0.000378665
292 -0.000378665
293 -0.000757566
294 0
295 0
296 0
297 0.000378665
298 0.000757566
299 0.000378665
300 -0.000378665
301 -0.000757566
302 0.000378665
303 0
304 -0.000378665
305 0.000378665
306 -0.000378665
307 -0.000757566
308 0
309 0
310 0.000378665
311 -0.000378665
312 0
313 0
314 -0.000378665
315 -0.000378665
316 0
317 -0.000757566
318 0
319 0
320 0
321 0
322 -0.000378665
323 -0.000378665
324 -0.000757566
325 0.0011367
326 0
327 0
328 0
329 0.000378665
330 0.000757566
331 0.000378665
332 0
333 -0.000378665
334 -0.000757566
335 0.000378665
336 0.000378665
337 0.000757566
338 -0.000378665
339 0.000378665
340 0.000378665
341 -0.000378665
342 -0.000378665
343 0.000378665
344 0.000378665
345 0.000378665
346 0.000378665
347 0.000378665
348 0.000378665
349 0
350 0
351 -0.000378665
352 -0.000757566
353 0.000378665
354 0
355 0.000378665
356 0.000378665
357 0.000378665
358 -0.000757566
359 -0.000757566
360 0.000378665
361 0.000378665
362 0
363 0
364 0
365 0.000757566
366 0
367 0
368 0
369 0
370 0
371 -0.000378665
372 -0.000378665
373 0
374 0
375 0.000378665
376 0.000757566
377 -0.000378665
378 0
379 0.000378665
380 -0.0011367
381 -0.000757566
382 -0.000378665
383 0
384 0
385 0
386 -0.000757566
387 -0.000378665
388 0
389 -0.000378665
390 -0.000378665
391 -0.000757566
392 -0.000757566
393 0.000378665
394 0.000378665
395 0
396 0
397 -0.000378665
398 -0.000378665
399 -0.000378665
400 -0.000378665
401 0.000378665
402 0.000378665
403 0
404 0
405 0.000378665
406 0.000378665
407 0.000378665
408 0
409 0.000378665
410 -0.000378665
411 0.000757566
412 -0.000378665
413 -0.000378665
414 -0.000378665
415 -0.000378665
416 -0.000378665
417 -0.000378665
418 -0.000757566
419 -0.000757566
420 -0.000378665
421 -0.000378665
422 0
423 0
424 0
425 0
426 0.000378665
427 0.000378665
428 -0.000378665
429 -0.000378665
430 0
431 0
432 0.000378665
433 0
434 -0.000757566
435 0.000378665
436 0
437 0
438 0
439 -0.000378665
440 -0.000378665
441 -0.000378665
442 -0.000757566
443 -0.000757566
444 0.000757566
445 0.000378665
446 -0.000378665
447 0.000378665
448 0.000378665
449 -0.000757566
450 -0.000378665
451 -0.000378665
452 -0.000378665
453 -0.000378665
454 0
455 -0.000378665
456 0.000757566
457 0.000757566
458 0
459 0.000378665
460 0.000378665
461 -0.000757566
462 -0.000757566
463 0
464 0
465 -0.000757566
466 0
467 -0.000378665
468 0.000757566
469 -0.000757566
470 0.000757566
471 -0.000378665
472 0.000378665
473 0.000378665
474 -0.000378665
475 0.000378665
476 0.000378665
477 -0.000378665
478 -0.000378665
479 -0.0011367
480 -0.000757566
481 0
482 -0.000757566
483 0
484 0.000378665
485 -0.000378665
486 -0.000378665
487 -0.000757566
488 -0.000757566
489 -0.000378665
490 -0.000378665
491 -0.000378665
492 -0.0011367
493 -0.0011367
494 0.0011367
495 -0.000378665
496 -0.000378665
497 -0.000378665
498 0
499 0
500 0
501 0
502 0.000378665
503 0.000378665
504 0.000378665
505 -0.000378665
506 0
507 0
508 0
509 -0.000378665
510 0.000757566
511 0
512 -0.000378665
513 -0.000378665
514 -0.000378665
515 0
516 0.000378665
517 0.000378665
518 0
519 0
520 0.000378665
521 0.0431945
522 0.438389
523 0.438389
524 0.792662
525 0.919594
526 0.971503
527 0.971503
528 0.984765
529 0.984765
530 1.02493
531 1.02493
532 0.984765
533 0.983249
534 0.999164
535 1.00636
536 1.00598
537 0.997648
538 0.97605
539 1.00901
540 1.01394
541 1.00144
542 0.991585
543 1.00409
544 0.993859
545 0.987796
546 0.989312
547 0.990449
548 0.985144
549 0.984765
550 0.997269
551 1.00219
552 0.996511
553 1.00901
554 1.00333
555 0.991964
556 0.982871
557 0.995753
558 0.995753
559 1.00447
560 1.00447
561 0.994238
562 1.00371
563 0.993859
564 1.02228
565 1.00447
566 1.00447
567 1.01091
568 1.01091
569 1.00674
570 0.984386
571 0.991206
572 1.01243
573 0.985902
574 1.00371
575 0.994996
576 0.993859
577 1.00409
578 0.99007
579 0.99007
580 0.976808
581 0.976808
582 1.00598
583 1.00598
584 0.985523
585 0.8692
586 0.548271
587 0.330023
588 0.187177
589 0.187177
590 0.0352379
591 0.00303098
592 -0.00151537
593 -0.00227341
594 -0.00265207
595 -0.00265207
596 -0.00303098
597 -0.00303098
598 -0.00416792
599 -0.00416792
600 -0.00719889
601 -0.00454682
602 -0.00303098
603 -0.00303098
604 -0.00151537
605 -0.000757566
606 -0.00151537
607 -0.00227341
608 -0.00265207
609 -0.000757566
610 -0.000378665
611 -0.000378665
612 -0.000378665
613 0.000378665
614 0
615 0.000378665
616 -0.000378665
617 0
618 0.000378665
619 -0.000378665
620 -0.000378665
621 0.000378665
622 0
623 -0.000378665
624 -0.000378665
625 0
626 0
627 0.000378665
628 -0.000378665
629 0
630 0.000378665
631 0.000378665
632 0.000378665
633 -0.000378665
634 -0.000378665
635 0.000378665
636 -0.000378665
637 0.000378665
638 0
639 0.000378665
640 0.000378665
641 0
642 0
643 0
644 -0.000378665
645 0.000378665
646 -0.000378665
647 0
648 -0.000757566
649 -0.000757566
650 0
651 0
652 0.000378665
653 -0.000378665
654 0.000378665
655 0.000378665
656 0.000378665
657 0
658 -0.000378665
659 0
660 0
661 0
662 0
663 0
664 0.000757566
665 0.000378665
666 -0.000378665
667 0
668 -0.000378665
669 -0.000378665
670 0.000378665
671 0
672 0
673 0
674 0
675 0
676 0
677 0.000378665
678 -0.000378665
679 0
680 0
681 0.0011367
682 0.000378665
683 -0.000378665
684 0
685 0
686 0
687 -0.000378665
688 -0.000378665
689 0
690 0
691 0
692 0
693 -0.000378665
694 0.000378665
695 0
696 -0.000378665
697 -0.000378665
698 0.000757566
699 0.000757566
700 0.000757566
701 0.000378665
702 0.000378665
703 0
704 0.000378665
705 0
706 -0.000378665
707 0
708 0.000378665
709 -0.000378665
710 -0.000378665
711 -0.000378665
712 0
713 0
714 -0.00644109
715 -0.553196
716 -0.75894
717 -0.848739
718 -0.848739
719 -0.987038
720 -0.987038
721 -1.02341
722 -1.02341
723 -1.02531
724 -0.998406
725 -1.01394
726 -1.00523
727 -0.991964
728 -0.998785
729 -0.988554
730 -0.99689
731 -0.991585
732 -0.991585
733 -1.00826
734 -0.996132
735 -0.991585
736 -0.99689
737 -1.00674
738 -1.00182
739 -1.00409
740 -1.00409
741 -1.01243
742 -1.01243
743 -1.00523
744 -1.00257
745 -1.00371
746 -1.00371
747 -0.988933
748 -1.00598
749 -0.992343
750 -0.992343
751 -1.01432
752 -1.00939
753 -1.00712
754 -0.988933
755 -1.01053
756 -0.994617
757 -1.00712
758 -1.00712
759 -1.00182
760 -1.00144
761 -1.00939
762 -0.987417
763 -0.987417
764 -1.00523
765 -1.00523
766 -0.998785
767 -0.998785
768 -1.0003
769 -1.0003
770 -1.00788
771 -1.00409
772 -0.996132
773 -0.996132
774 -1.00333
775 -1.00333
776 -1.00257
777 -0.668003
778 -0.459229
779 -0.459229
780 -0.136405
781 -0.136405
782 -0.0121246
783 0.000757566
784 0.00227341
785 0.00227341
786 0.00227341
787 0.00227341
788 0.00303098
789 0.00340988
790 0.00530439
791 0.00644109
792 0.00530439
793 0.00303098
794 0.00189427
795 0.0011367
796 0.000757566
797 0.0011367
798 0.00151537
799 0.00151537
800 0.00151537
801 0.000378665
802 0.000378665
803 0
804 0.000757566
805 0.000378665
806 0.000378665
807 0.000757566
808 0.000757566
809 0.000757566
810 -0.000378665
811 0
812 -0.000757566
813 -0.000378665
814 0
815 -0.000378665
816 0.000378665
817 0
818 0.000378665
819 0
820 0
821 0
822 -0.000378665
823 -0.000378665
824 0
825 -0.000378665
826 0.000378665
827 -0.000378665
828 0.000757566
829 0.000757566
830 -0.000757566
831 -0.000757566
832 0.000757566
833 0.000757566
834 -0.000378665
835 -0.000378665
836 0.000378665
837 0.000757566
838 -0.000378665
839 -0.000378665
840 -0.000378665
841 -0.000378665
842 0
843 0.000378665
844 0
845 0.000378665
846 0.000378665
847 0.000757566
848 -0.000378665
849 -0.000378665
850 0
851 0.000378665
852 -0.000378665
853 -0.000378665
854 0
855 -0.000378665
856 0
857 0
858 -0.000378665
859 -0.000378665
860 -0.000757566
861 0
862 0.000757566
863 -0.000378665
864 0.000378665
865 -0.000378665
866 -0.000378665
867 -0.000378665
868 -0.000378665
869 0.000378665
870 0
871 0.000378665
872 -0.000378665
873 0
874 0
875 -0.000757566
876 0
877 0.000378665
878 0.0011367
879 0
880 0
881 -0.000378665
882 0
883 0
884 0
885 -0.000378665
886 0
887 0.000757566
888 -0.000757566
889 -0.000378665
890 0.000378665
891 0.000378665
892 -0.000378665
893 -0.000378665
894 0.000378665
895 0.000378665
896 -0.000378665
897 -0.000378665
898 0
899 0
900 0.000378665
901 0.000378665
902 0
903 0
904 -0.000378665
905 0.0462258
906 0.439905
907 0.647164
908 0.783189
909 0.897618
910 0.967714
911 0.987796
912 0.997648
913 1.00674
914 0.993859
915 1.01621
916 1.00068
917 1.00598
918 1.01773
919 1.00523
920 1.01394
921 0.991206
922 1.02038
923 1.00523
924 1.00864
925 0.990449
926 0.981355
927 1.00068
928 0.98666
929 0.999542
930 0.993859
931 0.991585
932 1.0056
933 1.01925
934 0.998406
935 1.00788
936 0.997269
937 0.997269
938 1.00106
939 1.00636
940 0.999542
941 0.999164
942 1.00864
943 1.0075
944 0.997269
945 0.998406
946 0.999921
947 1.00485
948 1.00598
949 0.985144
950 0.983628
951 1.00371
952 1.01849
953 1.01205
954 0.99007
955 1.00939
956 1.00598
957 0.989691
958 1.01394
959 1.00144
960 1.00144
961 1.00219
962 0.998406
963 1.00144
964 1.00144
965 1.00182
966 0.991964
967 1.0056
968 0.998406
969 0.918457
970 0.579341
971 0.363745
972 0.20347
973 0.0981353
974 0.0371324
975 0.0371324
976 -0.0011367
977 -0.00265207
978 -0.00227341
979 -0.00189427
980 -0.00340988
981 -0.00340988
982 -0.00416792
983 -0.0075778
984 -0.00644109
985 -0.00530439
986 -0.00303098
987 -0.00151537
988 -0.00151537
989 -0.0011367
990 -0.0011367
991 -0.00151537
992 -0.00151537
993 -0.0011367
994 -0.0011367
995 -0.000757566
996 -0.000378665
997 0.000378665
998 -0.000757566
999 0
1000 0
1001 0
1002 0.000378665
1003 0.000757566
1004 0
1005 0.000757566
1006 0.000378665
1007 0.000378665
1008 0
1009 0
1010 0.000378665
1011 0.000757566
1012 0
1013 -0.000378665
1014 0
1015 -0.000378665
1016 0.000378665
1017 -0.000378665
1018 0.000378665
1019 0
1020 -0.000378665
1021 -0.000378665
1022 0
1023 0
1024 0
1025 0.000378665
1026 -0.000757566
1027 0.000757566
1028 0
1029 0
1030 0
1031 -0.000757566
1032 0
1033 0.000378665
1034 -0.000378665
1035 -0.000757566
1036 0
1037 0
1038 0
1039 0
1040 0
1041 0
1042 0
1043 0
1044 0
1045 -0.000757566
1046 0.000378665
1047 0
1048 0
1049 -0.000378665
1050 0
1051 0.000757566
1052 -0.000378665
1053 -0.000378665
1054 0.000378665
1055 0
1056 -0.000378665
1057 -0.0011367
1058 0.000378665
1059 0.000378665
1060 -0.000378665
1061 -0.000378665
1062 -0.000378665
1063 -0.000378665
1064 0.000378665
1065 -0.000378665
1066 0.000378665
1067 0
1068 0.000378665
1069 -0.000378665
1070 -0.000378665
1071 0.000378665
1072 0.000378665
1073 0
1074 0
1075 -0.000378665
1076 -0.000378665
1077 0
1078 0
1079 0
1080 0
1081 0
1082 0
1083 -0.000378665
1084 -0.000757566
1085 0.000757566
1086 0.000757566
1087 0.000378665
1088 0.000378665
1089 0.000378665
1090 0.000378665
1091 -0.000378665
1092 -0.000378665
1093 0
1094 0
1095 0
1096 0
1097 0.000378665
1098 -0.000378665
1099 -0.511517
1100 -0.678613
1101 -0.849876
1102 -0.939676
1103 -0.993859
1104 -0.993859
1105 -1.00826
1106 -1.01394
1107 -1.00144
1108 -1.01394
1109 -1.00333
1110 -0.982113
1111 -0.982113
1112 -1.01546
1113 -1.01546
1114 -0.986281
1115 -0.986281
1116 -1.00257
1117 -0.990449
1118 -1.00674
1119 -0.99007
1120 -0.998785
1121 -0.999542
1122 -0.999542
1123 -0.998027
1124 -0.999921
1125 -0.999164
1126 -1.00333
1127 -1.00598
1128 -0.995753
1129 -1.01167
1130 -1.01167
1131 -1.01129
1132 -1.00371
1133 -1.00219
1134 -1.00219
1135 -0.992722
1136 -0.992722
1137 -0.99007
1138 -0.99007
1139 -1.00333
1140 -1.00333
1141 -0.99689
1142 -0.99689
1143 -0.998785
1144 -0.995753
1145 -1.01811
1146 -0.991585
1147 -0.98666
1148 -1.00257
1149 -1.00144
1150 -1.01318
1151 -0.984386
1152 -0.984386
1153 -1.01318
1154 -0.988554
1155 -0.996511
1156 -0.988933
1157 -1.00712
1158 -1.00485
1159 -0.993859
1160 -0.997269
1161 -0.992722
1162 -0.757803
1163 -0.518337
1164 -0.518337
1165 -0.152318
1166 -0.152318
1167 -0.0197029
1168 0.000378665
1169 0.000757566
1170 0.000757566
1171 0.00303098
1172 0.00227341
1173 0.00378878
1174 0.00378878
1175 0.0075778
1176 0.00681999
1177 0.00530439
1178 0.00340988
1179 0.00378878
1180 0.0011367
1181 0.00151537
1182 0.0011367
1183 0.000757566
1184 0.00151537
1185 0.0011367
1186 0.000757566
1187 0.000378665
1188 0
1189 0
1190 -0.000378665
1191 0.000378665
1192 0
1193 0
1194 0.0011367
1195 -0.000378665
1196 -0.0011367
1197 0.000378665
1198 0
1199 -0.000378665
1200 0
1201 0
1202 -0.000378665
1203 0
1204 0.000378665
1205 0
1206 0.000378665
1207 0.000378665
1208 -0.000378665
1209 -0.000378665
1210 0
1211 0
1212 -0.0011367
1213 -0.0011367
1214 0.000378665
1215 0.000378665
1216 0.000378665
1217 0.000378665
1218 0.000378665
1219 0.000378665
1220 -0.000378665
1221 -0.000378665
1222 -0.000757566
1223 0
1224 0
1225 0
1226 0.000757566
1227 0.000757566
1228 0.000757566
1229 0
1230 -0.000757566
1231 0
1232 0.000378665
1233 0.000757566
1234 -0.000378665
1235 0
1236 0.000757566
1237 0.000378665
1238 0
1239 0
1240 0
1241 -0.000378665
1242 0.000378665
1243 0.000757566
1244 -0.000378665
1245 0.000378665
1246 0.000757566
1247 0
1248 -0.000378665
1249 -0.000378665
1250 -0.000378665
1251 0.000378665
1252 0.000378665
1253 0
1254 0
1255 0.000757566
1256 -0.000378665
1257 -0.000378665
1258 -0.000378665
1259 0.000378665
1260 0
1261 -0.000757566
1262 -0.000378665
1263 0.000378665
1264 0
1265 -0.000378665
1266 -0.000378665
1267 -0.000378665
1268 0.000378665
1269 0.000757566
1270 0.000378665
1271 0
1272 0.000757566
1273 0.000378665
1274 0.000378665
1275 0.000378665
1276 -0.000378665
1277 0
1278 0
1279 -0.000378665
1280 0
1281 -0.000378665
1282 0.000378665
1283 0.000757566
1284 0.000378665
1285 0.000378665
1286 0
1287 0
1288 0
1289 0.000757566
