0 0
1 0.000378665
2 0
3 -0.000378665
4 0
5 0.000378665
6 0.000757566
7 0.000378665
8 0.000378665
9 0
10 0
11 0.000378665
12 0
13 0
14 0
15 0
16 0.000378665
17 0.000378665
18 -0.000378665
19 0
20 0.000378665
21 0.000378665
22 0.000378665
23 -0.000757566
24 -0.000378665
25 0.000378665
26 0
27 -0.000378665
28 -0.000378665
29 0
30 0
31 -0.000378665
32 -0.000378665
33 0.000378665
34 0.000378665
35 0
36 0
37 0
38 0
39 0
40 -0.000378665
41 0
42 0
43 0.000378665
44 0
45 0.000378665
46 0.000757566
47 0
48 0
49 0
50 -0.000757566
51 -0.000757566
52 0
53 0
54 0
55 0.000757566
56 0
57 -0.000378665
58 0
59 0
60 -0.000378665
61 0
62 0.000378665
63 -0.000378665
64 -0.000757566
65 0.000378665
66 0.000378665
67 0.000378665
68 0
69 -0.000757566
70 0.000378665
71 0.000378665
72 0
73 0
74 -0.000378665
75 -0.000378665
76 0
77 -0.000757566
78 0.000378665
79 0.000378665
80 -0.000378665
81 0.000757566
82 0
83 0
84 0.000378665
85 0
86 0
87 -0.000378665
88 -0.000757566
89 0
90 -0.000757566
91 -0.000378665
92 -0.000378665
93 -0.000378665
94 0.000378665
95 0
96 0
97 -0.000757566
98 0
99 0
100 0
101 -0.0011367
102 -0.0011367
103 0.000378665
104 0.000378665
105 0.000378665
106 0
107 -0.000378665
108 0.000378665
109 -0.000378665
110 -0.000378665
111 -0.000378665
112 -0.000378665
113 0
114 -0.000378665
115 0
116 0
117 0.000378665
118 0
119 0.000378665
120 0.000378665
121 -0.000378665
122 -0.000378665
123 -0.000378665
124 -0.000757566
125 -0.000757566
126 0.000378665
127 0
128 0
129 0
130 0
131 0
132 0
133 0
134 0
135 0
136 0.000378665
137 0
138 0.000378665
139 0.000378665
140 0
141 0.000378665
142 0.000757566
143 -0.000378665
144 -0.000378665
145 0
146 0.000378665
147 0
148 -0.000757566
149 0
150 0
151 -0.000757566
152 0.000757566
153 0.000378665
154 0.000378665
155 0.000757566
156 0
157 -0.000757566
158 -0.000757566
159 0.000378665
160 -0.000378665
161 -0.000757566
162 -0.000757566
163 0.000378665
164 0
165 -0.000378665
166 0.000378665
167 0.000378665
168 0.000757566
169 0
170 0
171 0
172 0
173 -0.000378665
174 -0.000378665
175 -0.000378665
176 0
177 -0.000757566
178 0.000378665
179 0.000378665
180 0
181 -0.000378665
182 0.000378665
183 0.000757566
184 0.000757566
185 0.000378665
186 0
187 0
188 0.000757566
189 0.000757566
190 0
191 0
192 0
193 0
194 -0.000378665
195 0.000378665
196 -0.000378665
197 -0.000378665
198 0.000757566
199 -0.000757566
200 0.000378665
201 -0.000378665
202 -0.000757566
203 -0.000378665
204 0
205 0
206 -0.000757566
207 0
208 -0.000378665
209 0
210 0
211 -0.000378665
212 0.000757566
213 -0.000757566
214 0
215 0.000378665
216 0
217 0
218 0.000378665
219 -0.00189427
220 0
221 -0.000378665
222 -0.000378665
223 -0.000378665
224 0.000378665
225 0.000378665
226 0.000378665
227 -0.000378665
228 -0.000378665
229 0
230 0
231 -0.000378665
232 -0.000378665
233 0.000378665
234 0.000378665
235 0.000757566
236 0.000378665
237 -0.000378665
238 0
239 0.000757566
240 0.000378665
241 -0.000378665
242 -0.000757566
243 0.000378665
244 0.000378665
245 0.000378665
246 0
247 0
248 0
249 0
250 -0.000378665
251 -0.000378665
252 0
253 0
254 0
255 -0.0011367
256 -0.000378665
257 0
258 -0.000378665
259 -0.000757566
260 0
261 0
262 -0.000378665
263 -0.000378665
264 0.000378665
265 0.000757566
266 0
267 0
268 0
269 0
270 -0.000378665
271 0
272 0
273 0
274 -0.000378665
275 0.000378665
276 0
277 0.620641
278 1.09654
279 1.48984
280 1.73082
281 1.88882
282 1.96195
283 2.01538
284 2.00742
285 2.0275
286 2.01727
287 2.01197
288 2.01197
289 2.01841
290 2.01348
291 1.99113
292 1.9934
293 2.00022
294 1.99151
295 2.02447
296 1.99719
297 1.99833
298 1.98999
299 1.99302
300 1.99984
301 1.99984
302 1.99492
303 1.9809
304 1.9809
305 1.99984
306 1.99984
307 2.00136
308 1.99908
309 1.37693
310 0.895344
311 0.528568
312 0.276219
313 0.123522
314 0.0011367
315 -0.00340988
316 -0.00681999
317 -0.00871474
318 -0.015535
319 -0.0147769
320 -0.0117457
321 -0.010609
322 -0.0075778
323 -0.0075778
324 -0.00416792
325 -0.00265207
326 -0.00151537
327 -0.0011367
328 -0.000757566
329 -0.000757566
330 -0.0011367
331 -0.0011367
332 0
333 0
334 0
335 0.000378665
336 0
337 -0.000757566
338 0
339 0.000757566
340 0
341 0.000378665
342 0.000378665
343 0.000378665
344 0.000378665
345 0
346 0
347 -0.000757566
348 -0.000757566
349 0.000378665
350 0.000757566
351 0.000378665
352 0
353 0
354 -0.000378665
355 0
356 0
357 0
358 0
359 0
360 0.000378665
361 0
362 -0.000757566
363 0.000378665
364 0
365 0.000757566
366 0.000378665
367 0
368 0
369 -0.000378665
370 -0.000757566
371 -0.000757566
372 0
373 0
374 0.000378665
375 -0.000378665
376 0
377 0
378 0.000378665
379 -0.000757566
380 0
381 -0.000378665
382 0
383 0
384 0
385 0
386 0.000378665
387 0.000378665
388 -0.000378665
389 -0.000378665
390 0
391 0
392 0
393 0
394 0
395 -0.000757566
396 -0.000378665
397 0
398 0.000757566
399 -0.000378665
400 -0.000378665
401 0
402 0
403 -0.000378665
404 -0.910121
405 -0.910121
406 -1.63875
407 -1.83085
408 -1.94869
409 -1.98582
410 -2.00742
411 -2.02068
412 -2.01159
413 -2.00515
414 -2.0078
415 -2.02333
416 -2.00287
417 -1.99757
418 -1.99757
419 -1.99226
420 -1.99984
421 -1.99151
422 -1.99454
423 -2.00136
424 -1.98582
425 -2.00325
426 -1.98923
427 -1.98923
428 -1.99113
429 -1.99113
430 -2.00287
431 -2.00287
432 -1.99719
433 -1.99719
434 -1.99833
435 -1.80168
436 -1.0829
437 -0.687706
438 -0.400878
439 -0.183767
440 -0.0708546
441 -0.00795693
442 0.00265207
443 0.00681999
444 0.00719889
445 0.0136402
446 0.0132613
447 0.0121246
448 0.0125035
449 0.00985144
450 0.00719889
451 0.00719889
452 0.00340988
453 0.00340988
454 0
455 0
456 0.000757566
457 0.0011367
458 0.00151537
459 0.00189427
460 0.000757566
461 -0.000757566
462 0
463 0
464 0.000378665
465 0.000378665
466 0.000757566
467 0.0011367
468 0
469 -0.000378665
470 -0.000378665
471 0.000378665
472 0.000378665
473 0.0011367
474 0.0011367
475 0.000378665
476 0.000378665
477 -0.000378665
478 0.000757566
479 0.000378665
480 -0.000378665
481 0
482 -0.000378665
483 0.000378665
484 -0.000378665
485 -0.000378665
486 0
487 0
488 -0.000378665
489 0.000378665
490 0
491 0
492 0
493 0
494 0
495 0
496 0.000378665
497 0
498 -0.000378665
499 -0.000378665
500 0.000378665
501 0.000378665
502 0
503 -0.000378665
504 0
505 0
506 -0.000378665
507 0.000378665
508 -0.000757566
509 -0.000378665
510 0
511 0
512 0
513 -0.000757566
514 0.000378665
515 0.000757566
516 0.000757566
517 0
518 -0.000378665
519 0
520 0.000378665
521 0
522 0
523 0.000378665
524 -0.000378665
525 -0.000378665
526 -0.000757566
527 -0.000757566
528 0.000378665
529 0
530 -0.000378665
531 0.000378665
532 0.519095
533 0.999164
534 1.43869
535 1.43869
536 1.85813
537 1.96915
538 1.99264
539 2.02561
540 2.03015
541 2.04152
542 2.0131
543 1.99908
544 2.01121
545 2.00742
546 2.0131
547 2.0131
548 2.00174
549 1.99908
550 1.99037
551 2.00666
552 2.00136
553 1.99643
554 2.01538
555 1.98961
556 2.01727
557 2.00628
558 2.01348
559 2.00287
560 1.99984
561 1.99454
562 1.97711
563 1.99492
564 1.41974
565 0.957105
566 0.58313
567 0.313731
568 0.135268
569 0.0477414
570 0.0477414
571 -0.00530439
572 -0.00454682
573 -0.0075778
574 -0.0075778
575 -0.0140191
576 -0.0121246
577 -0.00985144
578 -0.00909364
579 -0.00795693
580 -0.00492572
581 -0.00265207
582 -0.0011367
583 -0.000757566
584 -0.00151537
585 -0.00151537
586 -0.0011367
587 -0.0011367
588 0
589 0
590 0.000378665
591 0
592 0
593 -0.000757566
594 0.000378665
595 0.000378665
596 -0.000757566
597 -0.000378665
598 0.000378665
599 -0.000378665
600 0
601 -0.000757566
602 0
603 0
604 0.000378665
605 0
606 0
607 0.000757566
608 -0.000378665
609 0
610 0
611 0.000378665
612 -0.000757566
613 0
614 0
615 0
616 0
617 0
618 0
619 -0.000757566
620 -0.000757566
621 -0.000378665
622 0.000378665
623 0
624 -0.000378665
625 -0.000378665
626 0.000378665
627 -0.000757566
628 -0.000378665
629 0
630 0
631 -0.000378665
632 -0.000378665
633 0
634 -0.000378665
635 -0.000378665
636 0
637 0
638 -0.000757566
639 -0.000757566
640 -0.000378665
641 -0.000378665
642 -0.000378665
643 -0.000757566
644 0.000378665
645 -0.000378665
646 0
647 0.000757566
648 0
649 0.000378665
650 0.000378665
651 0
652 0
653 -0.0011367
654 -0.0011367
655 0.000757566
656 0.000757566
657 -0.000378665
658 -0.000378665
659 -0.00189427
660 -0.00189427
661 -1.18217
662 -1.18217
663 -1.76985
664 -1.76985
665 -1.9718
666 -1.9718
667 -2.01121
668 -2.02826
669 -2.01273
670 -2.02826
671 -2.00477
672 -2.00212
673 -2.00287
674 -1.9934
675 -2.01386
676 -1.99378
677 -1.99113
678 -1.98961
679 -1.98961
680 -2.00212
681 -2.00212
682 -2.00515
683 -1.99795
684 -2.015
685 -1.99681
686 -1.99643
687 -1.99643
688 -2.00439
689 -2.0025
690 -1.98923
691 -1.98923
692 -1.24469
693 -1.24469
694 -0.470217
695 -0.240602
696 -0.0886627
697 -0.0212183
698 0.00227341
699 0.00530439
700 0.00681999
701 0.00871474
702 0.0132613
703 0.0125035
704 0.0117457
705 0.0109879
706 0.00833584
707 0.00568329
708 0.00378878
709 0.00265207
710 0.00151537
711 0.000378665
712 0.0011367
713 0.000757566
714 0.0011367
715 0.00151537
716 0.0011367
717 0.000757566
718 -0.000378665
719 0.000378665
720 0.000378665
721 -0.000378665
722 0
723 0.000757566
724 0.000757566
725 -0.000378665
726 0
727 -0.000757566
728 0.000757566
729 0.000378665
730 0.000757566
731 0.000378665
732 0
733 0.000757566
734 0
735 -0.000378665
736 0
737 0.000378665
738 -0.000378665
739 -0.000378665
740 0.000378665
741 0
742 -0.000378665
743 -0.000378665
744 -0.000378665
745 0
746 0
747 0.000378665
748 0.000378665
749 0.000378665
750 -0.000757566
751 0.000378665
752 0.000757566
753 0.000757566
754 0.000757566
755 -0.0011367
756 0
757 -0.000757566
758 0
759 0.000757566
760 0
761 0
762 0
763 0.000757566
764 0.000378665
765 0.000378665
766 -0.000378665
767 0
768 -0.000757566
769 0
770 0.000378665
771 0.000378665
772 0
773 -0.000757566
774 0.000378665
775 0.000378665
776 0
777 -0.000378665
778 0.000757566
779 0.000757566
780 0
781 0.000378665
782 -0.000378665
783 0.000378665
784 0
785 0
786 0
787 0
