0 -5.92034e-05
1 -5.92034e-05
2 -5.92034e-05
3 -5.92034e-05
4 -5.92034e-05
5 -5.92034e-05
6 -5.92034e-05
7 -5.92034e-05
8 -5.92034e-05
9 -5.92034e-05
10 -5.92034e-05
11 -5.92034e-05
12 -5.92034e-05
13 -5.92034e-05
14 -5.92034e-05
15 -5.92034e-05
16 -5.92034e-05
17 -5.92034e-05
18 -5.92034e-05
19 -5.92034e-05
20 -5.92034e-05
21 -5.92034e-05
22 -5.92034e-05
23 -5.92034e-05
24 -5.92034e-05
25 -5.92034e-05
26 -5.92034e-05
27 -5.92034e-05
28 -5.92034e-05
29 -5.92034e-05
30 -5.92034e-05
31 -5.92034e-05
32 -5.92034e-05
33 -5.92034e-05
34 -5.92034e-05
35 -5.92034e-05
36 -5.92034e-05
37 -5.92034e-05
38 -5.92034e-05
39 -5.92034e-05
40 -5.92034e-05
41 -5.92034e-05
42 -5.92034e-05
43 -5.92034e-05
44 -5.92034e-05
45 -5.92034e-05
46 -5.92034e-05
47 -5.92034e-05
48 -5.92034e-05
49 -5.92034e-05
50 -5.92034e-05
51 -5.92034e-05
52 -5.92034e-05
53 -5.92034e-05
54 -5.92034e-05
55 -5.92034e-05
56 -5.92034e-05
57 -5.92034e-05
58 -5.92034e-05
59 -5.92034e-05
60 -5.92034e-05
61 -5.92034e-05
62 -5.92034e-05
63 -5.92034e-05
64 -5.92034e-05
65 -5.92034e-05
66 -5.92034e-05
67 -5.92034e-05
68 -5.92034e-05
69 -5.92034e-05
70 -5.92034e-05
71 -5.92034e-05
72 -5.92034e-05
73 -5.92034e-05
74 -5.92034e-05
75 -5.92034e-05
76 -5.92034e-05
77 -5.92034e-05
78 -5.92034e-05
79 -5.92034e-05
80 -5.92034e-05
81 -5.92034e-05
82 -5.92034e-05
83 -5.92034e-05
84 -5.92034e-05
85 -5.92034e-05
86 -5.92034e-05
87 -5.92034e-05
88 -5.92034e-05
89 -5.92034e-05
90 -5.92034e-05
91 -5.92034e-05
92 -5.92034e-05
93 -5.92034e-05
94 -5.92034e-05
95 -5.92034e-05
96 -5.92034e-05
97 -5.92034e-05
98 -5.92034e-05
99 -5.92034e-05
100 -5.92034e-05
101 -5.92034e-05
102 -5.92034e-05
103 -5.92034e-05
104 -5.92034e-05
105 -5.92034e-05
106 -5.92034e-05
107 -5.92034e-05
108 -5.92034e-05
109 -5.92034e-05
110 -5.92034e-05
111 -5.92034e-05
112 -5.92034e-05
113 -5.92034e-05
114 -5.92034e-05
115 -5.92034e-05
116 -5.92034e-05
117 -5.92034e-05
118 -5.92034e-05
119 -5.92034e-05
120 -5.92034e-05
121 -5.92034e-05
122 -5.92034e-05
123 -5.92034e-05
124 -5.92034e-05
125 -5.92034e-05
126 -5.92034e-05
127 -5.92034e-05
128 -5.92034e-05
129 -5.92034e-05
130 -5.92034e-05
131 -5.92034e-05
132 -5.92034e-05
133 -5.92034e-05
134 -5.92034e-05
135 -5.92034e-05
136 -5.92034e-05
137 -5.92034e-05
138 -5.92034e-05
139 -5.92034e-05
140 -5.92034e-05
141 -5.92034e-05
142 -5.92034e-05
143 -5.92034e-05
144 -5.92034e-05
145 -5.92034e-05
146 -5.92034e-05
147 -5.92034e-05
148 -5.92034e-05
149 -5.92034e-05
150 -5.92034e-05
151 -5.92034e-05
152 -5.92034e-05
153 -5.92034e-05
154 -5.92034e-05
155 -5.92034e-05
156 -5.92034e-05
157 -5.92034e-05
158 -5.92034e-05
159 -5.92034e-05
160 -5.92034e-05
161 -5.92034e-05
162 -5.92034e-05
163 -5.92034e-05
164 -5.92034e-05
165 -5.92034e-05
166 -5.92034e-05
167 -5.92034e-05
168 -5.92034e-05
169 -5.92034e-05
170 -5.92034e-05
171 -5.92034e-05
172 -5.92034e-05
173 -5.92034e-05
174 -5.92034e-05
175 -5.92034e-05
176 -5.92034e-05
177 -5.92034e-05
178 -5.92034e-05
179 -5.92034e-05
180 -5.92034e-05
181 -5.92034e-05
182 -5.92034e-05
183 -5.92034e-05
184 -5.92034e-05
185 -5.92034e-05
186 -5.92034e-05
187 -5.92034e-05
188 -5.92034e-05
189 -5.92034e-05
190 -5.92034e-05
191 -5.92034e-05
192 -5.92034e-05
193 -5.92034e-05
194 -5.92034e-05
195 -5.92034e-05
196 -5.92034e-05
197 -5.92034e-05
198 -5.92034e-05
199 -5.92034e-05
200 -5.92034e-05
201 -5.92034e-05
202 -5.92034e-05
203 -5.92034e-05
204 -5.70721e-05
205 -5.75457e-05
206 -5.89666e-05
207 -5.89666e-05
208 -5.92034e-05
209 -5.89666e-05
210 -5.89666e-05
211 -5.89666e-05
212 -5.89666e-05
213 -5.87298e-05
214 -5.89666e-05
215 -5.89666e-05
216 -5.89666e-05
217 -5.87298e-05
218 -5.87298e-05
219 -5.75457e-05
220 -5.80193e-05
221 -5.80193e-05
222 -5.80193e-05
223 -5.77825e-05
224 -5.80193e-05
225 -5.77825e-05
226 -5.77825e-05
227 -5.75457e-05
228 -5.77825e-05
229 -5.77825e-05
230 -5.77825e-05
231 -5.77825e-05
232 -5.77825e-05
233 -5.77825e-05
234 -5.75457e-05
235 -5.75457e-05
236 -5.75457e-05
237 -5.75457e-05
238 -5.75457e-05
239 -5.77825e-05
240 -5.75457e-05
241 -5.75457e-05
242 -5.75457e-05
243 -5.73089e-05
244 -5.73089e-05
245 -5.73089e-05
246 -5.75457e-05
247 -5.73089e-05
248 -5.73089e-05
249 -5.73089e-05
250 -5.73089e-05
251 -5.73089e-05
252 -5.73089e-05
253 -5.73089e-05
254 -5.73089e-05
255 -5.70721e-05
256 -5.70721e-05
257 -5.70721e-05
258 -5.70721e-05
259 -5.70721e-05
260 -5.73089e-05
261 -5.70721e-05
262 -5.70721e-05
263 -5.68352e-05
264 -5.70721e-05
265 -5.68352e-05
266 -5.70721e-05
267 -5.68352e-05
268 -5.70721e-05
269 -5.70721e-05
270 0.0008755
271 0.00860793
272 0.0219555
273 0.057186
274 0.0801384
275 0.102482
276 0.146506
277 0.172869
278 0.197086
279 0.219804
280 0.26414
281 0.289526
282 0.33018
283 0.354253
284 0.381324
285 0.426645
286 0.450682
287 0.474714
288 0.514714
289 0.536707
290 0.583408
291 0.608647
292 0.632645
293 0.674903
294 0.698902
295 0.722632
296 0.770616
297 0.790849
298 0.816592
299 0.858563
300 0.886536
301 0.928532
302 0.951948
303 0.969172
304 0.989025
305 0.994472
306 0.99788
307 1.001
308 1.00148
309 1.00152
310 1.00147
311 1.00139
312 1.00119
313 1.00104
314 1.00085
315 1.00056
316 1.00045
317 1.00026
318 1.00019
319 1.0001
320 1.00008
321 1.00006
322 1.00003
323 1.00002
324 1.00001
325 0.999992
326 0.999984
327 0.999979
328 0.999976
329 0.999976
330 0.999976
331 0.999975
332 0.999973
333 0.999971
334 0.999969
335 0.99997
336 0.99997
337 0.999972
338 0.999973
339 0.999973
340 0.999973
341 0.999972
342 0.999972
343 0.999972
344 0.999973
345 0.999975
346 0.999976
347 0.999977
348 0.999977
349 0.999976
350 0.999976
351 0.999976
352 0.999976
353 0.999978
354 0.999978
355 0.999979
356 0.99998
357 0.99998
358 0.99998
359 0.99998
360 0.99998
361 0.999981
362 0.999981
363 0.999982
364 0.999983
365 0.999983
366 0.999983
367 0.999984
368 0.999984
369 0.999984
370 0.999985
371 0.999985
372 0.999985
373 0.999985
374 0.999985
375 0.999986
376 0.999987
377 0.999987
378 0.999988
379 0.999988
380 0.999987
381 0.999987
382 0.999987
383 0.999988
384 0.999988
385 0.999989
386 0.99999
387 0.99999
388 0.99999
389 0.99999
390 0.99999
391 0.99999
392 0.99999
393 0.99999
394 0.999991
395 0.999991
396 0.999991
397 0.999991
398 0.999991
399 0.999035
400 0.982252
401 0.968503
402 0.93363
403 0.913697
404 0.871234
405 0.847325
406 0.824706
407 0.779794
408 0.755571
409 0.729383
410 0.684896
411 0.661057
412 0.634709
413 0.591113
414 0.567085
415 0.541049
416 0.495001
417 0.471006
418 0.447015
419 0.4
420 0.377984
421 0.355977
422 0.307979
423 0.285982
424 0.261984
425 0.221737
426 0.193739
427 0.169747
428 0.123735
429 0.0997146
430 0.0757131
431 0.034742
432 0.0233287
433 0.00722068
434 0.00281405
435 0.000154639
436 -0.00139104
437 -0.00149477
438 -0.00146659
439 -0.00135007
440 -0.00125985
441 -0.00112842
442 -0.000844714
443 -0.00069931
444 -0.000546092
445 -0.000339827
446 -0.000262863
447 -0.00019916
448 -0.000119591
449 -0.000101593
450 -8.95155e-05
451 -7.34122e-05
452 -6.3466e-05
453 -5.13885e-05
454 -2.5339e-05
455 -1.08934e-05
456 4.73627e-06
457 6.86759e-06
458 6.86759e-06
459 6.39396e-06
460 7.34122e-06
461 8.28847e-06
462 1.32616e-05
463 1.53929e-05
464 1.61033e-05
465 1.51561e-05
466 1.44456e-05
467 1.25511e-05
468 1.25511e-05
469 1.25511e-05
470 1.3972e-05
471 1.46824e-05
472 1.46824e-05
473 1.3972e-05
474 1.16039e-05
475 1.0183e-05
476 9.70935e-06
477 9.94617e-06
478 1.08934e-05
479 1.11302e-05
480 1.16039e-05
481 1.1367e-05
482 9.47254e-06
483 8.52529e-06
484 7.81485e-06
485 7.10441e-06
486 7.81485e-06
487 7.81485e-06
488 8.05166e-06
489 8.05166e-06
490 6.86759e-06
491 6.63078e-06
492 5.68352e-06
493 5.2099e-06
494 5.44671e-06
495 5.44671e-06
496 5.44671e-06
497 5.2099e-06
498 4.26264e-06
499 4.02583e-06
500 4.02583e-06
501 3.78902e-06
502 3.78902e-06
503 3.78902e-06
504 3.31539e-06
505 3.07858e-06
506 2.13132e-06
507 1.65769e-06
508 1.65769e-06
509 1.89451e-06
510 1.89451e-06
511 2.13132e-06
512 1.89451e-06
513 1.65769e-06
514 2.36814e-07
515 0
516 -2.36814e-07
517 -2.36814e-07
518 0
519 2.36814e-07
520 2.36814e-07
521 0
522 -4.73627e-07
523 -9.47254e-07
524 -1.42088e-06
525 -1.42088e-06
526 -1.42088e-06
527 0.000194424
528 0.00621091
529 0.0182271
530 0.0485219
531 0.0687917
532 0.107922
533 0.129473
534 0.159689
535 0.202792
536 0.226755
537 0.248933
538 0.293745
539 0.315347
540 0.343446
541 0.385301
542 0.409353
543 0.43943
544 0.481726
545 0.509478
546 0.533493
547 0.575997
548 0.600745
549 0.644737
550 0.666746
551 0.686752
552 0.734769
553 0.757269
554 0.80075
555 0.824744
556 0.846743
557 0.892765
558 0.916017
559 0.938018
560 0.972346
561 0.983322
562 0.991787
563 0.999122
564 1.0006
565 1.00142
566 1.00155
567 1.00149
568 1.00142
569 1.00125
570 1.00108
571 1.00075
572 1.00062
573 1.00049
574 1.0003
575 1.0002
576 1.00014
577 1.00007
578 1.00005
579 1.00004
580 1.00002
581 1.00001
582 1
583 0.999986
584 0.999979
585 0.999976
586 0.999975
587 0.999975
588 0.999975
589 0.999973
590 0.999972
591 0.99997
592 0.999969
593 0.99997
594 0.999972
595 0.999973
596 0.999973
597 0.999973
598 0.999973
599 0.999972
600 0.999972
601 0.999973
602 0.999973
603 0.999975
604 0.999977
605 0.999977
606 0.999977
607 0.999976
608 0.999976
609 0.999976
610 0.999977
611 0.999978
612 0.99998
613 0.99998
614 0.99998
615 0.99998
616 0.99998
617 0.99998
618 0.999981
619 0.999981
620 0.999982
621 0.999982
622 0.999983
623 0.999983
624 0.999983
625 0.999984
626 0.999984
627 0.999984
628 0.999985
629 0.999985
630 0.999985
631 0.999985
632 0.999986
633 0.999986
634 0.999987
635 0.999987
636 0.999988
637 0.999988
638 0.999987
639 0.999987
640 0.999988
641 0.999988
642 0.999989
643 0.999989
644 0.99999
645 0.99999
646 0.99999
647 0.99999
648 0.99999
649 0.99999
650 0.99999
651 0.999991
652 0.999991
653 0.999991
654 0.999991
655 0.999991
656 0.996959
657 0.986962
658 0.960807
659 0.943113
660 0.922244
661 0.878154
662 0.853821
663 0.809812
664 0.787608
665 0.763402
666 0.717055
667 0.694927
668 0.67083
669 0.626459
670 0.60566
671 0.561583
672 0.539543
673 0.515512
674 0.471502
675 0.4515
676 0.403757
677 0.381748
678 0.359735
679 0.315717
680 0.293712
681 0.249737
682 0.22724
683 0.204497
684 0.158979
685 0.134977
686 0.0909774
687 0.0689809
688 0.0453668
689 0.018807
690 0.0102772
691 0.00421504
692 -0.000315909
693 -0.0012563
694 -0.00149595
695 -0.00144551
696 -0.00137565
697 -0.00130887
698 -0.00108247
699 -0.000937308
700 -0.000666867
701 -0.00054775
702 -0.000436921
703 -0.000269494
704 -0.000206501
705 -0.000124327
706 -0.000104198
707 -8.90419e-05
708 -7.12809e-05
709 -5.94402e-05
710 -4.73627e-05
711 -2.24973e-05
712 -1.06566e-05
713 -2.13132e-06
714 4.97308e-06
715 5.2099e-06
716 5.92034e-06
717 6.39396e-06
718 7.57803e-06
719 1.16039e-05
720 1.3972e-05
721 1.51561e-05
722 1.42088e-05
723 1.32616e-05
724 1.23143e-05
725 1.18407e-05
726 1.25511e-05
727 1.37352e-05
728 1.37352e-05
729 1.42088e-05
730 1.32616e-05
731 1.20775e-05
732 1.04198e-05
733 9.70935e-06
734 9.47254e-06
735 9.94617e-06
736 1.08934e-05
737 1.11302e-05
738 1.06566e-05
739 9.94617e-06
740 8.05166e-06
741 7.81485e-06
742 7.34122e-06
743 7.57803e-06
744 7.57803e-06
745 7.81485e-06
746 7.81485e-06
747 7.10441e-06
748 6.63078e-06
749 5.92034e-06
750 5.2099e-06
751 5.44671e-06
752 5.68352e-06
753 5.68352e-06
754 5.2099e-06
755 4.73627e-06
756 4.02583e-06
757 4.26264e-06
758 4.26264e-06
759 3.78902e-06
760 3.78902e-06
761 3.31539e-06
762 3.31539e-06
763 2.84176e-06
764 2.13132e-06
765 2.13132e-06
766 2.13132e-06
767 2.13132e-06
768 2.13132e-06
769 2.13132e-06
770 1.65769e-06
771 7.10441e-07
772 4.73627e-07
773 0
774 0
775 2.36814e-07
776 4.73627e-07
777 4.73627e-07
778 0
779 0
780 -7.10441e-07
781 -1.42088e-06
782 -1.18407e-06
783 -1.18407e-06
