0 0
1 0
2 0
3 0
4 0
5 0
6 0
7 0
8 0
9 0
10 0
11 0
12 0
13 0
14 0
15 0
16 0
17 0
18 0
19 0
20 0
21 0
22 0
23 0
24 0
25 0
26 0
27 0
28 0
29 0
30 0
31 0
32 0
33 0
34 0
35 0
36 0
37 0
38 0
39 0
40 0
41 0
42 0
43 0
44 0
45 0
46 0
47 0
48 0
49 0
50 0
51 0
52 0
53 0
54 0
55 0
56 0
57 0
58 0
59 0
60 0
61 0
62 0
63 0
64 0
65 0
66 0
67 0
68 0
69 0
70 0
71 0
72 0
73 0
74 0
75 0
76 0
77 0
78 0
79 0
80 0
81 0
82 0
83 0
84 0
85 0
86 0
87 0
88 0
89 0
90 0
91 0
92 0
93 0
94 0
95 0
96 0
97 0
98 0
99 0
100 0
101 0
102 0
103 0
104 0
105 0
106 0
107 0
108 0
109 0
110 0
111 0
112 0
113 0
114 0
115 0
116 0
117 0
118 0
119 0
120 0
121 0
122 0
123 0
124 0
125 0
126 0
127 0
128 0
129 0
130 0
131 0
132 0
133 0
134 0
135 0
136 0
137 0
138 0
139 0
140 0
141 0
142 0
143 0
144 0
145 0
146 0
147 0
148 0
149 0
150 0
151 0
152 0
153 0
154 0
155 0
156 0
157 0
158 0
159 0
160 0
161 0
162 0
163 0
164 0
165 0
166 0
167 0
168 0
169 0
170 0
171 0
172 0
173 0
174 0
175 0
176 0
177 0
178 0
179 0
180 0
181 0
182 0
183 0
184 0
185 0
186 0
187 0
188 0
189 0
190 0
191 0
192 0
193 0
194 0
195 0
196 0
197 0
198 0
199 0
200 0
201 0
202 0
203 0
204 0
205 0
206 0
207 0
208 0
209 0
210 0
211 0
212 0.00121
213 0
214 0.00121
215 0.00121
216 0.00121
217 0.00121
218 0.00121
219 0.00121
220 0.00121
221 0.00121
222 0.00121
223 0.00121
224 0.00121
225 0.00121
226 0.00121
227 0.00121
228 0.00121
229 0.00121
230 0.00121
231 0.00121
232 0.00121
233 0.00121
234 0.00121
235 0.00121
236 0.00121
237 0.00121
238 0.00121
239 0.00121
240 0.00121
241 0.00242
242 0.00242
243 0.00242
244 0.00242
245 0.00121
246 0.00242
247 0.00121
248 0.00121
249 0.00121
250 0.00121
251 0.00121
252 0.00121
253 0.00242
254 0.00121
255 0.00121
256 0.00121
257 0.00242
258 0.00242
259 0.00242
260 0.00242
261 0.00242
262 0.00242
263 0.00242
264 0.00242
265 0.00242
266 0.00242
267 0.00242
268 0.00242
269 0.00242
270 0.00242
271 0.00242
272 0.00242
273 0.00242
274 0.00242
275 0.00242
276 0.00242
277 0.00242
278 0.00242
279 0.00242
280 0.00242
281 0.00242
282 0.00242
283 0.00242
284 0.00242
285 0.00242
286 0.00242
287 0.00242
288 0.00242
289 0.00242
290 0.00242
291 0.00242
292 0.00242
293 0.00242
294 0.00242
295 0.00242
296 0.00242
297 0.00242
298 0.00242
299 0.00242
300 0.00242
301 0.00242
302 0.00242
303 0.00242
304 0.00242
305 0.0605
306 0.06655
307 0.05929
308 0.05566
309 0.06413
310 0.04961
311 0.04598
312 0.04477
313 0.05687
314 0.05203
315 0.04719
316 0.05082
317 0.04598
318 0.05687
319 0.05687
320 0.04598
321 0.04598
322 0.04719
323 0.04719
324 0.04719
325 0.0484
326 0.0484
327 0.0484
328 0.05203
329 0.05203
330 0.04719
331 0.04477
332 0.05566
333 0.05566
334 0.04719
335 0.04719
336 0.04477
337 0.04477
338 0.05324
339 0.0484
340 0.04961
341 0.05687
342 0.05566
343 0.04598
344 0.0484
345 0.04598
346 0.05324
347 0.05687
348 0.04719
349 0.04719
350 0.04477
351 0.05929
352 0.05082
353 0.04961
354 0.0484
355 0.05687
356 0.06292
357 0.04961
358 0.04961
359 0.04719
360 0.0605
361 0.05929
362 0.04719
363 0.0484
364 0.05324
365 0.06171
366 0.05566
367 0.0484
368 0.04719
369 0.01815
370 0.00968
371 0.01573
372 0.01936
373 0.02299
374 0.02662
375 0.03025
376 0.01936
377 0.00968
378 0
379 -0.00968
380 -0.01694
381 -0.0242
382 -0.02662
383 -0.0242
384 -0.02299
385 -0.02178
386 -0.02299
387 -0.0242
388 -0.02541
389 -0.02541
390 -0.02541
391 -0.0242
392 -0.0242
393 -0.02299
394 -0.02299
395 -0.02178
396 -0.02178
397 -0.02178
398 -0.02057
399 -0.02057
400 -0.02057
401 -0.01936
402 -0.01936
403 -0.01936
404 -0.01936
405 -0.01815
406 -0.01815
407 -0.01815
408 -0.01694
409 -0.01694
410 -0.01694
411 -0.01694
412 -0.01573
413 -0.01573
414 -0.01573
415 -0.01573
416 -0.01452
417 -0.01452
418 -0.01452
419 -0.01452
420 -0.01331
421 -0.01331
422 -0.01331
423 -0.01331
424 -0.01331
425 -0.0121
426 -0.0121
427 -0.0121
428 -0.0121
429 -0.0121
430 -0.0121
431 -0.0121
432 -0.0121
433 -0.10406
434 -0.10406
435 -0.06655
436 -0.05929
437 -0.06171
438 -0.05808
439 -0.05566
440 -0.05566
441 -0.04477
442 -0.04477
443 -0.05203
444 -0.05203
445 -0.04356
446 -0.0484
447 -0.05324
448 -0.05445
449 -0.05082
450 -0.03872
451 -0.0484
452 -0.05445
453 -0.05566
454 -0.0484
455 -0.03993
456 -0.05082
457 -0.05203
458 -0.05445
459 -0.04356
460 -0.04719
461 -0.05324
462 -0.05566
463 -0.04961
464 -0.04235
465 -0.05082
466 -0.04961
467 -0.05324
468 -0.04477
469 -0.04356
470 -0.05203
471 -0.05082
472 -0.05203
473 -0.04114
474 -0.04598
475 -0.05324
476 -0.05324
477 -0.05082
478 -0.04114
479 -0.04719
480 -0.05445
481 -0.05445
482 -0.04719
483 -0.04114
484 -0.05445
485 -0.05324
486 -0.05445
487 -0.04356
488 -0.05082
489 -0.05082
490 -0.05082
491 -0.05324
492 -0.04356
493 -0.04961
494 -0.05445
495 -0.05687
496 -0.04356
497 0.02057
498 0.02057
499 -0.00847
500 -0.00847
501 -0.01573
502 -0.01573
503 -0.03146
504 -0.03146
505 -0.01573
506 -0.01573
507 0.00242
508 0.01089
509 0.01694
510 0.01694
511 0.02057
512 0.02057
513 0.02178
514 0.02178
515 0.0242
516 0.0242
517 0.02662
518 0.02662
519 0.02541
520 0.02541
521 0.0242
522 0.0242
523 0.0242
524 0.0242
525 0.0242
526 0.0242
527 0.0242
528 0.0242
529 0.02299
530 0.02299
531 0.02299
532 0.02299
533 0.02299
534 0.02178
535 0.02178
536 0.02178
537 0.02178
538 0.02057
539 0.02057
540 0.02057
541 0.02057
542 0.02057
543 0.02057
544 0.01936
545 0.01936
546 0.01936
547 0.01936
548 0.01936
549 0.01936
550 0.01936
551 0.01815
552 0.01815
553 0.01815
554 0.01815
555 0.01815
556 0.01815
557 0.01815
558 0.01694
559 0.01694
560 0.01694
561 0.01815
562 0.06413
563 0.06413
564 0.05929
565 0.05929
566 0.06413
567 0.06413
568 0.04719
569 0.04719
570 0.04598
571 0.05929
572 0.05687
573 0.05687
574 0.04961
575 0.04961
576 0.05929
577 0.05082
578 0.04598
579 0.04719
580 0.05324
581 0.05324
582 0.05203
583 0.05082
584 0.04719
585 0.05445
586 0.05566
587 0.0484
588 0.05082
589 0.05082
590 0.06292
591 0.05445
592 0.04598
593 0.04719
594 0.05687
595 0.05808
596 0.04961
597 0.05203
598 0.05203
599 0.05203
600 0.05808
601 0.04961
602 0.0484
603 0.0484
604 0.06292
605 0.06292
606 0.0484
607 0.04961
608 0.05445
609 0.06171
610 0.0484
611 0.0484
612 0.04719
613 0.05808
614 0.05808
615 0.05203
616 0.05324
617 0.04719
618 0.06292
619 0.06292
620 0.04719
621 0.04961
622 0.04961
623 0.05687
624 0.05324
625 0.04235
626 0.01573
627 0.0121
628 0.01936
629 0.02178
630 0.02299
631 0.02904
632 0.02904
633 0.01815
634 0.01815
635 -0.00121
636 -0.00121
637 -0.01815
638 -0.0242
639 -0.0242
640 -0.02299
641 -0.02178
642 -0.02299
643 -0.0242
644 -0.02541
645 -0.02541
646 -0.02541
647 -0.0242
648 -0.02299
649 -0.02299
650 -0.02178
651 -0.02178
652 -0.02178
653 -0.02057
654 -0.02057
655 -0.02057
656 -0.02057
657 -0.01936
658 -0.01936
659 -0.01936
660 -0.01815
661 -0.01815
662 -0.01815
663 -0.01815
664 -0.01694
665 -0.01694
666 -0.01573
667 -0.01573
668 -0.01573
669 -0.01573
670 -0.01573
671 -0.01452
672 -0.01452
673 -0.01452
674 -0.01452
675 -0.01331
676 -0.01331
677 -0.01331
678 -0.01331
679 -0.01331
680 -0.0121
681 -0.0121
682 -0.0121
683 -0.0121
684 -0.0121
685 -0.0121
686 -0.0121
687 -0.0121
688 -0.01089
689 -0.01089
690 -0.07139
691 -0.06534
692 -0.06655
693 -0.06776
694 -0.05808
695 -0.05929
696 -0.05687
697 -0.05687
698 -0.04235
699 -0.04235
700 -0.05566
701 -0.05808
702 -0.04961
703 -0.04961
704 -0.05324
705 -0.05203
706 -0.05324
707 -0.04356
708 -0.04477
709 -0.05566
710 -0.05566
711 -0.05324
712 -0.05324
713 -0.04961
714 -0.05445
715 -0.05445
716 -0.05445
717 -0.04477
718 -0.05566
719 -0.05566
720 -0.05082
721 -0.04356
722 -0.04477
723 -0.05203
724 -0.05324
725 -0.05687
726 -0.04477
727 -0.04961
728 -0.05203
729 -0.05445
730 -0.05203
731 -0.04114
732 -0.05082
733 -0.05445
734 -0.05808
735 -0.05082
736 -0.04719
737 -0.05445
738 -0.05445
739 -0.05324
740 -0.04356
741 -0.0484
742 -0.05445
743 -0.05687
744 -0.05445
745 -0.04114
746 -0.05203
747 -0.05082
748 -0.05445
749 -0.05445
750 -0.04356
751 -0.04356
752 -0.05324
753 -0.05566
754 0.0121
755 -0.01815
756 -0.00726
757 -0.00726
758 -0.01694
759 -0.01694
760 -0.03146
761 -0.0242
762 -0.01452
763 -0.00484
764 0.00484
765 0.01331
766 0.01815
767 0.02178
768 0.02057
769 0.02057
770 0.02178
771 0.02299
772 0.0242
773 0.02541
774 0.02541
775 0.02662
776 0.02662
777 0.0242
778 0.0242
779 0.0242
780 0.0242
781 0.0242
782 0.0242
783 0.0242
784 0.0242
785 0.02299
786 0.02299
787 0.02299
788 0.02299
789 0.02299
790 0.02299
791 0.02178
792 0.02178
793 0.02178
794 0.02178
795 0.02057
796 0.02057
797 0.02057
798 0.02057
799 0.02057
800 0.02057
801 0.01936
802 0.01936
803 0.01936
804 0.01936
805 0.01936
806 0.01936
807 0.01936
808 0.01815
809 0.01815
810 0.01815
811 0.01815
812 0.01815
813 0.01815
814 0.01815
815 0.01815
816 0.01694
817 0.01694
818 0.03993
819 0.06413
820 0.06413
821 0.05929
822 0.05929
823 0.06413
824 0.05445
825 0.0484
826 0.04719
827 0.04719
828 0.06171
829 0.06171
830 0.04961
831 0.04961
832 0.04961
833 0.04961
834 0.0484
835 0.0484
836 0.04719
837 0.04719
838 0.06171
839 0.05324
840 0.05203
841 0.04719
842 0.05566
843 0.05203
844 0.0484
845 0.05203
846 0.05808
847 0.06171
848 0.05566
849 0.0484
850 0.04598
851 0.05566
852 0.06171
853 0.05082
854 0.05324
855 0.05445
856 0.05929
857 0.05566
858 0.04961
859 0.04598
860 0.04961
861 0.06292
862 0.05445
863 0.04961
864 0.04961
865 0.05203
866 0.05203
867 0.04961
868 0.04961
869 0.04719
870 0.04719
871 0.05929
872 0.05203
873 0.05324
874 0.05929
875 0.05929
876 0.05929
877 0.05082
878 0.04961
879 0.05324
880 0.05324
881 0.05082
882 0.04719
883 0.00968
884 0.00968
885 0.02178
886 0.02299
887 0.0242
888 0.02904
889 0.02904
890 0.01815
891 0.00968
892 -0.00121
893 -0.01089
894 -0.01089
895 -0.0242
896 -0.02541
897 -0.02299
898 -0.02178
899 -0.02299
900 -0.0242
901 -0.02541
902 -0.02541
903 -0.02541
904 -0.0242
905 -0.02299
906 -0.02178
907 -0.02178
908 -0.02178
909 -0.02178
910 -0.02178
911 -0.02057
912 -0.02057
913 -0.02057
914 -0.01936
915 -0.01936
916 -0.01815
917 -0.01936
918 -0.01815
919 -0.01815
920 -0.01694
921 -0.01694
922 -0.01694
923 -0.01694
924 -0.01573
925 -0.01573
926 -0.01573
927 -0.01573
928 -0.01573
929 -0.01573
930 -0.01452
931 -0.01452
932 -0.01331
933 -0.01331
934 -0.01331
935 -0.01331
936 -0.01331
937 -0.01331
938 -0.0121
939 -0.0121
940 -0.0121
941 -0.0121
942 -0.0121
943 -0.0121
944 -0.01089
945 -0.01089
946 -0.01089
947 -0.10285
948 -0.05929
949 -0.06776
950 -0.05808
951 -0.06292
952 -0.05929
953 -0.05808
954 -0.04477
955 -0.04477
956 -0.05203
957 -0.05203
958 -0.05687
959 -0.05687
960 -0.05082
961 -0.05082
962 -0.05445
963 -0.04235
964 -0.04235
965 -0.05203
966 -0.05566
967 -0.05566
968 -0.04477
969 -0.04477
970 -0.05445
971 -0.05445
972 -0.05445
973 -0.04477
974 -0.0484
975 -0.05687
976 -0.05445
977 -0.05324
978 -0.04235
979 -0.04719
980 -0.05203
981 -0.0484
982 -0.05082
983 -0.04477
984 -0.05445
985 -0.05082
986 -0.05445
987 -0.04235
988 -0.04477
989 -0.05445
990 -0.05445
991 -0.05203
992 -0.04114
993 -0.05203
994 -0.05566
995 -0.05566
996 -0.04477
997 -0.04598
998 -0.05566
999 -0.05445
1000 -0.05566
1001 -0.04477
1002 -0.04719
1003 -0.05082
1004 -0.05082
1005 -0.05082
1006 -0.04356
1007 -0.04961
1008 -0.04961
1009 -0.05808
1010 -0.04477
1011 0.01694
1012 0.01694
1013 -0.01089
1014 -0.01089
1015 -0.01573
1016 -0.01573
1017 -0.03146
1018 -0.03146
1019 -0.01694
1020 -0.00726
1021 0.00242
1022 0.00242
1023 0.01815
1024 0.01815
1025 0.02057
1026 0.02057
1027 0.02178
1028 0.02299
1029 0.0242
1030 0.02541
1031 0.02662
1032 0.02662
1033 0.02541
1034 0.02541
1035 0.0242
1036 0.0242
1037 0.0242
1038 0.0242
1039 0.0242
1040 0.0242
1041 0.0242
1042 0.02299
1043 0.02299
1044 0.02299
1045 0.02299
1046 0.02299
1047 0.02299
1048 0.02178
1049 0.02178
1050 0.02178
1051 0.02178
1052 0.02057
1053 0.02057
1054 0.02057
1055 0.02057
1056 0.02057
1057 0.02057
1058 0.01936
1059 0.01936
1060 0.01936
1061 0.01936
1062 0.01936
1063 0.01936
1064 0.01815
1065 0.01815
1066 0.01815
1067 0.01815
1068 0.01815
1069 0.01815
1070 0.01815
1071 0.01694
1072 0.01815
1073 0.01694
1074 0.01694
1075 0.0242
1076 0.06413
1077 0.06413
1078 0.06171
1079 0.05929
1080 0.06534
1081 0.05566
1082 0.0484
1083 0.04598
1084 0.05082
1085 0.0605
1086 0.0605
1087 0.05082
1088 0.05082
1089 0.05687
1090 0.05687
1091 0.0484
1092 0.0484
1093 0.0484
1094 0.06171
1095 0.05566
1096 0.05566
1097 0.05082
1098 0.05082
1099 0.05929
1100 0.05929
1101 0.04719
1102 0.04719
1103 0.05082
1104 0.05808
1105 0.05082
1106 0.04719
1107 0.04719
1108 0.05808
1109 0.05203
1110 0.05082
1111 0.05203
1112 0.05929
1113 0.06534
1114 0.05324
1115 0.05082
1116 0.04719
1117 0.05445
1118 0.05687
1119 0.05203
1120 0.05203
1121 0.05082
1122 0.05808
1123 0.05687
1124 0.0484
1125 0.05082
1126 0.05203
1127 0.05203
1128 0.05929
1129 0.05203
1130 0.05203
1131 0.05203
1132 0.06292
1133 0.05324
1134 0.0484
1135 0.0484
1136 0.05687
1137 0.05687
1138 0.05082
1139 0.04961
1140 0.01694
1141 0.01694
1142 0.01815
1143 0.01815
1144 0.0242
1145 0.02783
1146 0.02904
1147 0.01815
1148 0.00847
1149 -0.00242
1150 -0.0121
1151 -0.01815
1152 -0.0242
1153 -0.02541
1154 -0.02299
1155 -0.02178
1156 -0.02178
1157 -0.02299
1158 -0.0242
1159 -0.02541
1160 -0.02541
1161 -0.02541
1162 -0.02541
1163 -0.02299
1164 -0.02299
1165 -0.02178
1166 -0.02178
1167 -0.02178
1168 -0.02057
1169 -0.02057
1170 -0.02057
1171 -0.01936
1172 -0.01936
1173 -0.01936
1174 -0.01815
1175 -0.01815
1176 -0.01815
1177 -0.01694
1178 -0.01694
1179 -0.01694
1180 -0.01573
1181 -0.01573
1182 -0.01573
1183 -0.01573
1184 -0.01573
1185 -0.01452
1186 -0.01452
1187 -0.01452
1188 -0.01452
1189 -0.01331
1190 -0.01331
1191 -0.01331
1192 -0.01331
1193 -0.01331
1194 -0.0121
1195 -0.0121
1196 -0.0121
1197 -0.0121
1198 -0.0121
1199 -0.01089
1200 -0.01089
1201 -0.01089
1202 -0.01089
1203 -0.01089
1204 -0.08349
1205 -0.06776
1206 -0.06776
1207 -0.06171
1208 -0.05687
1209 -0.0605
1210 -0.05808
1211 -0.04356
1212 -0.04477
1213 -0.05082
1214 -0.05324
1215 -0.05324
1216 -0.04598
1217 -0.04598
1218 -0.05324
1219 -0.05324
1220 -0.05203
1221 -0.05203
1222 -0.04719
1223 -0.05566
1224 -0.05445
1225 -0.05445
1226 -0.04114
1227 -0.04719
1228 -0.05445
1229 -0.05445
1230 -0.04598
1231 -0.04719
1232 -0.05566
1233 -0.05445
1234 -0.05445
1235 -0.04356
1236 -0.04477
1237 -0.05203
1238 -0.05687
1239 -0.05566
1240 -0.04477
1241 -0.05203
1242 -0.05203
1243 -0.05566
1244 -0.05566
1245 -0.04356
1246 -0.04356
1247 -0.05324
1248 -0.05566
1249 -0.04477
1250 -0.04719
1251 -0.05324
1252 -0.05324
1253 -0.05082
1254 -0.05082
1255 -0.0484
1256 -0.0484
1257 -0.05566
1258 -0.04598
1259 -0.04235
1260 -0.05082
1261 -0.05324
1262 -0.05445
1263 -0.04477
1264 -0.05445
1265 -0.05445
1266 -0.05324
1267 -0.05324
1268 0.01694
1269 -0.01694
1270 -0.00726
1271 -0.01089
1272 -0.01694
1273 -0.02662
1274 -0.03146
1275 -0.0242
1276 -0.01452
1277 -0.00484
1278 0.00363
1279 0.0121
1280 0.01815
1281 0.02299
1282 0.02057
1283 0.02057
1284 0.02178
1285 0.02299
1286 0.0242
1287 0.02541
1288 0.02662
1289 0.02541
1290 0.02541
1291 0.0242
1292 0.0242
1293 0.0242
1294 0.0242
1295 0.0242
1296 0.0242
1297 0.0242
1298 0.0242
1299 0.02299
1300 0.02299
1301 0.02299
1302 0.02299
1303 0.02299
1304 0.02178
1305 0.02178
1306 0.02178
1307 0.02178
1308 0.02057
1309 0.02057
1310 0.02057
1311 0.02057
1312 0.02057
1313 0.02057
1314 0.01936
1315 0.01936
1316 0.01936
1317 0.01936
1318 0.01936
1319 0.01936
1320 0.01936
1321 0.01815
1322 0.01815
1323 0.01815
1324 0.01815
1325 0.01815
1326 0.01815
1327 0.01815
1328 0.01694
1329 0.01694
1330 0.01694
1331 0.01694
