0 0
1 0
2 0.000378665
3 0
4 -0.000378665
5 0
6 0
7 0.000378665
8 -0.000378665
9 0
10 0
11 0
12 0.000378665
13 0.000378665
14 0.0011367
15 0.0011367
16 0.000378665
17 0.000757566
18 0
19 -0.000378665
20 0
21 0.000378665
22 0
23 -0.000378665
24 -0.000757566
25 0
26 0
27 0
28 -0.000378665
29 -0.000378665
30 0
31 0.000757566
32 -0.000757566
33 -0.000378665
34 0.000378665
35 0.000378665
36 0.000378665
37 0
38 0
39 0.000378665
40 0.000378665
41 0
42 0
43 0
44 0.000378665
45 0
46 0
47 0
48 0
49 -0.000378665
50 0.000378665
51 0.000378665
52 0.000378665
53 0
54 0.000378665
55 -0.000378665
56 0
57 -0.000378665
58 0
59 0
60 0.000378665
61 0
62 0.000378665
63 0
64 0
65 0
66 0
67 0
68 0
69 0
70 0
71 0.000378665
72 -0.000378665
73 0
74 0
75 -0.000378665
76 0
77 -0.000757566
78 0.000378665
79 0.000378665
80 0
81 0
82 -0.000378665
83 0.0011367
84 0
85 0
86 0.000378665
87 0.000757566
88 0.000378665
89 -0.000757566
90 -0.000757566
91 0
92 0.000757566
93 0.000378665
94 0
95 -0.000378665
96 -0.000378665
97 0
98 0
99 -0.000378665
100 0.000757566
101 0
102 0.000757566
103 0.000757566
104 0
105 0.000378665
106 0.000378665
107 0.000378665
108 0
109 -0.000378665
110 0
111 0
112 0
113 -0.000378665
114 0
115 0
116 0
117 0
118 0
119 -0.000378665
120 -0.000378665
121 -0.000378665
122 -0.000378665
123 -0.000378665
124 -0.000378665
125 0
126 0.000757566
127 0.000378665
128 0
129 0.000378665
130 0.000378665
131 0
132 0
133 0
134 0.000378665
135 0.000757566
136 -0.000378665
137 -0.000378665
138 0
139 0.000378665
140 0
141 0
142 -0.000378665
143 0.000378665
144 0
145 0
146 0
147 0
148 -0.000378665
149 -0.000378665
150 0
151 0
152 0.000378665
153 -0.000378665
154 0.000378665
155 0
156 0
157 -0.000378665
158 0.000378665
159 -0.0011367
160 0
161 0
162 0
163 0
164 0
165 -0.000757566
166 -0.000757566
167 -0.000378665
168 -0.000378665
169 0
170 0
171 -0.000378665
172 -0.000378665
173 -0.000378665
174 -0.000757566
175 -0.000378665
176 -0.000378665
177 -0.000378665
178 0
179 0.000378665
180 0.000378665
181 0
182 0
183 0
184 0
185 0
186 0
187 0.000378665
188 0.000378665
189 0
190 0
191 0.000757566
192 0.000378665
193 0.000378665
194 0.000378665
195 0
196 0
197 0
198 0
199 0
200 0
201 0
202 0.000378665
203 0.000378665
204 0.0011367
205 -0.000757566
206 0.0011367
207 0
208 0
209 0
210 -0.000378665
211 0
212 0
213 0.000757566
214 0
215 -0.000378665
216 0
217 0
218 0
219 -0.000378665
220 -0.000378665
221 0.000378665
222 0.0011367
223 0
224 -0.000378665
225 -0.000757566
226 -0.000757566
227 -0.000378665
228 -0.000378665
229 0
230 0
231 0
232 0.000378665
233 0.000757566
234 0.000757566
235 0.000378665
236 0
237 0.000757566
238 0.000757566
239 0
240 0
241 0
242 0
243 -0.000378665
244 0.000378665
245 0
246 0
247 0
248 0.000378665
249 -0.000757566
250 -0.000378665
251 -0.000757566
252 0.000378665
253 0.000378665
254 0.000378665
255 0.000378665
256 0.000378665
257 0.0011367
258 0
259 0
260 0.00151537
261 0.00151537
262 0
263 0.000757566
264 -0.0011367
265 0.000757566
266 0
267 0.000378665
268 0.000757566
269 0
270 0
271 0.000378665
272 0.000378665
273 -0.000378665
274 -0.000378665
275 -0.000378665
276 -0.000378665
277 0.000378665
278 0.000378665
279 0
280 0
281 0.000757566
282 0.000757566
283 0
284 0.000378665
285 -0.000378665
286 0
287 0.000378665
288 0.000378665
289 -0.000378665
290 0
291 0.000757566
292 0
293 0
294 0
295 0
296 0.000378665
297 0
298 0
299 0
300 -0.000378665
301 -0.000378665
302 0
303 0.000378665
304 0.000378665
305 0.322445
306 0.539935
307 0.752498
308 0.866927
309 0.94498
310 0.97605
311 1.01015
312 1.02341
313 1.00901
314 0.988554
315 1.01167
316 1.02038
317 1.02569
318 0.995753
319 0.995753
320 0.991585
321 1.01129
322 1.00864
323 1.00864
324 1.00485
325 0.999542
326 1.00106
327 1.00106
328 1.00788
329 1.00788
330 0.987417
331 1.01053
332 1.00257
333 1.00257
334 1.0003
335 1.0003
336 1.00901
337 1.00901
338 0.988175
339 0.988175
340 0.98666
341 1.00598
342 0.977566
343 1.00371
344 0.986281
345 1.01432
346 1.02038
347 0.993101
348 0.991964
349 0.991964
350 1.0075
351 0.992343
352 0.992722
353 0.993101
354 1.00864
355 1.00257
356 0.998406
357 1.01318
358 0.993859
359 0.994617
360 1.01356
361 0.98666
362 0.99007
363 1.00788
364 1.00712
365 1.00219
366 1.00295
367 0.988554
368 1.00826
369 0.666867
370 0.44824
371 0.256137
372 0.13792
373 0.0602451
374 0.015535
375 -0.00151537
376 -0.00227341
377 -0.00151537
378 -0.00303098
379 -0.00303098
380 -0.00303098
381 -0.00454682
382 -0.00568329
383 -0.00795693
384 -0.00568329
385 -0.00416792
386 -0.00227341
387 -0.00227341
388 -0.00151537
389 -0.000378665
390 -0.00189427
391 -0.00151537
392 -0.00151537
393 -0.000757566
394 -0.000757566
395 -0.000378665
396 -0.000378665
397 0
398 0
399 0
400 0
401 -0.000378665
402 -0.000378665
403 0
404 0
405 0
406 0.000378665
407 0
408 0.000378665
409 0.000378665
410 -0.000378665
411 0.000378665
412 0
413 0
414 0.000757566
415 -0.000378665
416 0
417 0
418 0
419 0
420 0.000378665
421 0
422 0
423 0
424 0
425 -0.000378665
426 -0.000378665
427 0.000378665
428 0.000378665
429 0.000378665
430 0.000378665
431 0
432 0
433 -0.169369
434 -0.169369
435 -0.67596
436 -0.817669
437 -0.913532
438 -0.970746
439 -1.01205
440 -1.01205
441 -1.0056
442 -1.0056
443 -1.00636
444 -1.00636
445 -1.02152
446 -1.00864
447 -1.00864
448 -1.00864
449 -0.985902
450 -1.00674
451 -1.01318
452 -1.00485
453 -1.00333
454 -1.0003
455 -1.00371
456 -1.01356
457 -0.997648
458 -0.997648
459 -0.999542
460 -0.992343
461 -0.997269
462 -0.999542
463 -0.994996
464 -0.991206
465 -0.997269
466 -0.989312
467 -0.992343
468 -0.99689
469 -1.00977
470 -1.00788
471 -0.988175
472 -0.99007
473 -1.00674
474 -1.00485
475 -1.01053
476 -1.00144
477 -0.988933
478 -0.984007
479 -1.00901
480 -0.999542
481 -1.00257
482 -0.991206
483 -1.00182
484 -0.999921
485 -0.991585
486 -0.988175
487 -1.00106
488 -1.00068
489 -1.00826
490 -0.990828
491 -0.990449
492 -1.0075
493 -0.996132
494 -0.999921
495 -0.989691
496 -0.998027
497 -0.812744
498 -0.812744
499 -0.326613
500 -0.326613
501 -0.0799482
502 -0.0799482
503 -0.00151537
504 -0.00151537
505 0.00227341
506 0.00227341
507 0.00227341
508 0.00340988
509 0.00303098
510 0.00303098
511 0.00719889
512 0.00568329
513 0.00416792
514 0.00416792
515 0.00151537
516 0.00151537
517 0.000757566
518 0.000757566
519 0.00227341
520 0.00227341
521 0.000378665
522 0.000378665
523 -0.000378665
524 -0.000757566
525 0.000757566
526 0
527 0
528 0
529 0.000378665
530 -0.000378665
531 0.000378665
532 -0.000757566
533 -0.000757566
534 0.000378665
535 0.000378665
536 -0.000378665
537 0
538 -0.000378665
539 0
540 0.000378665
541 0.000378665
542 -0.000378665
543 -0.000378665
544 0.000378665
545 0
546 0
547 -0.000378665
548 0
549 -0.000378665
550 -0.0011367
551 0.0011367
552 0
553 0
554 0
555 0
556 -0.000378665
557 0.000378665
558 0
559 0
560 0.000378665
561 0.00189427
562 0.339496
563 0.339496
564 0.760455
565 0.760455
566 0.952558
567 0.952558
568 0.999921
569 0.999921
570 1.03402
571 1.00485
572 0.980976
573 0.980976
574 0.998027
575 0.999542
576 1.00447
577 1.00219
578 1.01925
579 1.00788
580 1.00295
581 1.00295
582 0.98666
583 1.0003
584 1.00598
585 1.00826
586 0.988175
587 1.00447
588 0.985144
589 1.00068
590 0.995375
591 0.980218
592 1.00939
593 1.00523
594 1.00371
595 0.998785
596 1.00409
597 0.988554
598 1.01205
599 1.01205
600 0.981355
601 1.00106
602 0.988933
603 0.988933
604 1.0003
605 1.0003
606 0.996132
607 0.98666
608 0.998785
609 1.00144
610 0.999542
611 0.999542
612 1.0075
613 0.989312
614 1.0056
615 0.99689
616 1.01584
617 1.01659
618 0.999164
619 0.999164
620 0.995375
621 1.00901
622 1.00939
623 0.99348
624 0.993101
625 0.988933
626 0.651711
627 0.414897
628 0.229235
629 0.117459
630 0.0473625
631 0.00985144
632 0.00985144
633 -0.00189427
634 -0.00189427
635 -0.00227341
636 -0.00227341
637 -0.00454682
638 -0.00454682
639 -0.00719889
640 -0.00681999
641 -0.00644109
642 -0.00340988
643 -0.00151537
644 -0.00151537
645 -0.000757566
646 -0.000378665
647 -0.0011367
648 -0.0011367
649 -0.00151537
650 -0.000378665
651 0.000757566
652 0.000757566
653 0
654 -0.000378665
655 0
656 -0.000757566
657 -0.000378665
658 0
659 0
660 0.000378665
661 -0.000378665
662 0
663 0
664 0
665 0
666 0.000378665
667 0.000378665
668 0.000378665
669 -0.000378665
670 0.000757566
671 0
672 0.000757566
673 0.000757566
674 0.000378665
675 0
676 -0.000378665
677 0
678 0.000378665
679 0.000378665
680 0.000378665
681 0.000378665
682 0
683 0.000757566
684 0.000378665
685 0.000757566
686 0
687 0
688 0
689 0.000378665
690 -0.250075
691 -0.508107
692 -0.690737
693 -0.844571
694 -0.92452
695 -0.977945
696 -0.990828
697 -0.990828
698 -1.02607
699 -1.02607
700 -1.00939
701 -0.991585
702 -0.991964
703 -0.991964
704 -1.01015
705 -0.987038
706 -0.991585
707 -1.00447
708 -1.01243
709 -0.987796
710 -0.987796
711 -0.991585
712 -0.991585
713 -1.01243
714 -1.00219
715 -0.990828
716 -0.990828
717 -1.00447
718 -1.00295
719 -1.00333
720 -0.998406
721 -1.00598
722 -1.01697
723 -0.991964
724 -0.986281
725 -1.0075
726 -1.0056
727 -0.989691
728 -1.00409
729 -1.01015
730 -0.998785
731 -1.01584
732 -1.00598
733 -1.00295
734 -1.00068
735 -0.992343
736 -1.00712
737 -0.998785
738 -0.991585
739 -0.98666
740 -0.99689
741 -1.01508
742 -0.993859
743 -0.986281
744 -0.985902
745 -1.00826
746 -1.00674
747 -1.01205
748 -0.998406
749 -0.998406
750 -1.00409
751 -1.00409
752 -1.00219
753 -0.996132
754 -0.751362
755 -0.474763
756 -0.309184
757 -0.309184
758 -0.0682023
759 -0.0682023
760 0
761 0.00151537
762 0.00151537
763 0.00265207
764 0.00340988
765 0.00303098
766 0.00378878
767 0.00492572
768 0.00644109
769 0.00606219
770 0.00340988
771 0.00265207
772 0.00151537
773 0.0011367
774 0.0011367
775 0.00189427
776 0.00189427
777 0.00151537
778 0.00151537
779 0.000757566
780 0.000378665
781 0
782 0
783 0
784 0
785 0
786 -0.000378665
787 0.000378665
788 0.000378665
789 -0.000378665
790 -0.000378665
791 0.000757566
792 0
793 0.000378665
794 0
795 -0.000378665
796 0
797 0.000378665
798 0
799 0.000378665
800 0.000378665
801 0
802 0.000757566
803 0
804 0
805 0.000378665
806 0
807 0.000757566
808 0
809 0.000757566
810 0
811 0
812 0
813 -0.000757566
814 0
815 -0.000378665
816 0.000378665
817 0
818 0.022355
819 0.332296
820 0.585403
821 0.752119
822 0.887387
823 0.953695
824 0.974914
825 1.00485
826 1.00598
827 1.00598
828 1.0003
829 1.0003
830 1.00333
831 1.00901
832 1.01053
833 1.01053
834 0.991585
835 0.991585
836 0.991206
837 0.991206
838 1.00447
839 1.01925
840 1.00447
841 1.0147
842 1.00182
843 0.994617
844 0.988933
845 0.996132
846 1.02
847 0.978324
848 1.00219
849 0.993101
850 1.00219
851 0.99689
852 1.00333
853 1.00826
854 1.01621
855 1.00977
856 1.01167
857 0.977566
858 1.01584
859 1.00257
860 1.00295
861 0.995753
862 1.00485
863 1.01849
864 1.01849
865 0.998406
866 0.998406
867 1.00485
868 1.00485
869 1.00674
870 1.00674
871 0.999164
872 1.01697
873 0.990828
874 0.994238
875 1.00674
876 1.00674
877 0.992722
878 1.00068
879 1.01091
880 1.01091
881 0.994996
882 0.999542
883 0.628219
884 0.628219
885 0.212564
886 0.110639
887 0.0466047
888 0.00947254
889 -0.0011367
890 -0.00189427
891 -0.00189427
892 -0.00189427
893 -0.00303098
894 -0.00303098
895 -0.00378878
896 -0.00719889
897 -0.00719889
898 -0.00492572
899 -0.00340988
900 -0.00227341
901 -0.00151537
902 -0.00189427
903 -0.00151537
904 -0.000757566
905 -0.0011367
906 -0.000757566
907 -0.000378665
908 0
909 -0.000378665
910 -0.000378665
911 0
912 -0.000378665
913 -0.000378665
914 0.000757566
915 0.000757566
916 -0.000757566
917 0
918 -0.000378665
919 -0.000378665
920 -0.000378665
921 -0.000378665
922 0
923 0
924 0
925 -0.000378665
926 0.000757566
927 0.000757566
928 -0.000757566
929 -0.000757566
930 -0.000378665
931 -0.000378665
932 0.000378665
933 0.000378665
934 0
935 0
936 0.000378665
937 0.000378665
938 0
939 0
940 -0.000378665
941 -0.000378665
942 0.000378665
943 0.000378665
944 0
945 0
946 -0.000378665
947 -0.161791
948 -0.451651
949 -0.674445
950 -0.805924
951 -0.913532
952 -0.967714
953 -0.997648
954 -0.997648
955 -0.997648
956 -1.00447
957 -1.00447
958 -0.995375
959 -0.995375
960 -0.994238
961 -0.994238
962 -1.00409
963 -0.982871
964 -1.00182
965 -1.00901
966 -0.994617
967 -0.994617
968 -0.99348
969 -0.997269
970 -1.00371
971 -1.00371
972 -0.988933
973 -0.987417
974 -1.00219
975 -1.00901
976 -1.00333
977 -0.981734
978 -1.00485
979 -1.00144
980 -1.00674
981 -0.981355
982 -0.99348
983 -1.00106
984 -1.01015
985 -0.991585
986 -0.978703
987 -1.01394
988 -1.00788
989 -0.988175
990 -1.00219
991 -0.977187
992 -0.998406
993 -1.02228
994 -1.00977
995 -0.997269
996 -0.988554
997 -1.01925
998 -1.01015
999 -1.00371
1000 -0.99007
1001 -0.998027
1002 -1.0128
1003 -0.987038
1004 -0.995375
1005 -0.980218
1006 -0.992343
1007 -1.00523
1008 -1.00523
1009 -1.00864
1010 -1.00864
1011 -0.772959
1012 -0.772959
1013 -0.33116
1014 -0.33116
1015 -0.0833581
1016 -0.0833581
1017 -0.000378665
1018 -0.000378665
1019 0.00227341
1020 0.00189427
1021 0.00151537
1022 0.00151537
1023 0.00340988
1024 0.00340988
1025 0.00644109
1026 0.00568329
1027 0.00492572
1028 0.00265207
1029 0.00227341
1030 0.000757566
1031 0.000757566
1032 0.0011367
1033 0.00189427
1034 0.000757566
1035 0.000757566
1036 0.000378665
1037 0.000757566
1038 -0.000757566
1039 0
1040 0
1041 0
1042 -0.000378665
1043 0
1044 0
1045 -0.000757566
1046 0
1047 0.000378665
1048 0.0011367
1049 0.0011367
1050 0
1051 0.000378665
1052 -0.000757566
1053 -0.000757566
1054 0
1055 0
1056 0
1057 0
1058 0
1059 0
1060 0
1061 0
1062 0
1063 0
1064 0.0011367
1065 0.0011367
1066 0
1067 -0.000757566
1068 -0.000757566
1069 -0.000378665
1070 -0.000378665
1071 0.000378665
1072 0.000378665
1073 0.000378665
1074 -0.000378665
1075 0.00606219
1076 0.339875
1077 0.584266
1078 0.759319
1079 0.884735
1080 0.954453
1081 0.965062
1082 1.02114
1083 0.994996
1084 1.01584
1085 1.01243
1086 1.01243
1087 1.00636
1088 1.00636
1089 1.01356
1090 1.01356
1091 0.980597
1092 0.980597
1093 0.995753
1094 1.00864
1095 0.998785
1096 0.998785
1097 1.00295
1098 1.00295
1099 0.997648
1100 0.997648
1101 1.0003
1102 1.0003
1103 1.02114
1104 0.989312
1105 1.00826
1106 1.0075
1107 0.994238
1108 0.999164
1109 0.991964
1110 0.988933
1111 0.995375
1112 1.0128
1113 0.984007
1114 0.977187
1115 0.998785
1116 0.992343
1117 0.987796
1118 0.995375
1119 0.984386
1120 1.00409
1121 1.01015
1122 0.989691
1123 0.976429
1124 1.00219
1125 1.00636
1126 1.01394
1127 1.01394
1128 1.00636
1129 1.00106
1130 0.985144
1131 1.00674
1132 0.999542
1133 0.976429
1134 0.989691
1135 0.989691
1136 1.01091
1137 1.01091
1138 1.00371
1139 1.00219
1140 0.647922
1141 0.647922
1142 0.229614
1143 0.229614
1144 0.0458469
1145 0.0125035
1146 -0.000757566
1147 -0.00265207
1148 -0.00265207
1149 -0.00189427
1150 -0.00340988
1151 -0.00340988
1152 -0.00454682
1153 -0.00681999
1154 -0.0075778
1155 -0.00530439
1156 -0.00530439
1157 -0.00227341
1158 -0.00189427
1159 -0.0011367
1160 -0.00151537
1161 -0.00151537
1162 -0.00151537
1163 -0.0011367
1164 -0.0011367
1165 0
1166 0
1167 -0.000378665
1168 0
1169 0.000757566
1170 -0.000378665
1171 -0.000757566
1172 0.0011367
1173 0
1174 0.000378665
1175 0.000378665
1176 0
1177 0.000378665
1178 0.000378665
1179 -0.000757566
1180 0.000378665
1181 0.000378665
1182 0.000378665
1183 0
1184 0
1185 0
1186 -0.000378665
1187 0.000378665
1188 0.000757566
1189 0
1190 0
1191 0.000378665
1192 0.000378665
1193 -0.000378665
1194 0.000757566
1195 -0.000757566
1196 -0.000378665
1197 0
1198 -0.000378665
1199 0.000378665
1200 -0.000378665
1201 0
1202 0.000378665
1203 -0.000757566
1204 -0.232645
1205 -0.500908
1206 -0.688464
1207 -0.832068
1208 -0.939297
1209 -0.96923
1210 -0.999921
1211 -1.00219
1212 -1.0003
1213 -1.01811
1214 -1.00257
1215 -1.00257
1216 -1.01091
1217 -1.01091
1218 -0.998027
1219 -0.998027
1220 -0.985902
1221 -0.985902
1222 -1.00901
1223 -0.986281
1224 -1.00674
1225 -1.00674
1226 -1.01205
1227 -1.00977
1228 -0.999542
1229 -1.00788
1230 -1.00636
1231 -0.989312
1232 -1.00901
1233 -0.985523
1234 -1.01091
1235 -0.998785
1236 -1.00788
1237 -0.992722
1238 -0.998406
1239 -0.993859
1240 -1.01546
1241 -0.996511
1242 -0.996511
1243 -1.00106
1244 -1.00106
1245 -1.01015
1246 -1.01015
1247 -0.988933
1248 -0.999164
1249 -0.990449
1250 -1.01432
1251 -0.992343
1252 -1.00106
1253 -0.985144
1254 -0.985144
1255 -1.02076
1256 -1.02076
1257 -0.99007
1258 -0.985902
1259 -1.01432
1260 -1.01318
1261 -1.01659
1262 -0.986281
1263 -0.989312
1264 -0.993101
1265 -0.993101
1266 -0.995375
1267 -0.995375
1268 -0.775611
1269 -0.502802
1270 -0.309184
1271 -0.155729
1272 -0.0666867
1273 -0.0204607
1274 -0.000378665
1275 0.00189427
1276 0.00189427
1277 0.00227341
1278 0.00340988
1279 0.00265207
1280 0.00340988
1281 0.00530439
1282 0.00719889
1283 0.00644109
1284 0.00378878
1285 0.00189427
1286 0.00189427
1287 0.0011367
1288 0.000757566
1289 0.0011367
1290 0.0011367
1291 0.0011367
1292 0.000757566
1293 0.000378665
1294 0.000378665
1295 0
1296 -0.000378665
1297 0.000757566
1298 0.000757566
1299 -0.000378665
1300 0.0011367
1301 0
1302 0
1303 0
1304 0.000757566
1305 0
1306 -0.000378665
1307 0.0011367
1308 0
1309 0
1310 0
1311 0
1312 0.000378665
1313 0.000378665
1314 0
1315 0
1316 0.000378665
1317 0.000378665
1318 0.000378665
1319 0.000378665
1320 0
1321 -0.000378665
1322 0
1323 0.000378665
1324 0
1325 0
1326 0.000378665
1327 -0.0011367
1328 -0.000378665
1329 0.000757566
1330 -0.000378665
1331 -0.000378665
