0 0
1 0
2 0
3 0
4 0
5 0
6 0
7 0
8 0
9 0
10 0
11 0
12 0
13 0
14 0
15 0
16 0
17 0
18 0
19 0
20 0
21 0
22 0
23 0
24 0
25 0
26 0
27 0
28 0
29 0
30 0
31 0
32 0
33 0
34 0
35 0
36 0
37 0
38 0
39 0
40 0
41 0
42 0
43 0
44 0
45 0
46 0
47 0
48 0
49 0
50 0
51 0
52 0
53 0
54 0
55 0
56 0
57 0
58 0
59 0
60 0
61 0
62 0
63 0
64 0
65 0
66 0
67 0
68 0
69 0
70 0
71 0
72 0
73 0
74 0
75 0
76 0
77 0
78 0
79 0
80 0
81 0
82 0
83 0
84 0
85 0
86 0
87 0
88 0
89 0
90 0
91 0
92 0
93 0
94 0
95 0
96 0
97 0
98 0
99 0
100 0
101 0
102 0
103 0
104 0
105 0
106 0
107 0
108 0
109 0
110 0
111 0
112 0
113 0
114 0
115 0
116 0
117 0
118 0
119 0
120 0
121 0
122 0
123 0
124 0
125 0
126 0
127 0
128 0
129 0
130 0
131 0
132 0
133 0
134 0
135 0
136 0
137 0
138 0
139 0
140 0
141 0
142 0
143 0
144 0
145 0
146 0
147 0
148 0
149 0
150 0
151 0
152 0
153 0
154 0
155 0
156 0
157 0
158 0
159 0
160 0
161 0
162 0
163 0
164 0
165 0
166 0
167 0
168 0
169 0
170 0
171 0
172 0
173 0
174 0
175 0
176 0
177 0
178 0
179 0
180 0
181 0
182 0
183 0
184 0
185 0
186 0
187 0
188 0
189 0
190 0
191 0
192 0
193 0
194 0
195 0
196 0
197 0
198 0
199 0
200 0
201 0
202 0
203 0
204 0
205 0
206 0
207 0
208 0
209 0
210 0
211 0
212 0
213 0
214 0
215 0
216 0
217 0
218 0
219 0
220 0
221 0
222 0
223 0
224 0
225 0
226 0
227 -0.00121
228 0
229 -0.00121
230 0
231 -0.00121
232 -0.00121
233 -0.00121
234 -0.00121
235 -0.00121
236 -0.00121
237 -0.00121
238 -0.00121
239 -0.00121
240 -0.00121
241 -0.00121
242 -0.00121
243 -0.00121
244 -0.00121
245 -0.00121
246 -0.00121
247 -0.00121
248 -0.00121
249 -0.00121
250 -0.00121
251 -0.00121
252 -0.00121
253 -0.00121
254 -0.00121
255 -0.00121
256 -0.00121
257 -0.00121
258 -0.00121
259 -0.00121
260 -0.00121
261 -0.00121
262 -0.00121
263 -0.00121
264 -0.00121
265 -0.00121
266 -0.00121
267 -0.00121
268 -0.00121
269 -0.00121
270 -0.00121
271 -0.00121
272 -0.00121
273 -0.00121
274 -0.00121
275 -0.00121
276 -0.00121
277 -0.00121
278 -0.00121
279 -0.00121
280 -0.00121
281 -0.00121
282 -0.00121
283 -0.00121
284 -0.00121
285 -0.00121
286 -0.00121
287 -0.00121
288 -0.00121
289 -0.00121
290 -0.00121
291 -0.00121
292 -0.00121
293 -0.00121
294 -0.00121
295 -0.00121
296 -0.00121
297 -0.00242
298 -0.00121
299 -0.00121
300 -0.00121
301 -0.00121
302 -0.00121
303 -0.00121
304 -0.00121
305 -0.00121
306 -0.00121
307 -0.00242
308 -0.00121
309 -0.00121
310 -0.00121
311 -0.00121
312 -0.00121
313 -0.00121
314 -0.00242
315 -0.00242
316 -0.00121
317 -0.00121
318 -0.00121
319 -0.00242
320 -0.00242
321 -0.00242
322 -0.00242
323 -0.00242
324 -0.00121
325 -0.00242
326 -0.00242
327 -0.00242
328 -0.00242
329 -0.00242
330 -0.00121
331 -0.00242
332 -0.00242
333 -0.00121
334 -0.00121
335 -0.00242
336 -0.00242
337 -0.00121
338 -0.00242
339 -0.00242
340 -0.00242
341 -0.00242
342 -0.00242
343 -0.00242
344 -0.00242
345 -0.00242
346 -0.00121
347 -0.00121
348 -0.00242
349 -0.00242
350 -0.00242
351 -0.00121
352 -0.00242
353 -0.00121
354 -0.00242
355 -0.00242
356 -0.00242
357 -0.00242
358 -0.00121
359 -0.00242
360 -0.00242
361 -0.00242
362 -0.00121
363 -0.00242
364 -0.00242
365 -0.00242
366 -0.00242
367 -0.00242
368 -0.00121
369 -0.00242
370 -0.00121
371 -0.00242
372 -0.00242
373 -0.00121
374 -0.00121
375 -0.00242
376 -0.00242
377 -0.00121
378 -0.00242
379 -0.00242
380 -0.00242
381 -0.00242
382 -0.00121
383 -0.00242
384 -0.00242
385 -0.00121
386 -0.00242
387 -0.00121
388 -0.00242
389 -0.00121
390 -0.00242
391 -0.00242
392 -0.00242
393 -0.00121
394 -0.00242
395 -0.00242
396 -0.00242
397 -0.00121
398 -0.00242
399 -0.00242
400 -0.00242
401 -0.00242
402 -0.00242
403 -0.00242
404 -0.00242
405 -0.00242
406 -0.00121
407 -0.00121
408 -0.00121
409 -0.00121
410 -0.00121
411 -0.00121
412 -0.00242
413 -0.00121
414 -0.00242
415 -0.00242
416 -0.00242
417 -0.00121
418 -0.00121
419 -0.00242
420 -0.00242
421 -0.00242
422 -0.00242
423 -0.00242
424 -0.00242
425 -0.00121
426 -0.00242
427 -0.00242
428 -0.00242
429 -0.00242
430 -0.00242
431 -0.00242
432 -0.00242
433 -0.00242
434 -0.00121
435 -0.00242
436 -0.00242
437 -0.00121
438 -0.00242
439 -0.00242
440 -0.00242
441 -0.00242
442 -0.00121
443 -0.00242
444 -0.00242
445 -0.00242
446 -0.00242
447 -0.00121
448 -0.00242
449 -0.00242
450 -0.00242
451 -0.00121
452 -0.00121
453 -0.00242
454 -0.00242
455 -0.00242
456 -0.00242
457 -0.00242
458 -0.00121
459 -0.00242
460 -0.00121
461 -0.00242
462 -0.00121
463 -0.00242
464 -0.00242
465 -0.00242
466 -0.00242
467 -0.00121
468 -0.00121
469 -0.00242
470 -0.00121
471 -0.00242
472 -0.00121
473 -0.00242
474 -0.00242
475 -0.00121
476 -0.00121
477 -0.00242
478 -0.00121
479 -0.00121
480 -0.00242
481 -0.00242
482 -0.00242
483 -0.00242
484 -0.00242
485 -0.00121
486 -0.00121
487 -0.00242
488 -0.00242
489 -0.00242
490 -0.00121
491 -0.00121
492 -0.00121
493 -0.00121
494 -0.00121
495 -0.00242
496 -0.00121
497 -0.00121
498 -0.00242
499 -0.00242
500 -0.00121
501 -0.00121
502 -0.00121
503 -0.00121
504 -0.00242
505 -0.00121
506 -0.00121
507 -0.00121
508 -0.00242
509 -0.00121
510 -0.00242
511 -0.00121
512 -0.00121
513 -0.00242
514 -0.00121
515 -0.00121
516 -0.00242
517 -0.00121
518 -0.00121
519 -0.00242
520 -0.00121
521 -0.00121
522 -0.00242
523 -0.00242
524 -0.00121
525 -0.00121
526 -0.00242
527 -0.00121
528 -0.00121
529 -0.00242
530 -0.00242
531 -0.00242
532 -0.00121
533 -0.00121
534 -0.00121
535 -0.00242
536 -0.00242
537 -0.00121
538 -0.00121
539 -0.00121
540 -0.00242
541 -0.00121
542 -0.00121
543 -0.00121
544 -0.00121
545 -0.00121
546 -0.00242
547 -0.00242
548 -0.00121
549 -0.00121
550 -0.00121
551 -0.00242
552 -0.00121
553 -0.00121
554 -0.00121
555 -0.00121
556 -0.00121
557 -0.00121
558 -0.00121
559 -0.00242
560 -0.00121
561 -0.00121
562 -0.00121
563 -0.00121
564 -0.00121
565 -0.00242
566 -0.00242
567 -0.00121
568 -0.00121
569 -0.00121
570 -0.00242
571 -0.00121
572 -0.00242
573 -0.00121
574 -0.00121
575 -0.00121
576 -0.00121
577 -0.00121
578 -0.00121
579 -0.00121
580 -0.00121
581 -0.00242
582 -0.00121
583 -0.00121
584 -0.00121
585 -0.00121
586 -0.00242
587 -0.00242
588 -0.00121
589 -0.00121
590 -0.00121
591 -0.00121
592 -0.00121
593 -0.00121
594 -0.00121
595 -0.00121
596 -0.00121
597 -0.00242
598 -0.00242
599 -0.00121
600 -0.00121
601 -0.00242
602 -0.00121
603 -0.00121
604 -0.00242
605 -0.00121
606 -0.00242
607 -0.00121
608 -0.00242
609 -0.00242
610 -0.00121
611 -0.00121
612 -0.00121
613 -0.00242
614 -0.00121
615 -0.00121
616 -0.00121
617 -0.00121
618 -0.00121
619 -0.00121
620 -0.00121
621 -0.00121
622 -0.00121
623 -0.00121
624 -0.00242
625 -0.00242
626 -0.00242
627 -0.00121
628 -0.00121
629 -0.00242
630 -0.00121
631 -0.00121
632 -0.00242
633 -0.00121
634 -0.00121
635 -0.00121
636 -0.00242
637 -0.00242
638 -0.00121
639 -0.00121
640 -0.00121
641 -0.00242
642 -0.00121
643 -0.00121
644 -0.00121
645 -0.00121
646 -0.00121
647 -0.00121
648 -0.00121
649 -0.00242
650 -0.00121
651 -0.00121
652 -0.00242
653 -0.00121
654 -0.00242
655 -0.00121
656 -0.00242
657 -0.00121
658 -0.00121
659 -0.00121
660 -0.00242
661 -0.00121
662 -0.00242
663 -0.00121
664 -0.00121
665 -0.00242
666 -0.00242
667 -0.00121
668 -0.00121
669 -0.00121
670 -0.00242
671 -0.00121
672 -0.00121
673 -0.00121
674 -0.00121
675 -0.00121
676 -0.00121
677 -0.00121
678 -0.00121
679 -0.00121
680 -0.00121
681 -0.00121
682 -0.00121
683 -0.00121
684 -0.00121
685 -0.00121
686 -0.00121
687 -0.00121
688 -0.00121
689 -0.00121
690 -0.00242
691 -0.00121
692 -0.00121
693 -0.00121
694 -0.00121
695 -0.00121
696 -0.00121
697 -0.00121
698 -0.00121
699 -0.00121
700 -0.00121
701 -0.00121
702 -0.00121
703 -0.00242
704 -0.00121
705 -0.00121
706 -0.00242
707 -0.00121
708 -0.00121
709 -0.00121
710 -0.00242
711 -0.00242
712 -0.00242
713 -0.00121
714 -0.00121
715 -0.00121
716 -0.00242
717 -0.00121
718 -0.00121
719 -0.00121
720 -0.00121
721 -0.00242
722 -0.00121
723 -0.00121
724 -0.00121
725 -0.00121
726 -0.00121
727 -0.00121
728 -0.00121
729 -0.00121
730 -0.00121
731 -0.00121
732 -0.00121
733 -0.00121
734 -0.00121
735 -0.00121
736 -0.00242
737 -0.00121
738 -0.00121
739 -0.00121
740 -0.00121
741 -0.00121
742 -0.00121
743 -0.00121
744 -0.00121
745 -0.00242
746 -0.00242
747 -0.00242
748 -0.00121
749 -0.00121
750 -0.00121
751 -0.00121
752 -0.00121
753 -0.00121
754 -0.00121
755 -0.00121
756 -0.00121
757 -0.00121
758 -0.00121
759 -0.00121
760 -0.00121
761 -0.00121
762 -0.00242
763 -0.00121
764 -0.00121
765 -0.00121
766 -0.00121
767 -0.00121
768 -0.00242
769 -0.00121
770 -0.00242
771 -0.00121
772 -0.00121
773 -0.00121
774 -0.00121
775 -0.00121
776 -0.00121
777 -0.00121
778 -0.00121
779 -0.00242
780 -0.00121
781 -0.00121
782 -0.00121
783 -0.00121
784 -0.00121
785 -0.00121
786 -0.00121
787 -0.00121
788 -0.00121
789 -0.00242
790 -0.00121
791 -0.00121
792 -0.00121
793 -0.00121
794 -0.00121
795 -0.00121
796 -0.00121
797 -0.00121
798 -0.00121
799 -0.00121
800 -0.00121
801 -0.00121
802 -0.00121
803 -0.00121
804 -0.00121
805 -0.00121
806 -0.00121
807 -0.00121
808 -0.00121
809 -0.00121
810 -0.00121
811 -0.00121
812 -0.00121
813 -0.00121
814 -0.00121
815 -0.00121
816 -0.00121
817 -0.00121
818 -0.00121
819 -0.00121
820 -0.00121
821 -0.00121
822 -0.00121
823 -0.00121
824 -0.00121
825 -0.00121
826 -0.00121
827 -0.00121
828 -0.00121
829 -0.00121
830 -0.00121
831 -0.00121
832 -0.00121
833 -0.00121
834 -0.00121
835 -0.00121
836 -0.00121
837 -0.00121
838 -0.00121
839 -0.00121
840 -0.00121
841 -0.00121
842 -0.00121
843 -0.00242
844 -0.00242
845 -0.00121
846 -0.00121
847 -0.00121
848 -0.00121
849 -0.00242
850 -0.00121
851 -0.00121
852 -0.00121
853 -0.00121
854 -0.00242
855 -0.00242
856 -0.00121
857 -0.00121
858 -0.00121
859 -0.00121
860 -0.00121
861 -0.00121
862 -0.00121
863 -0.00121
864 -0.00121
865 -0.00121
866 -0.00121
867 -0.00121
868 -0.00121
869 -0.00121
870 -0.00121
871 -0.00242
872 -0.00121
873 -0.00121
874 -0.00121
875 -0.00121
876 -0.00121
877 -0.00121
878 -0.00121
879 -0.00121
880 -0.00121
881 -0.00121
882 -0.00121
883 -0.00121
884 -0.00242
885 -0.00121
886 -0.00121
887 -0.00121
888 -0.00121
889 -0.00121
890 -0.00121
891 -0.00121
892 -0.00121
893 -0.00121
894 -0.00121
895 -0.00121
896 -0.00121
897 -0.00121
898 -0.00121
899 -0.00121
900 -0.00121
901 -0.00242
902 -0.00242
903 -0.00242
904 -0.00363
905 -0.00363
906 -0.00363
907 -0.00484
908 -0.00484
909 -0.00484
910 -0.00484
911 -0.00484
912 -0.00484
913 -0.00605
914 -0.00605
915 -0.00605
916 -0.00605
917 -0.00605
918 -0.00605
919 -0.00605
920 -0.00726
921 -0.00726
922 -0.00726
923 -0.00726
924 -0.00726
925 -0.00726
926 -0.00726
927 -0.00726
928 -0.00726
929 -0.00847
930 -0.00847
931 -0.00847
932 -0.00847
933 -0.00847
934 -0.00847
935 -0.00847
936 -0.00847
937 -0.00847
938 -0.00847
939 -0.00847
940 -0.00847
941 -0.00847
942 -0.00968
943 -0.00968
944 -0.00968
945 -0.00968
946 -0.00968
947 -0.00968
948 -0.00968
949 -0.00968
950 -0.00968
951 -0.00968
952 -0.00968
953 -0.00968
954 -0.00968
955 -0.00968
956 -0.00968
957 -0.00968
958 -0.00968
959 -0.00968
960 -0.00968
961 -0.00968
962 -0.00968
963 -0.00968
964 -0.00968
965 -0.00968
966 -0.00968
967 -0.00968
968 -0.00968
969 -0.00968
970 -0.00968
971 -0.00968
972 -0.00968
973 -0.00968
974 -0.00968
975 -0.00968
976 -0.00968
977 -0.00968
978 -0.00968
979 -0.00968
980 -0.00968
981 -0.00968
982 -0.00968
983 -0.00968
984 -0.00968
985 -0.00968
986 -0.00968
987 -0.00968
988 -0.00968
989 -0.00968
990 -0.00968
991 -0.00968
992 -0.00968
993 -0.00968
994 -0.00968
995 -0.00968
996 -0.00968
997 -0.00968
998 -0.00968
999 -0.00968
1000 -0.00968
1001 -0.00968
1002 -0.00968
1003 -0.00968
1004 -0.00968
1005 -0.00968
1006 -0.00968
1007 -0.00968
1008 -0.00968
1009 -0.00968
1010 -0.00968
1011 -0.00968
1012 -0.00968
1013 -0.00968
1014 -0.00968
1015 -0.00968
1016 -0.00968
1017 -0.00968
1018 -0.00968
1019 -0.00968
1020 -0.00968
1021 -0.00968
1022 -0.00968
1023 -0.00968
1024 -0.00968
1025 -0.00968
1026 -0.00968
1027 -0.00968
1028 -0.00968
1029 -0.01573
1030 -0.05445
1031 -0.0605
1032 -0.06292
1033 -0.06171
1034 -0.04356
1035 -0.05445
1036 -0.04961
1037 -0.04719
1038 -0.05082
1039 -0.03751
1040 -0.04961
1041 -0.0484
1042 -0.05203
1043 -0.03872
1044 -0.03872
1045 -0.04719
1046 -0.04961
1047 -0.03751
1048 -0.04719
1049 -0.0484
1050 -0.04235
1051 -0.05082
1052 -0.0363
1053 -0.04477
1054 -0.04114
1055 -0.0484
1056 -0.05082
1057 -0.04235
1058 -0.0484
1059 -0.03509
1060 -0.04598
1061 -0.04114
1062 -0.0484
1063 -0.04114
1064 -0.04961
1065 -0.05082
1066 -0.0484
1067 -0.04114
1068 -0.03872
1069 -0.0484
1070 -0.03872
1071 -0.04719
1072 -0.03993
1073 -0.04114
1074 -0.0484
1075 -0.04114
1076 -0.04356
1077 -0.04235
1078 -0.04961
1079 -0.0484
1080 -0.04235
1081 -0.04961
1082 -0.04477
1083 -0.04961
1084 -0.0484
1085 -0.04235
1086 -0.04356
1087 -0.0363
1088 -0.0484
1089 -0.03993
1090 -0.05203
1091 -0.03993
1092 -0.0484
1093 -0.04356
1094 -0.01089
1095 -0.01694
1096 -0.00484
1097 -0.01573
1098 -0.01815
1099 -0.02541
1100 -0.02904
1101 -0.02299
1102 -0.01089
1103 -0.00363
1104 0.00242
1105 0.01331
1106 0.01815
1107 0.02178
1108 0.02057
1109 0.02057
1110 0.02178
1111 0.02299
1112 0.0242
1113 0.02541
1114 0.02541
1115 0.02541
1116 0.0242
1117 0.0242
1118 0.0242
1119 0.0242
1120 0.0242
1121 0.0242
1122 0.02299
1123 0.02299
1124 0.02299
1125 0.02178
1126 0.02178
1127 0.02178
1128 0.02178
1129 0.02178
1130 0.02057
1131 0.02057
1132 0.02057
1133 0.02057
1134 0.02057
1135 0.01936
1136 0.01936
1137 0.01936
1138 0.01936
1139 0.01936
1140 0.01815
1141 0.01815
1142 0.01815
1143 0.01815
1144 0.01815
1145 0.01815
1146 0.01815
1147 0.01694
1148 0.01694
1149 0.01694
1150 0.01694
1151 0.01694
1152 0.01694
1153 0.01694
1154 0.01573
1155 0.01573
1156 0.01573
1157 0.01573
