0 -7.22281e-05
1 -7.22281e-05
2 -7.22281e-05
3 -7.22281e-05
4 -7.22281e-05
5 -7.22281e-05
6 -7.22281e-05
7 -7.22281e-05
8 -7.22281e-05
9 -7.22281e-05
10 -7.22281e-05
11 -7.22281e-05
12 -7.22281e-05
13 -7.22281e-05
14 -7.22281e-05
15 -7.22281e-05
16 -7.22281e-05
17 -7.22281e-05
18 -7.22281e-05
19 -7.22281e-05
20 -7.22281e-05
21 -7.22281e-05
22 -7.22281e-05
23 -7.22281e-05
24 -7.22281e-05
25 -7.22281e-05
26 -7.22281e-05
27 -7.22281e-05
28 -7.22281e-05
29 -7.22281e-05
30 -7.22281e-05
31 -7.22281e-05
32 -7.22281e-05
33 -7.22281e-05
34 -7.22281e-05
35 -7.22281e-05
36 -7.22281e-05
37 -7.22281e-05
38 -7.22281e-05
39 -7.22281e-05
40 -7.22281e-05
41 -7.22281e-05
42 -7.22281e-05
43 -7.22281e-05
44 -7.22281e-05
45 -7.22281e-05
46 -7.22281e-05
47 -7.22281e-05
48 -7.22281e-05
49 -7.22281e-05
50 -7.22281e-05
51 -7.22281e-05
52 -7.22281e-05
53 -7.22281e-05
54 -7.22281e-05
55 -7.22281e-05
56 -7.22281e-05
57 -7.22281e-05
58 -7.22281e-05
59 -7.22281e-05
60 -7.22281e-05
61 -7.22281e-05
62 -7.22281e-05
63 -7.22281e-05
64 -7.22281e-05
65 -7.22281e-05
66 -7.22281e-05
67 -7.22281e-05
68 -7.22281e-05
69 -7.22281e-05
70 -7.22281e-05
71 -7.22281e-05
72 -7.22281e-05
73 -7.22281e-05
74 -7.22281e-05
75 -7.22281e-05
76 -7.22281e-05
77 -7.22281e-05
78 -7.22281e-05
79 -7.22281e-05
80 -7.22281e-05
81 -7.22281e-05
82 -7.22281e-05
83 -7.22281e-05
84 -7.22281e-05
85 -7.22281e-05
86 -7.22281e-05
87 -7.22281e-05
88 -7.22281e-05
89 -7.22281e-05
90 -7.22281e-05
91 -7.22281e-05
92 -7.22281e-05
93 -7.22281e-05
94 -7.22281e-05
95 -7.22281e-05
96 -7.22281e-05
97 -7.22281e-05
98 -7.22281e-05
99 -7.22281e-05
100 -7.22281e-05
101 -7.22281e-05
102 -7.22281e-05
103 -7.22281e-05
104 -7.22281e-05
105 -7.22281e-05
106 -7.22281e-05
107 -7.22281e-05
108 -7.22281e-05
109 -7.22281e-05
110 -7.22281e-05
111 -7.22281e-05
112 -7.22281e-05
113 -7.22281e-05
114 -7.22281e-05
115 -7.22281e-05
116 -7.22281e-05
117 -7.22281e-05
118 -7.22281e-05
119 -7.22281e-05
120 -7.22281e-05
121 -7.22281e-05
122 -7.22281e-05
123 -7.22281e-05
124 -7.22281e-05
125 -7.22281e-05
126 -7.22281e-05
127 -7.22281e-05
128 -7.22281e-05
129 -7.22281e-05
130 -7.22281e-05
131 -7.22281e-05
132 -7.22281e-05
133 -7.22281e-05
134 -7.22281e-05
135 -7.22281e-05
136 -7.22281e-05
137 -7.22281e-05
138 -7.22281e-05
139 -7.22281e-05
140 -7.22281e-05
141 -7.22281e-05
142 -7.22281e-05
143 -7.22281e-05
144 -7.22281e-05
145 -7.22281e-05
146 -7.22281e-05
147 -7.22281e-05
148 -7.22281e-05
149 -7.22281e-05
150 -7.22281e-05
151 -7.22281e-05
152 -7.22281e-05
153 -7.22281e-05
154 -7.22281e-05
155 -7.22281e-05
156 -7.22281e-05
157 -7.22281e-05
158 -7.22281e-05
159 -7.22281e-05
160 -7.22281e-05
161 -7.22281e-05
162 -7.22281e-05
163 -7.22281e-05
164 -7.22281e-05
165 -7.22281e-05
166 -7.22281e-05
167 -7.22281e-05
168 -7.22281e-05
169 -7.22281e-05
170 -7.22281e-05
171 -7.22281e-05
172 -7.22281e-05
173 -7.22281e-05
174 -7.22281e-05
175 -7.22281e-05
176 -7.22281e-05
177 -7.22281e-05
178 -7.22281e-05
179 -7.22281e-05
180 -7.22281e-05
181 -7.22281e-05
182 -7.22281e-05
183 -7.22281e-05
184 -7.22281e-05
185 -7.22281e-05
186 -7.22281e-05
187 -7.22281e-05
188 -7.22281e-05
189 -7.22281e-05
190 -7.22281e-05
191 -7.22281e-05
192 -7.22281e-05
193 -7.22281e-05
194 -7.22281e-05
195 -7.22281e-05
196 -7.22281e-05
197 -7.22281e-05
198 -7.22281e-05
199 -7.22281e-05
200 -7.22281e-05
201 -7.22281e-05
202 -7.22281e-05
203 -7.22281e-05
204 -7.22281e-05
205 -7.22281e-05
206 -7.22281e-05
207 -7.22281e-05
208 -7.22281e-05
209 -7.22281e-05
210 -7.22281e-05
211 -7.22281e-05
212 -7.22281e-05
213 -7.22281e-05
214 -7.22281e-05
215 -7.22281e-05
216 -7.22281e-05
217 -7.22281e-05
218 -7.22281e-05
219 -7.22281e-05
220 -7.22281e-05
221 -7.22281e-05
222 -7.22281e-05
223 -7.22281e-05
224 -7.22281e-05
225 -7.22281e-05
226 -7.22281e-05
227 -7.22281e-05
228 -7.22281e-05
229 -7.22281e-05
230 -7.22281e-05
231 -7.22281e-05
232 -7.22281e-05
233 -7.22281e-05
234 -7.22281e-05
235 -7.22281e-05
236 -7.22281e-05
237 -7.22281e-05
238 -7.22281e-05
239 -7.22281e-05
240 -7.22281e-05
241 -7.22281e-05
242 -7.22281e-05
243 -7.22281e-05
244 -7.22281e-05
245 -7.22281e-05
246 -7.22281e-05
247 -7.22281e-05
248 -7.22281e-05
249 -7.22281e-05
250 -7.22281e-05
251 -7.22281e-05
252 -7.22281e-05
253 -7.22281e-05
254 -7.22281e-05
255 -7.22281e-05
256 -7.22281e-05
257 -7.22281e-05
258 -7.22281e-05
259 -7.22281e-05
260 -7.22281e-05
261 -7.22281e-05
262 -7.22281e-05
263 -7.22281e-05
264 -7.22281e-05
265 -7.22281e-05
266 -7.22281e-05
267 -7.22281e-05
268 -7.22281e-05
269 -7.22281e-05
270 -7.22281e-05
271 -7.22281e-05
272 -7.22281e-05
273 -7.22281e-05
274 -7.22281e-05
275 -7.22281e-05
276 -7.22281e-05
277 -7.22281e-05
278 -7.22281e-05
279 -7.22281e-05
280 -7.22281e-05
281 -7.22281e-05
282 -7.22281e-05
283 -7.22281e-05
284 -7.22281e-05
285 -7.22281e-05
286 -7.22281e-05
287 -7.22281e-05
288 -7.22281e-05
289 -7.22281e-05
290 -7.22281e-05
291 -7.22281e-05
292 -7.22281e-05
293 -7.22281e-05
294 -7.22281e-05
295 -7.22281e-05
296 -7.22281e-05
297 -7.22281e-05
298 -7.22281e-05
299 -7.22281e-05
300 -7.22281e-05
301 -7.22281e-05
302 -7.22281e-05
303 -7.22281e-05
304 -7.22281e-05
305 -7.22281e-05
306 -7.22281e-05
307 -7.22281e-05
308 -7.22281e-05
309 -7.22281e-05
310 -7.22281e-05
311 -7.22281e-05
312 -7.22281e-05
313 -7.22281e-05
314 -7.22281e-05
315 -7.22281e-05
316 -7.22281e-05
317 -7.22281e-05
318 -7.22281e-05
319 -7.22281e-05
320 -7.22281e-05
321 -7.22281e-05
322 -7.22281e-05
323 -7.22281e-05
324 -7.22281e-05
325 -7.22281e-05
326 -7.22281e-05
327 -7.22281e-05
328 -7.22281e-05
329 -7.22281e-05
330 -7.22281e-05
331 -7.22281e-05
332 -7.22281e-05
333 -7.22281e-05
334 -7.22281e-05
335 -7.22281e-05
336 -7.22281e-05
337 -7.22281e-05
338 -7.22281e-05
339 -7.22281e-05
340 -7.22281e-05
341 -7.22281e-05
342 -7.22281e-05
343 -7.22281e-05
344 -7.22281e-05
345 -7.22281e-05
346 -7.22281e-05
347 -7.22281e-05
348 -7.22281e-05
349 -7.22281e-05
350 -7.22281e-05
351 -7.22281e-05
352 -7.22281e-05
353 -7.22281e-05
354 -7.22281e-05
355 -7.22281e-05
356 -7.22281e-05
357 -7.22281e-05
358 -7.22281e-05
359 -7.22281e-05
360 -7.22281e-05
361 -7.22281e-05
362 -7.22281e-05
363 -7.22281e-05
364 -7.22281e-05
365 -7.22281e-05
366 -7.22281e-05
367 -7.22281e-05
368 -7.22281e-05
369 -7.22281e-05
370 -7.22281e-05
371 -7.22281e-05
372 -7.22281e-05
373 -7.22281e-05
374 -7.22281e-05
375 -7.22281e-05
376 -7.22281e-05
377 -7.22281e-05
378 -7.22281e-05
379 -7.22281e-05
380 -7.22281e-05
381 -7.22281e-05
382 -7.22281e-05
383 -7.22281e-05
384 -7.22281e-05
385 -7.22281e-05
386 -7.22281e-05
387 -7.22281e-05
388 -7.22281e-05
389 -7.22281e-05
390 -7.22281e-05
391 -7.22281e-05
392 -7.22281e-05
393 -7.22281e-05
394 -7.22281e-05
395 -7.22281e-05
396 -7.22281e-05
397 -7.22281e-05
398 -7.22281e-05
399 -7.22281e-05
400 -7.22281e-05
401 -7.22281e-05
402 -7.22281e-05
403 -7.22281e-05
404 -7.22281e-05
405 -7.22281e-05
406 -7.22281e-05
407 -7.22281e-05
408 -7.22281e-05
409 -7.22281e-05
410 -7.22281e-05
411 -7.22281e-05
412 -7.22281e-05
413 -7.22281e-05
414 -7.22281e-05
415 -7.22281e-05
416 -7.22281e-05
417 -7.22281e-05
418 -7.22281e-05
419 -7.22281e-05
420 -7.22281e-05
421 -7.22281e-05
422 -7.22281e-05
423 -7.22281e-05
424 -7.22281e-05
425 -7.22281e-05
426 -7.22281e-05
427 -7.22281e-05
428 -7.22281e-05
429 -7.22281e-05
430 -7.22281e-05
431 -7.22281e-05
432 -7.22281e-05
433 -7.22281e-05
434 -7.22281e-05
435 -7.22281e-05
436 -7.22281e-05
437 -7.22281e-05
438 -7.22281e-05
439 -7.22281e-05
440 -7.22281e-05
441 -7.22281e-05
442 -7.22281e-05
443 -7.22281e-05
444 -7.22281e-05
445 -7.22281e-05
446 -7.22281e-05
447 -7.22281e-05
448 -7.22281e-05
449 -7.22281e-05
450 -7.22281e-05
451 -7.22281e-05
452 -7.22281e-05
453 -7.22281e-05
454 -7.22281e-05
455 -7.22281e-05
456 -7.22281e-05
457 -7.22281e-05
458 -7.22281e-05
459 -7.22281e-05
460 -7.22281e-05
461 -7.22281e-05
462 -7.22281e-05
463 -7.22281e-05
464 -7.22281e-05
465 -7.22281e-05
466 -7.22281e-05
467 -7.22281e-05
468 -7.22281e-05
469 -7.22281e-05
470 -7.22281e-05
471 -7.22281e-05
472 -7.22281e-05
473 -7.22281e-05
474 -7.22281e-05
475 -7.22281e-05
476 -7.22281e-05
477 -7.22281e-05
478 -7.22281e-05
479 -7.22281e-05
480 -7.22281e-05
481 -7.22281e-05
482 -7.22281e-05
483 -7.22281e-05
484 -7.22281e-05
485 -7.22281e-05
486 -7.22281e-05
487 -7.22281e-05
488 -7.22281e-05
489 -7.22281e-05
490 -7.22281e-05
491 -7.22281e-05
492 -7.22281e-05
493 -7.22281e-05
494 -7.22281e-05
495 -7.22281e-05
496 -7.22281e-05
497 -7.22281e-05
498 -7.22281e-05
499 -7.22281e-05
500 -7.22281e-05
501 -7.22281e-05
502 -7.22281e-05
503 -7.22281e-05
504 -7.22281e-05
505 -7.22281e-05
506 -7.22281e-05
507 -7.22281e-05
508 -7.22281e-05
509 -7.22281e-05
510 -7.22281e-05
511 -7.22281e-05
512 -7.22281e-05
513 -7.22281e-05
514 -7.22281e-05
515 -7.22281e-05
516 -7.22281e-05
517 -7.22281e-05
518 -7.22281e-05
519 -7.22281e-05
520 -7.22281e-05
521 -7.22281e-05
522 -7.22281e-05
523 -7.22281e-05
524 -7.22281e-05
525 -7.22281e-05
526 -7.22281e-05
527 -7.22281e-05
528 -7.22281e-05
529 -7.22281e-05
530 -7.22281e-05
531 -7.22281e-05
532 -7.22281e-05
533 -7.22281e-05
534 -7.22281e-05
535 -7.22281e-05
536 -7.22281e-05
537 -7.22281e-05
538 -7.22281e-05
539 -7.22281e-05
540 -7.22281e-05
541 -7.22281e-05
542 -7.22281e-05
543 -7.22281e-05
544 -7.22281e-05
545 -7.22281e-05
546 -7.22281e-05
547 -7.22281e-05
548 -7.22281e-05
549 -7.22281e-05
550 -7.22281e-05
551 -7.22281e-05
552 -7.22281e-05
553 -7.22281e-05
554 -7.22281e-05
555 -7.22281e-05
556 -7.22281e-05
557 -7.22281e-05
558 -7.22281e-05
559 -7.22281e-05
560 -7.22281e-05
561 -7.22281e-05
562 -7.22281e-05
563 -7.22281e-05
564 -7.22281e-05
565 -7.22281e-05
566 -7.22281e-05
567 -7.22281e-05
568 -7.22281e-05
569 -7.22281e-05
570 -7.22281e-05
571 -7.22281e-05
572 -7.22281e-05
573 -7.22281e-05
574 -7.22281e-05
575 -7.22281e-05
576 -7.22281e-05
577 -7.22281e-05
578 -7.22281e-05
579 -7.22281e-05
580 -7.22281e-05
581 -7.22281e-05
582 -7.22281e-05
583 -7.22281e-05
584 -7.22281e-05
585 -7.22281e-05
586 -7.22281e-05
587 -7.22281e-05
588 -7.22281e-05
589 -7.22281e-05
590 -7.22281e-05
591 -7.22281e-05
592 -7.22281e-05
593 -7.22281e-05
594 -7.22281e-05
595 -7.22281e-05
596 -7.22281e-05
597 -7.22281e-05
598 -7.22281e-05
599 -7.22281e-05
600 -7.22281e-05
601 -7.22281e-05
602 -7.22281e-05
603 -7.22281e-05
604 -7.22281e-05
605 -7.22281e-05
606 -7.22281e-05
607 -7.22281e-05
608 -7.22281e-05
609 -7.22281e-05
610 -7.22281e-05
611 -7.22281e-05
612 -7.22281e-05
613 -7.22281e-05
614 -7.22281e-05
615 -7.22281e-05
616 -7.22281e-05
617 -7.22281e-05
618 -7.22281e-05
619 -7.22281e-05
620 -7.22281e-05
621 -7.22281e-05
622 -7.22281e-05
623 -7.22281e-05
624 -7.22281e-05
625 -7.22281e-05
626 -7.22281e-05
627 -7.22281e-05
628 -7.22281e-05
629 -7.22281e-05
630 -7.22281e-05
631 -7.22281e-05
632 -7.22281e-05
633 -7.22281e-05
634 -7.22281e-05
635 -7.22281e-05
636 -7.22281e-05
637 -7.22281e-05
638 -7.22281e-05
639 -7.22281e-05
640 -7.22281e-05
641 -7.22281e-05
642 -7.22281e-05
643 -7.22281e-05
644 -7.22281e-05
645 -7.22281e-05
646 -7.22281e-05
647 -7.22281e-05
648 -7.22281e-05
649 -7.22281e-05
650 -7.22281e-05
651 -7.22281e-05
652 -7.22281e-05
653 -7.22281e-05
654 -7.22281e-05
655 -7.22281e-05
656 -7.22281e-05
657 -7.22281e-05
658 -7.22281e-05
659 -7.22281e-05
660 -7.22281e-05
661 -7.22281e-05
662 -7.22281e-05
663 -7.22281e-05
664 -7.22281e-05
665 -7.22281e-05
666 -7.22281e-05
667 -7.22281e-05
668 -7.22281e-05
669 -7.22281e-05
670 -7.22281e-05
671 -7.22281e-05
672 -7.22281e-05
673 -7.22281e-05
674 -7.22281e-05
675 -7.22281e-05
676 -7.22281e-05
677 -7.22281e-05
678 -7.22281e-05
679 -7.22281e-05
680 -7.22281e-05
681 -7.22281e-05
682 -7.22281e-05
683 -7.22281e-05
684 -7.22281e-05
685 -7.22281e-05
686 -7.22281e-05
687 -7.22281e-05
688 -7.22281e-05
689 -7.22281e-05
690 -7.22281e-05
691 -7.22281e-05
692 -7.22281e-05
693 -7.22281e-05
694 -7.22281e-05
695 -7.22281e-05
696 -7.22281e-05
697 -7.22281e-05
698 -7.22281e-05
699 -7.22281e-05
700 -7.22281e-05
701 -7.22281e-05
702 -7.22281e-05
703 -7.22281e-05
704 -7.22281e-05
705 -7.22281e-05
706 -7.22281e-05
707 -7.22281e-05
708 -7.22281e-05
709 -7.22281e-05
710 -7.22281e-05
711 -7.22281e-05
712 -7.22281e-05
713 -7.22281e-05
714 -7.22281e-05
715 -7.22281e-05
716 -7.22281e-05
717 -7.22281e-05
718 -7.22281e-05
719 -7.22281e-05
720 -7.22281e-05
721 -7.22281e-05
722 -7.22281e-05
723 -7.22281e-05
724 -7.22281e-05
725 -7.22281e-05
726 -7.22281e-05
727 -7.22281e-05
728 -7.22281e-05
729 -7.22281e-05
730 -7.22281e-05
731 -7.22281e-05
732 -7.22281e-05
733 -7.22281e-05
734 -7.22281e-05
735 -7.22281e-05
736 -7.22281e-05
737 -7.22281e-05
738 -7.22281e-05
739 -7.22281e-05
740 -7.22281e-05
741 -7.22281e-05
742 -7.22281e-05
743 -7.22281e-05
744 -7.22281e-05
745 -7.22281e-05
746 -7.22281e-05
747 -7.22281e-05
748 -7.22281e-05
749 -7.22281e-05
750 -7.22281e-05
751 -7.22281e-05
752 -7.22281e-05
753 -7.22281e-05
754 -7.22281e-05
755 -7.22281e-05
756 -7.22281e-05
757 -7.22281e-05
758 -7.22281e-05
759 -7.22281e-05
760 -7.22281e-05
761 -7.22281e-05
762 -7.22281e-05
763 -7.22281e-05
764 -7.22281e-05
765 -7.22281e-05
766 -7.22281e-05
767 -7.22281e-05
768 -7.22281e-05
769 -7.22281e-05
770 -7.22281e-05
771 -7.22281e-05
772 -7.22281e-05
773 -7.22281e-05
774 -7.22281e-05
775 -7.22281e-05
776 -7.22281e-05
777 -7.22281e-05
778 -7.22281e-05
779 -7.22281e-05
780 -7.22281e-05
781 -7.22281e-05
782 -7.22281e-05
783 -7.22281e-05
784 -7.22281e-05
785 -7.22281e-05
786 -7.22281e-05
787 -7.22281e-05
788 -7.22281e-05
789 -7.22281e-05
790 -7.22281e-05
791 -7.22281e-05
792 -7.22281e-05
793 -7.22281e-05
794 -7.22281e-05
795 -7.22281e-05
796 -7.22281e-05
797 -7.22281e-05
798 -7.22281e-05
799 -7.22281e-05
800 -7.22281e-05
801 -7.22281e-05
802 -7.22281e-05
803 -7.22281e-05
804 -7.22281e-05
805 -7.22281e-05
806 -7.22281e-05
807 -7.22281e-05
808 -7.22281e-05
809 -7.22281e-05
810 -7.22281e-05
811 -7.22281e-05
812 -7.22281e-05
813 -7.22281e-05
814 -7.22281e-05
815 -7.22281e-05
816 -7.22281e-05
817 -7.22281e-05
818 -7.22281e-05
819 -7.22281e-05
820 -7.22281e-05
821 -7.22281e-05
822 -7.22281e-05
823 -7.22281e-05
824 -7.22281e-05
825 -7.22281e-05
826 -7.22281e-05
827 -7.22281e-05
828 -7.22281e-05
829 -7.22281e-05
830 -7.22281e-05
831 -7.22281e-05
832 -7.22281e-05
833 -7.22281e-05
834 -7.22281e-05
