0 0.000378665
1 0
2 0
3 -0.000378665
4 0
5 0
6 -0.000378665
7 0
8 0
9 -0.000378665
10 -0.000378665
11 0.000757566
12 -0.000378665
13 -0.000378665
14 0.000378665
15 0
16 0
17 0
18 -0.000378665
19 -0.000378665
20 0
21 0.000378665
22 0.000378665
23 0
24 0
25 0.000378665
26 0
27 0
28 -0.000378665
29 0
30 0
31 0
32 0
33 0
34 0.000757566
35 0.000757566
36 0.000378665
37 0.000378665
38 0.000378665
39 0.000378665
40 -0.000378665
41 -0.000378665
42 0
43 0.000378665
44 0.000378665
45 0.000378665
46 0
47 0
48 0
49 0
50 0
51 0
52 0
53 -0.000378665
54 0.000378665
55 0.000378665
56 0
57 0
58 -0.000378665
59 0.000757566
60 0
61 0
62 0.000378665
63 0.000378665
64 0
65 0
66 0
67 0
68 -0.000378665
69 -0.000378665
70 0
71 0.000378665
72 0.000378665
73 -0.000378665
74 -0.000378665
75 0
76 0
77 0
78 -0.000378665
79 0.000378665
80 0.000378665
81 0
82 0.000378665
83 0.000378665
84 0.000378665
85 0
86 0
87 -0.000378665
88 -0.000378665
89 0.000378665
90 0
91 0
92 0.000378665
93 0.000378665
94 0.000378665
95 0
96 -0.000378665
97 -0.000378665
98 0
99 0
100 0
101 0
102 0
103 0.000378665
104 0.000378665
105 0.000378665
106 0
107 0.000378665
108 0.000378665
109 -0.000378665
110 -0.000378665
111 0
112 -0.000757566
113 -0.000757566
114 0
115 -0.000378665
116 -0.000378665
117 -0.000378665
118 0
119 0
120 0.000378665
121 0.000378665
122 0
123 0.000757566
124 0.000757566
125 0
126 0.000378665
127 0.000378665
128 0
129 0
130 0
131 0.000378665
132 -0.000378665
133 -0.000378665
134 0
135 0
136 0.000378665
137 0
138 0
139 0
140 0
141 0
142 -0.000378665
143 -0.000378665
144 -0.000378665
145 0
146 0
147 0
148 0
149 0
150 0
151 0
152 0
153 0
154 0.000757566
155 0.000757566
156 0
157 0
158 0
159 0
160 -0.000378665
161 -0.000378665
162 -0.000757566
163 -0.000757566
164 0.000378665
165 0.000378665
166 0.000378665
167 0
168 -0.000378665
169 -0.000378665
170 0
171 0
172 0
173 0.000757566
174 0.000757566
175 -0.000378665
176 0.000378665
177 0.000378665
178 -0.000378665
179 0
180 0
181 -0.000378665
182 0.000378665
183 0.000378665
184 0
185 0
186 0
187 0.000757566
188 0.000757566
189 0.000378665
190 0.000757566
191 0.000757566
192 0.000378665
193 0
194 0
195 -0.000378665
196 0.000378665
197 0.000378665
198 0.000378665
199 0
200 0.000378665
201 0.000378665
202 0
203 -0.000378665
204 -0.000378665
205 0
206 0.000378665
207 0.000378665
208 0
209 0
210 -0.000757566
211 0
212 0
213 0
214 -0.000378665
215 -0.000378665
216 0
217 0
218 0
219 -0.000378665
220 0
221 0
222 0.000378665
223 0.000378665
224 -0.000757566
225 -0.000757566
226 -0.000757566
227 0
228 0.000757566
229 0.000757566
230 0.000378665
231 0.000378665
232 0.000378665
233 0.000378665
234 0.000378665
235 -0.000378665
236 0
237 0
238 0.000378665
239 0.000378665
240 0
241 -0.000757566
242 0
243 0
244 0
245 -0.000378665
246 -0.000378665
247 0
248 0
249 0
250 -0.000378665
251 0
252 0
253 -0.000378665
254 0
255 0
256 0
257 0
258 -0.000378665
259 0.000378665
260 0.000378665
261 -0.000378665
262 -0.000378665
263 -0.000378665
264 0.000378665
265 0.000378665
266 0.000378665
267 -0.000378665
268 0
269 0
270 0
271 0
272 0
273 0.000378665
274 0.000378665
275 0.000378665
276 0.000378665
277 0.000378665
278 0
279 -0.000378665
280 -0.000378665
281 0.000378665
282 0.000378665
283 0.000378665
284 0
285 0
286 -0.000378665
287 0.000378665
288 0.000378665
289 0.000378665
290 0.000378665
291 0.000378665
292 0
293 0.000378665
294 0.000378665
295 0.000378665
296 0.000378665
297 0
298 0.000378665
299 0
300 0.000378665
301 -0.000378665
302 -0.000378665
303 -0.000378665
304 0
305 0
306 0.000378665
307 0.000378665
308 0.000378665
309 0
310 0
311 -0.000378665
312 0
313 0
314 0
315 0.000378665
316 0.000378665
317 0.000378665
318 0.000378665
319 0.000378665
320 0
321 0.000378665
322 0.000378665
323 -0.000757566
324 0
325 0
326 0
327 0
328 -0.000378665
329 -0.000378665
330 -0.000378665
331 0.000378665
332 0.000378665
333 0.000378665
334 0
335 -0.000378665
336 -0.000378665
337 0
338 0.000378665
339 0.000378665
340 0
341 0
342 -0.000378665
343 0
344 0
345 0.000378665
346 -0.000378665
347 -0.000378665
348 0
349 0
350 0
351 -0.0011367
352 -0.0011367
353 0
354 0
355 0
356 0
357 0.0011367
358 0.0011367
359 0
360 -0.000378665
361 -0.000378665
362 -0.000378665
363 0
364 0
365 0.000378665
366 0.000378665
367 0
368 0
369 0
370 -0.000378665
371 -0.000378665
372 -0.000378665
373 0
374 0
375 0
376 -0.000378665
377 0
378 0
379 -0.000757566
380 -0.000757566
381 0
382 0
383 -0.000757566
384 0
385 0.000378665
386 0.000378665
387 0
388 0.000378665
389 0.000378665
390 0.000757566
391 0.000757566
392 -0.000378665
393 0
394 0
395 0
396 -0.000378665
397 0.000378665
398 0
399 0
400 0
401 0
402 0
403 0.000757566
404 0.000757566
405 0.000757566
406 0.000757566
407 0.000378665
408 0
409 0
410 0
411 0
412 0
413 -0.000378665
414 0
415 0
416 0
417 0.000378665
418 0.000378665
419 0.000757566
420 0.000757566
421 -0.000378665
422 0.000378665
423 0.000757566
424 0.000757566
425 0
426 0
427 0
428 0
429 0
430 0
431 0
432 0
433 0.000378665
434 -0.000378665
435 -0.000378665
436 -0.000378665
437 0
438 0
439 0.000378665
440 0.000378665
441 0.000378665
442 0
443 0.000378665
444 0.000378665
445 -0.000757566
446 0.000378665
447 0.000378665
448 0
449 0
450 0
451 0.000378665
452 0.000378665
453 0.000378665
454 0
455 0
456 0
457 0.000757566
458 0.000757566
459 0
460 0.000378665
461 0.000378665
462 -0.000757566
463 0.000378665
464 0.000378665
465 0
466 0
467 0
468 0
469 0
470 -0.000378665
471 0
472 0
473 0
474 -0.000378665
475 -0.000378665
476 0
477 0
478 0
479 0.000378665
480 -0.000378665
481 -0.000378665
482 0.000378665
483 0
484 0
485 0
486 -0.000378665
487 0.0011367
488 0
489 0
490 -0.000757566
491 0
492 0
493 -0.000378665
494 0
495 -0.000378665
496 -0.000378665
497 0
498 0
499 -0.000378665
500 0
501 0
502 0
503 0
504 0.000378665
505 0.000378665
506 0.000378665
507 0
508 -0.000378665
509 -0.000378665
510 0.000378665
511 0.000378665
512 0
513 0
514 0
515 0
516 0
517 0.000378665
518 0.000378665
519 0
520 -0.000378665
521 -0.000378665
522 0
523 0
524 -0.000378665
525 -0.000378665
526 0
527 0.000378665
528 0.000378665
529 -0.000378665
530 -0.000378665
531 -0.000378665
532 -0.000378665
533 -0.000757566
534 -0.000757566
535 -0.000378665
536 0
537 0
538 -0.000378665
539 -0.000378665
540 -0.000378665
541 -0.000757566
542 -0.000757566
543 0
544 0.000378665
545 0.000378665
546 0.000378665
547 0.000378665
548 0.000378665
549 -0.000378665
550 0
551 0
552 -0.000378665
553 -0.000378665
554 -0.000378665
555 -0.000378665
556 -0.000378665
557 -0.000378665
558 0
559 0
560 -0.000378665
561 0.000378665
562 0.000378665
563 0
564 0
565 0
566 0
567 0.000378665
568 0.000378665
569 0
570 0
571 -0.000378665
572 0
573 0
574 -0.000757566
575 -0.000378665
576 -0.000378665
577 -0.000378665
578 -0.000378665
579 0
580 0.000378665
581 0.000378665
582 0
583 0
584 0
585 0
586 -0.000378665
587 -0.000378665
588 0
589 -0.000378665
590 -0.000378665
591 -0.000378665
592 -0.000378665
593 -0.000378665
594 0.000378665
595 0.000757566
596 0.000378665
597 0.000378665
598 -0.000378665
599 -0.000378665
600 0
601 0.000757566
602 0.000757566
603 0.000378665
604 0
605 0
606 0.000378665
607 0
608 0
609 0.000378665
610 0
611 0
612 0.000378665
613 0.000378665
614 0
615 0.000757566
616 0.000757566
617 0.000378665
618 0.000378665
619 0.000378665
620 0
621 0
622 0
623 0.000378665
624 0.000378665
625 0.000378665
626 -0.000757566
627 -0.000757566
628 0.000378665
629 0.000378665
630 0.000378665
631 0.000378665
632 -0.000378665
633 -0.000378665
634 -0.000378665
635 0
636 -0.000378665
637 -0.000378665
638 0
639 0.000378665
640 0.000378665
641 -0.000378665
642 -0.000757566
643 -0.000757566
644 0
645 0
646 0.000378665
647 0.000378665
648 0
649 0
650 -0.000378665
651 0
652 0
653 0.0011367
654 -0.000378665
655 -0.000378665
656 -0.000378665
657 0
658 -0.000378665
659 -0.000378665
660 -0.000378665
661 0
662 0
663 0
664 0
665 0
666 -0.000378665
667 -0.000378665
668 0.000378665
669 0.000378665
670 0.000378665
671 0.000378665
672 0
673 0
674 0.0011367
675 0.000378665
676 0
677 0
678 -0.0011367
679 0.000757566
680 0.000757566
681 0
682 0
683 0
684 0.000378665
685 0.000378665
686 0
687 -0.000378665
688 -0.000378665
689 0
690 0
691 0
692 0
693 0
694 0.000378665
695 0
