0 -7.17545e-05
1 -7.17545e-05
2 -7.17545e-05
3 -7.17545e-05
4 -7.17545e-05
5 -7.17545e-05
6 -7.17545e-05
7 -7.17545e-05
8 -7.17545e-05
9 -7.17545e-05
10 -7.17545e-05
11 -7.17545e-05
12 -7.17545e-05
13 -7.17545e-05
14 -7.17545e-05
15 -7.17545e-05
16 -7.17545e-05
17 -7.17545e-05
18 -7.17545e-05
19 -7.17545e-05
20 -7.17545e-05
21 -7.17545e-05
22 -7.17545e-05
23 -7.17545e-05
24 -7.17545e-05
25 -7.17545e-05
26 -7.17545e-05
27 -7.17545e-05
28 -7.17545e-05
29 -7.17545e-05
30 -7.17545e-05
31 -7.17545e-05
32 -7.17545e-05
33 -7.17545e-05
34 -7.17545e-05
35 -7.17545e-05
36 -7.17545e-05
37 -7.17545e-05
38 -7.17545e-05
39 -7.17545e-05
40 -7.17545e-05
41 -7.17545e-05
42 -7.17545e-05
43 -7.17545e-05
44 -7.17545e-05
45 -7.17545e-05
46 -7.17545e-05
47 -7.17545e-05
48 -7.17545e-05
49 -7.17545e-05
50 -7.17545e-05
51 -7.17545e-05
52 -7.17545e-05
53 -7.17545e-05
54 -7.17545e-05
55 -7.17545e-05
56 -7.17545e-05
57 -7.17545e-05
58 -7.17545e-05
59 -7.17545e-05
60 -7.17545e-05
61 -7.17545e-05
62 -7.17545e-05
63 -7.17545e-05
64 -7.17545e-05
65 -7.17545e-05
66 -7.17545e-05
67 -7.17545e-05
68 -7.17545e-05
69 -7.17545e-05
70 -7.17545e-05
71 -7.17545e-05
72 -7.17545e-05
73 -7.17545e-05
74 -7.17545e-05
75 -7.17545e-05
76 -7.17545e-05
77 -7.17545e-05
78 -7.17545e-05
79 -7.17545e-05
80 -7.17545e-05
81 -7.17545e-05
82 -7.17545e-05
83 -7.17545e-05
84 -7.17545e-05
85 -7.17545e-05
86 -7.17545e-05
87 -7.17545e-05
88 -7.17545e-05
89 -7.17545e-05
90 -7.17545e-05
91 -7.17545e-05
92 -7.17545e-05
93 -7.17545e-05
94 -7.17545e-05
95 -7.17545e-05
96 -7.17545e-05
97 -7.17545e-05
98 -7.17545e-05
99 -7.17545e-05
100 -7.17545e-05
101 -7.17545e-05
102 -7.17545e-05
103 -7.17545e-05
104 -7.17545e-05
105 -7.17545e-05
106 -7.17545e-05
107 -7.17545e-05
108 -7.17545e-05
109 -7.17545e-05
110 -7.17545e-05
111 -7.17545e-05
112 -7.17545e-05
113 -7.17545e-05
114 -7.17545e-05
115 -7.17545e-05
116 -7.17545e-05
117 -7.17545e-05
118 -7.17545e-05
119 -7.17545e-05
120 -7.17545e-05
121 -7.17545e-05
122 -7.17545e-05
123 -7.17545e-05
124 -7.17545e-05
125 -7.17545e-05
126 -7.17545e-05
127 -7.17545e-05
128 -7.17545e-05
129 -7.17545e-05
130 -7.17545e-05
131 -7.17545e-05
132 -7.17545e-05
133 -7.17545e-05
134 -7.17545e-05
135 -7.17545e-05
136 -7.17545e-05
137 -7.17545e-05
138 -7.17545e-05
139 -7.17545e-05
140 -7.17545e-05
141 -7.17545e-05
142 -7.17545e-05
143 -7.17545e-05
144 -7.17545e-05
145 -7.17545e-05
146 -7.17545e-05
147 -7.17545e-05
148 -7.17545e-05
149 -7.17545e-05
150 -7.17545e-05
151 -7.17545e-05
152 -7.17545e-05
153 -7.17545e-05
154 -7.17545e-05
155 -7.17545e-05
156 -7.17545e-05
157 -7.17545e-05
158 -7.17545e-05
159 -7.17545e-05
160 -7.17545e-05
161 -7.17545e-05
162 -7.17545e-05
163 -7.17545e-05
164 -7.17545e-05
165 -7.17545e-05
166 -7.17545e-05
167 -7.17545e-05
168 -7.17545e-05
169 -7.17545e-05
170 -7.17545e-05
171 -7.17545e-05
172 -7.17545e-05
173 -7.17545e-05
174 -7.17545e-05
175 -7.17545e-05
176 -7.17545e-05
177 -7.17545e-05
178 -7.17545e-05
179 -7.17545e-05
180 -7.17545e-05
181 -7.17545e-05
182 -7.17545e-05
183 -7.17545e-05
184 -7.17545e-05
185 -7.17545e-05
186 -7.17545e-05
187 -7.17545e-05
188 -7.17545e-05
189 -7.17545e-05
190 -7.17545e-05
191 -7.17545e-05
192 -7.17545e-05
