0 -6.53605e-05
1 -6.53605e-05
2 -6.53605e-05
3 -6.53605e-05
4 -6.53605e-05
5 -6.53605e-05
6 -6.53605e-05
7 -6.53605e-05
8 -6.53605e-05
9 -6.53605e-05
10 -6.53605e-05
11 -6.53605e-05
12 -6.53605e-05
13 -6.53605e-05
14 -6.53605e-05
15 -6.53605e-05
16 -6.53605e-05
17 -6.53605e-05
18 -6.53605e-05
19 -6.53605e-05
20 -6.53605e-05
21 -6.53605e-05
22 -6.53605e-05
23 -6.53605e-05
24 -6.53605e-05
25 -6.53605e-05
26 -6.53605e-05
27 -6.53605e-05
28 -6.53605e-05
29 -6.53605e-05
30 -6.53605e-05
31 -6.53605e-05
32 -6.53605e-05
33 -6.53605e-05
34 -6.53605e-05
35 -6.53605e-05
36 -6.53605e-05
37 -6.53605e-05
38 -6.53605e-05
39 -6.53605e-05
40 -6.53605e-05
41 -6.53605e-05
42 -6.53605e-05
43 -6.53605e-05
44 -6.53605e-05
45 -6.53605e-05
46 -6.53605e-05
47 -6.53605e-05
48 -6.53605e-05
49 -6.53605e-05
50 -6.53605e-05
51 -6.53605e-05
52 -6.53605e-05
53 -6.53605e-05
54 -6.53605e-05
55 -6.53605e-05
56 -6.53605e-05
57 -6.53605e-05
58 -6.53605e-05
59 -6.53605e-05
60 -6.53605e-05
61 -6.53605e-05
62 -6.53605e-05
63 -6.53605e-05
64 -6.53605e-05
65 -6.53605e-05
66 -6.53605e-05
67 -6.53605e-05
68 -6.53605e-05
69 -6.53605e-05
70 -6.53605e-05
71 -6.53605e-05
72 -6.53605e-05
73 -6.53605e-05
74 -6.53605e-05
75 -6.53605e-05
76 -6.53605e-05
77 -6.53605e-05
78 -6.53605e-05
79 -6.53605e-05
80 -6.53605e-05
81 -6.53605e-05
82 -6.53605e-05
83 -6.53605e-05
84 -6.53605e-05
85 -6.53605e-05
86 -6.53605e-05
87 -6.53605e-05
88 -6.53605e-05
89 -6.53605e-05
90 -6.53605e-05
91 -6.53605e-05
92 -6.53605e-05
93 -6.53605e-05
94 -6.53605e-05
95 -6.53605e-05
96 -6.53605e-05
97 -6.53605e-05
98 -6.53605e-05
99 -6.53605e-05
100 -6.53605e-05
101 -6.53605e-05
102 -6.53605e-05
103 -6.53605e-05
104 -6.53605e-05
105 -6.53605e-05
106 -6.53605e-05
107 -6.53605e-05
108 -6.53605e-05
109 -6.53605e-05
110 -6.53605e-05
111 -6.53605e-05
112 -6.53605e-05
113 -6.53605e-05
114 -6.53605e-05
115 -6.53605e-05
116 -6.53605e-05
117 -6.53605e-05
118 -6.53605e-05
119 -6.53605e-05
120 -6.53605e-05
121 -6.53605e-05
122 -6.53605e-05
123 -6.53605e-05
124 -6.53605e-05
125 -6.53605e-05
126 -6.53605e-05
127 -6.53605e-05
128 -6.53605e-05
129 -6.53605e-05
130 -6.53605e-05
131 -6.53605e-05
132 -6.53605e-05
133 -6.53605e-05
134 -6.53605e-05
135 -6.53605e-05
136 -6.53605e-05
137 -6.53605e-05
138 -6.53605e-05
139 -6.53605e-05
140 -6.53605e-05
141 -6.53605e-05
142 -6.53605e-05
143 -6.53605e-05
144 -6.53605e-05
145 -6.53605e-05
146 -6.53605e-05
147 -6.53605e-05
148 -6.53605e-05
149 -6.53605e-05
150 -6.53605e-05
151 -6.53605e-05
152 -6.53605e-05
153 -6.53605e-05
154 -6.53605e-05
155 -6.53605e-05
156 -6.53605e-05
157 -6.53605e-05
158 -6.53605e-05
159 -6.53605e-05
160 -6.53605e-05
161 -6.53605e-05
162 -6.53605e-05
163 -6.53605e-05
164 -6.53605e-05
165 -6.53605e-05
166 -6.53605e-05
167 -6.53605e-05
168 -6.53605e-05
169 -6.53605e-05
170 -6.53605e-05
171 -6.53605e-05
172 -6.53605e-05
173 -6.53605e-05
174 -6.53605e-05
175 -6.53605e-05
176 -6.53605e-05
177 -6.53605e-05
178 -6.53605e-05
179 -6.53605e-05
180 -6.53605e-05
181 -6.53605e-05
182 -6.53605e-05
183 -6.53605e-05
184 -6.53605e-05
185 -6.53605e-05
186 -6.53605e-05
187 -6.53605e-05
188 -6.53605e-05
189 -6.53605e-05
190 -6.53605e-05
191 -6.53605e-05
192 -6.53605e-05
193 -6.53605e-05
194 -6.53605e-05
195 -6.53605e-05
196 -6.53605e-05
197 -6.53605e-05
198 -6.53605e-05
199 -6.53605e-05
200 -6.53605e-05
201 -6.53605e-05
202 -6.53605e-05
203 -6.48869e-05
204 -6.29924e-05
205 -6.29924e-05
206 -6.51237e-05
207 -6.51237e-05
208 -6.51237e-05
209 -6.51237e-05
210 -6.51237e-05
211 -6.48869e-05
212 -6.48869e-05
213 -6.48869e-05
214 -6.48869e-05
215 -6.48869e-05
216 -6.46501e-05
217 -6.46501e-05
218 -6.46501e-05
219 -6.46501e-05
220 -6.41765e-05
221 -6.41765e-05
222 -6.41765e-05
223 -6.41765e-05
224 -6.39396e-05
225 -6.39396e-05
226 -6.41765e-05
227 -6.39396e-05
228 -6.39396e-05
229 -6.37028e-05
230 -6.39396e-05
231 -6.37028e-05
232 -6.37028e-05
233 -6.3466e-05
234 -6.3466e-05
235 -6.3466e-05
236 -6.3466e-05
237 -6.3466e-05
238 -6.3466e-05
239 -6.3466e-05
240 -6.3466e-05
241 -6.3466e-05
242 -6.3466e-05
243 -6.32292e-05
244 -6.3466e-05
245 -6.3466e-05
246 -6.32292e-05
247 -6.32292e-05
248 -6.32292e-05
249 -6.29924e-05
250 -6.32292e-05
251 -6.29924e-05
252 -6.29924e-05
253 -6.32292e-05
254 -6.29924e-05
255 -6.29924e-05
256 -6.29924e-05
257 -6.29924e-05
258 -6.29924e-05
259 -6.27556e-05
260 -6.27556e-05
261 -6.25188e-05
262 -6.27556e-05
263 -6.27556e-05
264 -6.29924e-05
265 -6.27556e-05
266 -6.25188e-05
267 -6.27556e-05
268 -6.25188e-05
269 -6.25188e-05
270 -6.25188e-05
271 -6.25188e-05
272 -6.25188e-05
273 -6.27556e-05
274 -6.27556e-05
275 -6.27556e-05
276 -6.27556e-05
277 0.000130011
278 0.000130011
279 0.0149138
280 0.0268542
281 0.0382229
282 0.0382229
283 0.0711594
284 0.0711594
285 0.100273
286 0.100273
287 0.134423
288 0.134423
289 0.163689
290 0.163689
291 0.195818
292 0.211108
293 0.228253
294 0.244385
295 0.258279
296 0.275255
297 0.290363
298 0.305468
299 0.322245
300 0.336262
301 0.336262
302 0.368245
303 0.384228
304 0.398246
305 0.413609
306 0.431478
307 0.445464
308 0.462484
309 0.462484
310 0.494369
311 0.508587
312 0.524685
313 0.538713
314 0.5547
315 0.571207
316 0.5867
317 0.601833
318 0.617982
319 0.617982
320 0.648554
321 0.664531
322 0.680544
323 0.696568
324 0.712183
325 0.727054
326 0.743167
327 0.758063
328 0.772049
329 0.772049
330 0.805261
331 0.821263
332 0.838287
333 0.852297
334 0.86728
335 0.86728
336 0.889285
337 0.915398
338 0.915398
339 0.946864
340 0.959858
341 0.976515
342 0.976515
343 0.99374
344 0.99374
345 0.999599
346 0.999599
347 1.00077
348 1.00077
349 1.00074
350 1.00074
351 1.00066
352 1.00062
353 1.00057
354 1.00057
355 1.00043
356 1.00029
357 1.00022
358 1.00014
359 1.00011
360 1.00009
361 1.00007
362 1.00005
363 1.00005
364 1.00001
365 1.00001
366 0.999982
367 0.999979
368 0.999978
369 0.999978
370 0.999976
371 0.999974
372 0.999973
373 0.999971
374 0.999972
375 0.999972
376 0.999973
377 0.999973
378 0.999974
379 0.999973
380 0.999973
381 0.999973
382 0.999973
383 0.999974
384 0.999976
385 0.999977
386 0.999977
387 0.999976
388 0.999976
389 0.999976
390 0.999976
391 0.999977
392 0.999978
393 0.999979
394 0.99998
395 0.99998
396 0.99998
397 0.999979
398 0.99998
399 0.99998
400 0.999981
401 0.999982
402 0.999982
403 0.999983
404 0.999983
405 0.999982
406 0.997496
407 0.997496
408 0.979935
409 0.979935
410 0.952934
411 0.952934
412 0.921465
413 0.921465
414 0.889024
415 0.87451
416 0.859442
417 0.843369
418 0.826289
419 0.812088
420 0.795903
421 0.779888
422 0.779888
423 0.748871
424 0.733855
425 0.717874
426 0.717874
427 0.685758
428 0.670987
429 0.655831
430 0.639972
431 0.622992
432 0.622992
433 0.595236
434 0.595236
435 0.561004
436 0.561004
437 0.530973
438 0.530973
439 0.499084
440 0.499084
441 0.467889
442 0.452878
443 0.436854
444 0.436854
445 0.404869
446 0.404869
447 0.373591
448 0.373591
449 0.34262
450 0.327631
451 0.310621
452 0.29547
453 0.280093
454 0.265124
455 0.249247
456 0.249247
457 0.218098
458 0.202247
459 0.186888
460 0.170504
461 0.154983
462 0.138833
463 0.122976
464 0.107998
465 0.0926211
466 0.0777281
467 0.0607277
468 0.0447459
469 0.0296237
470 0.0167268
471 0.0167268
472 0.00390363
473 0.00390363
474 -0.000271862
475 -0.000271862
476 -0.000733175
477 -0.000733175
478 -0.000679418
479 -0.000647211
480 -0.000612873
481 -0.00057001
482 -0.000515069
483 -0.000447341
484 -0.000346221
485 -0.000255995
486 -0.000255995
487 -0.000159376
488 -0.000159376
489 -0.000115802
490 -0.000115802
491 -7.19913e-05
492 -4.52314e-05
493 -2.46286e-05
494 -1.34984e-05
495 -8.05166e-06
496 -6.63078e-06
497 -5.44671e-06
498 -4.02583e-06
499 -1.42088e-06
500 2.60495e-06
501 5.44671e-06
502 7.34122e-06
503 7.57803e-06
504 6.63078e-06
505 6.63078e-06
506 6.39396e-06
507 6.39396e-06
508 8.7621e-06
509 8.7621e-06
510 9.70935e-06
511 9.70935e-06
512 8.28847e-06
513 8.28847e-06
514 7.10441e-06
515 7.10441e-06
516 8.05166e-06
517 8.52529e-06
518 8.7621e-06
519 8.52529e-06
520 7.34122e-06
521 6.63078e-06
522 5.68352e-06
523 5.68352e-06
524 6.39396e-06
525 6.39396e-06
526 6.63078e-06
527 6.39396e-06
528 6.15715e-06
529 5.2099e-06
530 4.73627e-06
531 4.26264e-06
532 4.73627e-06
533 4.97308e-06
534 0.000401162
535 0.00580075
536 0.0138846
537 0.0254158
538 0.039299
539 0.039299
540 0.0691427
541 0.0852015
542 0.100495
543 0.115373
544 0.132625
545 0.145559
546 0.162783
547 0.177724
548 0.177724
549 0.211335
550 0.211335
551 0.242383
552 0.242383
553 0.27349
554 0.27349
555 0.305585
556 0.305585
557 0.336012
558 0.336012
559 0.367
560 0.367
561 0.399006
562 0.414243
563 0.428853
564 0.443854
565 0.459898
566 0.474903
567 0.489896
568 0.508001
569 0.524352
570 0.538377
571 0.554362
572 0.570367
573 0.586367
574 0.601507
575 0.617289
576 0.632265
577 0.648244
578 0.664223
579 0.680235
580 0.695255
581 0.711375
582 0.725994
583 0.725994
584 0.759015
585 0.759015
586 0.788994
587 0.788994
588 0.818871
589 0.818871
590 0.849886
591 0.849886
592 0.881987
593 0.89689
594 0.91501
595 0.91501
596 0.94397
597 0.958982
598 0.973835
599 0.98555
600 0.993706
601 0.997092
602 0.999526
603 0.999526
604 1.00078
605 1.00078
606 1.00075
607 1.00071
608 1.00068
609 1.00062
610 1.00062
611 1.00052
612 1.00044
613 1.00031
614 1.00022
615 1.00016
616 1.00016
617 1.00009
618 1.00007
619 1.00005
620 1.00003
621 1
622 0.999987
623 0.99998
624 0.999977
625 0.999977
626 0.999977
627 0.999976
628 0.999974
629 0.999972
630 0.999971
631 0.999971
632 0.999972
633 0.999973
634 0.999973
635 0.999973
636 0.999973
637 0.999973
638 0.999972
639 0.999973
640 0.999974
641 0.999976
642 0.999976
643 0.999977
644 0.999977
645 0.999976
646 0.999976
647 0.999976
648 0.999977
649 0.999978
650 0.999979
651 0.99998
652 0.99998
653 0.99998
654 0.999979
655 0.99998
656 0.99998
657 0.99998
658 0.999982
659 0.999982
660 0.999983
661 0.999983
662 0.999983
663 0.998699
664 0.993148
665 0.982961
666 0.970272
667 0.956953
668 0.956953
669 0.924729
670 0.924729
671 0.893173
672 0.893173
673 0.862093
674 0.862093
675 0.831049
676 0.816981
677 0.798807
678 0.783274
679 0.768243
680 0.752224
681 0.736098
682 0.721274
683 0.705146
684 0.689254
685 0.673225
686 0.658213
687 0.658213
688 0.62723
689 0.62723
690 0.596111
691 0.596111
692 0.564776
693 0.564776
694 0.534705
695 0.534705
696 0.5016
697 0.5016
698 0.471875
699 0.471875
700 0.440877
701 0.440877
702 0.410863
703 0.410863
704 0.37732
705 0.37732
706 0.345252
707 0.345252
708 0.314616
709 0.299346
710 0.283119
711 0.267997
712 0.251988
713 0.251988
714 0.220972
715 0.205138
716 0.189887
717 0.172625
718 0.158594
719 0.142472
720 0.128614
721 0.111611
722 0.0953541
723 0.0805969
724 0.0637464
725 0.0477613
726 0.0477613
727 0.0186086
728 0.0186086
729 0.00458613
730 0.00458613
731 -0.000115091
732 -0.000115091
733 -0.000742174
734 -0.000723228
735 -0.000693864
736 -0.000693864
737 -0.00062353
738 -0.000581614
739 -0.000529515
740 -0.000529515
741 -0.00036635
742 -0.00036635
743 -0.000206265
744 -0.000206265
745 -0.000135931
746 -0.000135931
747 -9.59095e-05
748 -7.50699e-05
749 -5.06781e-05
750 -3.00753e-05
751 -1.51561e-05
752 -8.05166e-06
753 -6.39396e-06
754 -4.97308e-06
755 -3.78902e-06
756 -9.47254e-07
757 3.07858e-06
758 6.63078e-06
759 8.05166e-06
760 8.05166e-06
761 7.57803e-06
762 7.10441e-06
763 7.34122e-06
764 8.05166e-06
765 8.7621e-06
766 9.94617e-06
767 1.0183e-05
768 9.70935e-06
769 8.7621e-06
770 7.81485e-06
771 7.34122e-06
772 7.34122e-06
773 8.05166e-06
774 8.52529e-06
775 8.52529e-06
776 8.7621e-06
777 8.7621e-06
778 6.63078e-06
779 6.63078e-06
780 5.68352e-06
781 6.15715e-06
782 6.39396e-06
783 6.39396e-06
784 7.10441e-06
785 7.10441e-06
786 5.68352e-06
787 5.68352e-06
788 4.49946e-06
789 4.26264e-06
790 4.73627e-06
791 4.49946e-06
792 0.0040327
793 0.0040327
794 0.0220608
795 0.0363423
796 0.0512334
797 0.0668996
798 0.082952
799 0.0992301
800 0.114235
801 0.128326
802 0.128326
803 0.160533
804 0.160533
805 0.192773
806 0.192773
807 0.221751
808 0.237764
809 0.253752
810 0.27073
811 0.285705
812 0.302846
813 0.31674
814 0.31674
815 0.349759
816 0.362768
817 0.378661
818 0.378661
819 0.412116
820 0.427097
821 0.443106
822 0.458154
823 0.47415
824 0.490149
825 0.505371
826 0.519759
827 0.534747
828 0.549725
829 0.566718
830 0.566718
831 0.599893
832 0.599893
833 0.62864
834 0.62864
835 0.660743
836 0.674755
837 0.692876
838 0.708114
839 0.724109
840 0.739144
841 0.755153
842 0.770136
843 0.78611
844 0.802343
845 0.815635
846 0.815635
847 0.847877
848 0.847877
849 0.878757
850 0.878757
851 0.911627
852 0.926489
853 0.942469
854 0.942469
855 0.974424
856 0.974424
857 0.991734
858 0.991734
859 0.999398
860 1.00042
861 1.00078
862 1.00078
863 1.00076
864 1.00076
865 1.00068
866 1.00063
867 1.00059
868 1.00059
869 1.00044
870 1.00044
871 1.00022
872 1.00022
873 1.00012
874 1.00012
875 1.00007
876 1.00007
877 1.00003
878 1.00003
879 0.999989
880 0.999989
881 0.999978
882 0.999978
883 0.999977
884 0.999976
885 0.999974
886 0.999972
887 0.999971
888 0.999971
889 0.999972
890 0.999973
891 0.999973
892 0.999973
893 0.999973
894 0.999973
895 0.999973
896 0.999973
897 0.999974
898 0.999975
899 0.999976
900 0.999976
901 0.999977
902 0.999977
903 0.999976
904 0.999976
905 0.999977
906 0.999978
907 0.999979
908 0.99998
909 0.99998
910 0.99998
911 0.999979
912 0.99998
913 0.99998
914 0.999981
915 0.999981
916 0.999982
917 0.999982
918 0.999983
919 0.999983
920 0.998116
921 0.998116
922 0.980796
923 0.980796
924 0.955071
925 0.955071
926 0.924732
927 0.924732
928 0.891917
929 0.891917
930 0.861717
931 0.861717
932 0.829549
933 0.813464
934 0.798176
935 0.782526
936 0.767497
937 0.751479
938 0.735473
939 0.72052
940 0.705396
941 0.689005
942 0.672977
943 0.657964
944 0.657964
945 0.626982
946 0.626982
947 0.596108
948 0.596108
949 0.565023
950 0.565023
951 0.534954
952 0.534954
953 0.500845
954 0.500845
955 0.469509
956 0.456486
957 0.438486
958 0.424506
959 0.408368
960 0.391722
961 0.375701
962 0.360716
963 0.345754
964 0.329758
965 0.314741
966 0.298469
967 0.283117
968 0.267248
969 0.252112
970 0.236092
971 0.220096
972 0.205014
973 0.191261
974 0.173249
975 0.173249
976 0.14222
977 0.14222
978 0.111236
979 0.0949812
980 0.0812256
981 0.0812256
982 0.0483862
983 0.0483862
984 0.0184388
985 0.0184388
986 0.00465196
987 0.00136665
988 -0.000161507
989 -0.000662367
990 -0.000745963
991 -0.000727254
992 -0.000699784
993 -0.000661894
994 -0.000623767
995 -0.000582324
996 -0.000527857
997 -0.00046818
998 -0.000360667
999 -0.0002631
1000 -0.000202239
1001 -0.000161507
1002 -0.000133326
1003 -0.000116749
1004 -0.000116749
1005 -7.38858e-05
1006 -7.38858e-05
1007 -2.7944e-05
1008 -1.3972e-05
1009 -7.57803e-06
1010 -5.2099e-06
1011 -4.26264e-06
1012 -2.84176e-06
1013 -2.36814e-07
1014 3.5522e-06
1015 6.63078e-06
1016 8.05166e-06
1017 8.05166e-06
1018 7.57803e-06
1019 6.86759e-06
1020 6.86759e-06
1021 7.57803e-06
1022 8.7621e-06
1023 9.94617e-06
1024 1.0183e-05
1025 9.70935e-06
1026 9.70935e-06
1027 7.57803e-06
1028 7.57803e-06
1029 7.34122e-06
1030 8.05166e-06
1031 8.7621e-06
1032 8.99891e-06
1033 8.7621e-06
1034 8.7621e-06
1035 6.86759e-06
1036 6.15715e-06
1037 5.92034e-06
1038 6.15715e-06
1039 6.63078e-06
1040 7.10441e-06
1041 6.86759e-06
1042 6.39396e-06
1043 5.68352e-06
1044 4.49946e-06
1045 4.49946e-06
1046 4.49946e-06
1047 4.49946e-06
1048 6.01506e-05
1049 6.01506e-05
1050 0.012975
1051 0.012975
1052 0.0365633
1053 0.0365633
1054 0.067144
1055 0.0811989
1056 0.0974566
1057 0.0974566
1058 0.129968
1059 0.129968
1060 0.161282
1061 0.177346
1062 0.193526
1063 0.193526
1064 0.225232
1065 0.225232
1066 0.255254
1067 0.255254
1068 0.286454
1069 0.302848
1070 0.318872
1071 0.333881
1072 0.348878
1073 0.364876
1074 0.379906
1075 0.397008
1076 0.412743
1077 0.426722
1078 0.442735
1079 0.45878
1080 0.474777
1081 0.489897
1082 0.505246
1083 0.505246
1084 0.53625
1085 0.53625
1086 0.566215
1087 0.566215
1088 0.598653
1089 0.598653
1090 0.629266
1091 0.644232
1092 0.660991
1093 0.676885
1094 0.694128
1095 0.694128
1096 0.723733
1097 0.723733
1098 0.754778
1099 0.754778
1100 0.78699
1101 0.78699
1102 0.817257
1103 0.817257
1104 0.849257
1105 0.849257
1106 0.879252
1107 0.879252
1108 0.911254
1109 0.927117
1110 0.942219
1111 0.942219
1112 0.973113
1113 0.973113
1114 0.991886
1115 0.991886
1116 0.999352
1117 0.999352
1118 1.00077
1119 1.00078
1120 1.00076
1121 1.00072
1122 1.00068
1123 1.00063
1124 1.00063
1125 1.00053
1126 1.00053
1127 1.00033
1128 1.00022
1129 1.00016
1130 1.00011
1131 1.00009
1132 1.00009
1133 1.00005
1134 1.00003
1135 1
1136 0.999988
1137 0.99998
1138 0.999977
1139 0.999977
1140 0.999977
1141 0.999977
1142 0.999974
1143 0.999974
1144 0.999971
1145 0.999971
1146 0.999972
1147 0.999972
1148 0.999973
1149 0.999973
1150 0.999973
1151 0.999972
1152 0.999972
1153 0.999972
1154 0.999974
1155 0.999974
1156 0.999976
1157 0.999976
1158 0.999977
1159 0.999977
1160 0.999976
1161 0.999976
1162 0.999977
1163 0.999978
1164 0.999979
1165 0.99998
1166 0.99998
1167 0.99998
1168 0.999979
1169 0.99998
1170 0.99998
1171 0.999981
1172 0.999982
1173 0.999982
1174 0.999982
1175 0.999983
1176 0.999983
1177 0.998701
1178 0.992646
1179 0.983146
1180 0.983146
1181 0.956253
1182 0.943834
1183 0.925984
1184 0.910743
1185 0.896849
1186 0.877681
1187 0.863602
1188 0.847388
1189 0.832422
1190 0.816224
1191 0.801455
1192 0.785276
1193 0.771235
1194 0.753344
1195 0.736349
1196 0.7224
1197 0.7224
1198 0.690374
1199 0.675341
1200 0.658468
1201 0.658468
1202 0.628356
1203 0.628356
1204 0.597359
1205 0.597359
1206 0.565397
1207 0.550496
1208 0.534332
1209 0.518323
1210 0.501474
1211 0.501474
1212 0.472499
1213 0.455489
1214 0.440497
1215 0.425504
1216 0.409364
1217 0.393961
1218 0.376944
1219 0.363992
1220 0.363992
1221 0.332006
1222 0.332006
1223 0.300099
1224 0.300099
1225 0.269121
1226 0.269121
1227 0.238083
1228 0.238083
1229 0.205015
1230 0.191634
1231 0.175616
1232 0.160594
1233 0.143479
1234 0.128613
1235 0.112359
1236 0.0957257
1237 0.0807219
1238 0.0657624
1239 0.0497623
1240 0.0497623
1241 0.0200868
1242 0.0111096
1243 0.00482839
1244 0.00482839
1245 1.18407e-06
1246 -0.000650764
1247 -0.000747857
1248 -0.000731754
1249 -0.000702863
1250 -0.000668051
1251 -0.000632292
1252 -0.000590376
1253 -0.000537567
1254 -0.000537567
1255 -0.000366114
1256 -0.000366114
1257 -0.000212895
1258 -0.000212895
1259 -0.000136168
1260 -0.000116986
1261 -9.89881e-05
1262 -7.53067e-05
1263 -5.2099e-05
1264 -2.86544e-05
1265 -1.58665e-05
1266 -7.81485e-06
1267 -5.44671e-06
1268 -4.26264e-06
1269 -2.84176e-06
1270 -4.73627e-07
1271 3.78902e-06
1272 6.86759e-06
1273 8.7621e-06
1274 8.7621e-06
1275 7.81485e-06
1276 7.81485e-06
1277 7.34122e-06
1278 7.34122e-06
1279 8.99891e-06
1280 8.99891e-06
1281 1.06566e-05
1282 1.06566e-05
1283 9.23573e-06
1284 9.23573e-06
1285 7.57803e-06
1286 7.57803e-06
1287 8.52529e-06
1288 8.52529e-06
1289 9.23573e-06
1290 9.23573e-06
1291 8.05166e-06
1292 7.10441e-06
1293 6.39396e-06
1294 6.15715e-06
1295 6.15715e-06
1296 6.86759e-06
1297 7.34122e-06
1298 6.86759e-06
1299 6.39396e-06
1300 5.68352e-06
1301 5.2099e-06
1302 4.49946e-06
1303 4.73627e-06
1304 4.73627e-06
