0 0.000378665
1 0.000378665
2 0.000378665
3 0
4 0
5 -0.000378665
6 -0.000378665
7 0.000757566
8 0.000378665
9 0.000378665
10 -0.000378665
11 0.000757566
12 0.000757566
13 0.000378665
14 0
15 0.000378665
16 -0.000378665
17 0.000378665
18 0.000378665
19 -0.000378665
20 -0.000378665
21 0
22 0.000378665
23 -0.000378665
24 0
25 0
26 0.000378665
27 0
28 0
29 -0.000378665
30 0
31 -0.000757566
32 0.000378665
33 0.000378665
34 -0.000378665
35 -0.000378665
36 0.000378665
37 0.000378665
38 -0.000378665
39 -0.000378665
40 -0.000757566
41 -0.000757566
42 0.000378665
43 0.000378665
44 0.000378665
45 0.000378665
46 0.000378665
47 0.000378665
48 0
49 0
50 0.000378665
51 0.000378665
52 0.000378665
53 0.000378665
54 -0.000378665
55 0
56 0
57 0
58 -0.000378665
59 0
60 0.000378665
61 0
62 -0.000378665
63 0
64 0
65 0
66 0.000378665
67 -0.000378665
68 0
69 0
70 0.000378665
71 -0.000378665
72 0.000378665
73 -0.000757566
74 -0.000378665
75 -0.000378665
76 -0.000757566
77 0
78 -0.000378665
79 0
80 0
81 -0.000757566
82 -0.000378665
83 0
84 0.000378665
85 0.000378665
86 -0.000378665
87 0
88 0.000378665
89 0.000378665
90 0
91 0
92 -0.000757566
93 -0.000757566
94 0.000378665
95 0.000378665
96 0
97 0
98 0.000378665
99 0.000378665
100 0
101 0.000378665
102 0
103 -0.000378665
104 0
105 0
106 -0.000378665
107 -0.000757566
108 0.000757566
109 0
110 0.000378665
111 0.000378665
112 0.000378665
113 0
114 0
115 0.000757566
116 0.000757566
117 0.000378665
118 0.000378665
119 -0.000757566
120 0
121 0
122 0.000378665
123 0
124 0
125 0.000378665
126 0.000378665
127 0.000378665
128 0.000378665
129 0
130 0
131 0
132 0
133 0
134 0.000757566
135 0.000757566
136 0
137 -0.000378665
138 0
139 -0.000378665
140 0.000378665
141 -0.000378665
142 0
143 0.000378665
144 -0.000378665
145 -0.000378665
146 -0.000378665
147 0
148 0.000378665
149 -0.000378665
150 -0.000378665
151 0
152 0
153 0
154 0
155 0
156 0
157 0
158 0
159 -0.000378665
160 -0.000378665
161 0
162 -0.000757566
163 0
164 0
165 0.000378665
166 0.000378665
167 -0.000378665
168 0
169 0
170 -0.000378665
171 0
172 0
173 0.000378665
174 -0.000378665
175 0
176 -0.000378665
177 0
178 -0.000378665
179 0.000757566
180 -0.000378665
181 -0.000757566
182 -0.000378665
183 0.000378665
184 0
185 0
186 0
187 0
188 0
189 -0.000378665
190 -0.000378665
191 -0.000378665
192 -0.000378665
193 0.000757566
194 0.000757566
195 0.000378665
196 0.000378665
197 0.000378665
198 0.000378665
199 0
200 0
201 -0.000378665
202 -0.000757566
203 0.000378665
204 0.000378665
205 -0.0011367
206 0
207 0
208 -0.000378665
209 0.000378665
210 -0.000378665
211 -0.000378665
212 0.000378665
213 0.000378665
214 0.000757566
215 0.000757566
216 0.000378665
217 0.000378665
218 0
219 -0.0125035
220 0.00151537
221 -0.0011367
222 0
223 0.000757566
224 0.000378665
225 0.000378665
226 0.000378665
227 0.000378665
228 -0.000757566
229 0
230 0
231 0
232 0
233 0
234 -0.000757566
235 -0.000757566
236 0
237 0
238 0
239 0.000757566
240 0.000757566
241 0.000378665
242 0.000378665
243 0
244 0
245 0
246 0.000757566
247 0
248 0.000378665
249 0
250 -0.000757566
251 0.000378665
252 0
253 0
254 0
255 0
256 -0.0011367
257 -0.000378665
258 0.000378665
259 0
260 0.000378665
261 -0.000378665
262 0.000378665
263 0.000378665
264 -0.000378665
265 -0.000757566
266 0
267 0
268 0.000378665
269 0.000378665
270 0
271 0.000378665
272 0.000378665
273 -0.000378665
274 -0.000378665
275 0
276 0
277 -0.000378665
278 -0.000378665
279 0.000378665
280 -0.000757566
281 -0.000378665
282 0
283 0.000378665
284 0
285 0.000378665
286 0
287 0
288 0
289 -0.000378665
290 -0.000378665
291 0
292 -0.000378665
293 -0.000378665
294 -0.000378665
295 -0.000378665
296 0.000378665
297 0
298 0
299 0
300 0
301 0.000378665
302 -0.000378665
303 0
304 0
305 0
306 -0.000757566
307 0
308 -0.000378665
309 0.000378665
310 0
311 0.000378665
312 0
313 0
314 0
315 -0.000757566
316 -0.000757566
317 0.000757566
318 0
319 0.000378665
320 0
321 0
322 0.000378665
323 -0.000378665
324 0
325 0
326 0.000378665
327 0.000378665
328 0
329 0
330 0.000378665
331 -0.000378665
332 0.000378665
333 -0.000378665
334 0
335 0.000757566
336 0.000757566
337 0
338 0
339 -0.000378665
340 -0.000378665
341 0
342 0
343 -0.000378665
344 0
345 -0.000378665
346 -0.000378665
347 0.000757566
348 0.000757566
349 0
350 0.000757566
351 -0.000378665
352 -0.000378665
353 0
354 -0.000378665
355 0.000378665
356 0
357 -0.000757566
358 0.000378665
359 0.000378665
360 0
361 -0.000378665
362 0
363 0
364 -0.000378665
365 -0.000378665
366 0.000757566
367 0
368 0.000757566
369 -0.000378665
370 0
371 0
372 -0.000378665
373 0.000378665
374 0
375 0
376 -0.000757566
377 0.000378665
378 0.000378665
379 -0.000757566
380 0
381 0
382 0
383 0
384 0
385 0
386 0
387 -0.000378665
388 -0.000378665
389 -0.000378665
390 -0.000378665
391 -0.0011367
392 -0.0011367
393 0
394 0
395 -0.000757566
396 -0.000757566
397 0.000378665
398 0.000378665
399 0.000378665
400 0
401 0
402 0
403 -0.000378665
404 -0.000378665
405 -0.000378665
406 -0.000378665
407 0
408 0
409 -0.000378665
410 0.000378665
411 0.000378665
412 -0.000378665
413 0
414 -0.000757566
415 0
416 0.000378665
417 -0.000757566
418 0.000378665
419 0.000378665
420 0.000378665
421 -0.000757566
422 -0.000378665
423 0
424 0
425 0.000378665
426 -0.000378665
427 -0.000757566
428 0
429 0
430 0.000378665
431 0.000378665
432 0
433 0
434 0.000378665
435 -0.000378665
436 0.000378665
437 0.000378665
438 -0.000378665
439 -0.000378665
440 0.000378665
441 0.000378665
442 -0.000378665
443 0
444 0
445 0.000378665
446 -0.000378665
447 0
448 0.000378665
449 0.000378665
450 -0.000757566
451 0
452 0
453 0
454 0
455 0.000378665
456 0.000378665
457 0.000757566
458 0.000757566
459 0.000378665
460 -0.000378665
461 0.000378665
462 -0.000378665
463 0.000378665
464 -0.000378665
465 0
466 0
467 0.000757566
468 0.000757566
469 0
470 0
471 0
472 0
473 -0.000378665
474 -0.000378665
475 0
476 0
477 0
478 -0.000378665
479 0
480 0
481 0
482 0
483 0
484 0.000378665
485 0.000378665
486 -0.000378665
487 -0.000378665
488 0
489 0
490 -0.000378665
491 -0.000378665
492 0
493 0
494 0
495 -0.000378665
496 -0.000378665
497 -0.000757566
498 0.000378665
499 -0.000378665
500 -0.000378665
501 -0.000378665
502 0
503 -0.000378665
504 0
505 0.000378665
506 -0.000378665
507 0
508 -0.000378665
509 0
510 0
511 0
512 -0.000378665
513 0.000757566
514 0
515 0
516 0
517 0.000378665
518 0
519 0.000378665
520 0.000378665
521 0.000378665
522 0.000378665
523 0
524 0
525 -0.000378665
526 -0.0011367
527 -0.000757566
528 0.000378665
529 0
530 0
531 0
532 0.000378665
533 0.000378665
534 -0.000757566
535 0
536 0.000378665
537 0
538 0
539 -0.000378665
540 0.000378665
541 0.000378665
542 0.000378665
543 0.000378665
544 0
545 0
546 -0.000378665
547 -0.000378665
548 -0.000378665
549 -0.000378665
550 0
551 0
552 -0.000378665
553 -0.000757566
554 -0.000378665
555 -0.000378665
556 0
557 -0.000378665
558 -0.000378665
559 -0.000757566
560 0.000378665
561 -0.000757566
562 0
563 0
564 0.000378665
565 0
566 0
567 -0.0011367
568 0
569 0
570 -0.000378665
571 0
572 0
573 -0.000378665
574 -0.000378665
575 -0.000378665
576 0.000378665
577 -0.000757566
578 -0.000378665
579 0
580 0
581 0
582 0
583 0.000378665
584 0.000378665
585 0
586 0
587 -0.000378665
588 0
589 0
590 0.000757566
591 -0.000378665
592 -0.000757566
593 -0.000378665
594 0
595 0
596 -0.000378665
597 0
598 0
599 0
600 0
601 0.000378665
602 0
603 0
604 -0.000378665
605 -0.000378665
606 0.000378665
607 0.000378665
608 0.000378665
609 0.000378665
610 0.000378665
611 0.000378665
612 0
613 0
614 0.000378665
615 0.000757566
616 0
617 0
618 -0.000757566
619 -0.000757566
620 0.000378665
621 0.000378665
622 0
623 0
624 0.000757566
625 0
626 0
627 0.000757566
628 0
629 -0.000378665
630 0
631 -0.000757566
632 -0.000378665
633 0.000757566
634 0.000378665
635 0
636 0
637 0.000378665
638 0.000378665
639 0.000378665
640 0.000378665
641 -0.000378665
642 0
643 -0.000378665
644 -0.000378665
645 -0.000378665
646 -0.000378665
647 0.000378665
648 -0.000378665
649 -0.000378665
650 0
651 0
652 0
653 0
654 -0.000378665
655 0
656 -0.000378665
657 -0.000757566
658 -0.000378665
659 0
660 0.000378665
661 0.000378665
662 0.000757566
663 0.000757566
664 0
665 -0.000378665
666 0.000378665
667 -0.000378665
668 0
669 0.000378665
670 -0.000378665
671 0
672 0
673 0.000378665
674 -0.0011367
675 -0.000378665
676 -0.000378665
677 0
678 0.000378665
679 0.000378665
680 0.000378665
681 -0.000757566
682 0.000378665
683 0
684 0
685 0.000757566
686 -0.000378665
687 -0.000757566
688 0
689 0.000378665
690 0
691 0.000378665
692 -0.000378665
693 -0.000378665
694 -0.000378665
695 0.000378665
696 -0.000378665
697 0
698 0
699 0.000378665
700 -0.000757566
701 0
702 -0.000378665
703 -0.000378665
704 0.000757566
705 0
706 0.000757566
707 -0.000757566
708 0
709 0.000378665
710 0.000378665
711 0.000378665
712 0.000378665
713 0
714 0.000378665
715 0
716 0
717 0.000757566
718 0.000757566
719 0.000757566
720 -0.000378665
721 -0.000757566
722 0
723 -0.000378665
724 -0.000378665
725 0
726 -0.000757566
727 -0.000757566
728 0
729 0
730 0
731 -0.000378665
732 -0.000378665
733 0
734 0
735 0
736 -0.000378665
737 0
738 0
739 0.000378665
740 0.000378665
741 0
742 0
743 0.000378665
744 -0.000757566
745 0.000378665
746 0.000378665
747 0
748 0
749 0.794178
750 0.794178
751 1.54743
752 1.54743
753 1.91042
754 1.98999
755 2.01955
756 2.01955
757 2.00742
758 2.01841
759 2.00439
760 2.015
761 1.99871
762 1.99302
763 2.01917
764 1.9953
765 2.0006
766 2.00174
767 1.98961
768 1.9934
769 1.99189
770 2.00363
771 2.00363
772 1.99567
773 1.99567
774 1.99226
775 1.99643
776 2.00553
777 2.00553
778 1.98848
779 1.99757
780 1.96688
781 1.96688
782 0.749467
783 0.749467
784 0.207638
785 0.207638
786 0.0189451
787 -0.00189427
788 -0.00606219
789 -0.00606219
790 -0.0113668
791 -0.015535
792 -0.0128824
793 -0.0121246
794 -0.00909364
795 -0.00833584
796 -0.00644109
797 -0.00340988
798 -0.00227341
799 -0.00151537
800 -0.0011367
801 -0.000378665
802 -0.000378665
803 -0.0011367
804 -0.000757566
805 -0.000378665
806 -0.000378665
807 -0.000757566
808 0.000378665
809 -0.000378665
810 0
811 -0.0011367
812 -0.000378665
813 -0.000378665
814 0.000757566
815 0.000378665
816 0
817 0
818 0
819 -0.000378665
820 -0.000378665
821 -0.000378665
822 0.000378665
823 0.000378665
824 0
825 0
826 0
827 0
828 0
829 0
830 -0.000378665
831 -0.000378665
832 0.000378665
833 -0.000378665
834 -0.000757566
835 0
836 0.000378665
837 0
838 0
839 0.000757566
840 -0.000378665
841 0.000757566
842 0
843 0
844 -0.000378665
845 -0.000757566
846 0.000378665
847 0.000378665
848 0
849 0
850 0.000378665
851 0
852 -0.000757566
853 -0.000757566
854 0.000378665
855 0.000378665
856 -0.000378665
857 0
858 0.000378665
859 0.000378665
860 -0.000378665
861 -0.000757566
862 0
863 0
864 -0.000757566
865 0
866 -0.000757566
867 -0.000378665
868 -0.000378665
869 0.000378665
870 0
871 0.000378665
872 0
873 0.000378665
874 -0.000378665
875 0
876 -0.00947254
877 -0.619125
878 -1.04312
879 -1.43338
880 -1.43338
881 -1.86079
882 -1.86079
883 -1.99264
884 -2.01689
885 -2.00742
886 -2.0203
887 -2.00401
888 -2.00666
889 -2.00856
890 -1.99605
891 -1.99492
892 -2.0006
893 -2.00174
894 -2.0006
895 -2.01083
896 -2.01462
897 -1.99871
898 -2.0078
899 -1.99719
900 -1.99719
901 -1.99605
902 -1.99605
903 -2.00704
904 -1.99795
905 -2.00742
906 -1.99984
907 -2.00666
908 -1.99681
909 -1.40459
910 -0.951422
911 -0.56229
912 -0.295164
913 -0.146256
914 -0.0375113
915 0.00189427
916 0.00492572
917 0.00492572
918 0.0075778
919 0.0075778
920 0.0128824
921 0.0128824
922 0.0109879
923 0.0109879
924 0.00644109
925 0.00530439
926 0.00189427
927 0.0011367
928 0.00151537
929 0.000757566
930 0.0011367
931 0.0011367
932 0.00151537
933 0.0011367
934 0.000378665
935 0.000378665
936 -0.000757566
937 0
938 0
939 0
940 0.000378665
941 0
942 0
943 0
944 0
945 -0.000757566
946 0
947 0
948 -0.000378665
949 0
950 -0.000757566
951 -0.000757566
952 -0.000378665
953 -0.000378665
954 0
955 0.000378665
956 0.000378665
957 0
958 0.000378665
959 0.000378665
960 0.000757566
961 -0.000378665
962 0
963 0.000378665
964 0.000378665
965 0.000757566
966 0.000757566
967 0
968 -0.000378665
969 0
970 0
971 0.000757566
972 0.000757566
973 -0.000378665
974 -0.000378665
975 0
976 -0.000757566
977 0
978 0
979 0
980 0
981 0.000378665
982 -0.000378665
983 -0.000378665
984 -0.000378665
985 0.000757566
986 0
987 0
988 0.000378665
989 0.000378665
990 0.000378665
991 -0.000757566
992 0
993 -0.000378665
994 0
995 -0.000378665
996 0
997 0.000378665
998 0.000378665
999 0
1000 -0.000757566
1001 0
1002 0.000757566
1003 0.000757566
1004 0
