0 0
1 0
2 0.000378665
3 0.000757566
4 0
5 0.000378665
6 0.000378665
7 -0.000378665
8 0
9 -0.000378665
10 0.000378665
11 0
12 -0.000378665
13 0
14 0
15 -0.000378665
16 0
17 -0.000378665
18 -0.000378665
19 0
20 0.000378665
21 -0.000378665
22 0.000378665
23 0
24 -0.000378665
25 0
26 0.000378665
27 0
28 -0.000378665
29 0
30 -0.000378665
31 0.000378665
32 -0.000378665
33 -0.000378665
34 0
35 0.000378665
36 -0.000757566
37 0.000378665
38 0.000378665
39 0
40 -0.000378665
41 0
42 -0.000378665
43 0
44 0
45 0
46 0
47 0.000378665
48 0
49 0
50 0.000378665
51 0.000378665
52 0.000378665
53 -0.000378665
54 0
55 0
56 0
57 -0.000378665
58 0
59 0
60 0
61 -0.000378665
62 0.000378665
63 -0.000378665
64 0
65 0.000378665
66 -0.000378665
67 0
68 0
69 0.000378665
70 0
71 -0.000378665
72 -0.000378665
73 0
74 0
75 0.000378665
76 0
77 0
78 0
79 -0.000378665
80 0
81 0
82 -0.000378665
83 0.000757566
84 0.000378665
85 -0.000378665
86 -0.000757566
87 0.000378665
88 0
89 -0.000378665
90 0
91 0
92 0.000378665
93 0.000378665
94 0.000378665
95 0
96 0.000378665
97 0
98 0
99 0
100 0
101 0.000378665
102 0
103 0
104 0
105 -0.000378665
106 0.000378665
107 0
108 0
109 -0.000378665
110 0.000378665
111 -0.000378665
112 -0.000378665
113 0.000378665
114 0
115 -0.000378665
116 0
117 -0.000378665
118 0
119 0.000378665
120 0
121 0.000378665
122 -0.000378665
123 -0.000378665
124 0.000378665
125 -0.000757566
126 -0.000378665
127 -0.000378665
128 0.000378665
129 0.000378665
130 -0.000757566
131 0.000378665
132 0
133 0
134 0
135 0
136 -0.000378665
137 0.000378665
138 0.000378665
139 0
140 0.000378665
141 0.000378665
142 0
143 0
144 0.000378665
145 -0.000378665
146 0.000378665
147 0
148 0
149 -0.000378665
150 -0.000378665
151 0
152 0
153 0
154 0.000378665
155 0.000378665
156 -0.000378665
157 0.000378665
158 0
159 -0.000378665
160 -0.000757566
161 0
162 0.000378665
163 0
164 0
165 0.000378665
166 0.000757566
167 0.000378665
168 0
169 0
170 0.000378665
171 0
172 -0.000378665
173 0.000378665
174 -0.000378665
175 -0.000378665
176 0.000378665
177 -0.000378665
178 0.000378665
179 0
180 0
181 0
182 0.000378665
183 0.000378665
184 0.000378665
185 0
186 0
187 -0.000378665
188 0.000378665
189 -0.000378665
190 0.000378665
191 0
192 0
193 0
194 0.000378665
195 -0.000378665
196 -0.000757566
197 0
198 -0.000378665
199 -0.000757566
200 -0.000378665
201 0
202 0
203 0
204 0
205 -0.0011367
206 0.000378665
207 0.000378665
208 -0.000378665
209 0.000378665
210 0
211 0
212 0
213 0
214 0
215 -0.000757566
216 0.000378665
217 0
218 -0.000378665
219 0.00871474
220 0.000378665
221 -0.000757566
222 -0.000378665
223 0.000757566
224 0.000757566
225 -0.000378665
226 -0.000378665
227 0.000378665
228 0
229 -0.000378665
230 -0.000378665
231 0
232 0
233 -0.000757566
234 -0.000378665
235 0.000378665
236 0.000378665
237 0
238 0
239 0
240 0.000378665
241 0
242 -0.000378665
243 0
244 -0.000378665
245 -0.000378665
246 -0.000378665
247 0.000378665
248 0.000378665
249 0
250 -0.000757566
251 0.000378665
252 0.000757566
253 0
254 0.000757566
255 -0.000378665
256 -0.000378665
257 0
258 -0.000757566
259 -0.000378665
260 0
261 0
262 -0.000378665
263 0
264 0
265 -0.000757566
266 0.000757566
267 0.000378665
268 0.000378665
269 0.000378665
270 0.363745
271 0.852528
272 1.21021
273 1.69255
274 1.83199
275 1.90853
276 1.98848
277 2.00969
278 2.02447
279 2.02106
280 2.00022
281 2.01007
282 2.00704
283 2.00287
284 1.99567
285 1.99908
286 1.99416
287 2.00439
288 2.00098
289 1.99908
290 1.98696
291 2.00553
292 1.98999
293 2.00287
294 1.99264
295 1.99567
296 2.00969
297 2.00022
298 2.00401
299 1.98507
300 2.01614
301 2.00477
302 1.72817
303 1.20908
304 0.611168
305 0.392542
306 0.242497
307 0.0647922
308 0.0200818
309 -0.00454682
310 -0.00606219
311 -0.00606219
312 -0.0151558
313 -0.0147769
314 -0.0136402
315 -0.0109879
316 -0.0102303
317 -0.00719889
318 -0.00568329
319 -0.00303098
320 -0.00151537
321 -0.0011367
322 -0.0011367
323 -0.000757566
324 -0.000757566
325 -0.0011367
326 -0.000378665
327 -0.0011367
328 0
329 -0.000378665
330 0.000378665
331 0
332 -0.000378665
333 -0.000378665
334 0.000757566
335 0.000378665
336 0
337 -0.000378665
338 0.000378665
339 0.000378665
340 0
341 0.000757566
342 -0.000378665
343 0.000757566
344 0.000378665
345 -0.000378665
346 0.000378665
347 0.000378665
348 0.000378665
349 0.000378665
350 0.000378665
351 -0.000378665
352 0
353 0
354 0
355 0
356 -0.000378665
357 0
358 0
359 0
360 0
361 0.000378665
362 0.000757566
363 0
364 -0.000378665
365 -0.000378665
366 -0.000757566
367 0.000378665
368 0
369 -0.000757566
370 0.000757566
371 0
372 0
373 0
374 0.000378665
375 0
376 0
377 0
378 0
379 -0.000757566
380 0
381 0.000378665
382 0
383 0.000378665
384 0
385 0.000378665
386 0
387 0.000378665
388 0.000378665
389 0
390 0
391 0
392 0
393 -0.000378665
394 0.000378665
395 0.000378665
396 0
397 0
398 -0.000378665
399 -0.373976
400 -1.11094
401 -1.37958
402 -1.75053
403 -1.87215
404 -1.96915
405 -1.99151
406 -2.02409
407 -2.02371
408 -2.01045
409 -2.00174
410 -1.99643
411 -2.01007
412 -1.99757
413 -2.01273
414 -2.00742
415 -2.00174
416 -2.00742
417 -1.99075
418 -1.99757
419 -2.01121
420 -2.00553
421 -1.99151
422 -1.99795
423 -2.00591
424 -2.00818
425 -2.00704
426 -1.99075
427 -1.99908
428 -1.99908
429 -2.02068
430 -1.99113
431 -1.29963
432 -0.99689
433 -0.470596
434 -0.281903
435 -0.143225
436 -0.0234917
437 0.00189427
438 0.00378878
439 0.00530439
440 0.00795693
441 0.0132613
442 0.0132613
443 0.0121246
444 0.010609
445 0.00719889
446 0.00681999
447 0.00492572
448 0.0011367
449 0.000378665
450 0.000378665
451 0.000757566
452 0.00151537
453 0.000378665
454 0.000378665
455 0.00151537
456 0.0011367
457 -0.000378665
458 -0.000378665
459 -0.000378665
460 0.000378665
461 0
462 0.000378665
463 0
464 -0.000378665
465 0
466 0.000378665
467 0.000378665
468 0.000378665
469 -0.000378665
470 0
471 0
472 -0.000378665
473 0
474 0.000378665
475 -0.000757566
476 -0.000757566
477 0
478 0.000378665
479 0.000378665
480 0.000378665
481 0.000757566
482 0.000378665
483 0.000378665
484 -0.000757566
485 -0.000378665
486 0.0011367
487 -0.000378665
488 0
489 0.000378665
490 0.000378665
491 0
492 0.0011367
493 -0.000757566
494 0.0011367
495 0.000757566
496 0
497 -0.000378665
498 0
499 -0.000378665
500 0.000378665
501 -0.000378665
502 0
503 0.000757566
504 -0.000378665
505 0.000757566
506 0
507 0
508 -0.000378665
509 0.000378665
510 0.000757566
511 0
512 0.000757566
513 0.000757566
514 0.000378665
515 0.000378665
516 -0.000378665
517 0
518 -0.000378665
519 -0.000378665
520 0.000378665
521 0
522 0.000378665
523 0
524 -0.000378665
525 0
526 0
527 0.139436
528 0.747573
529 1.12193
530 1.57434
531 1.77553
532 1.92634
533 1.96877
534 1.99833
535 2.01083
536 2.02296
537 2.00666
538 2.00818
539 2.00894
540 2.00022
541 1.98696
542 1.99681
543 1.99567
544 1.99075
545 1.99871
546 1.99946
547 1.99643
548 1.9953
549 1.98696
550 2.01841
551 2.00136
552 1.99795
553 1.99416
554 1.98355
555 2.00212
556 2.01462
557 1.99454
558 2.015
559 1.99151
560 1.11246
561 0.816154
562 0.499013
563 0.179599
564 0.0977564
565 0.0295541
566 -0.00340988
567 -0.00606219
568 -0.00681999
569 -0.0136402
570 -0.0147769
571 -0.0132613
572 -0.0109879
573 -0.00985144
574 -0.00871474
575 -0.00568329
576 -0.00454682
577 -0.00151537
578 -0.00151537
579 -0.000757566
580 -0.000757566
581 -0.000757566
582 -0.000378665
583 -0.000378665
584 -0.000757566
585 -0.0011367
586 -0.000378665
587 0
588 -0.000378665
589 -0.000757566
590 -0.0011367
591 0
592 0
593 0.000378665
594 -0.000378665
595 0.000757566
596 0
597 0.000378665
598 0
599 0
600 0.000378665
601 0
602 -0.000378665
603 0.000378665
604 0.000378665
605 0
606 0.000378665
607 0.000757566
608 -0.000378665
609 0.000378665
610 0
611 0.000378665
612 0
613 0
614 0.000757566
615 -0.000378665
616 0
617 0
618 -0.000378665
619 0.000378665
620 0.000757566
621 -0.000757566
622 0.000378665
623 0
624 -0.000378665
625 0
626 0
627 0
628 0
629 0
630 0.000757566
631 -0.000378665
632 0
633 0
634 -0.000378665
635 0.000378665
636 0.000757566
637 0.000378665
638 -0.000757566
639 0.000378665
640 -0.000378665
641 -0.000378665
642 0
643 0.000378665
644 -0.000378665
645 0
646 0
647 0.000378665
648 0.000378665
649 -0.000757566
650 0
651 0.000378665
652 0
653 0.000378665
654 0.000378665
655 0.000378665
656 -0.56911
657 -0.987038
658 -1.50159
659 -1.67626
660 -1.83047
661 -1.97635
662 -2.00477
663 -2.01348
664 -2.0131
665 -2.02447
666 -2.01992
667 -2.02523
668 -1.99605
669 -2.0025
670 -2.01576
671 -1.99757
672 -2.01083
673 -1.99681
674 -1.98772
675 -1.98885
676 -1.99378
677 -2.0006
678 -2.00401
679 -1.98848
680 -2.00969
681 -1.98923
682 -1.99643
683 -2.01879
684 -2.00894
685 -1.99113
686 -1.99037
687 -2.00325
688 -1.60844
689 -0.855181
690 -0.57593
691 -0.339875
692 -0.111397
693 -0.0382691
694 -0.00416792
695 0.00492572
696 0.00530439
697 0.00681999
698 0.0125035
699 0.0136402
700 0.0113668
701 0.0117457
702 0.00909364
703 0.00530439
704 0.00530439
705 0.00227341
706 0.00189427
707 0.000378665
708 0.000757566
709 0.0011367
710 0.000757566
711 0.00151537
712 0.0011367
713 0.0011367
714 0
715 -0.0011367
716 -0.000378665
717 0
718 0.000378665
719 0
720 0.000757566
721 -0.000378665
722 0
723 0
724 0.000378665
725 0
726 0.000757566
727 -0.000757566
728 0
729 0.000757566
730 -0.000757566
731 0
732 -0.000378665
733 0.000378665
734 -0.000757566
735 0
736 0.000378665
737 0.000757566
738 -0.000378665
739 -0.000757566
740 0
741 0
742 0.000378665
743 -0.000378665
744 0.000378665
745 -0.000378665
746 0.000378665
747 0.000378665
748 0.000757566
749 0
750 0
751 0.000378665
752 -0.000378665
753 0.000378665
754 0.000378665
755 -0.000378665
756 0.000378665
757 0.000378665
758 0
759 -0.000757566
760 0
761 -0.000757566
762 -0.000378665
763 -0.000378665
764 0.000378665
765 0.000378665
766 -0.000378665
767 0.000378665
768 0
769 0.000378665
770 0.000378665
771 -0.000378665
772 0.000378665
773 -0.000378665
774 0
775 0.000378665
776 0
777 0
778 0.000378665
779 0.000378665
780 0.000378665
781 0.000378665
782 0
783 -0.000378665
