0 0
1 0
2 0
3 0.000378665
4 0
5 0
6 -0.000378665
7 -0.000378665
8 0.000757566
9 0
10 0
11 0
12 0
13 0
14 0
15 0
16 0
17 0
18 0
19 0
20 0.000378665
21 0.000378665
22 0.000378665
23 0
24 0
25 0
26 0.0011367
27 0.0011367
28 0
29 0
30 0
31 -0.000378665
32 0
33 0
34 -0.000378665
35 -0.000378665
36 -0.000378665
37 0.000757566
38 0
39 0
40 -0.000378665
41 0
42 0
43 0
44 0
45 0
46 0.000378665
47 0.000378665
48 0.000378665
49 0.000757566
50 0.000757566
51 0.000757566
52 0.000757566
53 0
54 0
55 0
56 -0.000378665
57 0
58 0
59 -0.000378665
60 0
61 0
62 -0.000378665
63 0
64 0
65 -0.0011367
66 0.000378665
67 0.000378665
68 0
69 0
70 0
71 -0.000757566
72 -0.000757566
73 0
74 0
75 0
76 0.000378665
77 0.000378665
78 0
79 0
80 0
81 0
82 -0.000378665
83 -0.000378665
84 0
85 -0.000378665
86 -0.000378665
87 0
88 0.000378665
89 0.000378665
90 0
91 0
92 0
93 0.000378665
94 0.000378665
95 0.000378665
96 0
97 0
98 0
99 0.000378665
100 0.000378665
101 -0.000378665
102 0.000378665
103 0.000378665
104 0
105 0
106 0
107 0.000378665
108 0.000378665
109 0
110 0
111 0
112 0
113 0.000378665
114 0.000378665
115 0.000378665
116 0.000378665
117 0
118 0.000378665
119 0.000378665
120 -0.000378665
121 0
122 0
123 0.000378665
124 -0.000378665
125 -0.000378665
126 -0.000757566
127 0
128 0
129 0
130 0
131 0
132 0
133 0
134 0.000378665
135 0
136 0
137 0
138 0
139 0
140 0.000378665
141 0.000378665
142 0
143 0
144 0
145 0.000757566
146 -0.000378665
147 -0.000378665
148 0
149 0
150 0
151 0
152 -0.000757566
153 -0.000757566
154 0.000757566
155 0.000757566
156 0.000378665
157 0.000378665
158 0.000378665
159 0
160 0
161 0
162 0.000378665
163 0
164 0
165 -0.000378665
166 0.000378665
167 0.000378665
168 0
169 0
170 0
171 0
172 0
173 -0.000378665
174 -0.000378665
175 -0.000378665
176 0.000378665
177 -0.000378665
178 -0.000378665
179 0
180 0
181 0
182 0.000378665
183 0.000378665
184 0
185 0
186 0
187 -0.000378665
188 0.000378665
189 0.000378665
190 0.000378665
191 0.000378665
192 0
193 -0.000757566
194 -0.000757566
195 0.000757566
196 0
197 0
198 0
199 0
200 0
201 -0.000757566
202 -0.000378665
203 -0.000378665
204 0.000378665
205 0.000378665
206 0.000378665
207 0
208 0
209 0.000757566
210 0.000757566
211 0.000757566
212 0
213 0.000378665
214 0.000378665
215 -0.000378665
216 -0.000378665
217 -0.000378665
218 -0.000378665
219 -0.000378665
220 0
221 0.000378665
222 0.000378665
223 -0.000757566
224 -0.000378665
225 -0.000378665
226 0.000378665
227 0
228 0
229 0
230 0
231 0
232 0
233 0
234 -0.000378665
235 0.000378665
236 0.000378665
237 0.000378665
238 0.000378665
239 0.000378665
240 0
241 0
242 -0.000378665
243 -0.000757566
244 -0.000757566
245 0
246 0
247 0
248 0.000757566
249 0.0011367
250 0.0011367
251 -0.000378665
252 -0.000378665
253 0.000378665
254 -0.000378665
255 -0.000378665
256 0.000378665
257 0
258 0
259 0
260 -0.000378665
261 -0.000378665
262 0.000378665
263 0.000378665
264 0
265 0.000757566
266 0.000757566
267 0
268 0.000378665
269 0.000378665
270 0
271 0.000757566
272 0.000757566
273 0
274 0.000378665
275 0.000378665
276 0
277 0.000378665
278 0.000378665
279 0
280 0
281 0.000378665
282 0.000378665
283 0.000378665
284 0.000378665
285 -0.000378665
286 -0.000378665
287 0
288 0
289 0
290 0.000378665
291 0.000378665
292 0
293 0
294 0
295 0.000378665
296 0.000378665
297 -0.000757566
298 -0.000378665
299 0
300 -0.000378665
301 -0.000757566
302 -0.000378665
303 -0.000378665
304 0
305 0
306 -0.000378665
307 0
308 0
309 0
310 0
311 0
312 0
313 -0.000757566
314 -0.000757566
315 0
316 -0.000378665
317 -0.000378665
318 -0.00151537
319 -0.00151537
320 -0.000378665
321 0
322 0
323 0.000757566
324 0
325 0
326 0
327 0.000757566
328 0.000757566
329 0
330 0
331 0.000378665
332 0.000378665
333 0.000378665
334 -0.000378665
335 0
336 0
337 -0.000378665
338 0
339 0
340 0.00795693
341 0.00795693
342 0.00189427
343 -0.000757566
344 -0.000757566
345 0.000378665
346 0
347 0
348 0.000378665
349 0.0011367
350 0.0011367
351 0
352 0
353 -0.000378665
354 0
355 0
356 0
357 -0.000378665
358 -0.000378665
359 0.000757566
360 0
361 0
362 -0.000378665
363 -0.000378665
364 0
365 0.000378665
366 0
367 0
368 0.000378665
369 0.000378665
370 0.000378665
371 0
372 0
373 0.000378665
374 -0.000378665
375 -0.000378665
376 0.000757566
377 0
378 0
379 0
380 0
381 -0.000757566
382 0
383 0
384 0
385 0
386 0
387 0
388 0.000378665
389 0.000378665
390 0
391 -0.000378665
392 -0.000378665
393 0
394 0
395 0.000378665
396 -0.000378665
397 -0.000378665
398 0.000757566
399 0
400 0
401 -0.000378665
402 0
403 0
404 0
405 0
406 0.000757566
407 0.000757566
408 0.000757566
409 0.000378665
410 0
411 0
412 -0.000378665
413 0
414 0
415 0
416 0
417 0
418 0
419 -0.000378665
420 -0.000378665
421 0
422 0
423 -0.000378665
424 -0.000378665
425 -0.000378665
426 0.000378665
427 0
428 0
429 0.000378665
430 0
431 0
432 -0.000757566
433 -0.000757566
434 0
435 -0.000757566
436 -0.000757566
437 -0.000757566
438 0
439 0
440 0
441 0.000757566
442 0.000757566
443 -0.000757566
444 -0.000757566
445 0
446 -0.000378665
447 -0.000378665
448 0.000757566
449 0
450 0
451 0
452 0.000378665
453 0.000378665
454 -0.000378665
455 0.000378665
456 0.000378665
457 -0.0011367
458 -0.0011367
459 -0.000378665
460 0.000378665
461 0.000378665
462 0.000378665
463 0
464 0
465 0
466 0.000378665
467 0.000378665
468 0
469 0
470 0
471 0.000378665
472 0.000378665
473 -0.000757566
474 -0.000378665
475 -0.000378665
476 0
477 0
478 0.000378665
479 -0.000378665
480 -0.000378665
481 -0.000378665
482 0
483 0
484 0.000757566
485 0
486 0
487 0.000378665
488 -0.0011367
489 0
490 0
491 0
492 0
493 0
494 0.000378665
495 0
496 0
497 0.000378665
498 0
499 0
500 0
501 0
502 0
503 0
504 -0.000378665
505 -0.000378665
506 -0.000378665
507 0.000757566
508 0.000757566
509 0.000378665
510 0
511 0
512 0
513 0
514 0.0932096
515 0.378901
516 0.378901
517 0.628977
518 0.777506
519 0.898754
520 0.898754
521 0.965441
522 0.965441
523 0.986281
524 1.01432
525 1.01432
526 1.00409
527 1.00409
528 1.01091
529 1.00371
530 1.00636
531 1.00636
532 1.00257
533 1.00257
534 0.995753
535 1.00939
536 1.00939
537 1.00295
538 0.99689
539 0.99689
540 1.02531
541 0.989691
542 0.989691
543 0.987038
544 0.987038
545 0.99348
546 0.999921
547 0.999921
548 0.988933
549 1.01887
550 1.01887
551 0.988554
552 0.976429
553 0.976429
554 1.00636
555 1.00636
556 0.989691
557 1.01015
558 1.01015
559 0.999542
560 0.990449
561 0.990449
562 1.00826
563 1.01432
564 1.01432
565 0.999164
566 0.989691
567 0.989691
568 0.992343
569 1.00371
570 1.00371
571 1.00712
572 1.00712
573 0.992343
574 0.994238
575 0.994238
576 1.00674
577 0.988175
578 0.988175
579 1.00674
580 1.00674
581 0.990449
582 0.985523
583 0.985523
584 1.00485
585 1.0128
586 1.0128
587 0.998027
588 1.01432
589 1.01432
590 1.00144
591 1.0056
592 1.0056
593 1.00106
594 1.00106
595 1.00598
596 0.99007
597 0.99007
598 0.990449
599 1.00219
600 1.00219
601 0.991206
602 0.999921
603 0.999921
604 0.978324
605 0.978324
606 1.00068
607 1.00636
608 1.00636
609 0.994617
610 0.979839
611 0.979839
612 1.00371
613 0.995375
614 0.995375
615 0.626703
616 0.395952
617 0.395952
618 0.211427
619 0.211427
620 0.104577
621 0.0488781
622 0.0488781
623 0.0109879
624 -0.000757566
625 -0.000757566
626 -0.00227341
627 -0.00189427
628 -0.00189427
629 -0.00265207
630 -0.00189427
631 -0.00189427
632 -0.00303098
633 -0.00303098
634 -0.00340988
635 -0.00644109
636 -0.00644109
637 -0.00681999
638 -0.00530439
639 -0.00530439
640 -0.00303098
641 -0.00189427
642 -0.00189427
643 -0.0011367
644 -0.00151537
645 -0.00151537
646 -0.000757566
647 -0.000757566
648 -0.00151537
649 -0.000757566
650 -0.000757566
651 -0.000757566
652 -0.0011367
653 -0.0011367
654 0.000378665
655 0.000378665
656 0.000757566
657 -0.000378665
658 0.000378665
659 0.000378665
660 -0.000378665
661 -0.000378665
662 -0.000378665
663 0
664 0
665 0
666 0
667 0
668 0.000378665
669 0
670 0
671 0.000378665
672 0
673 0
674 -0.000757566
675 -0.000757566
676 0.000378665
677 0
678 0
679 0
680 0.000378665
681 0.000378665
682 0.000378665
683 -0.000378665
684 -0.000378665
685 0
686 0
687 0.000378665
688 -0.000378665
689 -0.000378665
690 -0.000378665
691 -0.000378665
692 -0.000378665
693 -0.000378665
694 -0.000757566
695 -0.000757566
696 0
697 0
698 0
699 -0.000378665
700 -0.000378665
701 -0.000378665
702 0.000378665
703 0.000378665
704 0
705 0.000757566
706 0.000757566
707 0
708 -0.000378665
709 -0.000378665
710 0
711 0
712 0
713 0
714 0
715 -0.242497
716 -0.502424
717 -0.502424
718 -0.68657
719 -0.829415
720 -0.829415
721 -0.912774
722 -0.958242
723 -0.958242
724 -0.994238
725 -0.994238
726 -1.01849
727 -1.01243
728 -1.01243
729 -1.01432
730 -1.00523
731 -1.00523
732 -0.995375
733 -0.998406
734 -0.998406
735 -1.01167
736 -0.993101
737 -0.993101
738 -0.996132
739 -0.996132
740 -0.999164
741 -0.995753
742 -0.995753
743 -0.994996
744 -0.998027
745 -0.998027
746 -0.994617
747 -0.997648
748 -0.997648
749 -1.00409
750 -1.00409
751 -0.999542
752 -1.01015
753 -1.01015
754 -0.991964
755 -0.988175
756 -0.988175
757 -0.989312
758 -0.989312
759 -0.989312
760 -1.01091
761 -1.01091
762 -0.98666
763 -1.00106
764 -1.00106
765 -1.01659
766 -1.00447
767 -1.00447
768 -1.00712
769 -0.981355
770 -0.981355
771 -0.991585
772 -1.00598
773 -1.00598
774 -0.996511
775 -0.996511
776 -0.990828
777 -1.0003
778 -1.0003
779 -0.99689
780 -1.01394
781 -1.01394
782 -1.0075
783 -1.0075
784 -0.985144
785 -1.00409
786 -1.01015
787 -1.01015
788 -0.988933
789 -0.988933
790 -1.00788
791 -0.988175
792 -0.988175
793 -0.995375
794 -1.01243
795 -1.01243
796 -1.00257
797 -1.00257
798 -0.982492
799 -0.985523
800 -0.985523
801 -0.991964
802 -1.00826
803 -1.00826
804 -1.00182
805 -0.996511
806 -0.996511
807 -0.99348
808 -1.01015
809 -1.01015
810 -1.00485
811 -1.00485
812 -1.00485
813 -0.994996
814 -0.994996
815 -0.764623
816 -0.513033
817 -0.513033
818 -0.322066
819 -0.168611
820 -0.168611
821 -0.083737
822 -0.0253862
823 -0.0253862
824 -0.000378665
825 -0.000378665
826 0.00151537
827 0.00189427
828 0.00189427
829 0.00189427
830 0.00303098
831 0.00303098
832 0.00265207
833 0.00227341
834 0.00227341
835 0.00530439
836 0.00644109
837 0.00644109
838 0.00568329
839 0.00568329
840 0.00378878
841 0.00189427
842 0.00189427
843 0.0011367
844 0.00151537
845 0.00151537
846 0.00151537
847 0.00151537
848 0.00151537
849 0.00151537
850 0.00189427
851 0.00189427
852 0.000757566
853 0
854 0
855 0.000757566
856 0.000757566
857 0
858 0.000378665
859 0.000378665
860 0.000757566
861 0
862 0
863 0
864 0
865 0
866 0
867 0
868 0.000378665
869 -0.000757566
870 -0.000757566
871 0.000378665
872 0.000757566
873 0.000757566
874 0.0011367
875 0.0011367
876 0.000757566
877 0.000378665
878 0.000378665
879 0.000378665
880 0.000378665
881 0.000378665
882 -0.000378665
883 0
884 0
885 0.000378665
886 0
887 0
888 -0.000378665
889 -0.000378665
890 0.000378665
891 0
892 0
893 -0.000378665
894 0
895 0
896 0
897 0
898 0
899 0.000378665
900 0.000757566
901 0.000757566
902 0.000378665
903 0
904 0
905 0.000757566
906 0.000757566
907 0.000378665
908 -0.000378665
909 -0.000378665
910 -0.000378665
911 0.000378665
912 0.000378665
913 0
914 0
915 0.00151537
916 0.36223
917 0.36223
918 0.601696
919 0.7381
920 0.7381
921 0.881704
922 0.956726
923 0.956726
924 0.973398
925 1.00485
926 1.00485
927 1.00409
928 0.998406
929 0.998406
930 0.991206
931 0.987796
932 0.987796
933 1.00901
934 1.00901
935 1.02417
936 1.01167
937 1.01167
938 0.980218
939 1.0075
940 1.0075
941 0.99348
942 0.99348
943 0.997648
944 0.996132
945 0.996132
946 0.985523
947 1.00523
948 1.00523
949 1.02417
950 1.00144
951 1.00144
952 0.985902
953 1.00295
954 1.00295
955 1.00788
956 1.00788
957 1.0056
958 0.999542
959 0.999542
960 0.983628
961 0.981355
962 0.981355
963 1.02076
964 1.01659
965 1.01659
966 0.997269
967 0.997269
968 1.00864
969 0.998027
970 0.998027
971 1.00182
972 0.991585
973 0.991585
974 1.0128
975 0.998785
976 0.998785
977 1.01015
978 0.994238
979 0.994238
980 1.00219
981 0.999164
982 0.999164
983 0.993101
984 0.993101
985 1.00371
986 1.00485
987 1.00485
988 0.988933
989 0.994617
990 0.994617
991 0.996511
992 1.01394
993 1.01394
994 1.00371
995 1.00371
996 0.996511
997 1.00106
998 1.00106
999 0.999542
1000 1.01584
1001 1.01584
1002 1.02038
1003 1.00447
1004 1.00447
1005 0.987417
1006 0.987417
1007 1.01167
1008 1.00485
1009 1.00485
1010 0.993101
1011 0.99348
1012 0.99348
1013 0.984765
1014 1.00636
1015 1.00636
1016 0.675581
1017 0.435737
1018 0.435737
1019 0.234919
1020 0.234919
1021 0.128069
1022 0.0598662
1023 0.0598662
1024 0.0132613
1025 -0.0011367
1026 -0.0011367
1027 -0.00227341
1028 -0.00227341
1029 -0.00227341
1030 -0.00189427
1031 -0.00189427
1032 -0.00340988
1033 -0.00303098
1034 -0.00303098
1035 -0.00378878
1036 -0.00644109
1037 -0.00644109
1038 -0.0075778
1039 -0.00568329
1040 -0.00568329
1041 -0.00416792
1042 -0.00151537
1043 -0.00151537
1044 -0.00189427
1045 -0.00189427
1046 -0.00151537
1047 -0.00151537
1048 -0.00151537
1049 -0.00227341
1050 -0.00151537
1051 -0.00151537
1052 -0.0011367
1053 0
1054 0
1055 0.000378665
1056 0.000378665
1057 0
1058 0
1059 0
1060 0
1061 0.000757566
1062 0.000757566
1063 0
1064 -0.000757566
1065 -0.000757566
1066 -0.000378665
1067 -0.000378665
1068 -0.000378665
1069 0.000378665
1070 0.000378665
1071 0
1072 0.000757566
1073 0.000757566
1074 -0.000378665
1075 0.000378665
1076 0.000378665
1077 0
1078 0
1079 -0.000757566
1080 0
1081 0
1082 -0.000757566
1083 0.000757566
1084 0.000757566
1085 0
1086 0.000378665
1087 0.000378665
1088 -0.000378665
1089 -0.000378665
1090 -0.000378665
1091 -0.0011367
1092 -0.000378665
1093 -0.000378665
1094 0
1095 0.000378665
1096 0.000378665
1097 0.000378665
1098 0.000378665
1099 0
1100 -0.000378665
1101 -0.000378665
1102 0
1103 0.000378665
1104 0.000378665
1105 -0.000378665
1106 -0.000378665
1107 -0.000378665
1108 0
1109 0
1110 0
1111 -0.000757566
1112 -0.000757566
1113 0.000378665
1114 0
1115 0
1116 -0.0587295
1117 -0.0587295
1118 -0.435358
1119 -0.642617
1120 -0.800619
1121 -0.800619
1122 -0.914668
1123 -0.914668
1124 -0.965441
1125 -0.992343
1126 -0.992343
1127 -1.00636
1128 -1.00712
1129 -1.00712
1130 -0.992343
1131 -0.992343
1132 -0.990449
1133 -0.993101
1134 -0.993101
1135 -1.00106
1136 -1.00712
1137 -1.00712
1138 -0.988933
1139 -0.988554
1140 -0.988554
1141 -0.998406
1142 -1.00333
1143 -1.00333
1144 -1.00826
1145 -0.990828
1146 -0.990828
1147 -0.996132
1148 -0.996132
1149 -1.01243
1150 -1.00977
1151 -1.00977
1152 -1.00712
1153 -1.00068
1154 -1.00068
1155 -0.996511
1156 -0.996511
1157 -1.00788
1158 -1.00144
1159 -1.00144
1160 -1.0003
1161 -0.985523
1162 -0.985523
1163 -0.988933
1164 -1.01129
1165 -1.01129
1166 -0.994238
1167 -1.0075
1168 -1.0075
1169 -1.00182
1170 -1.00485
1171 -1.00485
1172 -1.01091
1173 -1.01091
1174 -1.00447
1175 -1.00447
1176 -1.00447
1177 -0.991585
1178 -1.00826
1179 -1.00826
1180 -1.00826
1181 -1.00826
1182 -0.992722
1183 -0.988554
1184 -0.988554
1185 -0.988175
1186 -1.00295
1187 -1.00295
1188 -0.995375
1189 -1.00144
1190 -1.00144
1191 -1.00788
1192 -0.994238
1193 -0.994238
1194 -0.991206
1195 -0.991206
1196 -1.00977
1197 -0.983249
1198 -0.983249
1199 -0.999164
1200 -1.00674
1201 -1.00674
1202 -0.992343
1203 -1.00182
1204 -1.00182
1205 -0.988175
1206 -1.00144
1207 -1.00144
1208 -1.01015
1209 -1.01015
1210 -0.988175
1211 -0.997648
1212 -0.997648
1213 -1.00447
1214 -1.01546
1215 -1.01546
1216 -0.862759
1217 -0.572141
1218 -0.572141
1219 -0.340253
1220 -0.340253
1221 -0.207259
1222 -0.0969986
1223 -0.0969986
1224 -0.0265229
1225 -0.00416792
1226 -0.00416792
1227 0.0011367
1228 0.00189427
1229 0.00189427
1230 0.00265207
1231 0.00265207
1232 0.0011367
1233 0.00189427
1234 0.00189427
1235 0.00340988
1236 0.00340988
1237 0.00340988
1238 0.00719889
1239 0.00644109
1240 0.00644109
1241 0.00454682
1242 0.00265207
1243 0.00265207
1244 0.00151537
1245 0.0011367
1246 0.0011367
1247 0.000378665
1248 0.000378665
1249 0.0011367
1250 0.00151537
1251 0.00151537
1252 0.00151537
1253 0.0011367
1254 0.0011367
1255 0.000378665
1256 0
1257 0
1258 -0.000378665
1259 -0.000378665
1260 0
1261 0.000757566
1262 0.000757566
1263 0.000378665
1264 0.000757566
1265 0.000757566
1266 0
1267 -0.0011367
1268 -0.0011367
1269 -0.000757566
1270 -0.000757566
1271 -0.000378665
1272 -0.000757566
1273 -0.000757566
1274 0.000378665
1275 0.000757566
1276 0.000757566
1277 0.000757566
1278 0
1279 0
1280 -0.000378665
1281 0
1282 0
1283 0
1284 0
1285 0
1286 0.000378665
1287 0.000378665
1288 0.000378665
1289 0.000378665
1290 0.000378665
1291 0
1292 -0.000757566
1293 -0.000757566
1294 0
1295 0.000757566
1296 0.000757566
1297 0.000378665
1298 0.000378665
1299 0
1300 0.000378665
1301 0.000378665
1302 -0.000378665
1303 -0.000378665
1304 -0.000378665
1305 0
1306 0.000378665
1307 0.000378665
1308 0
1309 0
1310 0
1311 -0.000378665
1312 -0.000378665
1313 -0.000378665
1314 0.000378665
1315 0.000378665
1316 0
1317 0.228477
1318 0.228477
1319 0.521369
1320 0.521369
1321 0.702862
1322 0.869958
1323 0.930961
1324 0.994238
1325 0.994238
1326 1.01546
1327 1.01318
1328 1.01318
1329 1.00371
1330 1.00371
1331 0.996511
1332 0.996511
1333 0.996511
1334 1.00295
1335 1.01432
1336 1.01432
1337 1.00068
1338 1.00636
1339 1.00636
1340 1.01849
1341 1.01849
1342 1.00598
1343 0.993101
1344 0.993101
1345 0.992343
1346 1.00144
1347 1.00144
1348 1.00371
1349 0.999164
1350 0.999164
1351 1.01584
1352 0.997648
1353 0.997648
1354 1.0075
1355 0.994238
1356 0.994238
1357 1.00523
1358 1.00523
1359 0.99348
1360 1.00788
1361 1.00788
1362 0.98666
1363 1.0075
1364 1.0075
1365 0.980597
1366 1.00901
1367 1.00901
1368 0.998027
1369 0.998027
1370 1.02
1371 0.997269
1372 0.997269
1373 0.999164
1374 0.99007
1375 0.99007
1376 1.01091
1377 0.99689
1378 0.99689
1379 1.00523
1380 0.979082
1381 0.979082
1382 1.00712
1383 1.00712
1384 1.00333
1385 1.00371
1386 1.00371
1387 1.00257
1388 0.994617
1389 0.994617
1390 0.99689
1391 1.01318
1392 1.01318
1393 1.00598
1394 1.00598
1395 0.995375
1396 0.982113
1397 0.982113
1398 1.00182
1399 0.994617
1400 0.994617
1401 1.00864
1402 0.994617
1403 0.994617
1404 1.00598
1405 1.00864
1406 1.00864
1407 0.989691
1408 0.989691
1409 1.0056
1410 0.996132
1411 0.996132
1412 0.98666
1413 0.985902
1414 0.985902
1415 1.00712
1416 0.715745
1417 0.715745
1418 0.494466
1419 0.494466
1420 0.286829
1421 0.153455
1422 0.153455
1423 0.0754014
1424 0.0227339
1425 0.0227339
1426 0
1427 -0.00189427
1428 -0.00189427
1429 -0.00227341
1430 -0.00265207
1431 -0.00265207
1432 -0.00265207
1433 -0.00265207
1434 -0.00303098
1435 -0.00416792
1436 -0.00416792
1437 -0.00492572
1438 -0.00795693
1439 -0.00795693
1440 -0.00606219
1441 -0.00454682
1442 -0.00454682
1443 -0.00303098
1444 -0.00303098
1445 -0.00151537
1446 -0.000757566
1447 -0.000757566
1448 -0.00151537
1449 -0.00189427
1450 -0.00189427
1451 -0.00189427
1452 -0.0011367
1453 -0.0011367
1454 -0.0011367
1455 0.000378665
1456 0.000378665
1457 0.000378665
1458 0.000378665
1459 0.000378665
1460 -0.000757566
1461 -0.000757566
1462 0
1463 0
1464 0
1465 -0.000378665
1466 0.000378665
1467 0.000378665
1468 0
1469 0
1470 -0.000757566
1471 -0.000378665
1472 -0.000378665
1473 0.000378665
1474 -0.000378665
1475 -0.000378665
1476 0.000757566
1477 -0.000757566
1478 -0.000757566
1479 0.000378665
1480 0.0011367
1481 0.0011367
1482 0.000757566
1483 0.000757566
1484 0.000378665
1485 0.000378665
1486 0.000378665
1487 0
1488 -0.000378665
1489 -0.000378665
1490 0
1491 0.000378665
1492 0.000378665
1493 -0.000378665
1494 -0.000378665
1495 0
1496 0
1497 0
1498 0
1499 0.000378665
1500 0.000378665
1501 0
1502 -0.000757566
1503 -0.000757566
1504 -0.000378665
1505 -0.000378665
1506 -0.000378665
1507 0.000757566
1508 0.000378665
1509 0.000378665
1510 0.000378665
1511 0.000378665
1512 0
1513 0.000378665
1514 0.000378665
1515 -0.000378665
1516 -0.00644109
1517 -0.00644109
1518 -0.381554
1519 -0.606243
1520 -0.606243
1521 -0.792662
1522 -0.792662
1523 -0.899133
1524 -0.968472
1525 -0.968472
1526 -0.984386
1527 -1.01243
1528 -1.01243
1529 -1.00977
1530 -0.990828
1531 -0.990828
1532 -1.00523
1533 -1.00523
1534 -1.01167
1535 -1.00485
1536 -1.00485
1537 -1.00409
1538 -0.987038
1539 -0.987038
1540 -0.99348
1541 -0.998406
1542 -0.998406
1543 -1.01508
1544 -1.00257
1545 -1.00257
1546 -1.0075
1547 -1.0075
1548 -0.987796
1549 -1.01205
1550 -1.01205
1551 -0.995753
1552 -0.995753
1553 -0.990449
1554 -0.999921
1555 -1.00485
1556 -1.00485
1557 -1.01621
1558 -1.01621
1559 -0.996511
1560 -1.00636
1561 -1.00636
1562 -0.994617
1563 -1.0128
1564 -1.0128
1565 -1.00106
1566 -0.993859
1567 -0.993859
1568 -1.0075
1569 -0.995753
1570 -0.995753
1571 -1.00447
1572 -1.00447
1573 -1.00106
1574 -0.985523
1575 -0.985523
1576 -0.999921
1577 -1.00182
1578 -1.00182
1579 -1.0147
1580 -1.0147
1581 -0.995375
1582 -1.00598
1583 -1.00598
1584 -0.991964
1585 -0.998406
1586 -0.998406
1587 -1.01129
1588 -1.00826
1589 -1.00826
1590 -0.996132
1591 -0.995375
1592 -0.995375
1593 -1.01621
1594 -1.01773
1595 -1.01773
1596 -1.00674
1597 -1.00674
1598 -1.00144
1599 -1.00864
1600 -1.00864
1601 -1.01659
1602 -1.00674
1603 -1.00674
1604 -1.00409
1605 -1.00371
1606 -1.00371
1607 -0.990828
1608 -0.990828
1609 -1.0128
1610 -1.01129
1611 -1.01129
1612 -0.994238
1613 -0.979839
1614 -0.979839
1615 -0.994617
1616 -0.955969
1617 -0.955969
1618 -0.591844
1619 -0.591844
1620 -0.386101
1621 -0.2137
1622 -0.2137
1623 -0.110639
1624 -0.0397847
1625 -0.0397847
1626 -0.00606219
1627 0.00189427
1628 0.00189427
1629 0.00227341
1630 0.00303098
1631 0.00303098
1632 0.00265207
1633 0.00378878
1634 0.00378878
1635 0.00265207
1636 0.00265207
1637 0.00454682
1638 0.0075778
1639 0.0075778
1640 0.00530439
1641 0.00454682
1642 0.00454682
1643 0.00265207
1644 0.00265207
1645 0.00151537
1646 0.00151537
1647 0.00151537
1648 0.000757566
1649 0.0011367
1650 0.0011367
1651 0.0011367
1652 0.00189427
1653 0.00189427
1654 0.000757566
1655 0.000378665
1656 0.000378665
1657 -0.000378665
1658 -0.000378665
1659 0.000757566
1660 0
1661 0
1662 0
1663 0
1664 0
1665 0
1666 -0.000757566
1667 -0.000757566
1668 0.000378665
1669 0.000378665
1670 -0.0011367
1671 0.000378665
1672 0.000378665
1673 0
1674 0
1675 0
1676 0.000378665
1677 0
1678 0
1679 0
1680 -0.000378665
1681 -0.000378665
1682 0
1683 0
1684 0
1685 0.000378665
1686 0.000378665
1687 0
1688 0
1689 0
1690 0
1691 0
1692 0
1693 0
1694 0
1695 -0.000378665
1696 0
1697 0
1698 0.000378665
1699 0
1700 0
1701 0
1702 0
1703 0
1704 0.000378665
1705 0
1706 0
1707 -0.000757566
1708 -0.000757566
1709 0
1710 0
1711 0
1712 0
1713 -0.000378665
1714 -0.000378665
1715 -0.000378665
