0 0
1 0
2 0
3 0
4 0
5 0
6 0
7 0
8 0
9 0
10 0
11 0
12 0
13 0
14 0
15 0
16 0
17 0
18 0
19 0
20 0
21 0
22 0
23 0
24 0
25 0
26 0
27 0
28 0
29 0
30 0
31 0
32 0
33 0
34 0
35 0
36 0
37 0
38 0
39 0
40 0
41 0
42 0
43 0
44 0
45 0
46 0
47 0
48 0
49 0
50 0
51 0
52 0
53 0
54 0
55 0
56 0
57 0
58 0
59 0
60 0
61 0
62 0
63 0
64 0
65 0
66 0
67 0
68 0
69 0
70 0
71 0
72 0
73 0
74 0
75 0
76 0
77 0
78 0
79 0
80 0
81 0
82 0
83 0
84 0
85 0
86 0
87 0
88 0
89 0
90 0
91 0
92 0
93 0
94 0
95 0
96 0
97 0
98 0
99 0
100 0
101 0
102 0
103 0
104 0
105 0
106 0
107 0
108 0
109 0
110 0
111 0
112 0
113 0
114 0
115 0
116 0
117 0
118 0
119 0
120 0
121 0
122 0
123 0
124 0
125 0
126 0
127 0
128 0
129 0
130 0
131 0
132 0
133 0
134 0
135 0
136 0
137 0
138 0
139 0
140 0
141 0
142 0
143 0
144 0
145 0
146 0
147 0
148 0
149 0
150 0
151 0
152 0
153 0
154 0
155 0
156 0
157 0
158 0
159 0
160 0
161 0
162 0
163 0
164 0
165 0
166 0
167 0
168 0
169 0
170 0
171 0
172 0
173 0
174 0
175 0
176 0
177 0
178 0
179 0
180 0
181 0
182 0
183 0
184 0
185 0
186 0
187 0
188 0
189 0
190 0
191 0
192 0
193 0
194 0
195 0
196 0
197 0
198 0
199 0
200 0
201 0
202 0
203 0
204 0
205 0
206 0
207 0
208 0
209 0
210 0
211 0
212 0
213 0
214 0
215 0
216 0
217 0
218 0
219 0
220 0
221 0
222 0
223 0
224 0
225 0
226 0
227 0
228 0
229 0
230 0
231 0
232 0
233 0
234 0
235 0
236 0
237 0
238 0
239 0
240 0
241 0
242 0
243 0
244 0
245 0
246 0
247 0
248 0
249 0
250 0
251 0
252 0
253 0
254 0
255 0
256 0
257 0
258 0
259 0
260 0
261 0
262 0
263 0
264 0
265 0
266 0
267 0
268 0
269 0
270 0
271 0
272 0
273 0
274 0
275 0
276 0
277 0
278 0
279 0
280 0
281 0
282 0
283 0
284 0
285 0
286 0
287 0
288 0
289 0
290 0
291 0
292 0
293 0
294 0
295 0
296 0
297 0
298 0
299 0
300 0
301 0
302 0
303 0
304 0
305 0
306 0
307 0
308 0
309 0
310 0
311 0
312 0
313 0
314 0
315 0
316 0
317 0
318 0
319 0
320 0
321 0
322 0
323 0
324 0
325 0
326 0
327 0
328 0
329 0.00121
330 0.00121
331 0.00121
332 0.00121
333 0.00121
334 0.00121
335 0.00121
336 0.00121
337 0.00121
338 0.00121
339 0.00121
340 0.00121
341 0.00121
342 0.00121
343 0.00121
344 0.00121
345 0.00121
346 0.00121
347 0.00121
348 0.00121
349 0.00121
350 0.00121
351 0.00121
352 0.00121
353 0.00121
354 0.00121
355 0.00121
356 0.00121
357 0.00121
358 0.00121
359 0.00121
360 0.00121
361 0.00121
362 0.00121
363 0.00121
364 0.00121
365 0.00121
366 0.00121
367 0.00121
368 0.00121
369 0.00121
370 0.00121
371 0.00121
372 0.00121
373 0.00121
374 0.00121
375 0.00121
376 0.00121
377 0.00121
378 0.00121
379 0.00121
380 0.00121
381 0.00121
382 0.00121
383 0.00121
384 0.00121
385 0.00121
386 0.00121
387 0.00121
388 0.00121
389 0.00121
390 0.00121
391 0.00121
392 0.00121
393 0.00121
394 0.00121
395 0.00242
396 0.00242
397 0.00242
398 0.00242
399 0.00242
400 0.00242
401 0.00242
402 0.00242
403 0.00242
404 0.00242
405 0.00242
406 0.00242
407 0.00242
408 0.00242
409 0.00242
410 0.00242
411 0.00242
412 0.00242
413 0.00242
414 0.00242
415 0.00242
416 0.00242
417 0.00242
418 0.00242
419 0.00242
420 0.00242
421 0.00242
422 0.00242
423 0.00242
424 0.00242
425 0.00242
426 0.00242
427 0.00242
428 0.00242
429 0.00242
430 0.00242
431 0.00242
432 0.00242
433 0.00242
434 0.00242
435 0.00242
436 0.00242
437 0.00242
438 0.00242
439 0.00242
440 0.00242
441 0.00242
442 0.00242
443 0.00242
444 0.00242
445 0.00242
446 0.00242
447 0.00242
448 0.00242
449 0.00242
450 0.00242
451 0.00242
452 0.00242
453 0.00242
454 0.00242
455 0.00242
456 0.00242
457 0.00242
458 0.00242
459 0.00242
460 0.00242
461 0.00242
462 0.00242
463 0.00242
464 0.00242
465 0.00242
466 0.00242
467 0.00242
468 0.00242
469 0.00242
470 0.00242
471 0.00242
472 0.00242
473 0.00242
474 0.00242
475 0.00242
476 0.00242
477 0.00242
478 0.00242
479 0.00242
480 0.00242
481 0.00242
482 0.00242
483 0.00242
484 0.00242
485 0.00242
486 0.00242
487 0.00242
488 0.00242
489 0.00242
490 0.00242
491 0.00242
492 0.00242
493 0.00242
494 0.00242
495 0.00242
496 0.00242
497 0.00242
498 0.00242
499 0.00242
500 0.00242
501 0.00242
502 0.00242
503 0.00242
504 0.00242
505 0.00242
506 0.00242
507 0.00242
508 0.00242
509 0.00242
510 0.00242
511 0.00242
512 0.00242
513 0.00242
514 0.08954
515 0.06897
516 0.06897
517 0.0605
518 0.06171
519 0.05566
520 0.05566
521 0.05808
522 0.05808
523 0.05445
524 0.04235
525 0.04235
526 0.04356
527 0.04356
528 0.04114
529 0.05566
530 0.04477
531 0.04477
532 0.04477
533 0.04477
534 0.04235
535 0.04356
536 0.04356
537 0.05324
538 0.04114
539 0.04114
540 0.04114
541 0.03993
542 0.03993
543 0.05082
544 0.05082
545 0.05082
546 0.04356
547 0.04356
548 0.04477
549 0.03993
550 0.03993
551 0.05082
552 0.04719
553 0.04719
554 0.04114
555 0.04114
556 0.04235
557 0.03993
558 0.03993
559 0.05445
560 0.04598
561 0.04598
562 0.04235
563 0.03872
564 0.03872
565 0.04114
566 0.05082
567 0.05082
568 0.04719
569 0.04598
570 0.04598
571 0.04477
572 0.04477
573 0.05324
574 0.0484
575 0.0484
576 0.04114
577 0.04114
578 0.04114
579 0.04235
580 0.04235
581 0.05324
582 0.04961
583 0.04961
584 0.04235
585 0.04235
586 0.04235
587 0.04356
588 0.05445
589 0.05445
590 0.04114
591 0.04356
592 0.04356
593 0.04114
594 0.04114
595 0.05566
596 0.05445
597 0.05445
598 0.04477
599 0.04356
600 0.04356
601 0.04961
602 0.05203
603 0.05203
604 0.04961
605 0.04961
606 0.04235
607 0.04235
608 0.04235
609 0.0484
610 0.05445
611 0.05445
612 0.04356
613 0.04356
614 0.04356
615 0.00484
616 0.00968
617 0.00968
618 0.01936
619 0.01936
620 0.02299
621 0.02299
622 0.02299
623 0.02662
624 0.02783
625 0.02783
626 0.01936
627 0.00847
628 0.00847
629 -0.00121
630 -0.00968
631 -0.00968
632 -0.01815
633 -0.01815
634 -0.0242
635 -0.02541
636 -0.02541
637 -0.02178
638 -0.02178
639 -0.02178
640 -0.02299
641 -0.0242
642 -0.0242
643 -0.0242
644 -0.02541
645 -0.02541
646 -0.02541
647 -0.02541
648 -0.0242
649 -0.02299
650 -0.02299
651 -0.02299
652 -0.02178
653 -0.02178
654 -0.02178
655 -0.02178
656 -0.02178
657 -0.02178
658 -0.02178
659 -0.02178
660 -0.02057
661 -0.02057
662 -0.02057
663 -0.01936
664 -0.01936
665 -0.01936
666 -0.01936
667 -0.01936
668 -0.01815
669 -0.01815
670 -0.01815
671 -0.01815
672 -0.01694
673 -0.01694
674 -0.01694
675 -0.01694
676 -0.01694
677 -0.01694
678 -0.01694
679 -0.01573
680 -0.01573
681 -0.01573
682 -0.01573
683 -0.01573
684 -0.01573
685 -0.01452
686 -0.01452
687 -0.01452
688 -0.01452
689 -0.01452
690 -0.01452
691 -0.01452
692 -0.01452
693 -0.01331
694 -0.01331
695 -0.01331
696 -0.01331
697 -0.01331
698 -0.01331
699 -0.01331
700 -0.01331
701 -0.0121
702 -0.0121
703 -0.0121
704 -0.0121
705 -0.0121
706 -0.0121
707 -0.0121
708 -0.0121
709 -0.0121
710 -0.0121
711 -0.0121
712 -0.01089
713 -0.01089
714 -0.01089
715 -0.07502
716 -0.06413
717 -0.06413
718 -0.06413
719 -0.05929
720 -0.05929
721 -0.05929
722 -0.05445
723 -0.05445
724 -0.05324
725 -0.05324
726 -0.04235
727 -0.03993
728 -0.03993
729 -0.04961
730 -0.04961
731 -0.04961
732 -0.05324
733 -0.04235
734 -0.04235
735 -0.0484
736 -0.04961
737 -0.04961
738 -0.0484
739 -0.0484
740 -0.04961
741 -0.03872
742 -0.03872
743 -0.04235
744 -0.05082
745 -0.05082
746 -0.04961
747 -0.04356
748 -0.04356
749 -0.03751
750 -0.03751
751 -0.04356
752 -0.0484
753 -0.0484
754 -0.04961
755 -0.04235
756 -0.04235
757 -0.04114
758 -0.05082
759 -0.05082
760 -0.05203
761 -0.05203
762 -0.05082
763 -0.03872
764 -0.03872
765 -0.04114
766 -0.04961
767 -0.04961
768 -0.05445
769 -0.05324
770 -0.05324
771 -0.04114
772 -0.04961
773 -0.04961
774 -0.0484
775 -0.0484
776 -0.05082
777 -0.04114
778 -0.04114
779 -0.03751
780 -0.05082
781 -0.05082
782 -0.05445
783 -0.05445
784 -0.05324
785 -0.04235
786 -0.04356
787 -0.04356
788 -0.05082
789 -0.05082
790 -0.05324
791 -0.04114
792 -0.04114
793 -0.03751
794 -0.05082
795 -0.05082
796 -0.05324
797 -0.05324
798 -0.05445
799 -0.04477
800 -0.04477
801 -0.0363
802 -0.0484
803 -0.0484
804 -0.0484
805 -0.05082
806 -0.05082
807 -0.03993
808 -0.04719
809 -0.04719
810 -0.05324
811 -0.05324
812 -0.05203
813 -0.04477
814 -0.04477
815 0.01694
816 -0.0121
817 -0.0121
818 -0.00847
819 -0.00847
820 -0.00847
821 -0.01573
822 -0.02541
823 -0.02541
824 -0.03146
825 -0.03146
826 -0.02541
827 -0.01573
828 -0.01573
829 -0.00605
830 0.00363
831 0.00363
832 0.01089
833 0.01694
834 0.01694
835 0.02178
836 0.01936
837 0.01936
838 0.01936
839 0.01936
840 0.02057
841 0.02178
842 0.02178
843 0.02299
844 0.0242
845 0.0242
846 0.02541
847 0.02541
848 0.02541
849 0.0242
850 0.0242
851 0.0242
852 0.02299
853 0.02299
854 0.02299
855 0.02299
856 0.02299
857 0.0242
858 0.02299
859 0.02299
860 0.02299
861 0.02299
862 0.02299
863 0.02299
864 0.02178
865 0.02178
866 0.02299
867 0.02299
868 0.02178
869 0.02178
870 0.02178
871 0.02178
872 0.02178
873 0.02178
874 0.02178
875 0.02178
876 0.02057
877 0.02057
878 0.02057
879 0.02057
880 0.02057
881 0.02057
882 0.02057
883 0.02057
884 0.02057
885 0.01936
886 0.01936
887 0.01936
888 0.01936
889 0.01936
890 0.01936
891 0.01936
892 0.01936
893 0.01815
894 0.01815
895 0.01815
896 0.01936
897 0.01815
898 0.01815
899 0.01815
900 0.01815
901 0.01815
902 0.01815
903 0.01815
904 0.01815
905 0.01694
906 0.01694
907 0.01694
908 0.01694
909 0.01694
910 0.01694
911 0.01694
912 0.01694
913 0.01694
914 0.01694
915 0.01815
916 0.06655
917 0.06655
918 0.06292
919 0.05687
920 0.05687
921 0.05687
922 0.06413
923 0.06413
924 0.05445
925 0.04477
926 0.04477
927 0.04235
928 0.05203
929 0.05203
930 0.05687
931 0.04598
932 0.04598
933 0.0484
934 0.0484
935 0.04598
936 0.04961
937 0.04961
938 0.05324
939 0.04477
940 0.04477
941 0.04719
942 0.04719
943 0.04477
944 0.05929
945 0.05929
946 0.05445
947 0.04719
948 0.04719
949 0.0484
950 0.04356
951 0.04356
952 0.05324
953 0.04356
954 0.04356
955 0.04477
956 0.04477
957 0.04719
958 0.0484
959 0.0484
960 0.05324
961 0.0484
962 0.0484
963 0.04598
964 0.04356
965 0.04356
966 0.05566
967 0.05566
968 0.05324
969 0.04719
970 0.04719
971 0.04719
972 0.05687
973 0.05687
974 0.06171
975 0.05445
976 0.05445
977 0.04477
978 0.04356
979 0.04356
980 0.04961
981 0.05808
982 0.05808
983 0.04719
984 0.04719
985 0.04719
986 0.04598
987 0.04598
988 0.05445
989 0.05566
990 0.05566
991 0.04719
992 0.04719
993 0.04719
994 0.0484
995 0.0484
996 0.0605
997 0.0484
998 0.0484
999 0.0484
1000 0.04598
1001 0.04598
1002 0.05687
1003 0.05445
1004 0.05445
1005 0.04598
1006 0.04598
1007 0.04598
1008 0.04961
1009 0.04961
1010 0.05929
1011 0.05203
1012 0.05203
1013 0.04719
1014 0.04477
1015 0.04477
1016 0.01936
1017 0.00968
1018 0.00968
1019 0.01694
1020 0.01694
1021 0.02057
1022 0.0242
1023 0.0242
1024 0.02783
1025 0.03025
1026 0.03025
1027 0.02057
1028 0.02057
1029 0.00847
1030 0
1031 0
1032 -0.00968
1033 -0.01694
1034 -0.01694
1035 -0.02299
1036 -0.0242
1037 -0.0242
1038 -0.02299
1039 -0.02178
1040 -0.02178
1041 -0.02299
1042 -0.0242
1043 -0.0242
1044 -0.0242
1045 -0.0242
1046 -0.02541
1047 -0.02541
1048 -0.02541
1049 -0.0242
1050 -0.02299
1051 -0.02299
1052 -0.02299
1053 -0.02178
1054 -0.02178
1055 -0.02178
1056 -0.02178
1057 -0.02178
1058 -0.02057
1059 -0.02057
1060 -0.02057
1061 -0.02057
1062 -0.02057
1063 -0.01936
1064 -0.01936
1065 -0.01936
1066 -0.01936
1067 -0.01936
1068 -0.01936
1069 -0.01815
1070 -0.01815
1071 -0.01815
1072 -0.01815
1073 -0.01815
1074 -0.01694
1075 -0.01694
1076 -0.01694
1077 -0.01694
1078 -0.01694
1079 -0.01573
1080 -0.01573
1081 -0.01573
1082 -0.01573
1083 -0.01573
1084 -0.01573
1085 -0.01573
1086 -0.01452
1087 -0.01452
1088 -0.01452
1089 -0.01452
1090 -0.01452
1091 -0.01452
1092 -0.01331
1093 -0.01331
1094 -0.01331
1095 -0.01331
1096 -0.01331
1097 -0.01331
1098 -0.01331
1099 -0.01331
1100 -0.0121
1101 -0.0121
1102 -0.0121
1103 -0.0121
1104 -0.0121
1105 -0.0121
1106 -0.0121
1107 -0.0121
1108 -0.0121
1109 -0.0121
1110 -0.0121
1111 -0.01089
1112 -0.01089
1113 -0.01089
1114 -0.01089
1115 -0.01089
1116 -0.06655
1117 -0.06655
1118 -0.05445
1119 -0.06776
1120 -0.05445
1121 -0.05445
1122 -0.06171
1123 -0.06171
1124 -0.05687
1125 -0.04719
1126 -0.04719
1127 -0.03993
1128 -0.04598
1129 -0.04598
1130 -0.05203
1131 -0.05203
1132 -0.05445
1133 -0.04719
1134 -0.04719
1135 -0.04235
1136 -0.05324
1137 -0.05324
1138 -0.05082
1139 -0.05082
1140 -0.05082
1141 -0.03993
1142 -0.03993
1143 -0.03993
1144 -0.04961
1145 -0.05324
1146 -0.05324
1147 -0.0484
1148 -0.0484
1149 -0.04235
1150 -0.04598
1151 -0.04598
1152 -0.04961
1153 -0.05445
1154 -0.05445
1155 -0.04114
1156 -0.04114
1157 -0.03993
1158 -0.05203
1159 -0.05203
1160 -0.05203
1161 -0.05687
1162 -0.05687
1163 -0.04477
1164 -0.04235
1165 -0.04235
1166 -0.05082
1167 -0.05203
1168 -0.05203
1169 -0.04598
1170 -0.03993
1171 -0.03993
1172 -0.05324
1173 -0.05324
1174 -0.05445
1175 -0.05445
1176 -0.05445
1177 -0.04356
1178 -0.03872
1179 -0.03872
1180 -0.05082
1181 -0.05082
1182 -0.05203
1183 -0.05203
1184 -0.05203
1185 -0.04356
1186 -0.04961
1187 -0.04961
1188 -0.05203
1189 -0.05082
1190 -0.05082
1191 -0.04961
1192 -0.03872
1193 -0.03872
1194 -0.04477
1195 -0.04477
1196 -0.04961
1197 -0.05203
1198 -0.05203
1199 -0.04356
1200 -0.03993
1201 -0.03993
1202 -0.05203
1203 -0.05203
1204 -0.05203
1205 -0.05203
1206 -0.04114
1207 -0.04114
1208 -0.04356
1209 -0.04356
1210 -0.05203
1211 -0.05203
1212 -0.05203
1213 -0.05324
1214 -0.04235
1215 -0.04235
1216 0.02057
1217 -0.00968
1218 -0.00968
1219 -0.00968
1220 -0.00968
1221 -0.00605
1222 -0.01573
1223 -0.01573
1224 -0.02541
1225 -0.03025
1226 -0.03025
1227 -0.02783
1228 -0.01815
1229 -0.01815
1230 -0.00726
1231 -0.00726
1232 0.00121
1233 0.00968
1234 0.00968
1235 0.01573
1236 0.02057
1237 0.02057
1238 0.02057
1239 0.02057
1240 0.02057
1241 0.02057
1242 0.02178
1243 0.02178
1244 0.02299
1245 0.0242
1246 0.0242
1247 0.02541
1248 0.02541
1249 0.02541
1250 0.02541
1251 0.02541
1252 0.0242
1253 0.0242
1254 0.0242
1255 0.0242
1256 0.0242
1257 0.0242
1258 0.0242
1259 0.0242
1260 0.0242
1261 0.02299
1262 0.02299
1263 0.02299
1264 0.02299
1265 0.02299
1266 0.02299
1267 0.02299
1268 0.02299
1269 0.02178
1270 0.02178
1271 0.02178
1272 0.02178
1273 0.02178
1274 0.02178
1275 0.02178
1276 0.02178
1277 0.02178
1278 0.02057
1279 0.02057
1280 0.02057
1281 0.02057
1282 0.02057
1283 0.02057
1284 0.02057
1285 0.02057
1286 0.01936
1287 0.01936
1288 0.01936
1289 0.01936
1290 0.01936
1291 0.01936
1292 0.01936
1293 0.01936
1294 0.01815
1295 0.01815
1296 0.01815
1297 0.01815
1298 0.01815
1299 0.01815
1300 0.01815
1301 0.01815
1302 0.01815
1303 0.01815
1304 0.01815
1305 0.01694
1306 0.01815
1307 0.01815
1308 0.01694
1309 0.01694
1310 0.01694
1311 0.01694
1312 0.01694
1313 0.01694
1314 0.01694
1315 0.01694
1316 0.01694
1317 0.08107
1318 0.08107
1319 0.06897
1320 0.06897
1321 0.06292
1322 0.05566
1323 0.0605
1324 0.05203
1325 0.05203
1326 0.04477
1327 0.05687
1328 0.05687
1329 0.05082
1330 0.05082
1331 0.04598
1332 0.04961
1333 0.04961
1334 0.05203
1335 0.05929
1336 0.05929
1337 0.05687
1338 0.04719
1339 0.04719
1340 0.04356
1341 0.04356
1342 0.04477
1343 0.05808
1344 0.05808
1345 0.04961
1346 0.04719
1347 0.04719
1348 0.04719
1349 0.05687
1350 0.05687
1351 0.05929
1352 0.04477
1353 0.04477
1354 0.04356
1355 0.04235
1356 0.04235
1357 0.05445
1358 0.05445
1359 0.05203
1360 0.04719
1361 0.04719
1362 0.05082
1363 0.04598
1364 0.04598
1365 0.05445
1366 0.0484
1367 0.0484
1368 0.04477
1369 0.04477
1370 0.04719
1371 0.04598
1372 0.04598
1373 0.05445
1374 0.04961
1375 0.04961
1376 0.04719
1377 0.04477
1378 0.04477
1379 0.05324
1380 0.05082
1381 0.05082
1382 0.04598
1383 0.04598
1384 0.04719
1385 0.05445
1386 0.05445
1387 0.05929
1388 0.05566
1389 0.05566
1390 0.0484
1391 0.04598
1392 0.04598
1393 0.04719
1394 0.04719
1395 0.05929
1396 0.05203
1397 0.05203
1398 0.0484
1399 0.04719
1400 0.04719
1401 0.05566
1402 0.05566
1403 0.05566
1404 0.0484
1405 0.04719
1406 0.04719
1407 0.0484
1408 0.0484
1409 0.05566
1410 0.05082
1411 0.05082
1412 0.0484
1413 0.05082
1414 0.05082
1415 0.05566
1416 0.01936
1417 0.01936
1418 0.00968
1419 0.00968
1420 0.01573
1421 0.01936
1422 0.01936
1423 0.02541
1424 0.02541
1425 0.02541
1426 0.03146
1427 0.02178
1428 0.02178
1429 0.01331
1430 0.00363
1431 0.00363
1432 -0.00726
1433 -0.00726
1434 -0.01573
1435 -0.02178
1436 -0.02178
1437 -0.02541
1438 -0.02299
1439 -0.02299
1440 -0.02178
1441 -0.02178
1442 -0.02178
1443 -0.02299
1444 -0.02299
1445 -0.0242
1446 -0.02541
1447 -0.02541
1448 -0.02541
1449 -0.0242
1450 -0.0242
1451 -0.0242
1452 -0.02299
1453 -0.02299
1454 -0.02178
1455 -0.02178
1456 -0.02178
1457 -0.02178
1458 -0.02178
1459 -0.02178
1460 -0.02057
1461 -0.02057
1462 -0.02057
1463 -0.02057
1464 -0.02057
1465 -0.01936
1466 -0.01936
1467 -0.01936
1468 -0.01936
1469 -0.01936
1470 -0.01815
1471 -0.01815
1472 -0.01815
1473 -0.01815
1474 -0.01694
1475 -0.01694
1476 -0.01694
1477 -0.01694
1478 -0.01694
1479 -0.01694
1480 -0.01573
1481 -0.01573
1482 -0.01573
1483 -0.01573
1484 -0.01573
1485 -0.01573
1486 -0.01573
1487 -0.01573
1488 -0.01452
1489 -0.01452
1490 -0.01452
1491 -0.01452
1492 -0.01452
1493 -0.01452
1494 -0.01452
1495 -0.01331
1496 -0.01331
1497 -0.01331
1498 -0.01331
1499 -0.01331
1500 -0.01331
1501 -0.01331
1502 -0.0121
1503 -0.0121
1504 -0.0121
1505 -0.0121
1506 -0.0121
1507 -0.0121
1508 -0.0121
1509 -0.0121
1510 -0.0121
1511 -0.0121
1512 -0.01089
1513 -0.01089
1514 -0.01089
1515 -0.01089
1516 -0.01936
1517 -0.01936
1518 -0.05687
1519 -0.06655
1520 -0.06655
1521 -0.05687
1522 -0.05687
1523 -0.06655
1524 -0.06171
1525 -0.06171
1526 -0.04598
1527 -0.04719
1528 -0.04719
1529 -0.04961
1530 -0.05445
1531 -0.05445
1532 -0.05445
1533 -0.05445
1534 -0.04477
1535 -0.05203
1536 -0.05203
1537 -0.05445
1538 -0.05445
1539 -0.05445
1540 -0.04356
1541 -0.04114
1542 -0.04114
1543 -0.04719
1544 -0.05203
1545 -0.05203
1546 -0.05687
1547 -0.05687
1548 -0.04477
1549 -0.04598
1550 -0.04598
1551 -0.05324
1552 -0.05324
1553 -0.05324
1554 -0.05082
1555 -0.04114
1556 -0.04114
1557 -0.04477
1558 -0.04477
1559 -0.05324
1560 -0.05687
1561 -0.05687
1562 -0.04356
1563 -0.04114
1564 -0.04114
1565 -0.04356
1566 -0.04719
1567 -0.04719
1568 -0.05203
1569 -0.04356
1570 -0.04356
1571 -0.03993
1572 -0.03993
1573 -0.05082
1574 -0.05445
1575 -0.05445
1576 -0.05445
1577 -0.04235
1578 -0.04235
1579 -0.04356
1580 -0.04356
1581 -0.05203
1582 -0.04961
1583 -0.04961
1584 -0.05203
1585 -0.04356
1586 -0.04356
1587 -0.04961
1588 -0.05203
1589 -0.05203
1590 -0.05324
1591 -0.04719
1592 -0.04719
1593 -0.03993
1594 -0.05082
1595 -0.05082
1596 -0.04961
1597 -0.04961
1598 -0.05324
1599 -0.04477
1600 -0.04477
1601 -0.04477
1602 -0.05082
1603 -0.05082
1604 -0.05082
1605 -0.04961
1606 -0.04961
1607 -0.04235
1608 -0.04235
1609 -0.04356
1610 -0.05324
1611 -0.05324
1612 -0.05203
1613 -0.04477
1614 -0.04477
1615 -0.04235
1616 -0.01573
1617 -0.01573
1618 -0.01089
1619 -0.01089
1620 -0.0121
1621 -0.00605
1622 -0.00605
1623 -0.01694
1624 -0.02299
1625 -0.02299
1626 -0.03025
1627 -0.02783
1628 -0.02783
1629 -0.01815
1630 -0.00968
1631 -0.00968
1632 -0.00121
1633 0.00726
1634 0.00726
1635 0.01573
1636 0.01573
1637 0.02057
1638 0.02057
1639 0.02057
1640 0.02057
1641 0.02057
1642 0.02057
1643 0.02178
1644 0.02178
1645 0.02299
1646 0.02541
1647 0.02541
1648 0.02541
1649 0.02541
1650 0.02541
1651 0.02541
1652 0.0242
1653 0.0242
1654 0.0242
1655 0.0242
1656 0.0242
1657 0.02299
1658 0.02299
1659 0.0242
1660 0.02299
1661 0.02299
1662 0.0242
1663 0.02299
1664 0.02299
1665 0.02299
1666 0.02299
1667 0.02299
1668 0.02178
1669 0.02178
1670 0.02178
1671 0.02178
1672 0.02178
1673 0.02178
1674 0.02178
1675 0.02178
1676 0.02178
1677 0.02178
1678 0.02178
1679 0.02057
1680 0.02057
1681 0.02057
1682 0.02057
1683 0.02057
1684 0.02057
1685 0.02057
1686 0.02057
1687 0.01936
1688 0.01936
1689 0.01936
1690 0.01936
1691 0.01936
1692 0.01936
1693 0.01936
1694 0.01936
1695 0.01815
1696 0.01815
1697 0.01815
1698 0.01815
1699 0.01815
1700 0.01815
1701 0.01815
1702 0.01815
1703 0.01815
1704 0.01815
1705 0.01815
1706 0.01815
1707 0.01694
1708 0.01694
1709 0.01815
1710 0.01815
1711 0.01815
1712 0.01694
1713 0.01694
1714 0.01694
1715 0.01694
