0 0
1 0
2 0
3 0
4 0
5 0
6 0
7 0
8 0
9 0
10 0
11 0
12 0
13 0
14 0
15 0
16 0
17 0
18 0
19 0
20 0
21 0
22 0
23 0
24 0
25 0
26 0
27 0
28 0
29 0
30 0
31 0
32 0
33 0
34 0
35 0
36 0
37 0
38 0
39 0
40 0
41 0
42 0
43 0
44 0
45 0
46 0
47 0
48 0
49 0
50 0
51 0
52 0
53 0
54 0
55 0
56 0
57 0
58 0
59 0
60 0
61 0
62 0
63 0
64 0
65 0
66 0
67 0
68 0
69 0
70 0
71 0
72 0
73 0
74 0
75 0
76 0
77 0
78 0
79 0
80 0
81 0
82 0
83 0
84 0
85 0
86 0
87 0
88 0
89 0
90 0
91 0
92 0
93 0
94 0
95 0
96 0
97 0
98 0
99 0
100 0
101 0
102 0
103 0
104 0
105 0
106 0
107 0
108 0
109 0
110 0
111 0
112 0
113 0
114 0
115 0
116 0
117 0
118 0
119 0
120 0
121 0
122 0
123 0
124 0
125 0
126 0
127 0
128 0
129 0
130 0
131 0
132 0
133 0
134 0
135 0
136 0
137 0
138 0
139 0
140 0
141 0
142 0
143 0
144 0
145 0
146 0
147 0
148 0
149 0
150 0
151 0
152 0
153 0
154 0
155 0
156 0
157 0
158 0
159 0
160 0
161 0
162 0
163 0
164 0
165 0
166 0
167 0
168 0
169 0
170 0
171 0
172 0
173 0
174 0
175 0
176 0
177 0
178 0
179 0
180 0
181 0
182 0
183 0
184 0
185 0
186 0
187 0
188 0
189 0
190 0
191 0
192 0
193 0
194 0
195 0
196 0
197 0
198 0
199 0
200 0
201 0
202 0
203 0
204 0
205 0
206 0
207 0
208 0
209 0
210 0.00121
211 0.00121
212 0.00121
213 0.00121
214 0.00121
215 0.00121
216 0.00121
217 0.00121
218 0.00121
219 0.00121
220 0.00121
221 0.00121
222 0.00121
223 0.00121
224 0.00121
225 0.00121
226 0.00121
227 0.00121
228 0.00121
229 0.00121
230 0.00121
231 0.00121
232 0.00121
233 0.00121
234 0.00121
235 0.00121
236 0.00121
237 0.00121
238 0.00121
239 0.00121
240 0.00121
241 0.00121
242 0.00121
243 0.00121
244 0.00121
245 0.00121
246 0.00121
247 0.00121
248 0.00121
249 0.00121
250 0.00121
251 0.00121
252 0.00121
253 0.00121
254 0.00242
255 0.00242
256 0.00121
257 0.00242
258 0.00242
259 0.00242
260 0.00242
261 0.00121
262 0.00242
263 0.00242
264 0.00242
265 0.00242
266 0.00242
267 0.00242
268 0.00242
269 0.00242
270 0.00242
271 0.00242
272 0.00242
273 0.00242
274 0.00242
275 0.00242
276 0.00242
277 0.09317
278 0.09317
279 0.05808
280 0.06776
281 0.05687
282 0.05687
283 0.0484
284 0.0484
285 0.04477
286 0.04477
287 0.04598
288 0.04598
289 0.05445
290 0.05445
291 0.04719
292 0.04114
293 0.05082
294 0.05324
295 0.04356
296 0.0484
297 0.04477
298 0.05929
299 0.05203
300 0.04719
301 0.04719
302 0.05203
303 0.05808
304 0.04719
305 0.04598
306 0.04719
307 0.05566
308 0.05082
309 0.05082
310 0.04719
311 0.04598
312 0.05929
313 0.0484
314 0.04719
315 0.04477
316 0.05082
317 0.05324
318 0.04598
319 0.04598
320 0.04598
321 0.05808
322 0.05566
323 0.0484
324 0.0484
325 0.04598
326 0.05929
327 0.0484
328 0.04719
329 0.04719
330 0.05324
331 0.05808
332 0.05082
333 0.04598
334 0.04477
335 0.04477
336 0.05566
337 0.0484
338 0.0484
339 0.0484
340 0.05687
341 -0.01936
342 0.0121
343 0.01089
344 0.01089
345 0.02541
346 0.02541
347 0.03025
348 0.02541
349 0.01694
350 0.01694
351 -0.00484
352 -0.01452
353 -0.02057
354 -0.02057
355 -0.02541
356 -0.02299
357 -0.02299
358 -0.02299
359 -0.0242
360 -0.02541
361 -0.02662
362 -0.02541
363 -0.02541
364 -0.0242
365 -0.0242
366 -0.02299
367 -0.02299
368 -0.02178
369 -0.02178
370 -0.02178
371 -0.02057
372 -0.02057
373 -0.02057
374 -0.01936
375 -0.01936
376 -0.01936
377 -0.01936
378 -0.01815
379 -0.01815
380 -0.01815
381 -0.01694
382 -0.01694
383 -0.01694
384 -0.01694
385 -0.01694
386 -0.01573
387 -0.01573
388 -0.01573
389 -0.01573
390 -0.01452
391 -0.01452
392 -0.01452
393 -0.01452
394 -0.01452
395 -0.01331
396 -0.01331
397 -0.01331
398 -0.01331
399 -0.01331
400 -0.01331
401 -0.0121
402 -0.0121
403 -0.0121
404 -0.0121
405 -0.0121
406 -0.05929
407 -0.05929
408 -0.06655
409 -0.06655
410 -0.05324
411 -0.0484
412 -0.05324
413 -0.0484
414 -0.05082
415 -0.04114
416 -0.0484
417 -0.05445
418 -0.05082
419 -0.04719
420 -0.03872
421 -0.04477
422 -0.04477
423 -0.05445
424 -0.04356
425 -0.04356
426 -0.05203
427 -0.05324
428 -0.05445
429 -0.04235
430 -0.04235
431 -0.05203
432 -0.05324
433 -0.04477
434 -0.04477
435 -0.04598
436 -0.04598
437 -0.05324
438 -0.04719
439 -0.04114
440 -0.05445
441 -0.05203
442 -0.05445
443 -0.04356
444 -0.04356
445 -0.05203
446 -0.05203
447 -0.05203
448 -0.04356
449 -0.04598
450 -0.05324
451 -0.05082
452 -0.04477
453 -0.03993
454 -0.05203
455 -0.05203
456 -0.05203
457 -0.04477
458 -0.04598
459 -0.05203
460 -0.05203
461 -0.05203
462 -0.04235
463 -0.04356
464 -0.05203
465 -0.05566
466 -0.04356
467 -0.04114
468 -0.04477
469 -0.05082
470 -0.01936
471 -0.01936
472 -0.00726
473 -0.00726
474 -0.02178
475 -0.02904
476 -0.03025
477 -0.02178
478 -0.0121
479 -0.00242
480 0.00484
481 0.01331
482 0.01936
483 0.02178
484 0.02057
485 0.02057
486 0.02057
487 0.02299
488 0.02299
489 0.02662
490 0.02662
491 0.02541
492 0.02541
493 0.0242
494 0.0242
495 0.0242
496 0.0242
497 0.0242
498 0.0242
499 0.0242
500 0.0242
501 0.0242
502 0.02299
503 0.02299
504 0.02299
505 0.02299
506 0.02299
507 0.02299
508 0.02178
509 0.02178
510 0.02178
511 0.02178
512 0.02178
513 0.02178
514 0.02057
515 0.02057
516 0.02057
517 0.02057
518 0.01936
519 0.01936
520 0.01936
521 0.01936
522 0.01936
523 0.01936
524 0.01936
525 0.01815
526 0.01815
527 0.01815
528 0.01815
529 0.01815
530 0.01815
531 0.01815
532 0.01815
533 0.01815
534 0.10406
535 0.06534
536 0.05808
537 0.06655
538 0.05445
539 0.05445
540 0.05687
541 0.05566
542 0.04719
543 0.04719
544 0.04598
545 0.05929
546 0.05445
547 0.04961
548 0.04961
549 0.04356
550 0.04356
551 0.05082
552 0.05082
553 0.04719
554 0.04719
555 0.0605
556 0.0605
557 0.0484
558 0.0484
559 0.05687
560 0.05687
561 0.05082
562 0.04961
563 0.05082
564 0.0605
565 0.04961
566 0.04719
567 0.04356
568 0.05082
569 0.06171
570 0.04961
571 0.04961
572 0.04719
573 0.05445
574 0.05566
575 0.0484
576 0.05082
577 0.0484
578 0.06171
579 0.05808
580 0.0484
581 0.04961
582 0.05324
583 0.05324
584 0.05445
585 0.05445
586 0.05082
587 0.05082
588 0.05566
589 0.04719
590 0.0484
591 0.0484
592 0.06171
593 0.05203
594 0.05082
595 0.05082
596 0.05808
597 0.05808
598 0.01331
599 0.00726
600 0.0121
601 0.02299
602 0.02541
603 0.0242
604 0.03025
605 0.02662
606 0.01573
607 0.00484
608 -0.00242
609 -0.01331
610 -0.01331
611 -0.02541
612 -0.02541
613 -0.02299
614 -0.02299
615 -0.02299
616 -0.0242
617 -0.02541
618 -0.02541
619 -0.02541
620 -0.0242
621 -0.02299
622 -0.02299
623 -0.02178
624 -0.02299
625 -0.02178
626 -0.02178
627 -0.02178
628 -0.02057
629 -0.02057
630 -0.01936
631 -0.01936
632 -0.01936
633 -0.01936
634 -0.01815
635 -0.01815
636 -0.01815
637 -0.01694
638 -0.01694
639 -0.01694
640 -0.01694
641 -0.01694
642 -0.01573
643 -0.01573
644 -0.01573
645 -0.01452
646 -0.01452
647 -0.01452
648 -0.01452
649 -0.01452
650 -0.01452
651 -0.01331
652 -0.01331
653 -0.01331
654 -0.01331
655 -0.0121
656 -0.0121
657 -0.0121
658 -0.0121
659 -0.0121
660 -0.0121
661 -0.0121
662 -0.01089
663 -0.05929
664 -0.06655
665 -0.06655
666 -0.06776
667 -0.05324
668 -0.05324
669 -0.05203
670 -0.04598
671 -0.04235
672 -0.04235
673 -0.05445
674 -0.05445
675 -0.05687
676 -0.04477
677 -0.04477
678 -0.04961
679 -0.05445
680 -0.04961
681 -0.04235
682 -0.05324
683 -0.05566
684 -0.05566
685 -0.04598
686 -0.04114
687 -0.04114
688 -0.0484
689 -0.0484
690 -0.04477
691 -0.04477
692 -0.05445
693 -0.05445
694 -0.04235
695 -0.04235
696 -0.04598
697 -0.05445
698 -0.05687
699 -0.05687
700 -0.04719
701 -0.05203
702 -0.05445
703 -0.05445
704 -0.04114
705 -0.04114
706 -0.05203
707 -0.05445
708 -0.05324
709 -0.04235
710 -0.04719
711 -0.05445
712 -0.05566
713 -0.04719
714 -0.04356
715 -0.05324
716 -0.05324
717 -0.05566
718 -0.04477
719 -0.04477
720 -0.05082
721 -0.04961
722 -0.05203
723 -0.04114
724 -0.04598
725 -0.05203
726 -0.05203
727 -0.01331
728 -0.01331
729 -0.00605
730 -0.00605
731 -0.01815
732 -0.01815
733 -0.03146
734 -0.02299
735 -0.01331
736 -0.01331
737 0.00484
738 0.0121
739 0.01936
740 0.01936
741 0.02057
742 0.02057
743 0.02178
744 0.02299
745 0.02541
746 0.02662
747 0.02662
748 0.02662
749 0.02541
750 0.02541
751 0.0242
752 0.02541
753 0.0242
754 0.02541
755 0.0242
756 0.0242
757 0.0242
758 0.02299
759 0.0242
760 0.02299
761 0.02299
762 0.02299
763 0.02299
764 0.02299
765 0.02178
766 0.02178
767 0.02178
768 0.02178
769 0.02178
770 0.02178
771 0.02057
772 0.02057
773 0.02057
774 0.02057
775 0.02057
776 0.01936
777 0.01936
778 0.01936
779 0.01936
780 0.01936
781 0.01936
782 0.01936
783 0.01936
784 0.01815
785 0.01815
786 0.01815
787 0.01815
788 0.01815
789 0.01815
790 0.01815
791 0.01815
792 0.07139
793 0.07139
794 0.0605
795 0.05929
796 0.05687
797 0.06292
798 0.05082
799 0.04598
800 0.04598
801 0.05808
802 0.05808
803 0.05203
804 0.05203
805 0.0484
806 0.0484
807 0.0484
808 0.04598
809 0.04719
810 0.0484
811 0.06413
812 0.05808
813 0.04961
814 0.04961
815 0.0484
816 0.05445
817 0.0484
818 0.0484
819 0.04961
820 0.05808
821 0.05808
822 0.04719
823 0.04961
824 0.04356
825 0.05808
826 0.05203
827 0.05082
828 0.05203
829 0.05687
830 0.05687
831 0.05445
832 0.05445
833 0.04719
834 0.04719
835 0.05687
836 0.0484
837 0.05082
838 0.0484
839 0.05808
840 0.05324
841 0.0484
842 0.0484
843 0.05203
844 0.06292
845 0.05203
846 0.05324
847 0.0484
848 0.0484
849 0.05687
850 0.05687
851 0.05203
852 0.04719
853 0.0605
854 0.0605
855 0.00121
856 0.00121
857 0.0121
858 0.0121
859 0.0242
860 0.0242
861 0.02904
862 0.02904
863 0.01815
864 0.01815
865 -0.00242
866 -0.0121
867 -0.01936
868 -0.01936
869 -0.02541
870 -0.02541
871 -0.02299
872 -0.02299
873 -0.0242
874 -0.0242
875 -0.02541
876 -0.02541
877 -0.0242
878 -0.0242
879 -0.02299
880 -0.02299
881 -0.02178
882 -0.02178
883 -0.02178
884 -0.02178
885 -0.02057
886 -0.02057
887 -0.01936
888 -0.01936
889 -0.01936
890 -0.01936
891 -0.01815
892 -0.01815
893 -0.01815
894 -0.01815
895 -0.01694
896 -0.01694
897 -0.01694
898 -0.01573
899 -0.01573
900 -0.01573
901 -0.01573
902 -0.01573
903 -0.01452
904 -0.01452
905 -0.01452
906 -0.01452
907 -0.01331
908 -0.01331
909 -0.01331
910 -0.01331
911 -0.01331
912 -0.01331
913 -0.01331
914 -0.0121
915 -0.0121
916 -0.0121
917 -0.0121
918 -0.0121
919 -0.01089
920 -0.05566
921 -0.06292
922 -0.07018
923 -0.06897
924 -0.04961
925 -0.04961
926 -0.05203
927 -0.05203
928 -0.04356
929 -0.04356
930 -0.05566
931 -0.05566
932 -0.05687
933 -0.04598
934 -0.04477
935 -0.05082
936 -0.05324
937 -0.05324
938 -0.04477
939 -0.05082
940 -0.05566
941 -0.05566
942 -0.0484
943 -0.04235
944 -0.04235
945 -0.04961
946 -0.04961
947 -0.04477
948 -0.05324
949 -0.05566
950 -0.05566
951 -0.04356
952 -0.04356
953 -0.04598
954 -0.05324
955 -0.05445
956 -0.04598
957 -0.04356
958 -0.05445
959 -0.05203
960 -0.05445
961 -0.04356
962 -0.04235
963 -0.05324
964 -0.05324
965 -0.05324
966 -0.04356
967 -0.0484
968 -0.05324
969 -0.05687
970 -0.04719
971 -0.04356
972 -0.05324
973 -0.05445
974 -0.05687
975 -0.05687
976 -0.04477
977 -0.04477
978 -0.04961
979 -0.05324
980 -0.04114
981 -0.04114
982 -0.05203
983 -0.05203
984 -0.01452
985 -0.01452
986 -0.00484
987 -0.01452
988 -0.01936
989 -0.02783
990 -0.03146
991 -0.02299
992 -0.01452
993 -0.00363
994 0.00484
995 0.01331
996 0.01936
997 0.02178
998 0.02057
999 0.02057
1000 0.02299
1001 0.0242
1002 0.02541
1003 0.02662
1004 0.02662
1005 0.02541
1006 0.02541
1007 0.0242
1008 0.02541
1009 0.0242
1010 0.02541
1011 0.0242
1012 0.0242
1013 0.0242
1014 0.0242
1015 0.0242
1016 0.02299
1017 0.02299
1018 0.02299
1019 0.02299
1020 0.02299
1021 0.02299
1022 0.02178
1023 0.02178
1024 0.02178
1025 0.02178
1026 0.02178
1027 0.02178
1028 0.02178
1029 0.02057
1030 0.02057
1031 0.02057
1032 0.02057
1033 0.01936
1034 0.01936
1035 0.01936
1036 0.01936
1037 0.01936
1038 0.01936
1039 0.01936
1040 0.01815
1041 0.01815
1042 0.01815
1043 0.01815
1044 0.01815
1045 0.01815
1046 0.01815
1047 0.01815
1048 0.06534
1049 0.06534
1050 0.05808
1051 0.05808
1052 0.05929
1053 0.05929
1054 0.06413
1055 0.04719
1056 0.04719
1057 0.04719
1058 0.05566
1059 0.05566
1060 0.05082
1061 0.05082
1062 0.04961
1063 0.04961
1064 0.05566
1065 0.05566
1066 0.04961
1067 0.04961
1068 0.06292
1069 0.05808
1070 0.05203
1071 0.04961
1072 0.05324
1073 0.06171
1074 0.04961
1075 0.04961
1076 0.0484
1077 0.05808
1078 0.05687
1079 0.0484
1080 0.0484
1081 0.04477
1082 0.05929
1083 0.05929
1084 0.05082
1085 0.05082
1086 0.05929
1087 0.05929
1088 0.04961
1089 0.04961
1090 0.0484
1091 0.0605
1092 0.05687
1093 0.05082
1094 0.04961
1095 0.04961
1096 0.05929
1097 0.05929
1098 0.04719
1099 0.04719
1100 0.0484
1101 0.0605
1102 0.05082
1103 0.05082
1104 0.04961
1105 0.04961
1106 0.05687
1107 0.05687
1108 0.05203
1109 0.04961
1110 0.06171
1111 0.06171
1112 0.02662
1113 0.02662
1114 0.0121
1115 0.02178
1116 0.02541
1117 0.02299
1118 0.02904
1119 0.02783
1120 0.01573
1121 0.00605
1122 -0.00363
1123 -0.01331
1124 -0.01331
1125 -0.02541
1126 -0.02541
1127 -0.02299
1128 -0.02178
1129 -0.02299
1130 -0.0242
1131 -0.02541
1132 -0.02541
1133 -0.02541
1134 -0.0242
1135 -0.02299
1136 -0.02299
1137 -0.02178
1138 -0.02178
1139 -0.02178
1140 -0.02178
1141 -0.02178
1142 -0.02057
1143 -0.02057
1144 -0.01936
1145 -0.01936
1146 -0.01936
1147 -0.01936
1148 -0.01815
1149 -0.01815
1150 -0.01694
1151 -0.01694
1152 -0.01694
1153 -0.01694
1154 -0.01573
1155 -0.01573
1156 -0.01573
1157 -0.01573
1158 -0.01452
1159 -0.01452
1160 -0.01452
1161 -0.01452
1162 -0.01452
1163 -0.01452
1164 -0.01331
1165 -0.01331
1166 -0.01331
1167 -0.01331
1168 -0.0121
1169 -0.0121
1170 -0.0121
1171 -0.0121
1172 -0.0121
1173 -0.0121
1174 -0.0121
1175 -0.01089
1176 -0.01089
1177 -0.05808
1178 -0.06413
1179 -0.06655
1180 -0.06655
1181 -0.05203
1182 -0.06171
1183 -0.05324
1184 -0.05082
1185 -0.04477
1186 -0.04477
1187 -0.05687
1188 -0.05808
1189 -0.04961
1190 -0.04356
1191 -0.05324
1192 -0.05082
1193 -0.05203
1194 -0.04477
1195 -0.04356
1196 -0.05566
1197 -0.05566
1198 -0.05324
1199 -0.04235
1200 -0.04235
1201 -0.04235
1202 -0.05203
1203 -0.05203
1204 -0.04356
1205 -0.04356
1206 -0.05566
1207 -0.05566
1208 -0.04598
1209 -0.03993
1210 -0.04598
1211 -0.05445
1212 -0.05808
1213 -0.04719
1214 -0.04719
1215 -0.05203
1216 -0.05082
1217 -0.04961
1218 -0.04235
1219 -0.05324
1220 -0.05324
1221 -0.05808
1222 -0.05808
1223 -0.04356
1224 -0.04356
1225 -0.05203
1226 -0.05203
1227 -0.04356
1228 -0.04356
1229 -0.05445
1230 -0.05566
1231 -0.05324
1232 -0.03993
1233 -0.04598
1234 -0.05082
1235 -0.05324
1236 -0.05203
1237 -0.04114
1238 -0.05324
1239 -0.05566
1240 -0.05566
1241 0.00242
1242 -0.01815
1243 -0.00484
1244 -0.00484
1245 -0.01694
1246 -0.02783
1247 -0.03146
1248 -0.0242
1249 -0.01452
1250 -0.00484
1251 0.00484
1252 0.0121
1253 0.01815
1254 0.01815
1255 0.02057
1256 0.02057
1257 0.02178
1258 0.02299
1259 0.0242
1260 0.02541
1261 0.02662
1262 0.02662
1263 0.02541
1264 0.02541
1265 0.0242
1266 0.0242
1267 0.0242
1268 0.0242
1269 0.0242
1270 0.0242
1271 0.0242
1272 0.02299
1273 0.02299
1274 0.02299
1275 0.02299
1276 0.02299
1277 0.02299
1278 0.02299
1279 0.02178
1280 0.02178
1281 0.02178
1282 0.02178
1283 0.02057
1284 0.02057
1285 0.02057
1286 0.02057
1287 0.02057
1288 0.02057
1289 0.01936
1290 0.01936
1291 0.01936
1292 0.01936
1293 0.01936
1294 0.01936
1295 0.01815
1296 0.01815
1297 0.01815
1298 0.01815
1299 0.01815
1300 0.01815
1301 0.01815
1302 0.01815
1303 0.01815
1304 0.01815
