0 -6.18083e-05
1 -6.18083e-05
2 -6.18083e-05
3 -6.18083e-05
4 -6.18083e-05
5 -6.18083e-05
6 -6.18083e-05
7 -6.18083e-05
8 -6.18083e-05
9 -6.18083e-05
10 -6.18083e-05
11 -6.18083e-05
12 -6.18083e-05
13 -6.18083e-05
14 -6.18083e-05
15 -6.18083e-05
16 -6.18083e-05
17 -6.18083e-05
18 -6.18083e-05
19 -6.18083e-05
20 -6.18083e-05
21 -6.18083e-05
22 -6.18083e-05
23 -6.18083e-05
24 -6.18083e-05
25 -6.18083e-05
26 -6.18083e-05
27 -6.18083e-05
28 -6.18083e-05
29 -6.18083e-05
30 -6.18083e-05
31 -6.18083e-05
32 -6.18083e-05
33 -6.18083e-05
34 -6.18083e-05
35 -6.18083e-05
36 -6.18083e-05
37 -6.18083e-05
38 -6.18083e-05
39 -6.18083e-05
40 -6.18083e-05
41 -6.18083e-05
42 -6.18083e-05
43 -6.18083e-05
44 -6.18083e-05
45 -6.18083e-05
46 -6.18083e-05
47 -6.18083e-05
48 -6.18083e-05
49 -6.18083e-05
50 -6.18083e-05
51 -6.18083e-05
52 -6.18083e-05
53 -6.18083e-05
54 -6.18083e-05
55 -6.18083e-05
56 -6.18083e-05
57 -6.18083e-05
58 -6.18083e-05
59 -6.18083e-05
60 -6.18083e-05
61 -6.18083e-05
62 -6.18083e-05
63 -6.18083e-05
64 -6.18083e-05
65 -6.18083e-05
66 -6.18083e-05
67 -6.18083e-05
68 -6.18083e-05
69 -6.18083e-05
70 -6.18083e-05
71 -6.18083e-05
72 -6.18083e-05
73 -6.18083e-05
74 -6.18083e-05
75 -6.18083e-05
76 -6.18083e-05
77 -6.18083e-05
78 -6.18083e-05
79 -6.18083e-05
80 -6.18083e-05
81 -6.18083e-05
82 -6.18083e-05
83 -6.18083e-05
84 -6.18083e-05
85 -6.18083e-05
86 -6.18083e-05
87 -6.18083e-05
88 -6.18083e-05
89 -6.18083e-05
90 -6.18083e-05
91 -6.18083e-05
92 -6.18083e-05
93 -6.18083e-05
94 -6.18083e-05
95 -6.18083e-05
96 -6.18083e-05
97 -6.18083e-05
98 -6.18083e-05
99 -6.18083e-05
100 -6.18083e-05
101 -6.18083e-05
102 -6.18083e-05
103 -6.18083e-05
104 -6.18083e-05
105 -6.18083e-05
106 -6.18083e-05
107 -6.18083e-05
108 -6.18083e-05
109 -6.18083e-05
110 -6.18083e-05
111 -6.18083e-05
112 -6.18083e-05
113 -6.18083e-05
114 -6.18083e-05
115 -6.18083e-05
116 -6.18083e-05
117 -6.18083e-05
118 -6.18083e-05
119 -6.18083e-05
120 -6.18083e-05
121 -6.18083e-05
122 -6.18083e-05
123 -6.18083e-05
124 -6.18083e-05
125 -6.18083e-05
126 -6.18083e-05
127 -6.18083e-05
128 -6.18083e-05
129 -6.18083e-05
130 -6.18083e-05
131 -6.18083e-05
132 -6.18083e-05
133 -6.18083e-05
134 -6.18083e-05
135 -6.18083e-05
136 -6.18083e-05
137 -6.18083e-05
138 -6.18083e-05
139 -6.18083e-05
140 -6.18083e-05
141 -6.18083e-05
142 -6.18083e-05
143 -6.18083e-05
144 -6.18083e-05
145 -6.18083e-05
146 -6.18083e-05
147 -6.18083e-05
148 -6.18083e-05
149 -6.18083e-05
150 -6.18083e-05
151 -6.15715e-05
152 -6.18083e-05
153 -6.18083e-05
154 -6.18083e-05
155 -6.18083e-05
156 -6.18083e-05
157 -6.18083e-05
158 -6.18083e-05
159 -6.18083e-05
160 -6.18083e-05
161 -6.18083e-05
162 -6.18083e-05
163 -6.18083e-05
164 -6.18083e-05
165 -6.18083e-05
166 -6.18083e-05
167 -6.18083e-05
168 -6.18083e-05
169 -6.15715e-05
170 -6.18083e-05
171 -6.18083e-05
172 -6.18083e-05
173 -6.18083e-05
174 -6.18083e-05
175 -6.18083e-05
176 -6.18083e-05
177 -6.18083e-05
178 -6.18083e-05
179 -6.18083e-05
180 -6.18083e-05
181 -6.18083e-05
182 -6.18083e-05
183 -6.18083e-05
184 -6.18083e-05
185 -6.18083e-05
186 -6.18083e-05
187 -6.18083e-05
188 -6.18083e-05
189 -6.18083e-05
190 -6.18083e-05
191 -6.18083e-05
192 -6.18083e-05
193 -6.18083e-05
194 -6.18083e-05
195 -6.18083e-05
196 -6.18083e-05
197 -6.18083e-05
198 -6.18083e-05
199 -6.18083e-05
200 -6.18083e-05
201 -6.18083e-05
202 -6.18083e-05
203 -6.18083e-05
204 -5.94402e-05
205 -6.25188e-05
206 -6.18083e-05
207 -6.15715e-05
208 -6.13347e-05
209 -6.13347e-05
210 -6.13347e-05
211 -6.10979e-05
212 -6.13347e-05
213 -6.13347e-05
214 -6.10979e-05
215 -6.10979e-05
216 -6.10979e-05
217 -6.10979e-05
218 -6.08611e-05
219 -6.08611e-05
220 -6.06243e-05
221 -6.06243e-05
222 -6.01506e-05
223 -6.01506e-05
224 -6.03874e-05
225 -6.03874e-05
226 -6.01506e-05
227 -6.01506e-05
228 -6.01506e-05
229 -5.99138e-05
230 -6.01506e-05
231 -5.99138e-05
232 -5.99138e-05
233 -5.99138e-05
234 -5.99138e-05
235 -5.9677e-05
236 -5.99138e-05
237 -5.99138e-05
238 -5.99138e-05
239 -5.9677e-05
240 -5.9677e-05
241 -5.9677e-05
242 -5.94402e-05
243 -5.94402e-05
244 -5.9677e-05
245 -5.9677e-05
246 -5.94402e-05
247 -5.92034e-05
248 -5.92034e-05
249 -5.94402e-05
250 -5.94402e-05
251 -5.92034e-05
252 -5.92034e-05
253 -5.89666e-05
254 -5.89666e-05
255 -5.89666e-05
256 -5.89666e-05
257 -5.89666e-05
258 -5.89666e-05
259 -5.89666e-05
260 -5.89666e-05
261 -5.92034e-05
262 -5.92034e-05
263 -5.92034e-05
264 -5.92034e-05
265 -5.89666e-05
266 -5.89666e-05
267 -5.87298e-05
268 -5.89666e-05
269 -5.89666e-05
270 -5.89666e-05
271 -5.89666e-05
272 -5.89666e-05
273 -5.89666e-05
274 -5.89666e-05
275 -5.89666e-05
276 -5.89666e-05
277 -5.89666e-05
278 -5.87298e-05
279 -5.87298e-05
280 -5.89666e-05
281 -5.87298e-05
282 -5.87298e-05
283 -5.87298e-05
284 -5.87298e-05
285 -5.87298e-05
286 -5.84929e-05
287 -3.76533e-05
288 0.00340988
289 0.0110137
290 0.0221556
291 0.036523
292 0.0487014
293 0.0661695
294 0.0822304
295 0.0985052
296 0.114774
297 0.130635
298 0.144098
299 0.160319
300 0.176124
301 0.192302
302 0.207207
303 0.221651
304 0.237661
305 0.25515
306 0.269616
307 0.269616
308 0.300502
309 0.316874
310 0.332629
311 0.346869
312 0.36462
313 0.379771
314 0.395745
315 0.410852
316 0.424458
317 0.442224
318 0.456755
319 0.456755
320 0.488229
321 0.488229
322 0.520218
323 0.536215
324 0.552195
325 0.565173
326 0.584189
327 0.598356
328 0.614478
329 0.628454
330 0.643297
331 0.65944
332 0.674442
333 0.692438
334 0.706793
335 0.721172
336 0.737206
337 0.754194
338 0.754194
339 0.786145
340 0.786145
341 0.816295
342 0.816295
343 0.848537
344 0.848537
345 0.8794
346 0.895415
347 0.910894
348 0.926251
349 0.943355
350 0.956262
351 0.971392
352 0.985697
353 0.99198
354 0.99198
355 0.999154
356 1.00045
357 1.00074
358 1.00078
359 1.00075
360 1.00072
361 1.00068
362 1.00064
363 1.00059
364 1.00054
365 1.00054
366 1.00032
367 1.00032
368 1.00015
369 1.00015
370 1.00009
371 1.00009
372 1.00005
373 1.00005
374 1.00001
375 0.999991
376 0.999981
377 0.999978
378 0.999977
379 0.999976
380 0.999976
381 0.999974
382 0.999972
383 0.999971
384 0.99997
385 0.999971
386 0.999971
387 0.999973
388 0.999973
389 0.999972
390 0.999972
391 0.999972
392 0.999972
393 0.999974
394 0.999974
395 0.999976
396 0.999976
397 0.999976
398 0.999976
399 0.999975
400 0.999975
401 0.999976
402 0.999976
403 0.999979
404 0.999979
405 0.99998
406 0.99998
407 0.999979
408 0.999979
409 0.999979
410 0.99998
411 0.999981
412 0.999982
413 0.999983
414 0.999983
415 0.999982
416 0.998999
417 0.993212
418 0.982069
419 0.970693
420 0.956244
421 0.941259
422 0.926356
423 0.909232
424 0.893805
425 0.877044
426 0.861968
427 0.846758
428 0.846758
429 0.814843
430 0.799818
431 0.785528
432 0.785528
433 0.753718
434 0.738611
435 0.722772
436 0.722772
437 0.692613
438 0.675715
439 0.659853
440 0.643861
441 0.629729
442 0.612853
443 0.597737
444 0.582402
445 0.566772
446 0.550622
447 0.534705
448 0.518701
449 0.502607
450 0.486499
451 0.471254
452 0.458237
453 0.442261
454 0.424257
455 0.40924
456 0.392967
457 0.377193
458 0.361348
459 0.345504
460 0.33026
461 0.315116
462 0.29922
463 0.284125
464 0.269744
465 0.251738
466 0.236713
467 0.220723
468 0.205763
469 0.190513
470 0.176731
471 0.158715
472 0.14574
473 0.128737
474 0.112734
475 0.096722
476 0.0833676
477 0.0647545
478 0.0517603
479 0.0353688
480 0.0353688
481 0.0110526
482 0.00494159
483 0.00494159
484 -0.0001338
485 -0.0001338
486 -0.0007417
487 -0.0007417
488 -0.0006941
489 -0.0006941
490 -0.00062945
491 -0.000581614
492 -0.000536619
493 -0.000480495
494 -0.000358299
495 -0.000278966
496 -0.000203423
497 -0.000165059
498 -0.00013451
499 -0.000117223
500 -9.59095e-05
501 -7.60171e-05
502 -5.11517e-05
503 -3.10226e-05
504 -3.10226e-05
505 -8.7621e-06
506 -8.7621e-06
507 -5.2099e-06
508 -3.78902e-06
509 -1.18407e-06
510 -1.18407e-06
511 5.92034e-06
512 8.05166e-06
513 8.05166e-06
514 7.10441e-06
515 6.86759e-06
516 6.63078e-06
517 7.57803e-06
518 8.28847e-06
519 9.94617e-06
520 1.0183e-05
521 9.70935e-06
522 8.99891e-06
523 8.99891e-06
524 7.10441e-06
525 7.10441e-06
526 8.28847e-06
527 8.28847e-06
528 8.99891e-06
529 8.99891e-06
530 7.57803e-06
531 6.86759e-06
532 5.68352e-06
533 5.68352e-06
534 5.92034e-06
535 6.39396e-06
536 6.86759e-06
537 6.86759e-06
538 6.39396e-06
539 5.68352e-06
540 4.97308e-06
541 4.49946e-06
542 4.73627e-06
543 4.97308e-06
544 6.10979e-05
545 0.00320267
546 0.0113955
547 0.0241079
548 0.0351126
549 0.0518361
550 0.0666514
551 0.0817028
552 0.0977116
553 0.112971
554 0.130349
555 0.144561
556 0.160533
557 0.175586
558 0.189747
559 0.207806
560 0.221001
561 0.238894
562 0.254002
563 0.270854
564 0.28683
565 0.300988
566 0.316114
567 0.330745
568 0.34775
569 0.363759
570 0.378786
571 0.393756
572 0.408977
573 0.427348
574 0.441245
575 0.455393
576 0.472274
577 0.487384
578 0.487384
579 0.519512
580 0.534622
581 0.551607
582 0.551607
583 0.582611
584 0.59753
585 0.61203
586 0.62989
587 0.643983
588 0.66099
589 0.676885
590 0.690872
591 0.707486
592 0.721736
593 0.737902
594 0.754776
595 0.770635
596 0.786236
597 0.801718
598 0.817008
599 0.831501
600 0.848504
601 0.863363
602 0.880368
603 0.894524
604 0.910753
605 0.925861
606 0.925861
607 0.955879
608 0.955879
609 0.985479
610 0.992227
611 0.996916
612 0.99918
613 1.00037
614 1.00075
615 1.00078
616 1.00078
617 1.00073
618 1.00068
619 1.00064
620 1.00064
621 1.00053
622 1.00053
623 1.00032
624 1.00023
625 1.00016
626 1.00012
627 1.00009
628 1.00007
629 1.00006
630 1.00003
631 1.00001
632 0.999992
633 0.999992
634 0.999977
635 0.999977
636 0.999977
637 0.999976
638 0.999974
639 0.999974
640 0.999971
641 0.999971
642 0.999972
643 0.999972
644 0.999973
645 0.999973
646 0.999973
647 0.999972
648 0.999972
649 0.999973
650 0.999973
651 0.999975
652 0.999976
653 0.999977
654 0.999976
655 0.999976
656 0.999975
657 0.999976
658 0.999976
659 0.999978
660 0.999979
661 0.99998
662 0.99998
663 0.999979
664 0.999979
665 0.999979
666 0.999979
667 0.99998
668 0.999982
669 0.999982
670 0.999983
671 0.999983
672 0.999983
673 0.998967
674 0.998967
675 0.982703
676 0.982703
677 0.958833
678 0.942611
679 0.927733
680 0.91162
681 0.895323
682 0.895323
683 0.862345
684 0.848262
685 0.832174
686 0.832174
687 0.800953
688 0.787907
689 0.770116
690 0.754216
691 0.737102
692 0.737102
693 0.707144
694 0.691993
695 0.6776
696 0.659601
697 0.644615
698 0.627607
699 0.612605
700 0.597485
701 0.582901
702 0.567893
703 0.55087
704 0.535825
705 0.518826
706 0.504732
707 0.487495
708 0.473864
709 0.458864
710 0.440877
711 0.424882
712 0.411611
713 0.395581
714 0.380964
715 0.362987
716 0.347004
717 0.332005
718 0.316982
719 0.300854
720 0.284751
721 0.284751
722 0.253106
723 0.253106
724 0.220975
725 0.220975
726 0.190012
727 0.175615
728 0.159593
729 0.14461
730 0.128613
731 0.113606
732 0.0974661
733 0.0817281
734 0.0666393
735 0.0497614
736 0.0497614
737 0.021569
738 0.011656
739 0.00468772
740 0.00161791
741 9.23573e-06
742 -0.0006124
743 -0.000747147
744 -0.000730333
745 -0.000697653
746 -0.000665683
747 -0.000630871
748 -0.00059085
749 -0.000545618
750 -0.000545618
751 -0.00036564
752 -0.00036564
753 -0.000213132
754 -0.00016198
755 -0.0001338
756 -0.0001338
757 -9.49622e-05
758 -9.49622e-05
759 -5.06781e-05
760 -5.06781e-05
761 -1.61033e-05
762 -1.61033e-05
763 -6.63078e-06
764 -6.63078e-06
765 -3.78902e-06
766 -3.78902e-06
767 2.60495e-06
768 2.60495e-06
769 7.81485e-06
770 8.05166e-06
771 7.81485e-06
772 6.86759e-06
773 7.34122e-06
774 7.34122e-06
775 9.23573e-06
776 9.23573e-06
777 1.04198e-05
778 1.04198e-05
779 8.7621e-06
780 8.05166e-06
781 7.57803e-06
782 7.81485e-06
783 8.28847e-06
784 8.99891e-06
785 9.23573e-06
786 8.7621e-06
787 8.05166e-06
788 7.10441e-06
789 6.39396e-06
790 6.15715e-06
791 6.15715e-06
792 6.86759e-06
793 7.10441e-06
794 7.10441e-06
795 6.63078e-06
796 5.92034e-06
797 5.92034e-06
798 4.73627e-06
799 4.49946e-06
800 4.73627e-06
801 1.20775e-05
802 0.00324742
803 0.0119356
804 0.0216703
805 0.0341109
806 0.04883
807 0.0644332
808 0.0814466
809 0.0966959
810 0.112587
811 0.126686
812 0.142815
813 0.160907
814 0.174957
815 0.191008
816 0.205173
817 0.221998
818 0.239018
819 0.253625
820 0.269601
821 0.285581
822 0.300864
823 0.315614
824 0.332627
825 0.347626
826 0.363634
827 0.378659
828 0.39463
829 0.408727
830 0.408727
831 0.439133
832 0.439133
833 0.47315
834 0.47315
835 0.504247
836 0.519014
837 0.534997
838 0.549977
839 0.565964
840 0.565964
841 0.598154
842 0.613282
843 0.629015
844 0.642984
845 0.658014
846 0.675007
847 0.690999
848 0.706105
849 0.721861
850 0.735781
851 0.735781
852 0.767754
853 0.767754
854 0.797748
855 0.797748
856 0.832503
857 0.832503
858 0.862488
859 0.878631
860 0.895647
861 0.909628
862 0.925485
863 0.941346
864 0.956377
865 0.956377
866 0.984591
867 0.984591
868 0.996865
869 0.996865
870 1.00039
871 1.00039
872 1.00079
873 1.00079
874 1.00073
875 1.00073
876 1.00064
877 1.00059
878 1.00054
879 1.00054
880 1.00034
881 1.00034
882 1.00016
883 1.00016
884 1.00009
885 1.00009
886 1.00005
887 1.00005
888 1.00001
889 1.00001
890 0.99998
891 0.999977
892 0.999976
893 0.999977
894 0.999976
895 0.999974
896 0.999972
897 0.999971
898 0.999971
899 0.999972
900 0.999973
901 0.999973
902 0.999973
903 0.999973
904 0.999972
905 0.999972
906 0.999972
907 0.999974
908 0.999975
909 0.999976
910 0.999976
911 0.999976
912 0.999976
913 0.999976
914 0.999976
915 0.999976
916 0.999978
917 0.999979
918 0.999979
919 0.99998
920 0.99998
921 0.999979
922 0.999979
923 0.999979
924 0.999981
925 0.999981
926 0.999982
927 0.999983
928 0.999983
929 0.999982
930 0.999243
931 0.993711
932 0.985134
933 0.972993
934 0.958952
935 0.944687
936 0.928857
937 0.911747
938 0.897487
939 0.882993
940 0.867869
941 0.850763
942 0.834675
943 0.819638
944 0.803462
945 0.787655
946 0.770613
947 0.756591
948 0.740621
949 0.724644
950 0.708642
951 0.695486
952 0.678103
953 0.66212
954 0.647114
955 0.630103
956 0.616963
957 0.601007
958 0.585896
959 0.568894
960 0.55199
961 0.537578
962 0.520967
963 0.505603
964 0.490733
965 0.490733
966 0.459742
967 0.459742
968 0.426753
969 0.426753
970 0.396453
971 0.38008
972 0.365116
973 0.350125
974 0.334121
975 0.319107
976 0.304001
977 0.288248
978 0.271365
979 0.271365
980 0.240334
981 0.224369
982 0.209383
983 0.19313
984 0.177727
985 0.177727
986 0.146741
987 0.146741
988 0.115725
989 0.115725
990 0.0847522
991 0.0847522
992 0.0547527
993 0.0377301
994 0.0223533
995 0.012158
996 0.00550639
997 0.00212659
998 0.000167427
999 -0.000593455
1000 -0.000748568
1001 -0.000735543
1002 -0.000708072
1003 -0.000708072
1004 -0.000636792
1005 -0.000636792
1006 -0.00055296
1007 -0.00055296
1008 -0.000395952
1009 -0.000395952
1010 -0.000211238
1011 -0.000166717
1012 -0.000138773
1013 -0.000117223
1014 -9.87512e-05
1015 -8.09902e-05
1016 -5.42303e-05
1017 -3.24435e-05
1018 -1.61033e-05
1019 -8.99891e-06
1020 -5.92034e-06
1021 -4.49946e-06
1022 -3.5522e-06
1023 -3.5522e-06
1024 2.84176e-06
1025 5.92034e-06
1026 7.81485e-06
1027 8.28847e-06
1028 8.05166e-06
1029 8.05166e-06
1030 7.34122e-06
1031 7.81485e-06
1032 8.7621e-06
1033 9.94617e-06
1034 1.04198e-05
1035 9.70935e-06
1036 9.23573e-06
1037 8.28847e-06
1038 7.57803e-06
1039 7.34122e-06
1040 8.05166e-06
1041 8.7621e-06
1042 8.99891e-06
1043 8.99891e-06
1044 8.05166e-06
1045 8.05166e-06
1046 6.39396e-06
1047 6.39396e-06
1048 6.39396e-06
1049 6.39396e-06
1050 6.63078e-06
1051 6.63078e-06
1052 6.63078e-06
1053 6.63078e-06
1054 5.2099e-06
1055 5.2099e-06
1056 4.26264e-06
1057 4.49946e-06
