0 0
1 0
2 0
3 0
4 0
5 0
6 0
7 0
8 0
9 0
10 0
11 0
12 0
13 0
14 0
15 0
16 0
17 0
18 0
19 0
20 0
21 0
22 0
23 0
24 0
25 0
26 0
27 0
28 0
29 0
30 0
31 0
32 0
33 0
34 0
35 0
36 0
37 0
38 0
39 0
40 0
41 0
42 0
43 0
44 0
45 0
46 0
47 0
48 0
49 0
50 0
51 0
52 0
53 0
54 0
55 0
56 0
57 0
58 0
59 0
60 0
61 0
62 0
63 0
64 0
65 0
66 0
67 0
68 0
69 0
70 0
71 0
72 0
73 0
74 0
75 0
76 0
77 0
78 0
79 0
80 0
81 0
82 0
83 0
84 0
85 0
86 0
87 0
88 0
89 0
90 0
91 0
92 0
93 0
94 0
95 0
96 0
97 0
98 0
99 0
100 0
101 0
102 0
103 0
104 0
105 0
106 0
107 0
108 0
109 0
110 0
111 0
112 0
113 0
114 0
115 0
116 0
117 0
118 0
119 0
120 0
121 0
122 0
123 0
124 0
125 0
126 0
127 0
128 0
129 0
130 0
131 0
132 0
133 0
134 0
135 0
136 0
137 0
138 0
139 0
140 0
141 0
142 0
143 0
144 0
145 0
146 0
147 0
148 0
149 0
150 0
151 0
152 0
153 0
154 0
155 0
156 0
157 0
158 0
159 0
160 0
161 0
162 0
163 0
164 0
165 0
166 0
167 0
168 0
169 0
170 0
171 0
172 0
173 0
174 0
175 0
176 0
177 0
178 0
179 0
180 0
181 0
182 0
183 0
184 0
185 0
186 0
187 0
188 0
189 0
190 0
191 0
192 0
193 0
194 0
195 0
196 0
197 0
198 0
199 0
200 0
201 0
202 0
203 0
204 0
205 0
206 0
207 0
208 0
209 0
210 0
211 0.00121
212 0
213 0.00121
214 0.00121
215 0.00121
216 0.00121
217 0.00121
218 0.00121
219 0.00121
220 0.00121
221 0.00121
222 0.00121
223 0.00121
224 0.00121
225 0.00121
226 0.00121
227 0.00121
228 0.00121
229 0.00121
230 0.00121
231 0.00121
232 0.00121
233 0.00121
234 0.00121
235 0.00121
236 0.00121
237 0.00121
238 0.00121
239 0.00121
240 0.00121
241 0.00121
242 0.00121
243 0.00121
244 0.00242
245 0.00242
246 0.00242
247 0.00242
248 0.00242
249 0.00242
250 0.00242
251 0.00242
252 0.00242
253 0.00121
254 0.00121
255 0.00121
256 0.00121
257 0.00121
258 0.00242
259 0.00242
260 0.00242
261 0.00242
262 0.00242
263 0.00242
264 0.00242
265 0.00242
266 0.00242
267 0.00242
268 0.00242
269 0.00242
270 0.00242
271 0.00242
272 0.00242
273 0.00242
274 0.00242
275 0.00242
276 0.00242
277 0.00242
278 0.00242
279 0.00242
280 0.00242
281 0.00242
282 0.00242
283 0.00242
284 0.00242
285 0.00242
286 0.00242
287 0.00242
288 0.00242
289 0.00242
290 0.00242
291 0.00242
292 0.00242
293 0.00242
294 0.00242
295 0.00242
296 0.00242
297 0.00242
298 0.00242
299 0.00242
300 0.00242
301 0.00242
302 0.00242
303 0.00242
304 0.00242
305 0.00242
306 0.00242
307 0.00242
308 0.00242
309 0.00242
310 0.00242
311 0.00242
312 0.00242
313 0.00242
314 0.00242
315 0.00242
316 0.00242
317 0.00242
318 0.00242
319 0.00242
320 0.00242
321 0.00242
322 0.00242
323 0.00242
324 0.00242
325 0.00242
326 0.00242
327 0.00242
328 0.00242
329 0.00242
330 0.00242
331 0.00242
332 0.00242
333 0.00242
334 0.00242
335 0.00242
336 0.00242
337 0.00242
338 0.00242
339 0.00242
340 0.00242
341 0.00242
342 0.00242
343 0.00242
344 0.00242
345 0.00242
346 0.00242
347 0.00242
348 0.00242
349 0.00242
350 0.00242
351 0.00242
352 0.00242
353 0.00242
354 0.00242
355 0.00242
356 0.00242
357 0.00242
358 0.00242
359 0.00242
360 0.00242
361 0.00242
362 0.00242
363 0.00242
364 0.00242
365 0.00242
366 0.00242
367 0.00242
368 0.00242
369 0.00242
370 0.00242
371 0.00242
372 0.00242
373 0.00242
374 0.00242
375 0.00242
376 0.00242
377 0.00242
378 0.00242
379 0.00242
380 0.00242
381 0.00242
382 0.00242
383 0.00242
384 0.00242
385 0.00242
386 0.00242
387 0.00242
388 0.00242
389 0.00242
390 0.00242
391 0.00242
392 0.00242
393 0.00242
394 0.00242
395 0.00242
396 0.00242
397 0.00242
398 0.00242
399 0.00242
400 0.00242
401 0.00242
402 0.00242
403 0.00242
404 0.00242
405 0.00242
406 0.00242
407 0.00242
408 0.00242
409 0.00242
410 0.00242
411 0.00242
412 0.00242
413 0.00242
414 0.00242
415 0.00242
416 0.00242
417 0.00242
418 0.00242
419 0.00242
420 0.00242
421 0.00242
422 0.00242
423 0.00242
424 0.00242
425 0.00242
426 0.00242
427 0.00242
428 0.00242
429 0.00242
430 0.00242
431 0.00242
432 0.00242
433 0.00242
434 0.00242
435 0.00242
436 0.00242
437 0.00242
438 0.00242
439 0.00242
440 0.00242
441 0.00242
442 0.00242
443 0.00242
444 0.00242
445 0.00242
446 0.00242
447 0.00242
448 0.00242
449 0.00242
450 0.00242
451 0.00242
452 0.00242
453 0.00242
454 0.09922
455 0.09922
456 0.09438
457 0.07744
458 0.07865
459 0.06171
460 0.06655
461 0.05566
462 0.05929
463 0.05687
464 0.06292
465 0.0605
466 0.05929
467 0.06776
468 0.05687
469 0.06171
470 0.05808
471 0.05566
472 0.06655
473 0.05687
474 0.06897
475 0.0605
476 0.06413
477 0.06413
478 0.05808
479 0.06413
480 0.05808
481 0.06534
482 0.0605
483 0.06171
484 0.0605
485 -0.07018
486 -0.01452
487 -0.00968
488 0.00605
489 0.01331
490 0.01694
491 0.0242
492 0.01815
493 0.00121
494 -0.01573
495 -0.01573
496 -0.02541
497 -0.02541
498 -0.02783
499 -0.02783
500 -0.02662
501 -0.02662
502 -0.02662
503 -0.02662
504 -0.02662
505 -0.02662
506 -0.02783
507 -0.02662
508 -0.02662
509 -0.02662
510 -0.02541
511 -0.02541
512 -0.02541
513 -0.0242
514 -0.0242
515 -0.0242
516 -0.02299
517 -0.02299
518 -0.02299
519 -0.02299
520 -0.02299
521 -0.02178
522 -0.02178
523 -0.02178
524 -0.02178
525 -0.02057
526 -0.02057
527 -0.01936
528 -0.01936
529 -0.01936
530 -0.01936
531 -0.01936
532 -0.01815
533 -0.01815
534 -0.01815
535 -0.01815
536 -0.01694
537 -0.01694
538 -0.01694
539 -0.01694
540 -0.01694
541 -0.01694
542 -0.01573
543 -0.01573
544 -0.01573
545 -0.01573
546 -0.01573
547 -0.01573
548 -0.01452
549 -0.01452
550 -0.01452
551 -0.01452
552 -0.01452
553 -0.01452
554 -0.01452
555 -0.01452
556 -0.01331
557 -0.01331
558 -0.01331
559 -0.01331
560 -0.01331
561 -0.01331
562 -0.01331
563 -0.01331
564 -0.01331
565 -0.01331
566 -0.01331
567 -0.01331
568 -0.01331
569 -0.01331
570 -0.0121
571 -0.0121
572 -0.0121
573 -0.0121
574 -0.0121
575 -0.0121
576 -0.0121
577 -0.0121
578 -0.0121
579 -0.0121
580 -0.0121
581 -0.02299
582 -0.08833
583 -0.10285
584 -0.10285
585 -0.08591
586 -0.0726
587 -0.0726
588 -0.05566
589 -0.06413
590 -0.0605
591 -0.05808
592 -0.06292
593 -0.05445
594 -0.06534
595 -0.05808
596 -0.06292
597 -0.06292
598 -0.05687
599 -0.06534
600 -0.05929
601 -0.06534
602 -0.06292
603 -0.05929
604 -0.05929
605 -0.05929
606 -0.05929
607 -0.05929
608 -0.05929
609 -0.06171
610 -0.06413
611 -0.0605
612 -0.05687
613 -0.06655
614 0.01815
615 0.01089
616 -0.00242
617 0.00121
618 -0.01089
619 -0.02299
620 -0.03146
621 -0.01452
622 0
623 0.01573
624 0.01936
625 0.02299
626 0.02541
627 0.02662
628 0.02541
629 0.02541
630 0.02541
631 0.02662
632 0.02783
633 0.02904
634 0.02904
635 0.03025
636 0.03025
637 0.02904
638 0.02904
639 0.02783
640 0.02783
641 0.02783
642 0.02783
643 0.02662
644 0.02662
645 0.02662
646 0.02662
647 0.02541
648 0.02541
649 0.02541
650 0.02541
651 0.0242
652 0.0242
653 0.0242
654 0.02299
655 0.02299
656 0.02299
657 0.02299
658 0.02299
659 0.02299
660 0.02178
661 0.02178
662 0.02178
663 0.02178
664 0.02178
665 0.02178
666 0.02057
667 0.02057
668 0.02057
669 0.02057
670 0.02057
671 0.02057
672 0.02057
673 0.01936
674 0.01936
675 0.01936
676 0.01936
677 0.01936
678 0.01936
679 0.01936
680 0.01936
681 0.01936
682 0.01936
683 0.01815
684 0.01815
685 0.01815
686 0.01815
687 0.01815
688 0.01815
689 0.01815
690 0.01815
691 0.01815
692 0.01815
693 0.01815
694 0.01694
695 0.01694
696 0.01694
697 0.01694
698 0.01694
699 0.01694
700 0.01694
701 0.01694
702 0.01694
703 0.01694
704 0.01694
705 0.01694
706 0.01694
707 0.01694
708 0.01694
709 0.01694
710 0.08712
711 0.10648
712 0.10648
713 0.09922
714 0.0847
715 0.07381
716 0.0726
717 0.0605
718 0.05929
719 0.0605
720 0.05687
721 0.06897
722 0.06292
723 0.06655
724 0.07018
725 0.05687
726 0.06897
727 0.05687
728 0.06776
729 0.06171
730 0.06171
731 0.06171
732 0.06171
733 0.06897
734 0.05808
735 0.06897
736 0.05929
737 0.06292
738 0.06171
739 0.05929
740 0.05929
741 0.05929
742 0.03872
743 -0.01573
744 -0.01573
745 0
746 0
747 0.01573
748 0.01573
749 0.02299
750 0.00484
751 -0.01452
752 -0.02541
753 -0.02541
754 -0.02662
755 -0.02904
756 -0.02783
757 -0.02783
758 -0.02541
759 -0.02541
760 -0.02541
761 -0.02662
762 -0.02783
763 -0.02783
764 -0.02783
765 -0.02662
766 -0.02541
767 -0.02541
768 -0.02541
769 -0.02541
770 -0.0242
771 -0.0242
772 -0.0242
773 -0.02299
774 -0.02299
775 -0.02299
776 -0.02178
777 -0.02178
778 -0.02178
779 -0.02178
780 -0.02057
781 -0.02057
782 -0.02057
783 -0.01936
784 -0.01936
785 -0.01936
786 -0.01936
787 -0.01936
788 -0.01815
789 -0.01815
790 -0.01815
791 -0.01694
792 -0.01694
793 -0.01694
794 -0.01694
795 -0.01694
796 -0.01694
797 -0.01694
798 -0.01573
799 -0.01573
800 -0.01573
801 -0.01573
802 -0.01573
803 -0.01573
804 -0.01573
805 -0.01452
806 -0.01452
807 -0.01452
808 -0.01452
809 -0.01452
810 -0.01452
811 -0.01331
812 -0.01331
813 -0.01331
814 -0.01331
815 -0.01331
816 -0.01331
817 -0.01331
818 -0.01331
819 -0.01331
820 -0.01331
821 -0.01331
822 -0.0121
823 -0.0121
824 -0.0121
825 -0.0121
826 -0.0121
827 -0.0121
828 -0.0121
829 -0.0121
830 -0.0121
831 -0.0121
832 -0.0121
833 -0.0121
834 -0.0121
835 -0.0121
836 -0.0121
837 -0.0121
838 -0.0121
839 -0.16335
840 -0.10527
841 -0.09922
842 -0.0968
843 -0.07986
844 -0.06776
845 -0.06776
846 -0.05687
847 -0.05687
848 -0.06292
849 -0.06292
850 -0.06292
851 -0.06292
852 -0.06292
853 -0.06292
854 -0.0605
855 -0.06534
856 -0.05445
857 -0.05445
858 -0.05687
859 -0.06655
860 -0.06655
861 -0.06655
862 -0.06534
863 -0.06534
864 -0.06776
865 -0.06776
866 -0.06655
867 -0.06655
868 -0.05929
869 -0.05929
870 -0.06171
871 0.07018
872 0.00484
873 0.00484
874 0.00242
875 -0.01089
876 -0.02057
877 -0.03146
878 -0.03146
879 -0.00484
880 0.01089
881 0.01936
882 0.02299
883 0.02541
884 0.02662
885 0.02541
886 0.02541
887 0.02541
888 0.02662
889 0.02783
890 0.02904
891 0.02904
892 0.02904
893 0.02904
894 0.02904
895 0.02904
896 0.02783
897 0.02783
898 0.02783
899 0.02783
900 0.02783
901 0.02662
902 0.02662
903 0.02662
904 0.02541
905 0.02541
906 0.02541
907 0.02541
908 0.02541
909 0.0242
910 0.0242
911 0.0242
912 0.0242
913 0.02299
914 0.02299
915 0.02299
916 0.02299
917 0.02299
918 0.02299
919 0.02178
920 0.02178
921 0.02178
922 0.02178
923 0.02178
924 0.02178
925 0.02178
926 0.02057
927 0.02057
928 0.02057
929 0.02057
930 0.02057
931 0.02057
932 0.02057
933 0.01936
934 0.01936
935 0.01936
936 0.01936
937 0.01936
938 0.01936
939 0.01936
940 0.01936
941 0.01936
942 0.01936
943 0.01815
944 0.01815
945 0.01815
946 0.01815
947 0.01815
948 0.01815
949 0.01815
950 0.01815
951 0.01815
952 0.01815
953 0.01815
954 0.01815
955 0.01815
956 0.01815
957 0.01815
958 0.01815
959 0.01694
960 0.01694
961 0.01694
962 0.01694
963 0.01694
964 0.01694
965 0.01694
966 0.01694
